0 0 0.432778384375 0.00119344375 0.44413324374999996 0.0006955609375000001 0.4767663984375 0.011568209375000001 0.6175829453125 0.009867709375 0.6200888765625 0.0432535296875 0.93773373125 0.08987174375 0.932833959375 0.09824976875 0.9284625906249999 0.1005585921875 0.92240191875 0.10081454999999999 0.887466990625 0.097911434375 0.8598456984375 0.09961895 0.838721415625 0.0957481296875 0.8018930265625 0.0974486296875 0.7993870953125 0.089948915625 0.7280320921875 0.0911795953125 0.6836859078125 0.0851384546875 0.6075231984375 0.084191796875 0.542461046875 0.0720884703125 0.4459906828125 0.07403791093749999 0.427168175 0.0696972703125 0.3484995328125 0.0718956546875 0.31336044687500003 0.0748128 0.3037450359375 0.0738521109375 0.2759195875 0.0860045484375 0.2420614890625 0.1076271875 0.20488083124999998 0.1172218609375 0.19339998281249998 0.1190398140625 0.2013541140625 0.120982240625 0.2011499578125 0.119772609375 0.1896410859375 0.12268975468750001 0.180025675 0.12742485625 0.17836439375 0.1268165328125 0.181919134375 0.1339779109375 0.1846572453125 0.1360448078125 0.1762948 0.13276828125 0.173148375 0.1280331796875 0.1748096546875 0.13884449999999998 0.156219325 0.1398122046875 0.1654264234375 0.15037458125 0.163152671875 0.146738671875 0.1472444078125 0.1559739640625 0.123001721875 0.160114771875 0.0876584796875 0.1575780546875 0.05418067343750001 0.09736286250000001 0.0605095453125 0.0900770125 0.065929721875 0.061901317187500006 0.096817528125 0.024006479687500002 0.147344471875 0 0.188063990625 0 0.432778384375
0 0.1674320765625 0.6430906249999999 0.16331932968750001 0.6039604609375 0.16188882031250001 0.5342947609375 0.149806540625 0.3819693421875 0.15150703906250002 0.3794634109375 0.147408325 0.30309654375 0.1520259703125 0.2909752015625 0.1517910609375 0.27005507500000003 0.1556829265625 0.25102840937500004 0.1921262078125 0.1866908203125 0.1994190734375 0.162652290625 0.20938014374999997 0.145314928125 0.2103548640625 0.1359036734375 0.20561976406250002 0.137564953125 0.20319348593750003 0.1331655625 0.179884378125 0.1356154484375 0.1777000265625 0.13351783125 0.1526904203125 0.1384736484375 0.0896474734375 0.2393514015625 0.0767692578125 0.26630417500000003 0.0745778890625 0.28282490937500004 0.077239078125 0.308144428125 0.07480578437499999 0.3223633875 0.0740519421875 0.389931471875 0.077438909375 0.42215631093750006 0.0757384109375 0.42466224218750004 0.0849386234375 0.493511315625 0.08684597031249999 0.586398915625 0.0933709625 0.6671651734374999 0.0931009734375 0.73933680625 0.1006006859375 0.810691809375 0.102273121875 0.882659284375 0.10773400156249999 0.8879033281250001 0.149617115625 0.8846648359374999 0.16406434375 0.8819827703125 0.17390094218750002 0.8728036953125 0.16907645 0.78953150625 0.17078396406250002 0.7684072234375 0.16788085 0.74078593125 0.169588365625 0.7196616484375 0.1662084140625 0.66881845625 0.1674320765625 0.6430906249999999
0 0.19323761875 0.4588566140625 0.19493811875 0.4563506828125 0.1898716984375 0.37077671875 0.18893205625 0.287096215625 0.18651279375000002 0.264078471875 0.161627659375 0.260876 0.1577428078125 0.261284315625 0.1522749125 0.2746586234375 0.1537264703125 0.28846927031249997 0.14983460312500002 0.3074959359375 0.14933671875 0.34012909062499996 0.1674461078125 0.605853921875 0.1657456078125 0.608359853125 0.1712888640625 0.7171557171875 0.1693394234375 0.735978225 0.17175868593750002 0.7589959687500001 0.1707769484375 0.787025575 0.17417093125 0.8006320640625001 0.1726983265625 0.842676471875 0.17584336875 0.8725995390625 0.179361821875 0.8780477390625 0.20934845625 0.873732415625 0.21202367500000002 0.8618152296874999 0.20887863437499998 0.8318921640625 0.210579134375 0.8293862328125 0.20815285625 0.824986840625 0.20961844531249998 0.8015607828125001 0.20262363125 0.6789542734375 0.20288660468750003 0.6254009921875 0.19323761875 0.4588566140625
0 0.2279172578125 0.5645901203125 0.22405345468750001 0.5091433796875 0.22503519062500002 0.48111377343750006 0.21589812031250002 0.2446995375 0.25088984375 0.1665513015625 0.271053909375 0.13417835 0.278346775 0.110139821875 0.27507024687500004 0.1069933953125 0.2556459921875 0.10903496718750001 0.24665964218749997 0.11696107656250002 0.23136216406250001 0.1208961078125 0.2204333890625 0.1290263734375 0.2047624984375 0.15743627031250002 0.1860499890625 0.20361986875000002 0.1593258515625 0.24831832031249998 0.16053548281250002 0.2598271921875 0.1638120109375 0.2629736171875 0.181293840625 0.261136203125 0.1855450890625 0.254871375 0.189415909375 0.2916997640625 0.1896367875 0.34985659375 0.19855297968750002 0.528114 0.1978131703125 0.55844538125 0.20312853125000002 0.6277027671875001 0.20142803125 0.6302086984375 0.20673637656250002 0.7180844375000001 0.205035878125 0.72059036875 0.2091416078125 0.7783388828125 0.2098463390625 0.8410992609375001 0.21371715937500002 0.87792765 0.229498490625 0.8785961671875 0.237026265625 0.8754777640625001 0.23897570781250002 0.8566552546875 0.23607259218749999 0.8290339640625 0.2365774921875 0.7777824578125 0.23006653125 0.6597794953125 0.229845653125 0.6016226671875 0.22621675937500002 0.5670960515625 0.2279172578125 0.5645901203125
0 0.3193726234375 0.126772646875 0.323506415625 0.11004775625 0.3161031109375 0.1050078703125 0.2966788546875 0.10704944062499999 0.29449450312500003 0.10495182343750001 0.2772545984375 0.1090910125 0.2730033515625 0.11535584218749999 0.27421298125 0.1268647125 0.271053909375 0.13417835 0.2525903421875 0.1640453703125 0.2307187625 0.21754260625000002 0.21905719218750003 0.23738589999999998 0.21638197187500002 0.2493030859375 0.221683303125 0.355797175 0.2214203296875 0.40935045625 0.2257679859375 0.4694007453125 0.2257469375 0.5252557999999999 0.22889197968750002 0.5551788656250001 0.2271914796875 0.5576847984375 0.2351680296875 0.6522617015625001 0.2334675296875 0.6547676328125001 0.23612871875 0.6800871500000001 0.23681941874999998 0.78008423125 0.2409321640625 0.8192143953125001 0.239950428125 0.8472440015625 0.242369690625 0.8702617437500001 0.24564621875 0.8734081703125 0.2517154203125 0.875097471875 0.279759628125 0.8709863062500001 0.28837958124999996 0.8689167125000001 0.2909303296875 0.865157815625 0.29069541875 0.8442376890625001 0.266878021875 0.2626133515625 0.2690693890625 0.24609261718750003 0.2885076765625 0.2068143421875 0.3050358328125 0.158533128125 0.3193726234375 0.126772646875
0 0.309769121875 0.48384388749999996 0.30907140625 0.402465159375 0.3006460828125 0.21019294843749997 0.305754596875 0.18405680156249998 0.31425709375 0.1715271453125 0.31389771093749996 0.1587653078125 0.30916261093749997 0.1604265875 0.3060035390625 0.16774022500000002 0.30672931718749996 0.1746455484375 0.3013858921875 0.1798615671875 0.28899152968749997 0.211417890625 0.2707698890625 0.2435866859375 0.26809466875 0.255503871875 0.2683225640625 0.2950423484375 0.277473665625 0.4942198828125 0.27673385625 0.5245512625 0.2801208234375 0.556776103125 0.2784203234375 0.559282034375 0.281330453125 0.568284975 0.2834797265625 0.66347435 0.2866247671875 0.693397415625 0.28564303125 0.7214270218750001 0.2890299984375 0.7536518625 0.29117927187500003 0.8488412375 0.2926308296875 0.8626518828125 0.29590735625 0.8657983093749999 0.3220091390625 0.8618912999999999 0.3239585796875 0.8430687921875 0.321055465625 0.8154475 0.321083528125 0.74097409375 0.316735871875 0.6809238046874999 0.3169988453125 0.6273705234375 0.3124092625 0.5650184609375 0.3138748515625 0.541592403125 0.309769121875 0.48384388749999996
0 0.37984377343750003 0.085508846875 0.3796088625 0.0645887203125 0.376332334375 0.06144229531249999 0.354965653125 0.06368802343749999 0.35071440468750004 0.0699528515625 0.3456058921875 0.09608899843749999 0.33248574999999997 0.12073999843750001 0.3256767359375 0.1493820765625 0.31790001874999996 0.16881705625 0.30939752187499997 0.1813467140625 0.3018627296875 0.20308346875 0.31171856249999996 0.46502137968749996 0.3100180640625 0.46752731093750005 0.315326409375 0.5554030484375 0.31337696875 0.5742255578125001 0.31603815625 0.599545075 0.31505642031250003 0.62757468125 0.322769996875 0.7757048656250001 0.32130440781249997 0.7991309234374999 0.3251822421875 0.817340959375 0.3293090203125 0.8192344203124999 0.33306939999999996 0.8269843937499999 0.3329519453125 0.8165243312499999 0.336836796875 0.8161160171875 0.3414404109375 0.841231378125 0.3369472359375 0.84519443125 0.3325785328125 0.8409991968750001 0.3308780328125 0.8435051281250001 0.32675125625 0.84161166875 0.3249262859375 0.8522758890625 0.3254101375 0.8568794375 0.330629090625 0.85982170625 0.3470187453125 0.8569354828125 0.3465769875 0.7406218250000001 0.3331062921875 0.4069205953125 0.33168981249999996 0.3000181921875 0.327826009375 0.24457145156250001 0.33293452343749996 0.2184353046875 0.3492137375 0.1864706671875 0.374735259375 0.11164499218749999 0.37984377343750003 0.085508846875
0 0.3615870546875 0.2107693984375 0.3822419890625 0.16438164375 0.4029039375 0.0993755375 0.402178159375 0.09247021562499999 0.392832428125 0.08763448593749999 0.38336222656249996 0.090957046875 0.3774104796875 0.09972780625 0.3720600390625 0.123562178125 0.3640413953125 0.140695384375 0.3509142375 0.1839647359375 0.3331764484375 0.22073707968749998 0.3280679359375 0.246873225 0.33097105 0.2744945171875 0.3311849140625 0.3512696984375 0.33913340000000003 0.5203200078125 0.33790973750000003 0.546047840625 0.3405709265625 0.5713673578125 0.343673871875 0.7130005328125 0.3475446921875 0.749828921875 0.3458441921875 0.752334853125 0.3487543234375 0.76133779375 0.34656295625 0.777858528125 0.3506757015625 0.8169886906249999 0.34872626093750003 0.8358112 0.35017781718749996 0.8496218453125 0.355638696875 0.8548658890624999 0.377855628125 0.85136719375 0.383199053125 0.8461511749999999 0.38004699531249997 0.834846459375 0.3773928234375 0.790908590625 0.3793562953125 0.7348493796875 0.36970730937499996 0.568305 0.3706960625 0.5216570421875 0.3606053171875 0.2387990046875 0.3615870546875 0.2107693984375
0 0.4202384375 0.4885235078125 0.421945953125 0.46739922500000003 0.41880091249999996 0.4374761578125 0.4202665 0.41405010156250005 0.41690759687499995 0.3073518546875 0.42687568281250005 0.27139613906250004 0.437811471875 0.244647521875 0.4604228640625 0.16081890625 0.4648126140625 0.10915908593750001 0.471621628125 0.080517009375 0.47065392343749995 0.0713099109375 0.46349254375 0.0685718 0.44771121249999996 0.0679032828125 0.41687432968750004 0.073471571875 0.3970696453125 0.11860636093750002 0.39171920625 0.1424407328125 0.36644662656250004 0.20094983125 0.3623128328125 0.217674721875 0.3622847703125 0.292148128125 0.372154634375 0.5168493359374999 0.3711588671875 0.5821156453125 0.3743039078125 0.6120387125 0.372603409375 0.6145446437500001 0.37839560625 0.7070239296875 0.3766951078125 0.7095298609375 0.3810497796875 0.7509617984375 0.3793492796875 0.75346773125 0.38153363125 0.7555653484375 0.3793422640625 0.7720860828125 0.3822453796875 0.7997073734375 0.3805448796875 0.8022133046875 0.38562533125 0.850550565625 0.3969134875 0.8551821374999999 0.42301526875000006 0.8512751281250001 0.433218265625 0.8362395390625 0.43007322343750004 0.8063164734375 0.43129688593750004 0.7805886421875 0.4250278515625 0.6648874546875 0.4255327515625 0.6136359484375 0.42238771093749994 0.5837128828125 0.4236183890625 0.5393667 0.4202384375 0.4885235078125
0 0.42978581250000003 0.2803990796875 0.42152524218750004 0.2952305109375 0.4178753015625 0.31655895156249997 0.42575363125 0.671792778125 0.43370211718749996 0.8408430890625 0.44086349687500004 0.8435812 0.4533683 0.841103290625 0.4567692984375 0.836091428125 0.4517169109375 0.7132807609375 0.45271969375000004 0.6293961 0.44789520156249996 0.5461239109375 0.4438526125 0.32081023124999997 0.4369542078125 0.2645188390625 0.43221910625 0.26618011875 0.42978581250000003 0.2803990796875
0 0.5086503718750001 0.395451775 0.50550533125 0.36552870937500004 0.5069849515625 0.3048659484375 0.50409586875 0.24000795312499998 0.5082366781250001 0.20466470937499998 0.5128543234375 0.1925433671875 0.5131032656250001 0.1762267890625 0.5233132765625 0.1425728484375 0.5335303046875 0.0903005578125 0.5323206734375 0.0787916859375 0.52127444375 0.0764618890625 0.490195634375 0.079728403125 0.484001959375 0.08619738906249999 0.4750015796875 0.13136019999999998 0.45652398125 0.198463925 0.452860009375 0.2570290671875 0.4550443609375 0.259126684375 0.45334386093749995 0.26163261718749997 0.456730828125 0.29385745625 0.46054552187500003 0.479632659375 0.46272987343749994 0.48173027656249995 0.465384046875 0.5256681453125001 0.46366250000000003 0.58402913125 0.4670424515625 0.6348723234375 0.46581177343749997 0.67921850625 0.471127134375 0.7484758921875 0.469889440625 0.811440428125 0.47182484999999996 0.8298546218749999 0.47728572968750005 0.8350986656250001 0.5111572140625 0.830375028125 0.515892315625 0.8287137484375 0.5213602109375 0.8153394390625 0.51797324375 0.7831145984375001 0.518727084375 0.715546515625 0.507903546875 0.44440150625 0.5093691359375 0.42097545 0.5071847828125 0.4188778328125 0.5086503718750001 0.395451775
0 0.45649591875000006 0.27293733124999997 0.454802434375 0.2568249109375 0.45152590625 0.253678484375 0.44022371875 0.2862836171875 0.44336875937500003 0.3162066828125 0.44693451250000005 0.5182984625 0.451517078125 0.5992688765625 0.4510051625 0.6691387343749999 0.45654140312499997 0.7965529499999999 0.4548338890625 0.8176772343750001 0.457011225 0.838393203125 0.4602877515625 0.841539628125 0.4689077046875 0.8394700343749999 0.47255062968750006 0.8367599453125001 0.47376727656249995 0.8296504656250001 0.46989645625 0.7928220765625 0.471127134375 0.7484758921875 0.4643812625 0.60955280625 0.4651421203125 0.5233663703125 0.459107996875 0.428585309375 0.45649591875000006 0.27293733124999997
0 0.561793578125 0.4713182609375 0.5576878484375001 0.4135697453125 0.5593953640625 0.3924454625 0.5564922484375 0.364824171875 0.5579578374999999 0.3413981140625 0.5533893015625 0.22319099531250003 0.556555390625 0.19725900624999998 0.5611730359375 0.1851376640625 0.5626386250000001 0.16171160625 0.5711481375 0.13056359687500002 0.5757727984375001 0.099823903125 0.57480509375 0.0906168046875 0.569586140625 0.08767453750000001 0.5559891609375 0.0891036375 0.54385075625 0.08572503125 0.536081053125 0.086541659375 0.5320717312500001 0.0951082625 0.527688996875 0.12814973125 0.5189375578125001 0.1569959671875 0.50726195625 0.21407596406249998 0.5093831671875 0.38373874531249996 0.5132469703125 0.4391854859375 0.5125071609375 0.46951686718749996 0.5146915125 0.47161448437500003 0.5129910125 0.474120415625 0.5171037593750001 0.513250578125 0.5170827109375 0.569105634375 0.519750915625 0.5758068 0.5187481328125 0.6596914609375 0.5250031359375 0.8126293499999999 0.5321645140625 0.8153674625 0.562151146875 0.8110521390625 0.56701071875 0.8012325703125001 0.5677645609375 0.7336644859375 0.5653452984375 0.71064674375 0.5665759765625 0.666300559375 0.5622353359375001 0.58763191875 0.5629821625 0.5386821875 0.5600860640625 0.49244254375 0.561793578125 0.4713182609375
0 0.611108059375 0.3986462484375 0.610880165625 0.35910777031249996 0.6150139578125 0.34238287968750003 0.6125876796874999 0.33798348749999996 0.6123527703125 0.3170633625 0.6155188578125 0.2911313734375 0.612131890625 0.2589065328125 0.61408133125 0.2400840234375 0.612145921875 0.22166982968750001 0.6194387875 0.1976313 0.6362229015625 0.11441515625000001 0.6452162671874999 0.087870696875 0.6397553874999999 0.082626653125 0.5851255453124999 0.0860412796875 0.5786899453125 0.090208490625 0.5704153437499999 0.1422766265625 0.5645810499999999 0.1615074484375 0.5616568890625 0.1897412125 0.55703924375 0.2018625546875 0.555331728125 0.2229868390625 0.562789346875 0.40605195156249996 0.5610888468749999 0.40855788281249994 0.566646134375 0.48011704374999997 0.5656573828125 0.5267650015625 0.5680836609375 0.5311643921875 0.5692862765625 0.561291615625 0.5694931234375 0.6566851484375 0.572161328125 0.6633863140625 0.5714145015625001 0.712336046875 0.5743106 0.7585756890625001 0.5709025859375 0.7822059046875001 0.5738057015625 0.8098271953125 0.58315143125 0.814662925 0.62114969375 0.811832746875 0.626009265625 0.8020131781250001 0.6277167796875001 0.7808888953124999 0.6250485765625 0.7741877296874999 0.6221524765625001 0.7279480859375 0.623376140625 0.7022202546874999 0.6185586625 0.6003297140625 0.61979635625 0.5373651781250001 0.611108059375 0.3986462484375
0 0.691652071875 0.5670480671875 0.6921499546875001 0.5344149125000001 0.6878022984375 0.4743646234375 0.6890259624999999 0.44863679218749997 0.6846783046875 0.38858650156249996 0.6871115984375 0.3743675421875 0.6813404484375 0.2260332 0.6927741234375 0.166651428125 0.7046846343750001 0.13049155625 0.7039588546875 0.123586234375 0.716837071875 0.096633459375 0.7072494140625001 0.08949595625 0.661605921875 0.0849844734375 0.64995136875 0.0862094171875 0.6439996203125 0.09498017656249999 0.62843916875 0.1524684890625 0.629164946875 0.1593738109375 0.620164565625 0.20453662343749998 0.6153049953124999 0.2143561921875 0.6189338875 0.24888280625 0.6174612828125 0.290927215625 0.6210831609375 0.3440721828125 0.62008739375 0.40933849218749996 0.6229975234375 0.41834143125 0.6217738609375 0.44406926249999995 0.625637665625 0.499516003125 0.623446296875 0.5160367375 0.6297223484375001 0.6131195734375 0.6277729062499999 0.6319420828125 0.6328393250000001 0.7175160453125 0.6316156625 0.743243878125 0.6362052453125 0.8055959406250001 0.6474934015625 0.8102275125 0.689376515625 0.8069890203125001 0.6922936609375 0.797373609375 0.69254961875 0.76243868125 0.695708690625 0.75512504375 0.694271165625 0.7040776937500001 0.69622060625 0.6852551859375 0.6935594187499999 0.6599356671875001 0.6938364234375001 0.569145684375 0.691652071875 0.5670480671875
0 0.7344415609375 0.413609796875 0.7325342140625 0.3207221953125 0.728172525 0.29790860937499997 0.7293961875 0.27218077812499997 0.726735 0.2468612609375 0.7306268671875 0.2278345953125 0.7357283640625 0.22031679999999998 0.7354934546874999 0.199396675 0.7447357609374999 0.1565356359375 0.7440169984375 0.1310119625 0.7500932171875 0.1140829140625 0.7334686515625 0.0960490109375 0.7235145984375 0.094768021875 0.7093022796875 0.11837021406249999 0.692041328125 0.17836445781250002 0.6844995203125 0.2187195640625 0.6837526953124999 0.2676692953125 0.6876235140625 0.304497684375 0.685916 0.32562196718749997 0.6888191140625 0.353243259375 0.689751740625 0.45554211406249995 0.69458325 0.5201959515625 0.6936015125 0.5482255578124999 0.696746553125 0.5781486250000001 0.6950460546875 0.5806545562500001 0.6986679328125 0.633799521875 0.6988888109375 0.6919563515625 0.702275778125 0.7241811921875 0.7005752796875 0.7266871234375001 0.7037203203125 0.7566101890625 0.7169509015625 0.761037603125 0.73334055625 0.7581513796875 0.7419605078125 0.7560817859375 0.7445112578125 0.7523228890625 0.7464677140625 0.714882028125 0.7433156578125 0.7035773140625 0.7445463359375 0.65923113125 0.7370746859375 0.5134027203125 0.7387962328125 0.45504173437500006 0.7344415609375 0.413609796875
0 0.790323128125 0.3099939328125 0.792023628125 0.3074880015625 0.7857335453125 0.24764186875 0.7869572078125 0.2219140375 0.792549575 0.2003814390625 0.7959716203125 0.139514521875 0.7988887671875 0.1298991109375 0.7934278875 0.1246550671875 0.7565218015624999 0.128534053125 0.75433745 0.1264364359375 0.74620135 0.13310957968749998 0.7452196140625 0.1611391859375 0.737193953125 0.1968907421875 0.740104084375 0.20589368281249998 0.728677425 0.246657103125 0.7414714515624999 0.44312454843750004 0.7400058640625 0.46655060625000006 0.742908978125 0.494171896875 0.7433717828125 0.5546305015625 0.7518251703125001 0.6724293046875001 0.7501246703125 0.6749352359375 0.7537395328125001 0.7466985546875 0.7630852625 0.7515342828125 0.8066688750000001 0.7457898593750001 0.8098279484375001 0.738476221875 0.806447996875 0.6876330312500001 0.807671659375 0.6619051984375 0.8013885937499999 0.583440715625 0.8023703296875 0.5554111093749999 0.7989833625 0.52318626875 0.7999650984375 0.4951566625 0.790323128125 0.3099939328125
0 0.8491499046875 0.12228924999999999 0.8475738765624999 0.1166368921875 0.8028980890625 0.1213325078125 0.798646840625 0.1275973359375 0.7947549734375 0.1466240015625 0.7935242953125 0.19097018593749998 0.787199134375 0.2242158109375 0.7869501921875 0.24053238906250002 0.7932402749999999 0.3003785203125 0.7925004640625 0.3307099015625 0.7987765140625 0.4277927359375 0.797076015625 0.4302986671875 0.8161390765625001 0.7424673 0.8313120843749999 0.74669055625 0.8477017390625001 0.743804334375 0.8621489671875 0.7411222671875 0.8678587890625 0.7300497328125 0.862059575 0.6561887984375 0.8627993859374999 0.62585741875 0.854594940625 0.4917420375 0.8550928250000001 0.45910888281249995 0.8398795359375001 0.23962369374999998 0.8491499046875 0.12228924999999999
0 0.9284983171875 0.24194549375 0.9306967015625001 0.20680640781249998 0.9253883546875 0.1189306703125 0.9270888546875 0.1164247375 0.9263630765625 0.109519415625 0.9189597703124999 0.1044795296875 0.8917658125000001 0.1073377296875 0.8900653140625 0.1098436609375 0.8548597265625 0.11121671562499999 0.850608478125 0.11748154375 0.8467166109375001 0.1365082109375 0.847428359375 0.18065023593750001 0.8423198453125 0.2067863828125 0.8498195578125 0.27814138593750004 0.8502823640624999 0.3385999890625 0.859461528125 0.4633041171875 0.8579959390624999 0.4867301734375 0.8621086859375 0.5258603374999999 0.8630553437499999 0.5909224890625 0.8676519421875 0.6346562015625 0.8683566734375001 0.697416578125 0.871743640625 0.72964141875 0.8772045203125 0.7348854625000001 0.8891009999999999 0.73596229375 0.9113179296875 0.7324635984375 0.9432469890625 0.72794411875 0.9488323390625 0.7250298734375 0.9528416625 0.7164632703125 0.9439184546874999 0.5568242140625 0.9456189531250001 0.5543182828125001 0.9400686828125 0.4641407703125 0.9408084921875 0.433809390625 0.9284983171875 0.24194549375
0 1 0.5859571375 0.99468449375 0.497962846875 0.9963849921874999 0.495456915625 0.994200640625 0.49335929843750004 0.9959011406249999 0.49085336718750006 0.9917883937499999 0.4517232046875 0.9927771468750001 0.40507524687499996 0.9719714906249999 0.20712265625 0.9667525375 0.20418038749999998 0.93324745 0.2030475109375 0.9309316109375001 0.22772653437499998 0.934318578125 0.25995137343749997 0.9338206953125001 0.292584528125 0.9393849984375 0.3455253375 0.9386451875 0.37585671875000004 0.9427579343750001 0.41498688125000005 0.941057434375 0.41749281250000003 0.949261878125 0.55160819375 0.94852206875 0.581939575 0.9572173812500001 0.702040153125 0.9550260140625 0.7185608875 0.963155096875 0.7305060953125 0.9711667265624999 0.7319912421875 1 0.7279099625 1 0.5859571375