0 0.5014851265625 0 0.49707018593749996 0.0001638875 0.357015653125 0.018391403125 0.354424159375 0.0168243859375 0.0389619046875 0.0667886984375 0.0462947703125 0.11308658906249999 0.051098620312499995 0.12122435312499999 0.0572718203125 0.1232128203125 0.0921722671875 0.121640075 0.11960376718750002 0.1172953515625 0.140788465625 0.1178949671875 0.1773637984375 0.112102003125 0.17995529375 0.11366902187500001 0.25082000312499997 0.1024451546875 0.2951698203125 0.101353246875 0.3709119828125 0.0913343375 0.43583542499999994 0.0869838875 0.531540140625 0.069848278125 0.5504388796875 0.0708099546875 0.6287725359375 0.062358064062499996 0.66397851875 0.062714396875 0.673733425 0.0651243140625 0.7014704609375 0.06270866875 0.7359181671874999 0.07307245625 0.7741795109375 0.09271957656249999 0.786146771875 0.1017002390625 0.7782986859375 0.10393198906250001 0.778604221875 0.10586106875000001 0.7900340140625 0.10405076718749999 0.79978891875 0.106460684375 0.8016957390625 0.11110234999999999 0.7981140328125 0.11068090156249999 0.795754471875 0.1179757671875 0.8042136296875 0.119602175 0.8071842640625 0.11616546718750001 0.80527744375 0.11152379999999999 0.8244081171875 0.121347359375 0.8152642828125 0.1227956015625 0.8180877109375 0.1332245046875 0.8337838828124999 0.128761003125 0.8584766828125 0.1367148734375 0.893988203125 0.1390002859375 0.9272873671875 0.1347149515625 0.9178157499999999 0.07491350937499999 0.9120216890625 0.0679213140625 0.8797016109375001 0.041400776562500005 0.82726065 0.0062022484375 0.8153572890625 0 0.5014851265625 0
0 0.339700215625 0.175376634375 0.37856150781250003 0.169221609375 0.4480568671875 0.1641470390625 0.5995411921875 0.1441092203125 0.6021326859375 0.1456762390625 0.678180384375 0.137586409375 0.690526784375 0.14156334375 0.7114059453125 0.14023388125 0.7306102203125 0.1431246359375 0.79676693125 0.176150803125 0.8211541953125 0.18217559375 0.8389891203125 0.1912156453125 0.848438490625 0.1916964828125 0.8465316703125 0.1870548171875 0.8507980515625 0.1844016171875 0.84713161875 0.161252671875 0.8491120406249999 0.1589615328125 0.8428541140625001 0.13424556875 0.738815196875 0.07656855312500001 0.7112253671875 0.0651185859375 0.6946125859375 0.06379485 0.66946704375 0.0677775125 0.655140221875 0.066091715625 0.587625284375 0.0688751484375 0.5556218671875001 0.073943990625 0.5530303734375 0.0723769734375 0.48475715781249995 0.085167859375 0.3920966796875 0.091933953125 0.3117826 0.1026769828125 0.239695746875 0.106184534375 0.1688310375 0.11740840156250001 0.0970497203125 0.1228450328125 0.0920986640625 0.12857288125 0.09752471093750001 0.17022910468750002 0.1009592109375 0.184516165625 0.1106405125 0.1938588875 0.1935460859375 0.1846828765625 0.21473078281250002 0.18528249218749998 0.24216228437499998 0.1809377703125 0.26334698125 0.181537384375 0.3139436015625 0.1755011390625 0.339700215625 0.175376634375
0 0.5250322984375 0.19150474687500002 0.5276237921875 0.193071765625 0.6128153234375 0.1835336953125 0.69633196875 0.1782158421875 0.719191553125 0.17459523906250002 0.7210872484374999 0.149576603125 0.7204761765625001 0.1457184453125 0.7068340281250001 0.1409580015625 0.693118278125 0.1431303625 0.6739140031249999 0.1402396078125 0.6412995140625 0.14145029375 0.376886621875 0.173441828125 0.37429512656249997 0.171874809375 0.2659384765625 0.183104403125 0.24703973750000002 0.18214272812500001 0.224180153125 0.1857633296875 0.19613758125 0.1862498953125 0.1827273671875 0.1903513359375 0.1406635078125 0.191081184375 0.1109460484375 0.1957879671875 0.10568945781250001 0.1995867359375 0.11156824531250001 0.2293064265625 0.123609109375 0.2313542828125 0.15332656875 0.22664749999999997 0.1559180625 0.22821451874999998 0.16018444375000002 0.22556131875 0.1836550984375 0.225798875 0.30572750000000004 0.21239691875000002 0.3592211515625 0.20985676875 0.5250322984375 0.19150474687500002
0 0.42125868750000006 0.2316705234375 0.47642722343750005 0.22491015781249998 0.504469796875 0.22442359218750002 0.7400818390625 0.20292607812500002 0.8199543 0.233779884375 0.8533381906249999 0.252222046875 0.8777254546875 0.2582468375 0.8806960890625 0.2548101296875 0.877640728125 0.2355193421875 0.869255171875 0.226960128125 0.8645249250000001 0.21188955781250002 0.855833834375 0.201401265625 0.8266427203125 0.1872387109375 0.779543078125 0.170968909375 0.7335072515625 0.14662073281250002 0.722077459375 0.148431034375 0.7191068265625 0.15186774218750002 0.72185665 0.1692294515625 0.7283353859374999 0.1731469984375 0.691760053125 0.1789399625 0.6336944859375 0.18220423125000001 0.4561480109375 0.20043747500000003 0.4258194796875 0.20128610156249999 0.3569351921875 0.2102188296875 0.3543436984375 0.20865181093750002 0.26686620781250003 0.21855194218750001 0.2642747140625 0.2169849234375 0.20682021874999998 0.2241073515625 0.144182734375 0.22809574062500002 0.10760739999999999 0.2338887046875 0.10776573125 0.2496833953125 0.1112738328125 0.25703765 0.130172571875 0.2579993265625 0.1576040734375 0.253654603125 0.208811765625 0.2514765140625 0.32631225 0.238798678125 0.38437781718749997 0.23553440937499998 0.4186671921875 0.23010350468750002 0.42125868750000006 0.2316705234375
0 0.8632625515625 0.30008695625000004 0.8801808687499999 0.3033397703125 0.8848263875000001 0.29568284375 0.8817710265625 0.27639205625 0.8837514499999999 0.2741009171875 0.8787156656249999 0.25710126875 0.8722369296875 0.253183721875 0.8608071390625 0.2549940234375 0.8533381906249999 0.252222046875 0.82254579375 0.235346903125 0.7679772046875 0.21630512500000001 0.7475507859375 0.20569805468750002 0.7355099218750001 0.2036501984375 0.6294392281250001 0.2145177328125 0.575945578125 0.2170578828125 0.516205125 0.22454236875000003 0.460425515625 0.227444578125 0.43070805625 0.2321513625 0.42811656249999996 0.23058434375 0.3340867328125 0.243499734375 0.3314952390625 0.24193271562500002 0.306349696875 0.245915378125 0.20652580625 0.251838575 0.1676645140625 0.2579935984375 0.1396219421875 0.25848016406249996 0.1167623578125 0.262100765625 0.11379172500000001 0.265537475 0.112422375 0.271686771875 0.1179956265625 0.299477384375 0.12051351875 0.3079772078125 0.12440075937499999 0.31032773593749996 0.145279921875 0.308998271875 0.72486065625 0.25477365 0.7414734375 0.25609738593750003 0.781715203125 0.2734533671875 0.8307952671875001 0.28743202968750003 0.8632625515625 0.30008695625000004
0 0.50617805625 0.30918428124999997 0.5874087421875 0.3042284875 0.778976503125 0.2857519609375 0.8053441890625 0.2894856140625 0.8183016625 0.29732070625 0.8310272015625 0.2962939140625 0.8291203812499999 0.291652246875 0.8216514343749999 0.2888802703125 0.8147935593750001 0.2899664515625 0.8093050343750001 0.2849033359375 0.7771432875000001 0.2741774890625 0.74406493125 0.25766440468749996 0.7320240671875 0.25561654843750004 0.692551703125 0.2579134140625 0.49412606718749996 0.27747612187500004 0.4637975359375 0.2783247484375 0.43179411874999996 0.28339359062499997 0.429202625 0.28182657187500004 0.42036432812499996 0.28520389218750003 0.325417890625 0.29233204687500003 0.29570043125 0.2970388296875 0.267657859375 0.2975253953125 0.23565444218749998 0.3025942390625 0.1407080046875 0.30972239375 0.1269922546875 0.3118947546875 0.1240216203125 0.3153314625 0.1292893375 0.341192996875 0.1481880765625 0.34215467187500004 0.1756195765625 0.33780994999999997 0.2499923890625 0.33394033749999996 0.30973284218749997 0.32645585 0.3632264921875 0.32391570000000003 0.4252529046875 0.316069153125 0.44872356093750004 0.31630670781250003 0.50617805625 0.30918428124999997
0 0.9076346171875 0.358315653125 0.928513778125 0.3569861890625 0.9314844109375 0.3535494796875 0.9281235156250001 0.3323296140625 0.921644778125 0.3284120671875 0.8952770921875001 0.3246784140625 0.8699732203125 0.3128663875 0.8410140390624999 0.307565715625 0.8211986921875001 0.300816803125 0.8082412203124999 0.29298171093750003 0.7861399140625001 0.286594859375 0.5250767953125 0.31014595625 0.5224853 0.3085789375 0.43500781093749996 0.3184790703125 0.41610907187499996 0.31751739375 0.3909635296875 0.32150005625 0.36292095625 0.321986621875 0.21539747656250002 0.3374421609375 0.1919268203125 0.33720460625 0.173944690625 0.3420301671875 0.1722698046875 0.346250384375 0.164727253125 0.35041121406250003 0.175166834375 0.3497464828125 0.17577790625 0.353604640625 0.1509379 0.35951638125 0.14674512343749999 0.355236775 0.1507059671875 0.350654496875 0.1481144734375 0.349087478125 0.149789359375 0.3448672609375 0.1390442421875 0.3436029125 0.13447232656250002 0.344327034375 0.131807228125 0.3496928203125 0.1355472640625 0.3659089609375 0.2516783984375 0.35938042187499997 0.5842172999999999 0.3284636140625 0.690899065625 0.3214542375 0.746067603125 0.3146938703125 0.7724352890625 0.31842752343749997 0.8052081078125 0.333011528125 0.8812669312500001 0.354582 0.9076346171875 0.358315653125
0 0.781590246875 0.346639584375 0.8289954249999999 0.3648384640625 0.8949938046874999 0.382069940625 0.9018516796875 0.380983759375 0.9061916640625001 0.37139775468749997 0.902378025 0.362114421875 0.8933077953125 0.35662985625 0.8692260671875 0.35253414375 0.8516966781249999 0.3454231703125 0.8077996031250001 0.334578546875 0.7701493296875 0.31878958281249997 0.74378164375 0.31505593125 0.71635014375 0.319400653125 0.6396913734375 0.32363232656249996 0.47128873281250006 0.3404173296875 0.44553211875 0.340541834375 0.4203865765625 0.344524496875 0.2791099 0.3550356984375 0.24253456562500003 0.3608286625 0.2399430703125 0.35926164374999997 0.23110477343750002 0.36263896406249996 0.2144919921875 0.361315228125 0.1756307 0.3674702515625 0.1567319609375 0.3665085765625 0.1430162109375 0.3686809375 0.13806515625 0.374408784375 0.1427218 0.3964121609375 0.148210325 0.40147527656250004 0.1593345796875 0.397735896875 0.203073325 0.39278583125 0.2591584703125 0.3918127 0.4249696171875 0.373460678125 0.47160539218749997 0.3720067109375 0.7535476734375 0.34712615 0.781590246875 0.346639584375
0 0.5072863671875 0.419747115625 0.5284710640625 0.4203467296875 0.5581885234375 0.415639946875 0.581659178125 0.41587750312500005 0.6880354078125 0.406939046875 0.7244635359375 0.4150116953125 0.7517478296875 0.42453258437499997 0.8366449499999999 0.4427257359375 0.8884637140624999 0.4444058046875 0.9174228953125001 0.44970647656249996 0.926566728125 0.448258234375 0.928926290625 0.44096336875000003 0.9287679593749999 0.42516867812500003 0.921593425 0.39466547812499997 0.87548399375 0.3772501078125 0.8514022656250001 0.3731543953125 0.7916506875 0.3509785796875 0.774732371875 0.347725765625 0.700359559375 0.35159537812499997 0.4764828453125 0.37321166875 0.4112538671875 0.375633040625 0.3815364078125 0.3803398234375 0.37894491406249997 0.37877280468749996 0.28689550625 0.38939705625 0.2843040125 0.3878300375 0.2431567625 0.394347121875 0.2405652671875 0.392780103125 0.2385848453125 0.3950712421875 0.22197206406249997 0.39374750625 0.1945405640625 0.3980922296875 0.1919490703125 0.39652521093750004 0.14394394375 0.4041284765625 0.139909496875 0.415643559375 0.14517721249999999 0.44150509375 0.1607261796875 0.45090720468749995 0.19044363749999998 0.446200421875 0.21620025156249997 0.4460759171875 0.331414778125 0.433760140625 0.38262247031249996 0.431582053125 0.4123399296875 0.42687526875000004 0.45668974687499997 0.4257833609375 0.5072863671875 0.419747115625
0 0.7156252390625 0.41838901406250006 0.7003818078124999 0.41091598124999995 0.678891575 0.4083872875 0.324556903125 0.434846321875 0.1561542625 0.451631325 0.1537947015625 0.45892619218749997 0.1569236640625 0.4712841734375 0.162106653125 0.47441821093750003 0.284484590625 0.4629453328125 0.368306771875 0.459556559375 0.4512123453125 0.45038054843750003 0.67600566875 0.4345514921875 0.7318588796875 0.424716478125 0.7299520609375 0.4200748109375 0.7156252390625 0.41838901406250006
0 0.604857671875 0.5031668859375 0.6345751296875 0.49846010312500005 0.6952321921875 0.4967628515625 0.7598500984375 0.4904833234375 0.7953616171875 0.49276873437499996 0.8077080171875 0.49674567031250005 0.8240152625 0.4961403265625 0.8581574312500001 0.504575034375 0.9108928046875 0.512042340625 0.9223225968750001 0.5102320390624999 0.9240710859375 0.499079015625 0.9191825093749999 0.46821375468750004 0.9123982359375 0.4623671296875 0.866826275 0.455742721875 0.798847471875 0.44080238437499997 0.7401708328125001 0.44020849687499997 0.7381904109375 0.4424996359375 0.735598915625 0.4409326171875 0.7035954984375 0.44600146093750004 0.518274540625 0.4595336484375 0.5162941187500001 0.4618247875 0.4725553734375 0.466774853125 0.41418427031249994 0.46811004531249994 0.36358765000000004 0.47414629062499997 0.3192378328125 0.4752381984375 0.2503535453125 0.484170928125 0.187410525 0.48623023906249996 0.169122859375 0.48912672031250004 0.164171803125 0.49485456875 0.1706616625 0.5284324171875 0.17256848281249998 0.533074084375 0.1862106296875 0.537834528125 0.218214046875 0.5327656843749999 0.285728984375 0.529982253125 0.5559359374999999 0.5049829140625001 0.57940659375 0.5052204703125 0.5813870156250001 0.5029293312500001 0.604857671875 0.5031668859375
0 0.724474659375 0.44467199687500003 0.74047636875 0.442137575 0.7434470015625 0.4387008671875 0.71029504375 0.4291205890625 0.680577584375 0.433827371875 0.4789493828125 0.44796490312500004 0.3983297671875 0.45677885468749996 0.328528871875 0.459924346875 0.2015790171875 0.47212134375000003 0.1803943203125 0.47152172812500004 0.1598206953125 0.47478027031250003 0.1568500609375 0.47821697968750004 0.15936795312500002 0.48671680312500004 0.16226498281249999 0.4902129015625 0.1694283953125 0.4910558 0.206003728125 0.4852628359375 0.2503535453125 0.484170928125 0.3887331921875 0.470163628125 0.47484133125000005 0.46641279375 0.5691766968749999 0.45542648124999996 0.724474659375 0.44467199687500003
0 0.5318764578125 0.56020780625 0.589330953125 0.5530853796875 0.61051565 0.5536849953125 0.6379471515625 0.549340271875 0.66141780625 0.5495778265625 0.779223828125 0.5388290703124999 0.8052859781249999 0.54063364375 0.817632378125 0.5446105796875 0.8411030328125 0.544848134375 0.872653709375 0.5517158234374999 0.9035933125 0.55472535625 0.9127371453125 0.553277115625 0.9154022421875 0.547911328125 0.9132634906250001 0.5344077765625 0.916002190625 0.5221091828125 0.914780046875 0.5143928671875 0.9060153515625 0.51083738125 0.872789790625 0.508189909375 0.8435250734374999 0.500960159375 0.7859122484375 0.492287896875 0.6165929984375 0.5032856640625 0.5614244625 0.5100460296875 0.53109593125 0.51089465625 0.529115509375 0.5131857953125001 0.5265240140625 0.5116187765625 0.48766272187500004 0.5177738 0.4318831140625 0.520676009375 0.42533077500000005 0.52369126875 0.34150859218749996 0.5270800437500001 0.1891076609375 0.541330625 0.1867480984375 0.5486254921875 0.1926268875 0.5783451828125 0.20268732812499998 0.582684178125 0.270202265625 0.579900746875 0.29306185 0.57628014375 0.3374116671875 0.5751882359375 0.4157453234375 0.5667363453125 0.46466705625 0.5649203171875 0.5106917609375 0.559608190625 0.5318764578125 0.56020780625
0 0.607029796875 0.60565134375 0.6465021609375 0.603354478125 0.663420478125 0.6066072921875 0.6676868578125 0.60395409375 0.68856601875 0.6026246296875 0.7146281703125 0.604429203125 0.7466315875 0.5993603609375 0.7655303265625 0.6003220359375 0.7838179921874999 0.5974255546875 0.80820525625 0.6034503453125 0.8921857687499999 0.6158562625 0.9191645265625 0.6234480718750001 0.9241155828125001 0.617720225 0.91784653125 0.5633439578125 0.9133482171875 0.5571352734375 0.86091838125 0.551597046875 0.8414085703125 0.5467772125 0.8130604609375001 0.5453347 0.8007140609375 0.5413577640625 0.7795293640625001 0.5407581484375 0.5971054359375 0.557786434375 0.5945139421875 0.556219415625 0.523343696875 0.5655142046875 0.47670792031250003 0.5669681734375 0.47244154062500004 0.5696213718750001 0.4424185453125 0.5723990765625 0.347166571875 0.5775981531250001 0.34061423281250003 0.5806134125 0.2916924984375 0.582429440625 0.2456677953125 0.5877415671875 0.221891603125 0.5855749328125001 0.194460103125 0.5899196546875001 0.1901201203125 0.5995056609375 0.19493509375 0.6373037265625 0.20499553593750003 0.641642721875 0.2261802328125 0.6422423375 0.23273257187500002 0.639227078125 0.27875727499999997 0.633914953125 0.3045138890625 0.633790446875 0.40601266562499994 0.6236470328125 0.46895568593750003 0.621587721875 0.607029796875 0.60565134375
0 0.44307411406249997 0.69489844375 0.47568860312499994 0.6936877578125 0.5354290578125 0.6862032703125001 0.561185671875 0.686078765625 0.620926125 0.6785942781250001 0.635252946875 0.680280075 0.7830819625000001 0.6667536125 0.8429807468750001 0.6750638171875 0.8797144109374999 0.6850655437500001 0.8865722859374999 0.6839793625 0.9141621171875001 0.6954293296875 0.9207880578125 0.6854812640625 0.9229045625 0.6396642109374999 0.921071346875 0.6280897390625 0.912001115625 0.6226051734375 0.85377721875 0.6100747531249999 0.84691934375 0.611160934375 0.8013473812499999 0.6045365265625 0.7912869406249999 0.60019753125 0.7569975640625 0.605628434375 0.71493370625 0.6063582828125 0.6620511265625 0.6127565890625 0.5968221484375 0.6151779609375 0.5879838515625 0.61855528125 0.5622272374999999 0.6186797859375 0.5070587 0.625440153125 0.49044592031249995 0.6241164171875 0.3938245953125 0.6354647890625 0.37492585625 0.6345031125 0.289734325 0.644041184375 0.2639777109375 0.6441656890624999 0.20195129843749998 0.6520122374999999 0.1979168515625 0.6635273203125001 0.2033428984375 0.7051835453125 0.213097803125 0.7075934609375001 0.24799825156250002 0.706020715625 0.2554671984375 0.7087926921875 0.30636935468750004 0.704685525 0.32526809375 0.7056472 0.35041363593749997 0.7016645375 0.4410936921875 0.6971895828125 0.44307411406249997 0.69489844375
0 0.59854153125 0.7295989515625 0.6912020109375 0.7228328578125 0.7137560578125 0.7172831765625001 0.739512671875 0.717158671875 0.7646582140625 0.7131760093749999 0.7838624890625 0.7160667640625 0.7916369734375001 0.72076781875 0.8125161343749999 0.71943835625 0.8558021374999999 0.7264248234374999 0.881253215625 0.7243712390625 0.8984770687499999 0.7295531328125 0.91561619375 0.7120075296875 0.916374471875 0.7020000765625001 0.8920608109374999 0.689042478125 0.83124541875 0.6749450390625 0.7905509109375 0.6695255906249999 0.7416291765625 0.67134161875 0.7050538421875 0.6771345828124999 0.6838691453125 0.6765349671875 0.6564376453125 0.680879690625 0.554327796875 0.6871649468750001 0.49001542656249997 0.6953735546875001 0.46197285312499997 0.69586011875 0.4322553953125 0.700566903125 0.4296639 0.6989998843749999 0.376781321875 0.705398190625 0.3187157546875 0.7086624593749999 0.28671233749999997 0.713731303125 0.2841208421875 0.712164284375 0.254403384375 0.7168710671875 0.2506744734375 0.73031523125 0.2544145078125 0.7465313703125 0.2569324 0.7550311953125 0.2608196421875 0.7573817218750001 0.2983115828125 0.7573759953125 0.3094358390625 0.753636615625 0.35378565625 0.7525447062499999 0.499023178125 0.7374512265625001 0.55739428125 0.7361160359375 0.59854153125 0.7295989515625
0 0.704940009375 0.7799811015625 0.707531503125 0.7815481203125 0.7669664218750001 0.772134553125 0.7927230359374999 0.7720100484375 0.8145188046875 0.7764678218750001 0.875481403125 0.7766996500000001 0.8852363078125001 0.779109565625 0.8901873640625 0.77338171875 0.8843821796875 0.736729221875 0.8863626015625 0.7344380828125 0.87927279375 0.726662378125 0.8512302203125 0.7271489437499999 0.815107628125 0.7210053750000001 0.80626933125 0.72438269375 0.7649637499999999 0.7151050875 0.5694351453125 0.7381638921875 0.5459644890625001 0.7379263375 0.5185329890625 0.7422710609375 0.4581814640625 0.7458973906249999 0.3409865140625 0.7605043046875 0.3383950203125 0.7589372859375 0.26691923906250004 0.7663029953125 0.2625792546875 0.7758890015625 0.2705967953125 0.81911224375 0.2780657421875 0.8218842203125 0.32866236249999997 0.815847975 0.3544189765625 0.8157234687500001 0.432447096875 0.8053425000000001 0.4604896703125 0.804855934375 0.49249308750000004 0.7997870921875 0.520535659375 0.7993005265625001 0.704940009375 0.7799811015625
0 0.8954662046875 0.8289035546875001 0.9010283328125 0.8270338640625001 0.8940010031250001 0.7826650515625 0.8875222671874999 0.77874750625 0.8683179921875 0.7758567515625 0.8239681750000001 0.776948659375 0.7904370765625 0.772372109375 0.7741298328124999 0.7729774515625001 0.714694915625 0.7823910171875 0.684366384375 0.78323964375 0.5877450609375 0.794588015625 0.585153565625 0.7930209968749999 0.274410434375 0.8283955781250001 0.270987059375 0.8437688187499999 0.2747270953125 0.859984959375 0.27816159375 0.8742720187499999 0.2895177828125 0.8793945234375 0.3629739875 0.869737675 0.3933025171875 0.8688890499999999 0.5268047109375 0.8536767921875 0.5594192 0.85246610625 0.7778073890625 0.8257866999999999 0.8954662046875 0.8289035546875001
0 0.7801267203125 0.9144055468750001 0.8153327046875001 0.9147618796874999 0.90281019375 0.9048617484375001 0.9054016890625001 0.9064287656250001 0.9122595640625001 0.9053425859375 0.916905084375 0.897685659375 0.912627578125 0.87067855625 0.9100360843749999 0.8691115375 0.9068223937500001 0.834026059375 0.9003436578124999 0.8301085125000001 0.8811393828125 0.8272177578125 0.8370951015625 0.8302387453125 0.810727415625 0.8265050921875 0.7398627062500001 0.8377289593749999 0.6795111796875 0.8413552890625 0.5554583562500001 0.8570483843750001 0.5319877 0.8568108296875 0.49312640781250006 0.862965853125 0.428202965625 0.8673163046875001 0.38476975625 0.8741954484375001 0.32213227187500004 0.8781838390625 0.2901288546875 0.8832526812499999 0.2851778 0.8889805296875 0.2847250578125 0.9009170624999999 0.2893817015625 0.9229204375 0.295566025 0.9545692078125001 0.29876859218749996 0.959994384375 0.3075332859375 0.9635498703125001 0.46648655781250004 0.9462840296874999 0.46907805312499995 0.9478510484375 0.5588415015625 0.93758885625 0.58917003125 0.9367402312499999 0.7801267203125 0.9144055468750001
0 0.474023959375 1 0.527924146875 0.993899928125 0.530515640625 0.9954669468749999 0.5324960625 0.9931758078125 0.5350875578125 0.9947428265625 0.5739488500000001 0.9885878031249999 0.620584625 0.987133834375 0.8171770453124999 0.9559966546875 0.8198421421875001 0.9506308671875001 0.8192199453125 0.91711240625 0.79445354375 0.9160913421875 0.7624501265625 0.9211601859374999 0.7298356359375 0.922370871875 0.67725859375 0.93069825625 0.6469300625 0.9315468828125001 0.6080687703125001 0.93770190625 0.6054772765624999 0.9361348875 0.4719750828125 0.9513471453125 0.4416465515625 0.9521957703125 0.3221656453125 0.9671647453125001 0.3055528640625 0.965841009375 0.2940494703125 0.9745841171875 0.29298565625 0.9826624921875 0.2963734890625 1 0.474023959375 1