0 0 0.49851487343749995 0.0001638875 0.5029298140625 0.018391403125 0.642984346875 0.0168243859375 0.6455758406250001 0.0667886984375 0.9610380953125001 0.11308658906249999 0.9537052296875 0.12122435312499999 0.9489013796875 0.1232128203125 0.9427281796875 0.121640075 0.9078277328125001 0.1172953515625 0.8803962328124999 0.1178949671875 0.8592115343750001 0.112102003125 0.8226362015625 0.11366902187500001 0.82004470625 0.1024451546875 0.7491799968749999 0.101353246875 0.7048301796875001 0.0913343375 0.6290880171875 0.0869838875 0.5641645750000001 0.069848278125 0.46845985937499995 0.0708099546875 0.44956112031249995 0.062358064062499996 0.3712274640625 0.062714396875 0.33602148125000003 0.0651243140625 0.326266575 0.06270866875 0.2985295390625 0.07307245625 0.2640818328125 0.09271957656249999 0.22582048906250002 0.1017002390625 0.213853228125 0.10393198906250001 0.22170131406250002 0.10586106875000001 0.221395778125 0.10405076718749999 0.2099659859375 0.106460684375 0.20021108124999998 0.11110234999999999 0.1983042609375 0.11068090156249999 0.20188596718750002 0.1179757671875 0.20424552812500002 0.119602175 0.19578637031249999 0.11616546718750001 0.1928157359375 0.11152379999999999 0.19472255624999998 0.121347359375 0.1755918828125 0.1227956015625 0.18473571718749998 0.1332245046875 0.1819122890625 0.128761003125 0.1662161171875 0.1367148734375 0.1415233171875 0.1390002859375 0.106011796875 0.1347149515625 0.0727126328125 0.07491350937499999 0.08218425 0.0679213140625 0.0879783109375 0.041400776562500005 0.12029838906250001 0.0062022484375 0.17273935 0 0.1846427109375 0 0.49851487343749995
0 0.175376634375 0.660299784375 0.169221609375 0.6214384921875 0.1641470390625 0.5519431328125 0.1441092203125 0.4004588078125 0.1456762390625 0.39786731406250003 0.137586409375 0.321819615625 0.14156334375 0.309473215625 0.14023388125 0.2885940546875 0.1431246359375 0.2693897796875 0.176150803125 0.20323306875 0.18217559375 0.1788458046875 0.1912156453125 0.1610108796875 0.1916964828125 0.151561509375 0.1870548171875 0.1534683296875 0.1844016171875 0.1492019484375 0.161252671875 0.15286838125 0.1589615328125 0.150887959375 0.13424556875 0.1571458859375 0.07656855312500001 0.26118480312500003 0.0651185859375 0.2887746328125 0.06379485 0.30538741406250003 0.0677775125 0.33053295625 0.066091715625 0.344859778125 0.0688751484375 0.41237471562500005 0.073943990625 0.44437813281249994 0.0723769734375 0.4469696265625 0.085167859375 0.5152428421875 0.091933953125 0.6079033203125 0.1026769828125 0.6882174 0.106184534375 0.7603042531249999 0.11740840156250001 0.8311689624999999 0.1228450328125 0.9029502796875001 0.12857288125 0.9079013359375001 0.17022910468750002 0.9024752890625001 0.184516165625 0.8990407890625001 0.1938588875 0.8893594874999999 0.1846828765625 0.8064539140625 0.18528249218749998 0.7852692171875 0.1809377703125 0.757837715625 0.181537384375 0.73665301875 0.1755011390625 0.6860563984375 0.175376634375 0.660299784375
0 0.19150474687500002 0.4749677015625 0.193071765625 0.47237620781249995 0.1835336953125 0.3871846765625 0.1782158421875 0.30366803125 0.17459523906250002 0.280808446875 0.149576603125 0.2789127515625 0.1457184453125 0.27952382343750004 0.1409580015625 0.29316597187500004 0.1431303625 0.306881721875 0.1402396078125 0.326085996875 0.14145029375 0.3587004859375 0.173441828125 0.623113378125 0.171874809375 0.6257048734375 0.183104403125 0.7340615234375 0.18214272812500001 0.7529602625 0.1857633296875 0.7758198468749999 0.1862498953125 0.80386241875 0.1903513359375 0.8172726328125 0.191081184375 0.8593364921875001 0.1957879671875 0.8890539515625001 0.1995867359375 0.8943105421875 0.2293064265625 0.8884317546875 0.2313542828125 0.876390890625 0.22664749999999997 0.8466734312499999 0.22821451874999998 0.8440819375 0.22556131875 0.8398155562499999 0.225798875 0.8163449015625 0.21239691875000002 0.6942725000000001 0.20985676875 0.6407788484375 0.19150474687500002 0.4749677015625
0 0.2316705234375 0.5787413124999999 0.22491015781249998 0.5235727765625 0.22442359218750002 0.49553020312499996 0.20292607812500002 0.2599181609375 0.233779884375 0.1800457 0.252222046875 0.146661809375 0.2582468375 0.1222745453125 0.2548101296875 0.1193039109375 0.2355193421875 0.122359271875 0.226960128125 0.130744828125 0.21188955781250002 0.135475075 0.201401265625 0.144166165625 0.1872387109375 0.1733572796875 0.170968909375 0.22045692187500002 0.14662073281250002 0.26649274843750004 0.148431034375 0.277922540625 0.15186774218750002 0.28089317343750003 0.1692294515625 0.27814335 0.1731469984375 0.2716646140625 0.1789399625 0.308239946875 0.18220423125000001 0.3663055140625 0.20043747500000003 0.5438519890625 0.20128610156249999 0.5741805203125 0.2102188296875 0.6430648078125001 0.20865181093750002 0.6456563015625 0.21855194218750001 0.7331337921875 0.2169849234375 0.7357252859375001 0.2241073515625 0.79317978125 0.22809574062500002 0.8558172656249999 0.2338887046875 0.8923926 0.2496833953125 0.89223426875 0.25703765 0.8887261671875001 0.2579993265625 0.869827428125 0.253654603125 0.8423959265625 0.2514765140625 0.7911882343750001 0.238798678125 0.67368775 0.23553440937499998 0.6156221828125 0.23010350468750002 0.5813328078125 0.2316705234375 0.5787413124999999
0 0.30008695625000004 0.1367374484375 0.3033397703125 0.11981913125000002 0.29568284375 0.1151736125 0.27639205625 0.11822897343750001 0.2741009171875 0.11624855 0.25710126875 0.121284334375 0.253183721875 0.1277630703125 0.2549940234375 0.1391928609375 0.252222046875 0.146661809375 0.235346903125 0.17745420625 0.21630512500000001 0.23202279531249997 0.20569805468750002 0.2524492140625 0.2036501984375 0.264490078125 0.2145177328125 0.37056077187500003 0.2170578828125 0.42405442187500003 0.22454236875000003 0.48379487499999996 0.227444578125 0.539574484375 0.2321513625 0.5692919437499999 0.23058434375 0.5718834375 0.243499734375 0.6659132671875 0.24193271562500002 0.6685047609375 0.245915378125 0.693650303125 0.251838575 0.7934741937500001 0.2579935984375 0.8323354859375 0.25848016406249996 0.8603780578125001 0.262100765625 0.8832376421875001 0.265537475 0.8862082750000001 0.271686771875 0.8875776249999999 0.299477384375 0.8820043734375 0.3079772078125 0.8794864812500001 0.31032773593749996 0.8755992406249999 0.308998271875 0.854720078125 0.25477365 0.27513934375 0.25609738593750003 0.2585265625 0.2734533671875 0.218284796875 0.28743202968750003 0.16920473281249998 0.30008695625000004 0.1367374484375
0 0.30918428124999997 0.49382194375 0.3042284875 0.4125912578125 0.2857519609375 0.221023496875 0.2894856140625 0.1946558109375 0.29732070625 0.1816983375 0.2962939140625 0.1689727984375 0.291652246875 0.17087961875 0.2888802703125 0.178348565625 0.2899664515625 0.185206440625 0.2849033359375 0.190694965625 0.2741774890625 0.2228567125 0.25766440468749996 0.25593506875 0.25561654843750004 0.2679759328125 0.2579134140625 0.30744829687499997 0.27747612187500004 0.5058739328125 0.2783247484375 0.5362024640625 0.28339359062499997 0.56820588125 0.28182657187500004 0.5707973749999999 0.28520389218750003 0.579635671875 0.29233204687500003 0.674582109375 0.2970388296875 0.70429956875 0.2975253953125 0.7323421406249999 0.3025942390625 0.7643455578125 0.30972239375 0.8592919953125 0.3118947546875 0.8730077453125 0.3153314625 0.8759783796875 0.341192996875 0.8707106625 0.34215467187500004 0.8518119234375 0.33780994999999997 0.8243804234375001 0.33394033749999996 0.7500076109375 0.32645585 0.6902671578125 0.32391570000000003 0.6367735078125001 0.316069153125 0.5747470953125 0.31630670781250003 0.5512764390625 0.30918428124999997 0.49382194375
0 0.358315653125 0.0923653828125 0.3569861890625 0.071486221875 0.3535494796875 0.0685155890625 0.3323296140625 0.07187648437500001 0.3284120671875 0.078355221875 0.3246784140625 0.1047229078125 0.3128663875 0.1300267796875 0.307565715625 0.1589859609375 0.300816803125 0.1788013078125 0.29298171093750003 0.1917587796875 0.286594859375 0.2138600859375 0.31014595625 0.4749232046875 0.3085789375 0.47751469999999996 0.3184790703125 0.5649921890625 0.31751739375 0.583890928125 0.32150005625 0.6090364703125 0.321986621875 0.63707904375 0.3374421609375 0.7846025234375 0.33720460625 0.8080731796875 0.3420301671875 0.8260553093749999 0.346250384375 0.8277301953125 0.35041121406250003 0.8352727468750001 0.3497464828125 0.8248331656250001 0.353604640625 0.8242220937500001 0.35951638125 0.8490621 0.355236775 0.8532548765625 0.350654496875 0.8492940328125 0.349087478125 0.8518855265624999 0.3448672609375 0.8502106406250001 0.3436029125 0.8609557578125001 0.344327034375 0.8655276734375 0.3496928203125 0.868192771875 0.3659089609375 0.8644527359374999 0.35938042187499997 0.7483216015624999 0.3284636140625 0.4157827 0.3214542375 0.309100934375 0.3146938703125 0.253932396875 0.31842752343749997 0.2275647109375 0.333011528125 0.19479189218749998 0.354582 0.11873306875 0.358315653125 0.0923653828125
0 0.346639584375 0.218409753125 0.3648384640625 0.171004575 0.382069940625 0.1050061953125 0.380983759375 0.09814832031250001 0.37139775468749997 0.0938083359375 0.362114421875 0.097621975 0.35662985625 0.1066922046875 0.35253414375 0.1307739328125 0.3454231703125 0.148303321875 0.334578546875 0.19220039687499998 0.31878958281249997 0.2298506703125 0.31505593125 0.25621835625 0.319400653125 0.28364985625 0.32363232656249996 0.3603086265625 0.3404173296875 0.5287112671875 0.340541834375 0.55446788125 0.344524496875 0.5796134234375 0.3550356984375 0.7208901 0.3608286625 0.757465434375 0.35926164374999997 0.7600569296875 0.36263896406249996 0.7688952265625 0.361315228125 0.7855080078125 0.3674702515625 0.8243693000000001 0.3665085765625 0.8432680390625 0.3686809375 0.8569837890625 0.374408784375 0.86193484375 0.3964121609375 0.8572782 0.40147527656250004 0.851789675 0.397735896875 0.8406654203124999 0.39278583125 0.796926675 0.3918127 0.7408415296875 0.373460678125 0.5750303828125001 0.3720067109375 0.5283946078125 0.34712615 0.2464523265625 0.346639584375 0.218409753125
0 0.419747115625 0.4927136328125 0.4203467296875 0.4715289359375 0.415639946875 0.44181147656249997 0.41587750312500005 0.41834082187500005 0.406939046875 0.3119645921875 0.4150116953125 0.2755364640625 0.42453258437499997 0.24825217031250002 0.4427257359375 0.16335505 0.4444058046875 0.11153628593750001 0.44970647656249996 0.0825771046875 0.448258234375 0.073433271875 0.44096336875000003 0.071073709375 0.42516867812500003 0.071232040625 0.39466547812499997 0.078406575 0.3772501078125 0.12451600625 0.3731543953125 0.14859773437499998 0.3509785796875 0.2083493125 0.347725765625 0.22526762812499998 0.35159537812499997 0.299640440625 0.37321166875 0.5235171546874999 0.375633040625 0.5887461328125 0.3803398234375 0.6184635921875 0.37877280468749996 0.6210550859375 0.38939705625 0.71310449375 0.3878300375 0.7156959875 0.394347121875 0.7568432375 0.392780103125 0.7594347328125 0.3950712421875 0.7614151546875 0.39374750625 0.7780279359375 0.3980922296875 0.8054594359375 0.39652521093750004 0.8080509296875 0.4041284765625 0.8560560562499999 0.415643559375 0.8600905031250001 0.44150509375 0.8548227875000001 0.45090720468749995 0.8392738203125001 0.446200421875 0.8095563625000001 0.4460759171875 0.7837997484375 0.433760140625 0.668585221875 0.431582053125 0.6173775296875 0.42687526875000004 0.5876600703125 0.4257833609375 0.543310253125 0.419747115625 0.4927136328125
0 0.41838901406250006 0.28437476093749997 0.41091598124999995 0.29961819218749997 0.4083872875 0.321108425 0.434846321875 0.675443096875 0.451631325 0.8438457375 0.45892619218749997 0.8462052984374999 0.4712841734375 0.8430763359375 0.47441821093750003 0.8378933468750001 0.4629453328125 0.715515409375 0.459556559375 0.631693228125 0.45038054843750003 0.5487876546875 0.4345514921875 0.32399433125 0.424716478125 0.26814112031250004 0.4200748109375 0.2700479390625 0.41838901406250006 0.28437476093749997
0 0.5031668859375 0.395142328125 0.49846010312500005 0.3654248703125 0.4967628515625 0.3047678078125 0.4904833234375 0.2401499015625 0.49276873437499996 0.20463838281250002 0.49674567031250005 0.19229198281249998 0.4961403265625 0.17598473750000002 0.504575034375 0.14184256875 0.512042340625 0.0891071953125 0.5102320390624999 0.077677403125 0.499079015625 0.07592891406249999 0.46821375468750004 0.080817490625 0.4623671296875 0.0876017640625 0.455742721875 0.133173725 0.44080238437499997 0.201152528125 0.44020849687499997 0.25982916718750004 0.4424996359375 0.26180958906249996 0.4409326171875 0.264401084375 0.44600146093750004 0.2964045015625 0.4595336484375 0.48172545937500005 0.4618247875 0.48370588124999997 0.466774853125 0.5274446265625 0.46811004531249994 0.5858157296875001 0.47414629062499997 0.63641235 0.4752381984375 0.6807621671875 0.484170928125 0.7496464546875 0.48623023906249996 0.812589475 0.48912672031250004 0.8308771406250001 0.49485456875 0.8358281968749999 0.5284324171875 0.8293383375 0.533074084375 0.8274315171875 0.537834528125 0.8137893703125 0.5327656843749999 0.781785953125 0.529982253125 0.714271015625 0.5049829140625001 0.4440640625 0.5052204703125 0.42059340624999997 0.5029293312500001 0.418612984375 0.5031668859375 0.395142328125
0 0.44467199687500003 0.275525340625 0.442137575 0.25952363125 0.4387008671875 0.2565529984375 0.4291205890625 0.28970495625 0.433827371875 0.31942241562499996 0.44796490312500004 0.5210506171875 0.45677885468749996 0.6016702328125 0.459924346875 0.671471128125 0.47212134375000003 0.7984209828125 0.47152172812500004 0.8196056796875 0.47478027031250003 0.8401793046874999 0.47821697968750004 0.8431499390624999 0.48671680312500004 0.8406320468749999 0.4902129015625 0.8377350171875 0.4910558 0.8305716046875 0.4852628359375 0.793996271875 0.484170928125 0.7496464546875 0.470163628125 0.6112668078125 0.46641279375 0.52515866875 0.45542648124999996 0.43082330312500006 0.44467199687500003 0.275525340625
0 0.56020780625 0.46812354218749996 0.5530853796875 0.410669046875 0.5536849953125 0.38948435 0.549340271875 0.36205284843749996 0.5495778265625 0.33858219375 0.5388290703124999 0.220776171875 0.54063364375 0.194714021875 0.5446105796875 0.182367621875 0.544848134375 0.1588969671875 0.5517158234374999 0.127346290625 0.55472535625 0.0964066875 0.553277115625 0.0872628546875 0.547911328125 0.0845977578125 0.5344077765625 0.086736509375 0.5221091828125 0.083997809375 0.5143928671875 0.085219953125 0.51083738125 0.0939846484375 0.508189909375 0.127210209375 0.500960159375 0.1564749265625 0.492287896875 0.2140877515625 0.5032856640625 0.3834070015625 0.5100460296875 0.43857553749999995 0.51089465625 0.46890406875 0.5131857953125001 0.47088449062500004 0.5116187765625 0.4734759859375 0.5177738 0.512337278125 0.520676009375 0.5681168859375 0.52369126875 0.574669225 0.5270800437500001 0.6584914078125 0.541330625 0.8108923390625 0.5486254921875 0.8132519015625 0.5783451828125 0.8073731125 0.582684178125 0.797312671875 0.579900746875 0.7297977343750001 0.57628014375 0.70693815 0.5751882359375 0.6625883328125 0.5667363453125 0.5842546765625001 0.5649203171875 0.5353329437500001 0.559608190625 0.4893082390625 0.56020780625 0.46812354218749996
0 0.60565134375 0.39297020312500003 0.603354478125 0.3534978390625 0.6066072921875 0.336579521875 0.60395409375 0.33231314218749997 0.6026246296875 0.31143398125 0.604429203125 0.28537182968749997 0.5993603609375 0.25336841250000003 0.6003220359375 0.23446967343749997 0.5974255546875 0.2161820078125 0.6034503453125 0.19179474375 0.6158562625 0.10781423125 0.6234480718750001 0.0808354734375 0.617720225 0.0758844171875 0.5633439578125 0.08215346875 0.5571352734375 0.0866517828125 0.551597046875 0.13908161875 0.5467772125 0.1585914296875 0.5453347 0.1869395390625 0.5413577640625 0.1992859390625 0.5407581484375 0.2204706359375 0.557786434375 0.4028945640625 0.556219415625 0.4054860578125 0.5655142046875 0.47665630312499996 0.5669681734375 0.5232920796875 0.5696213718750001 0.527558459375 0.5723990765625 0.5575814546875 0.5775981531250001 0.652833428125 0.5806134125 0.6593857671875 0.582429440625 0.7083075015625 0.5877415671875 0.7543322046875 0.5855749328125001 0.778108396875 0.5899196546875001 0.8055398968749999 0.5995056609375 0.8098798796875 0.6373037265625 0.8050649062499999 0.641642721875 0.7950044640625 0.6422423375 0.7738197671875 0.639227078125 0.767267428125 0.633914953125 0.721242725 0.633790446875 0.6954861109375 0.6236470328125 0.5939873343750001 0.621587721875 0.5310443140625 0.60565134375 0.39297020312500003
0 0.69489844375 0.5569258859375 0.6936877578125 0.5243113968750001 0.6862032703125001 0.4645709421875 0.686078765625 0.438814328125 0.6785942781250001 0.379073875 0.680280075 0.364747053125 0.6667536125 0.2169180375 0.6750638171875 0.157019253125 0.6850655437500001 0.1202855890625 0.6839793625 0.1134277140625 0.6954293296875 0.0858378828125 0.6854812640625 0.0792119421875 0.6396642109374999 0.0770954375 0.6280897390625 0.078928653125 0.6226051734375 0.087998884375 0.6100747531249999 0.14622278125 0.611160934375 0.15308065625 0.6045365265625 0.19865261875 0.60019753125 0.208713059375 0.605628434375 0.24300243593749998 0.6063582828125 0.28506629375000003 0.6127565890625 0.3379488734375 0.6151779609375 0.40317785156249997 0.61855528125 0.4120161484375 0.6186797859375 0.4377727625 0.625440153125 0.4929413 0.6241164171875 0.5095540796875 0.6354647890625 0.6061754046875001 0.6345031125 0.62507414375 0.644041184375 0.710265675 0.6441656890624999 0.7360222890625 0.6520122374999999 0.7980487015625 0.6635273203125001 0.8020831484375 0.7051835453125 0.7966571015625 0.7075934609375001 0.7869021968750001 0.706020715625 0.7520017484375 0.7087926921875 0.7445328015625 0.704685525 0.6936306453125 0.7056472 0.67473190625 0.7016645375 0.6495863640625 0.6971895828125 0.5589063078125001 0.69489844375 0.5569258859375
0 0.7295989515625 0.40145846875 0.7228328578125 0.3087979890625 0.7172831765625001 0.2862439421875 0.717158671875 0.26048732812500003 0.7131760093749999 0.2353417859375 0.7160667640625 0.21613751093750003 0.72076781875 0.2083630265625 0.71943835625 0.187483865625 0.7264248234374999 0.1441978625 0.7243712390625 0.118746784375 0.7295531328125 0.10152293125 0.7120075296875 0.08438380625 0.7020000765625001 0.083625528125 0.689042478125 0.1079391890625 0.6749450390625 0.16875458125 0.6695255906249999 0.20944908906249998 0.67134161875 0.2583708234375 0.6771345828124999 0.2949461578125 0.6765349671875 0.3161308546875 0.680879690625 0.3435623546875 0.6871649468750001 0.445672203125 0.6953735546875001 0.5099845734375 0.69586011875 0.538027146875 0.700566903125 0.5677446046875 0.6989998843749999 0.5703361 0.705398190625 0.623218678125 0.7086624593749999 0.6812842453125 0.713731303125 0.7132876625 0.712164284375 0.7158791578125 0.7168710671875 0.745596615625 0.73031523125 0.7493255265625 0.7465313703125 0.7455854921875 0.7550311953125 0.7430676 0.7573817218750001 0.7391803578125 0.7573759953125 0.7016884171875 0.753636615625 0.6905641609375001 0.7525447062499999 0.64621434375 0.7374512265625001 0.5009768218749999 0.7361160359375 0.44260571875 0.7295989515625 0.40145846875
0 0.7799811015625 0.295059990625 0.7815481203125 0.292468496875 0.772134553125 0.233033578125 0.7720100484375 0.20727696406249999 0.7764678218750001 0.1854811953125 0.7766996500000001 0.124518596875 0.779109565625 0.1147636921875 0.77338171875 0.10981263593749999 0.736729221875 0.11561782031250001 0.7344380828125 0.11363739843750001 0.726662378125 0.12072720625 0.7271489437499999 0.1487697796875 0.7210053750000001 0.18489237187500002 0.72438269375 0.19373066875 0.7151050875 0.23503625 0.7381638921875 0.4305648546875 0.7379263375 0.45403551093749994 0.7422710609375 0.4814670109375 0.7458973906249999 0.5418185359375001 0.7605043046875 0.6590134859375001 0.7589372859375 0.6616049796875 0.7663029953125 0.7330807609375001 0.7758890015625 0.7374207453125 0.81911224375 0.7294032046875001 0.8218842203125 0.7219342578125 0.815847975 0.6713376375 0.8157234687500001 0.6455810234375 0.8053425000000001 0.567552903125 0.804855934375 0.5395103296875 0.7997870921875 0.5075069125 0.7993005265625001 0.479464340625 0.7799811015625 0.295059990625
0 0.8289035546875001 0.1045337953125 0.8270338640625001 0.0989716671875 0.7826650515625 0.105998996875 0.77874750625 0.1124777328125 0.7758567515625 0.1316820078125 0.776948659375 0.176031825 0.772372109375 0.2095629234375 0.7729774515625001 0.2258701671875 0.7823910171875 0.285305084375 0.78323964375 0.31563361562500003 0.794588015625 0.4122549390625 0.7930209968749999 0.41484643437499996 0.8283955781250001 0.725589565625 0.8437688187499999 0.729012940625 0.859984959375 0.7252729046875 0.8742720187499999 0.7218384062500001 0.8793945234375 0.7104822171875 0.869737675 0.6370260125 0.8688890499999999 0.6066974828125 0.8536767921875 0.4731952890625 0.85246610625 0.44058080000000005 0.8257866999999999 0.2221926109375 0.8289035546875001 0.1045337953125
0 0.9144055468750001 0.21987327968749998 0.9147618796874999 0.18466729531249998 0.9048617484375001 0.09718980625 0.9064287656250001 0.0945983109375 0.9053425859375 0.0877404359375 0.897685659375 0.083094915625 0.87067855625 0.087372421875 0.8691115375 0.089963915625 0.834026059375 0.09317760625 0.8301085125000001 0.0996563421875 0.8272177578125 0.1188606171875 0.8302387453125 0.1629048984375 0.8265050921875 0.189272584375 0.8377289593749999 0.26013729375 0.8413552890625 0.3204888203125 0.8570483843750001 0.44454164374999994 0.8568108296875 0.4680123 0.862965853125 0.5068735921874999 0.8673163046875001 0.5717970343750001 0.8741954484375001 0.61523024375 0.8781838390625 0.6778677281250001 0.8832526812499999 0.7098711453125001 0.8889805296875 0.7148222 0.9009170624999999 0.7152749421875 0.9229204375 0.7106182984375 0.9545692078125001 0.7044339749999999 0.959994384375 0.7012314078124999 0.9635498703125001 0.6924667140625 0.9462840296874999 0.5335134421875 0.9478510484375 0.530921946875 0.93758885625 0.4411584984375 0.9367402312499999 0.41082996875 0.9144055468750001 0.21987327968749998
0 1 0.525976040625 0.993899928125 0.47207585312499994 0.9954669468749999 0.469484359375 0.9931758078125 0.46750393749999997 0.9947428265625 0.46491244218750005 0.9885878031249999 0.42605115 0.987133834375 0.379415375 0.9559966546875 0.1828229546875 0.9506308671875001 0.1801578578125 0.91711240625 0.1807800546875 0.9160913421875 0.20554645625 0.9211601859374999 0.23754987343749998 0.922370871875 0.2701643640625 0.93069825625 0.32274140625 0.9315468828125001 0.35306993750000004 0.93770190625 0.3919312296875 0.9361348875 0.3945227234375 0.9513471453125 0.5280249171875 0.9521957703125 0.5583534484375 0.9671647453125001 0.6778343546875 0.965841009375 0.6944471359375 0.9745841171875 0.7059505296874999 0.9826624921875 0.7070143437499999 1 0.7036265109375 1 0.525976040625