0 0.2023687375 0.2020177125 0.1698432453125 0.193830375 0.158932303125 0.18553043281249998 0.1531050265625 0.1849179609375 0.1428971578125 0.1886138421875 0.117645625 0.1859597984375 0.112169884375 0.19134523750000001 0.03900745625 0.906124346875 0.041053546875 0.9146847484375 0.048575378125 0.9178597109375 0.086328740625 0.9230199421874999 0.12871056875 0.9215134875000001 0.136128734375 0.9163322046875001 0.138814771875 0.9094613624999999 0.14129348125000002 0.8858780296875001 0.1395989265625 0.8833155390625 0.20925062187500001 0.22062391875 0.20854754999999997 0.2086280953125 0.2023687375 0.2020177125
0 0.2929509625 0.48931919218750003 0.29249576093749996 0.4749650359375 0.2946860578125 0.4728108609375 0.3018743109375 0.40441919843749996 0.30017975625000004 0.4018567078125 0.30311366562500003 0.3926275328125 0.3194731375 0.23697754375 0.3074670484375 0.2297546875 0.2958124953125 0.2285297453125 0.2807688328125 0.22217982187500002 0.21546997499999998 0.20816347968749999 0.211936659375 0.213753075 0.1710379765625 0.6028780484375 0.16884768125 0.605032225 0.17004649375 0.6123113828125 0.16661684375000002 0.626257225 0.1683113984375 0.6288197140625 0.138814771875 0.9094613624999999 0.1414602703125 0.9216613421875 0.147886953125 0.9259133921875 0.157351209375 0.9292925109375 0.19729487031249998 0.9322985656249999 0.22607971718750003 0.9293630109375 0.242506940625 0.9132066921875 0.2769204421875 0.6044692031250001 0.27911073750000004 0.6023150265625 0.2786555375 0.587960871875 0.2808458328125 0.5858066953125001 0.290760665625 0.4914733671875 0.2929509625 0.48931919218750003
0 0.8857463796875 0.1558165171875 0.897937215625 0.13325397187500002 0.8986808281249999 0.1261789734375 0.894444440625 0.11977274687499999 0.8325346937500001 0.11088138437499999 0.8045971234374999 0.115098184375 0.8029025687500001 0.11253569375000001 0.79100014375 0.11366908281250002 0.768186778125 0.10650253125 0.7140467328125 0.0984277984375 0.712352178125 0.0958653078125 0.6968127734375 0.09423205 0.6778842593750001 0.0874738125 0.6526327265625 0.0848197703125 0.6337042125 0.0780615328125 0.5773738703125 0.072140975 0.5756793171875 0.0695784828125 0.5618344671875 0.0705077171875 0.553113821875 0.0600535984375 0.540012584375 0.05390783125 0.5378222874999999 0.0560620078125 0.5363756046875 0.051141184375 0.532490753125 0.0507328703125 0.5300525859375 0.055245378125 0.5266634765625 0.050120398437500005 0.5222828828125 0.054428750000000005 0.51645560625 0.053816278125000006 0.51600040625 0.0394621234375 0.47326704375000006 0.034970665625 0.466944025 0.0390748609375 0.46136461874999996 0.03610405625 0.4353694734375 0.0405250125 0.42879858437499996 0.046987540625000004 0.4188385859375 0.0483250890625 0.41325917968750003 0.0453542828125 0.391644628125 0.0454668890625 0.3850737390625 0.051929415624999996 0.379742203125 0.046600278125 0.3753616109375 0.05090863125 0.369534334375 0.050296159375 0.35713616875 0.056146215624999996 0.3435391890625 0.054717115625 0.341101021875 0.059229624999999994 0.33064528125 0.0652838375 0.3270083015625 0.062517190625 0.3248180046875 0.064671365625 0.3112210265625 0.063242265625 0.3068404328125 0.06755061875 0.302356175 0.0635027265625 0.3022525109375 0.055146481250000004 0.291445234375 0.0552027828125 0.29094949375 0.0599194484375 0.29568162187499997 0.061609009375 0.29543375156249996 0.0639673421875 0.27989434687500003 0.062334084375 0.2781997921875 0.0597715953125 0.2662973671875 0.060904984375000006 0.2607179609375 0.0579341796875 0.258527665625 0.060088356249999995 0.247368853125 0.054146746875 0.21823246875 0.0510843890625 0.20558643281250003 0.0592927796875 0.20170158124999998 0.05888446562500001 0.19110163593750001 0.07565325625 0.17593635000000002 0.1265158015625 0.1746969953125 0.1383074671875 0.16663888124999998 0.15891999375000002 0.1641601734375 0.182503325 0.16670200625 0.1863470625 0.2234875484375 0.20662177499999998 0.323254325 0.22902961249999998 0.3249488796875 0.23159210312499998 0.3691289265625 0.2410043828125 0.3861150140625 0.2475584640625 0.4035968453125 0.249395878125 0.41864050781250006 0.255745803125 0.461126 0.26259559375 0.5332030765625 0.28686189687499997 0.567918865625 0.29289505937500004 0.5696134203125001 0.2954575484375 0.6137934671874999 0.3048698296875 0.6288371296874999 0.311219753125 0.642434109375 0.312648853125 0.6535929203124999 0.3185904640625 0.70360024375 0.328615215625 0.749226975 0.3429483203125 0.7869803375 0.3481085515625 0.7935512265625 0.3416460234375 0.7977244906250001 0.3206251828125 0.8057826046875001 0.3000126546875 0.8340085859374999 0.2743666984375 0.8549606078125 0.24318745000000003 0.8659120890625 0.23241656875 0.8808295046874999 0.18391235781249998 0.8857463796875 0.1558165171875
0 0.378300690625 0.6675811765625 0.3882155234375 0.57324785 0.39040581875 0.5710936734375001 0.389702746875 0.5590978515625 0.39189304375 0.5569436734375001 0.40081639375 0.4720436796875 0.40300668906250003 0.4698895046875 0.401312134375 0.4673270140625 0.4044939140625 0.4557395046875 0.42457145 0.26471451875 0.41839263750000005 0.2581041359375 0.40892837968749995 0.2547250171875 0.39338897500000003 0.25309176093749997 0.363053778125 0.24275024687500002 0.33222284062499996 0.237125396875 0.33052828437500004 0.2345629078125 0.32311011875 0.23974419062500002 0.28572216875 0.5767816765625 0.283531871875 0.5789358515624999 0.24444936562500003 0.9134108484375 0.24868575312500002 0.9198170734375 0.271994859375 0.922266959375 0.273689415625 0.92482945 0.33694218125000003 0.9302853921875001 0.34192218125 0.9296166171875001 0.34764579218749997 0.9218728453124999 0.3578084953125 0.825181184375 0.35999879218749997 0.8230270078125 0.3637573953125 0.7685811890625 0.365947690625 0.7664270125 0.37611039375 0.6697353515625 0.378300690625 0.6675811765625
0 0.4230031421875 0.3170061625 0.420812846875 0.3191603390625 0.4071799515625 0.4488686640625 0.40498965625 0.45102283906249996 0.3812346 0.6583520015625 0.37904430312500004 0.6605061765625 0.350083959375 0.9173603359375001 0.352377921875 0.9235624031249999 0.3654791578125 0.929708171875 0.3771337125 0.9309331140625 0.37882826718749996 0.933495603125 0.4090597984375 0.9354808734375 0.41817252031249996 0.9328620796875 0.428276725 0.92080995625 0.50855095 0.28784743281249997 0.5043145625000001 0.28144120625 0.4892709 0.2750912828125 0.4317417453125 0.26189156874999997 0.4284563 0.26512283281250004 0.4230031421875 0.3170061625
0 0.4994746890625 0.6731639203124999 0.5054235874999999 0.616563925 0.507613884375 0.6144097484375 0.5061671999999999 0.609488925 0.5096373921875 0.5764722609375 0.5118276875000001 0.574318084375 0.510628875 0.567038928125 0.512819171875 0.5648847515625001 0.519759553125 0.4988514234375 0.52194985 0.496697246875 0.5202552953125 0.4941347578125 0.5224455921875 0.49198058125 0.5274030078124999 0.44481391875 0.5295933046875 0.442659740625 0.5397560078125 0.34596808125 0.5451280828125 0.332226396875 0.5495492171875 0.308847221875 0.5475031265625 0.300286821875 0.5438661453125 0.297520171875 0.5377909984375 0.2992660359375 0.5391340171875 0.2958306140625 0.5365921859375 0.291986878125 0.5246897609375 0.2931202671875 0.5193582265625001 0.2877911296875 0.509254021875 0.29984325625 0.5065274421875 0.32578491875000004 0.504337146875 0.327939096875 0.48479589375 0.4951765953125 0.48260559687500004 0.4973307703125 0.47715243906250004 0.5492141 0.47496214375 0.5513682765625 0.4766566984375 0.553930765625 0.47446640156250003 0.5560849421875 0.47566521406250006 0.5633641 0.47347491875000003 0.565518275 0.46504731093749996 0.6457016015625 0.4628570140625 0.6478557796875 0.46331221562499997 0.6622099359375 0.46112191874999997 0.6643641109375 0.45591663125000004 0.7138891078125 0.4537263359375 0.7160432828125 0.432945728125 0.8950724484375 0.43075543281249995 0.8972266234375 0.4309627625 0.9139391124999999 0.428772465625 0.9160932890625 0.43081855625000004 0.924653690625 0.466877365625 0.92725143125 0.4727451828125 0.90879308125 0.48166853125 0.8238930859375 0.47997397656249996 0.821330596875 0.49034400937499995 0.7413514250000001 0.48864945468750004 0.7387889359375001 0.49083975156250004 0.736634759375 0.4972843921875 0.675318096875 0.4994746890625 0.6731639203124999
0 0.5961859328125 0.7620134015625 0.6221718265625 0.5334592406249999 0.6243621234375001 0.5313050640625 0.6231633109375 0.5240259078125 0.62609721875 0.5147967328124999 0.641465209375 0.36858007656249997 0.6436555046875 0.36642589999999997 0.6458863421875 0.34520090312499996 0.6575814375 0.327355021875 0.651402625 0.32074464062499997 0.6419383671875 0.317365521875 0.6186292609375 0.3149156359375 0.61693470625 0.31235314375 0.6033377265625 0.31092404375 0.5902364890625 0.304778278125 0.5688698078125001 0.30253255 0.5671752531250001 0.2999700578125 0.5509959015625 0.3137680453125 0.541946303125 0.3438139046875 0.5340144375 0.4192805671875 0.5318241421875001 0.42143474375 0.525627371875 0.480393071875 0.523437075 0.4825472484375 0.51129140625 0.5981055734375 0.509101109375 0.6002597484375001 0.5006735015625 0.6804430765625 0.49848320625 0.682597253125 0.4734482546875 0.920788903125 0.47076221562500004 0.9276597453125 0.47171315937499997 0.9372972359375 0.4759495453125 0.9437034609375001 0.48202469375 0.9419576015625 0.5469720140625001 0.94997603125 0.5655489921875 0.950736359375 0.5712726046875 0.942992584375 0.57598215 0.8981842546875001 0.578172446875 0.896030078125 0.5851533703125 0.8109259265625001 0.5949465796875 0.7738050671875001 0.5939956375000001 0.764167578125 0.5961859328125 0.7620134015625
0 0.750903571875 0.41107952187499996 0.75309386875 0.408925346875 0.758051284375 0.3617586828125 0.7609851937500001 0.35252950625 0.7584433609375 0.348685771875 0.748979103125 0.34530665312500003 0.7467888078125 0.34746082968750003 0.745094253125 0.3448983390625 0.720090590625 0.3398859625 0.716805146875 0.3431172265625 0.7113519890625 0.39500055624999997 0.7091616921874999 0.3971547328125 0.7101126343749999 0.40679222187499997 0.7064351140625 0.423096396875 0.7094726875 0.42222346718750003 0.71007209375 0.42586304531249997 0.7056915015625 0.43017139687499995 0.7027170515625001 0.45847139375 0.7005267546875 0.4606255703125 0.7019734390625 0.46554639375000006 0.6997831421875 0.467700571875 0.69309063125 0.531375565625 0.690900334375 0.5335297421874999 0.6552880203125 0.8349880734375 0.6530977234375 0.83714225 0.654792278125 0.839704740625 0.6526019828125 0.841858915625 0.6382660171875 0.9595714171875 0.6441969578125 0.968540134375 0.674428490625 0.970525403125 0.6809993796875 0.964062875 0.70500230625 0.7543753796875 0.707192603125 0.752221203125 0.71215001875 0.7050545390625 0.714340315625 0.7029003640625 0.73313795625 0.542737865625 0.7353282515624999 0.5405836890625 0.750903571875 0.41107952187499996
0 0.650907428125 0.8392964265625 0.6530977234375 0.83714225 0.65214678125 0.8275047593749999 0.654337078125 0.825350584375 0.6753655562499999 0.6439630875 0.6775558515625 0.6418089109375 0.6768527796875 0.6298130890625 0.6790430765625 0.6276589125 0.6887100375 0.5356839171875001 0.690900334375 0.5335297421874999 0.713168165625 0.34035057968750004 0.703104503125 0.3333318828125 0.67202569375 0.3300653671875 0.6576851015625 0.3357112671875 0.6500190640625 0.3432508828125 0.6439033765625 0.3640675671875 0.6248173234375 0.545659221875 0.6226270281249999 0.5478133984375 0.6062675546875 0.7034633875 0.6040772578125 0.7056175625 0.6055239421875 0.7105383859375001 0.6033336453125 0.7126925625 0.6023016218749999 0.7411967171875 0.6001113250000001 0.74335089375 0.5939145546875 0.802309221875 0.58879035 0.8136925749999999 0.5712320640625 0.9620634062500001 0.575716321875 0.9661112984375 0.6292569609374999 0.9705464546875 0.63582785 0.9640839265625001 0.638554428125 0.9381422609375001 0.640744725 0.9359880859375 0.6397937828125 0.9263505953125 0.6429755625 0.9147630875000001 0.6412810078125 0.9122005968750001 0.643471303125 0.910046421875 0.650907428125 0.8392964265625
0 0.764590884375 0.5985001828125001 0.7814055578125 0.4572043484375 0.7835958546875 0.45505017187499996 0.793407021875 0.3523606015625 0.7853894484375 0.3539023046875 0.7642706375 0.34929824374999996 0.7609851937500001 0.35252950625 0.75309386875 0.408925346875 0.750903571875 0.41107952187499996 0.7111179953125 0.7335586953125001 0.7089276984375 0.735712871875 0.7032266703125 0.789954534375 0.7010363734375 0.7921087109375 0.701491575 0.8064628671875 0.6990534078125 0.8109753765625 0.6995086078125 0.8253295328125001 0.6973183109375001 0.8274837078124999 0.6896343171875 0.9005920359375 0.6913288718749999 0.9031545265625001 0.68719615 0.9051045468750001 0.6832302171875 0.9428378765625001 0.6810399203124999 0.9449920515624999 0.6814951203125 0.959346209375 0.679056953125 0.9638587171875 0.6821981921875 0.9713420312500001 0.6814545796875 0.97841703125 0.6856909671875 0.9848232578125 0.7023255203125001 0.985379425 0.710838834375 0.9791210546875 0.71377274375 0.9698918796875 0.7443871 0.734671034375 0.746577396875 0.7325168578125 0.75376565 0.6641251953125 0.755955946875 0.6619710203125 0.7624005875 0.6006543578125 0.764590884375 0.5985001828125001
0 0.7812978125 0.850616621875 0.7834881078125 0.848462446875 0.787454040625 0.8107291156249999 0.7896443375 0.8085749390625001 0.8116237578125001 0.6368249328125 0.8138140546875 0.6346707546875 0.8185236 0.589862425 0.8207138953124999 0.58770825 0.8241840874999999 0.554691584375 0.8263743828125 0.552537409375 0.8407103484375 0.43482490937499996 0.8429006453125 0.43267073125 0.8510398406249999 0.373916559375 0.86298280625 0.35371234687499997 0.899122696875 0.3181684421875 0.9561740671875001 0.2705161109375 0.9586122343750001 0.26600360156249997 0.9606357421875 0.2280661140625 0.950572078125 0.22104741562500002 0.91560841875 0.21737258750000002 0.9095332703125001 0.2191184484375 0.88568788125 0.240456053125 0.8324176968750001 0.28016045312500004 0.8116098812500001 0.3006251265625 0.8021050828125 0.31631682968749997 0.71228551875 0.984041878125 0.71482735 0.9878856140625001 0.7605982874999999 0.9915041406249999 0.7649788796875 0.9871957890624999 0.769688425 0.9423874578125 0.7718787218750001 0.9402332828125 0.7734064875 0.9070124609375 0.775596784375 0.9048582843749999 0.7808020703125 0.8553332890625001 0.7829923671875 0.8531791125 0.7812978125 0.850616621875
0 0.862870434375 0.63505801875 0.86506073125 0.6329038421875001 0.8715053718749999 0.57158718125 0.8736956687499999 0.5694330046875 0.885057184375 0.4800205 0.88724748125 0.4778663234375 0.900839834375 0.367228821875 0.90571616875 0.358203803125 0.9164197796875 0.3497912578125 0.9169155218749999 0.345074590625 0.9388184859375001 0.3235328296875 0.9382190796875 0.319893253125 0.9323918015625001 0.31928078125 0.9277633390625001 0.3259474671875 0.9263166546875 0.32102664375 0.9198899718750001 0.3167745921875 0.9195384359375 0.3107766828125 0.9134632874999999 0.31252254375 0.9096821015625001 0.3204704734375 0.9145178953125 0.330516278125 0.9114803218749999 0.3313892078125 0.9100336375 0.326468384375 0.9005693812500001 0.323089265625 0.8876754734375 0.3336559890625 0.8556683046875 0.367249875 0.8498004874999999 0.385708225 0.8379432296875 0.47983739375 0.8357529328125001 0.48199157187499997 0.8280689375 0.5550998984375 0.8258786421875 0.5572540765625 0.8051385765625 0.7172124171875 0.8029482796874999 0.7193665921875 0.7969993796875 0.7759665890624999 0.794809084375 0.778120765625 0.7834475671875001 0.8675332687499999 0.781257271875 0.86968744375 0.777539209375 0.9050624421875 0.7753489124999999 0.9072166171875 0.7738616875 0.921366615625 0.7755562421875 0.9239291078124999 0.7676649171875 0.9803249468749999 0.7719013046875001 0.986731171875 0.8099025390625 0.9895330703124999 0.814531003125 0.9828663843750001 0.8249010359375 0.9028872140624999 0.8270913312499999 0.9007330390625 0.84733565625 0.7454913624999999 0.8495259531249999 0.7433371875 0.8547312390625 0.693812190625 0.8569215359375001 0.6916580156250001 0.862870434375 0.63505801875
0 0.9180876703124999 0.7076243765625 0.9202779671875 0.7054701999999999 0.9237481593749999 0.6724535359375 0.9259384546874999 0.670299359375 0.9316394828125001 0.616057696875 0.9338297796875 0.6139035203125001 0.9454391671875 0.522132684375 0.9476294640624999 0.5199785078125 0.9471742624999999 0.505624353125 0.949364559375 0.5034701765625 0.9582473671875 0.4376410046875 0.9604376640625001 0.435486828125 0.9676259171874999 0.3670951671875 0.9659313624999999 0.36453267500000003 0.9691536828125 0.33387434531250004 0.9669002624999999 0.308601453125 0.9560929859374999 0.30865775625 0.95096878125 0.3200411078125 0.9049725562500001 0.3652788046875 0.9020386484375 0.3745079796875 0.8847687734375 0.5014496562499999 0.8825784765625 0.5036038328125 0.8771253187499999 0.5554871625 0.8749350234375 0.5576413375 0.86774676875 0.626033 0.8655564734375 0.6281871765625 0.8534513453124999 0.724674678125 0.8512610484375 0.72682885625 0.8371729531250001 0.8421830218749999 0.83498265625 0.8443372 0.8300252406249999 0.8915038624999999 0.8278349437499999 0.8936580390625 0.8231253984375 0.93846636875 0.820935103125 0.9406205453125001 0.816473428125 0.9830705421875001 0.8142831312500001 0.98522471875 0.816329221875 0.9937851203125 0.8737547125 0.9986285890625 0.878631046875 0.9896035703124999 0.881357625 0.9636619062499999 0.8835479218750001 0.9615077296875001 0.9025528921875001 0.818057721875 0.9047431890625001 0.8159035453125 0.90846125 0.7805285484375 0.910651546875 0.778374371875 0.9180876703124999 0.7076243765625
0 1 0.39314948125 0.9837241875 0.3914388234375 0.981533890625 0.3935930015625 0.9701272078125 0.3900097234375 0.9665938921875 0.395599321875 0.9623800890625 0.43569098593750005 0.9601897921875 0.43784516093750003 0.9572153421875 0.466145159375 0.9550250468750001 0.46829933593749995 0.9493240187499999 0.5225409984375 0.942960459375 0.5457160156249999 0.936267946875 0.6093910109375 0.9340776500000001 0.6115451890625 0.9301117171875 0.64927851875 0.927921421875 0.65143269375 0.9054462593749999 0.82789936875 0.9032559640625 0.8300535437500001 0.8859860890625001 0.9569952203125001 0.8837957921875 0.9591493968749999 0.8795819890625 0.9992410609375 0.8800838687500001 1 0.9423464890625001 1 0.9449619281249999 0.975115759375 0.947152225 0.9729615812500001 0.9459534109375 0.965682425 0.9528127124999999 0.9377907421874999 0.951366028125 0.9328699203124999 0.9538447359375001 0.9092865874999999 0.9560350328125 0.9071324109375001 0.9624391328125 0.8648865718750001 0.9646294281250001 0.8627323953125 1 0.5193524734375 1 0.39314948125