0 0.18359375 0.921259190625 0.181640625 0.9188878671875 0.181640625 0.25254595625 0.1796875 0.24068933750000002 0.1728515625 0.2347610296875 0.1396484375 0.23001838281250003 0.1279296875 0.2229044125 0.1220703125 0.2229044125 0.1123046875 0.22764705937500002 0.0869140625 0.22764705937500002 0.08203125 0.2335753671875 0.083984375 0.952086396875 0.0869140625 0.9603860296875 0.0947265625 0.962757353125 0.1328125 0.9639430156250001 0.1748046875 0.95801470625 0.181640625 0.952086396875 0.18359375 0.9449724265624999 0.18359375 0.921259190625
0 0.291015625 0.6248437499999999 0.2890625 0.610615809375 0.291015625 0.6082444859375 0.291015625 0.51339154375 0.29296875 0.5110202203124999 0.291015625 0.49679227968750006 0.29296875 0.49442095625000004 0.29296875 0.42565257343749996 0.291015625 0.42328124999999994 0.29296875 0.41379595625 0.29296875 0.257288603125 0.2802734375 0.25136029375 0.2685546875 0.25136029375 0.2529296875 0.246617646875 0.1865234375 0.2395036765625 0.18359375 0.245431984375 0.18359375 0.6367003671875 0.181640625 0.639071690625 0.18359375 0.6461856625 0.181640625 0.6604136031250001 0.18359375 0.6627849265625 0.18359375 0.9449724265624999 0.1875 0.95682904375 0.1943359375 0.9603860296875 0.2041015625 0.962757353125 0.244140625 0.961571690625 0.2724609375 0.95564338125 0.287109375 0.9378584562500001 0.2890625 0.6272150734374999 0.291015625 0.6248437499999999
0 0.80859375 0.24068933750000002 0.826171875 0.207490809375 0.8359375 0.195634190625 0.845703125 0.145836396875 0.84765625 0.11738051406250001 0.857421875 0.09366727968750001 0.857421875 0.086553309375 0.8525390625 0.080625 0.7900390625 0.0782536765625 0.7626953125 0.08536764687500001 0.7607421875 0.08299632343749999 0.7490234375 0.08536764687500001 0.7255859375 0.080625 0.6708984375 0.0782536765625 0.6689453125 0.075882353125 0.6533203125 0.075882353125 0.6337890625 0.07113970625 0.6083984375 0.07113970625 0.5888671875 0.066397059375 0.5322265625 0.066397059375 0.5302734375 0.064025734375 0.5166015625 0.066397059375 0.5068359375 0.0569117640625 0.4931640625 0.0521691171875 0.4912109375 0.054540440625 0.4892578125 0.04979779375 0.4853515625 0.04979779375 0.4833984375 0.054540440625 0.4794921875 0.04979779375 0.4755859375 0.054540440625 0.4697265625 0.054540440625 0.4677734375 0.0403125 0.4248046875 0.0403125 0.4189453125 0.045055146875 0.4130859375 0.042683823437500004 0.3876953125 0.04979779375 0.3818359375 0.0569117640625 0.3720703125 0.0592830890625 0.3662109375 0.0569117640625 0.3447265625 0.0592830890625 0.3388671875 0.066397059375 0.3330078125 0.0616544125 0.3291015625 0.066397059375 0.3232421875 0.066397059375 0.3115234375 0.07351102968749999 0.2978515625 0.07351102968749999 0.2958984375 0.0782536765625 0.2861328125 0.08536764687500001 0.2822265625 0.08299632343749999 0.2802734375 0.08536764687500001 0.2666015625 0.08536764687500001 0.2626953125 0.09011029375 0.2578125 0.086553309375 0.2568359375 0.0782536765625 0.24609375 0.0794393375 0.24609375 0.08418198437499999 0.2509765625 0.08536764687500001 0.2509765625 0.0877389703125 0.2353515625 0.0877389703125 0.2333984375 0.08536764687500001 0.2216796875 0.0877389703125 0.2158203125 0.08536764687500001 0.2138671875 0.0877389703125 0.2021484375 0.08299632343749999 0.1728515625 0.08299632343749999 0.1611328125 0.0924816171875 0.1572265625 0.0924816171875 0.1484375 0.11026654375 0.138671875 0.16243566250000002 0.138671875 0.1742922796875 0.1328125 0.195634190625 0.1328125 0.2193474265625 0.1357421875 0.2229044125 0.1943359375 0.23713235312499997 0.2958984375 0.24898897031249997 0.2978515625 0.25136029375 0.3427734375 0.256102940625 0.3603515625 0.26084558750000003 0.3779296875 0.26084558750000003 0.3935546875 0.26558823593750003 0.4365234375 0.267959559375 0.5107421875 0.2845588234375 0.5458984375 0.28693014687499996 0.5478515625 0.2893014703125 0.5927734375 0.2940441171875 0.6083984375 0.29878676406250004 0.6220703125 0.29878676406250004 0.6337890625 0.3035294125 0.6845703125 0.308272059375 0.7314453125 0.31775735312500003 0.76953125 0.318943015625 0.775390625 0.31182904375 0.77734375 0.2904871328125 0.783203125 0.2691452203125 0.80859375 0.24068933750000002
0 0.39453125 0.8358915437500001 0.392578125 0.781351103125 0.39453125 0.7789797796875 0.39453125 0.6817555140625 0.396484375 0.679384190625 0.396484375 0.5845312500000001 0.3984375 0.5821599265625 0.396484375 0.5703033093750001 0.3984375 0.567931984375 0.3984375 0.48256433750000005 0.400390625 0.480193015625 0.3984375 0.477821690625 0.400390625 0.4659650734375 0.400390625 0.27388786718749997 0.3935546875 0.267959559375 0.3837890625 0.26558823593750003 0.3681640625 0.26558823593750003 0.3369140625 0.258474265625 0.3056640625 0.256102940625 0.3037109375 0.25373161718750004 0.296875 0.25965992656250003 0.294921875 0.5987591906249999 0.29296875 0.6011305140625 0.2890625 0.9378584562500001 0.2939453125 0.9437867640625001 0.3173828125 0.9437867640625001 0.3193359375 0.9461580875 0.3828125 0.9449724265624999 0.3876953125 0.9437867640625001 0.392578125 0.9354871328125001 0.392578125 0.8382628671875001 0.39453125 0.8358915437500001
0 0.4814453125 0.2821875 0.4658203125 0.277444853125 0.4072265625 0.2703308828125 0.404296875 0.27388786718749997 0.404296875 0.32605698437499997 0.40234375 0.328428309375 0.40234375 0.45885110312500005 0.400390625 0.46122242656249995 0.3984375 0.669898896875 0.396484375 0.6722702203125 0.39453125 0.9307444859375 0.3974609375 0.93667279375 0.4111328125 0.9414154421875001 0.4228515625 0.9414154421875001 0.4248046875 0.9437867640625001 0.455078125 0.9426011031250001 0.4638671875 0.9390441171875 0.47265625 0.9260018390625 0.486328125 0.288115809375 0.4814453125 0.2821875
0 0.515625 0.741038603125 0.513671875 0.7386672796875 0.515625 0.73629595625 0.515625 0.67464154375 0.517578125 0.6722702203125 0.517578125 0.61535845625 0.51953125 0.6129871328125 0.517578125 0.6082444859375 0.517578125 0.57504595625 0.51953125 0.5726746328125001 0.517578125 0.5655606625 0.51953125 0.5631893375 0.51953125 0.49679227968750006 0.521484375 0.49442095625000004 0.51953125 0.4920496328125 0.521484375 0.489678309375 0.521484375 0.4422518390625 0.5234375 0.4398805140625 0.5234375 0.34265625 0.52734375 0.328428309375 0.529296875 0.30471507343750004 0.5263671875 0.2964154421875 0.5224609375 0.2940441171875 0.5166015625 0.2964154421875 0.517578125 0.29285845625 0.5146484375 0.2893014703125 0.5029296875 0.29167279375 0.4970703125 0.28693014687499996 0.48828125 0.2999724265625 0.48828125 0.32605698437499997 0.486328125 0.328428309375 0.484375 0.49679227968750006 0.482421875 0.49916360312499997 0.482421875 0.5513327203125 0.48046875 0.55370404375 0.482421875 0.5560753671875001 0.48046875 0.5584466906250001 0.482421875 0.5655606625 0.48046875 0.567931984375 0.48046875 0.648556984375 0.478515625 0.650928309375 0.48046875 0.66515625 0.478515625 0.6675275734375 0.478515625 0.7173253671875 0.4765625 0.719696690625 0.474609375 0.8999172796874999 0.47265625 0.9022886031249999 0.474609375 0.9188878671875 0.47265625 0.921259190625 0.4755859375 0.9295588234375 0.51171875 0.9283731609375 0.515625 0.9094025734375 0.515625 0.8240349265625 0.513671875 0.821663603125 0.515625 0.741038603125
0 0.619140625 0.8856893375 0.6171875 0.8003216906249999 0.623046875 0.7623805140625 0.62109375 0.7528952203125 0.623046875 0.750523896875 0.625 0.5205055140625 0.626953125 0.518134190625 0.625 0.5110202203124999 0.626953125 0.5015349265625 0.626953125 0.3545128671875 0.62890625 0.35214154375 0.62890625 0.3307996328125 0.638671875 0.31182904375 0.6318359375 0.3059007359375 0.6220703125 0.3035294125 0.5986328125 0.3035294125 0.5966796875 0.3011580875 0.5830078125 0.3011580875 0.5693359375 0.2964154421875 0.5478515625 0.2964154421875 0.5458984375 0.2940441171875 0.53125 0.3094577203125 0.525390625 0.3402849265625 0.525390625 0.4161672796875 0.5234375 0.418538603125 0.5234375 0.477821690625 0.521484375 0.480193015625 0.521484375 0.5963878671875 0.51953125 0.5987591906249999 0.51953125 0.679384190625 0.517578125 0.6817555140625 0.517578125 0.921259190625 0.515625 0.9283731609375 0.517578125 0.9378584562500001 0.5224609375 0.9437867640625001 0.5283203125 0.9414154421875001 0.59375 0.9426011031250001 0.6123046875 0.9414154421875001 0.6171875 0.933115809375 0.6171875 0.8880606625 0.619140625 0.8856893375
0 0.732421875 0.6817555140625 0.734375 0.679384190625 0.736328125 0.518134190625 0.73828125 0.5157628671875 0.740234375 0.3853400734375 0.7421875 0.38296874999999997 0.7421875 0.3355422796875 0.744140625 0.32605698437499997 0.7412109375 0.3225 0.7314453125 0.3201286765625 0.7294921875 0.3225 0.7275390625 0.3201286765625 0.7021484375 0.31775735312500003 0.69921875 0.3213143375 0.69921875 0.37348345625 0.697265625 0.3758547796875 0.69921875 0.3853400734375 0.697265625 0.4019393375 0.7001953125 0.4007536765625 0.701171875 0.40431066250000003 0.697265625 0.40905330937500006 0.697265625 0.437509190625 0.6953125 0.4398805140625 0.697265625 0.44462316093750004 0.6953125 0.4469944859375 0.6953125 0.5110202203124999 0.693359375 0.51339154375 0.689453125 0.81692095625 0.6875 0.8192922796875 0.689453125 0.821663603125 0.6875 0.8240349265625 0.685546875 0.9426011031250001 0.6923828125 0.9509007359374999 0.72265625 0.9497150734375 0.728515625 0.9426011031250001 0.73046875 0.731553309375 0.732421875 0.729181984375 0.732421875 0.6817555140625
0 0.68359375 0.9094025734375 0.685546875 0.8975459562499999 0.68359375 0.8951746328124999 0.685546875 0.8928033093750001 0.685546875 0.821663603125 0.6875 0.8192922796875 0.685546875 0.809806984375 0.6875 0.8074356625 0.689453125 0.6248437499999999 0.69140625 0.6224724265625 0.689453125 0.610615809375 0.69140625 0.6082444859375 0.69140625 0.5157628671875 0.693359375 0.51339154375 0.6953125 0.318943015625 0.6845703125 0.31301470625 0.6533203125 0.31301470625 0.6396484375 0.3201286765625 0.6328125 0.328428309375 0.62890625 0.3497702203125 0.62890625 0.5323621328125 0.626953125 0.53473345625 0.626953125 0.691240809375 0.625 0.6936121328125 0.626953125 0.6983547796875 0.625 0.7007261031249999 0.626953125 0.729181984375 0.625 0.731553309375 0.625 0.790836396875 0.62109375 0.802693015625 0.619140625 0.952086396875 0.6240234375 0.95564338125 0.677734375 0.9544577203125 0.68359375 0.9473437499999999 0.68359375 0.921259190625 0.685546875 0.9188878671875 0.68359375 0.9094025734375
0 0.76953125 0.70546875 0.76953125 0.6367003671875 0.771484375 0.63432904375 0.771484375 0.5726746328125001 0.7734375 0.5703033093750001 0.775390625 0.428023896875 0.77734375 0.42565257343749996 0.7763671875 0.3225 0.7685546875 0.32487132343749997 0.7470703125 0.3225 0.744140625 0.32605698437499997 0.7421875 0.38296874999999997 0.740234375 0.3853400734375 0.734375 0.710211396875 0.732421875 0.7125827203124999 0.732421875 0.7671231609375 0.73046875 0.7694944859375 0.732421875 0.7837224265625 0.73046875 0.7884650734374999 0.732421875 0.802693015625 0.73046875 0.8050643375 0.73046875 0.8785753671875 0.732421875 0.880946690625 0.728515625 0.883318015625 0.728515625 0.921259190625 0.7265625 0.9236305140625 0.728515625 0.9378584562500001 0.7265625 0.9426011031250001 0.73046875 0.9497150734375 0.73046875 0.95682904375 0.7353515625 0.962757353125 0.751953125 0.961571690625 0.759765625 0.9544577203125 0.76171875 0.9449724265624999 0.767578125 0.7078400734375 0.76953125 0.70546875
0 0.814453125 0.8762040437499999 0.81640625 0.8738327203124999 0.81640625 0.8240349265625 0.818359375 0.821663603125 0.81640625 0.8192922796875 0.818359375 0.81692095625 0.818359375 0.7789797796875 0.8203125 0.77660845625 0.82421875 0.6035018390625 0.826171875 0.6011305140625 0.826171875 0.5560753671875001 0.828125 0.55370404375 0.828125 0.5205055140625 0.830078125 0.518134190625 0.83203125 0.399568015625 0.833984375 0.397196690625 0.8359375 0.33791360312499996 0.845703125 0.316571690625 0.8779296875 0.277444853125 0.9296875 0.22409007343749998 0.931640625 0.2193474265625 0.9296875 0.18140625 0.9189453125 0.175477940625 0.8837890625 0.175477940625 0.8779296875 0.17784926406249998 0.8564453125 0.2015625 0.8076171875 0.246617646875 0.7890625 0.2691452203125 0.78125 0.2857444859375 0.76171875 0.9592003671875 0.7646484375 0.962757353125 0.810546875 0.961571690625 0.814453125 0.95682904375 0.814453125 0.911773896875 0.81640625 0.9094025734375 0.814453125 0.8762040437499999
0 0.87109375 0.7078400734375 0.873046875 0.70546875 0.873046875 0.65567095625 0.875 0.6532996328125 0.875 0.5963878671875 0.876953125 0.59401654375 0.876953125 0.5323621328125 0.87890625 0.529990809375 0.880859375 0.4398805140625 0.8828125 0.437509190625 0.884765625 0.32605698437499997 0.888671875 0.316571690625 0.8984375 0.307086396875 0.8984375 0.30234375 0.91796875 0.2786305140625 0.9169921875 0.2750735296875 0.9111328125 0.2750735296875 0.9072265625 0.2821875 0.9052734375 0.277444853125 0.8984375 0.27388786718749997 0.8974609375 0.267959559375 0.8916015625 0.2703308828125 0.888671875 0.2786305140625 0.89453125 0.288115809375 0.8916015625 0.2893014703125 0.8896484375 0.2845588234375 0.8798828125 0.2821875 0.8681640625 0.2940441171875 0.83984375 0.3307996328125 0.8359375 0.3497702203125 0.833984375 0.44462316093750004 0.83203125 0.4469944859375 0.83203125 0.5205055140625 0.830078125 0.5228768390625 0.826171875 0.6841268390625 0.82421875 0.6864981609374999 0.82421875 0.7434099265625 0.822265625 0.7457812500000001 0.8203125 0.8358915437500001 0.818359375 0.8382628671875001 0.818359375 0.8738327203124999 0.81640625 0.8762040437499999 0.81640625 0.890431984375 0.818359375 0.8928033093750001 0.81640625 0.9497150734375 0.8212890625 0.95564338125 0.859375 0.9544577203125 0.86328125 0.9473437499999999 0.865234375 0.8667187500000001 0.8671875 0.8643474265625001 0.87109375 0.7078400734375
0 0.93359375 0.7742371328125001 0.935546875 0.771865809375 0.935546875 0.73629595625 0.9375 0.7339246328125 0.9375 0.6627849265625 0.939453125 0.6604136031250001 0.939453125 0.6272150734374999 0.94140625 0.6248437499999999 0.94140625 0.5703033093750001 0.943359375 0.567931984375 0.9453125 0.4754503671875 0.947265625 0.47307904375 0.9453125 0.45885110312500005 0.947265625 0.45647977968750003 0.94921875 0.3900827203125 0.951171875 0.387711396875 0.951171875 0.318943015625 0.94921875 0.316571690625 0.94921875 0.2857444859375 0.9443359375 0.26084558750000003 0.93359375 0.26203125 0.9296875 0.27388786718749997 0.888671875 0.3236856625 0.88671875 0.33317095625 0.8828125 0.46122242656249995 0.880859375 0.46359374999999997 0.880859375 0.5157628671875 0.87890625 0.518134190625 0.87890625 0.5869025734375 0.876953125 0.589273896875 0.875 0.6864981609374999 0.873046875 0.6888694859375 0.87109375 0.8050643375 0.869140625 0.8074356625 0.869140625 0.8548621328125 0.8671875 0.85723345625 0.8671875 0.9022886031249999 0.865234375 0.9046599265624999 0.865234375 0.9473437499999999 0.86328125 0.9497150734375 0.8662109375 0.95801470625 0.923828125 0.95682904375 0.927734375 0.9473437499999999 0.927734375 0.921259190625 0.9296875 0.9188878671875 0.93359375 0.7742371328125001
0 0.994140625 0.9236305140625 0.9921875 0.91651654375 0.99609375 0.8880606625 0.994140625 0.883318015625 0.994140625 0.8596047796875 0.99609375 0.85723345625 0.998046875 0.8145496328125 1 0.812178309375 0.9990234375 0.34147058750000003 0.9697265625 0.34147058750000003 0.9677734375 0.34384191249999996 0.9560546875 0.34147058750000003 0.953125 0.34739889687500003 0.953125 0.387711396875 0.951171875 0.3900827203125 0.951171875 0.418538603125 0.94921875 0.42090992656250004 0.94921875 0.4754503671875 0.9453125 0.49916360312499997 0.9453125 0.5631893375 0.943359375 0.5655606625 0.943359375 0.6035018390625 0.94140625 0.6058731609375 0.9375 0.7837224265625 0.935546875 0.78609375 0.931640625 0.9141452203125 0.9296875 0.91651654375 0.9296875 0.95682904375 0.9326171875 0.9603860296875 0.9765625 0.961571690625 0.9892578125 0.9603860296875 0.9921875 0.95682904375 0.9921875 0.9260018390625 0.994140625 0.9236305140625