0 0.6113866890625 0.1978458484375 0.6137443046875 0.20010312031250002 0.612078121875 0.2136730875 0.6092444546875 0.21529294999999998 0.6127808781249999 0.21867885625 0.6179721609375 0.219316265625 0.6552972125000001 0.1835594578125 0.6562493171875 0.175805190625 0.659082984375 0.174185328125 0.6636054796875 0.13735256093749998 0.66006905625 0.133966653125 0.1017681015625 0.067383709375 0.09680352187499999 0.0756292015625 0.0932218078125 0.115529171875 0.0955794234375 0.11778644375 0.13970533125 0.1232044234375 0.14206294375 0.12546169375 0.1448966140625 0.12384183281250001 0.1524455125 0.1267365140625 0.609278421875 0.1828285421875 0.61257681875 0.188153015625 0.6113866890625 0.1978458484375
0 0.28053876093749996 0.1778846546875 0.2859680703125 0.176583496875 0.28832568593749996 0.17884076875 0.34023851562499996 0.18521486250000002 0.34307218281249996 0.183595 0.35581236562499996 0.187127090625 0.35864603281249996 0.185507228125 0.36643295781249996 0.1864633421875 0.3687905734375 0.18872061406250001 0.5865864359375 0.2174303765625 0.594135334375 0.22032505625 0.6064107859375001 0.21691281093749998 0.60831499375 0.201404278125 0.6111486625 0.199784415625 0.611862740625 0.193968715625 0.6099811765625 0.1878343109375 0.6040871390625 0.1821911328125 0.5262178921875 0.172629990625 0.523384225 0.17424985312500002 0.0953413984375 0.119725009375 0.09109089687500001 0.122154803125 0.0889373390625 0.150423371875 0.0912949546875 0.15268064374999998 0.2418421640625 0.1711655171875 0.2441997796875 0.1734227875 0.2522247296875 0.17244033593750002 0.2677985796875 0.1743525640625 0.2701561953125 0.176609834375 0.2755855046875 0.175308678125 0.28053876093749996 0.1778846546875
0 0.66955613125 0.08888839375 0.6705082359375 0.08113412656249999 0.664614196875 0.07549094843750001 0.2570984765625 0.025454309375 0.254264809375 0.027074171875000004 0.25190719375000004 0.0248169 0.225950778125 0.021629853125 0.2231171109375 0.0232497140625 0.210138903125 0.021656190625 0.20778128749999997 0.0193989203125 0.11174255156249999 0.007606845312500001 0.10749204999999999 0.0100366390625 0.10200612812500001 0.0654451421875 0.577008528125 0.123768103125 0.5798421968749999 0.122148240625 0.5873910953125 0.125042921875 0.6548777734375 0.13332924375 0.6603070828125001 0.1320280875 0.6647956109375001 0.12765972812499998 0.6719137484375 0.09114566562500001 0.66955613125 0.08888839375
0 0.278849934375 0.21309755937500002 0.2812075484375 0.21535483125 0.610854021875 0.255830328125 0.6151045234375 0.2534005359375 0.62103253125 0.22657930624999997 0.617496109375 0.2231933984375 0.5967309765625 0.2206437609375 0.5943733609375 0.218386490625 0.376339471875 0.1916152953125 0.37398185625 0.1893580234375 0.36595690468750003 0.1903404765625 0.33480920625 0.18651601874999998 0.33245159062499996 0.1842587484375 0.324426640625 0.1852412 0.322069025 0.1829839296875 0.303899534375 0.180752996875 0.3010658671875 0.1823728578125 0.2987082515625 0.1801155875 0.21305208125 0.16959833124999998 0.210694465625 0.167341059375 0.2003118984375 0.166066240625 0.19747823125 0.167686103125 0.1925249734375 0.1651101265625 0.179546765625 0.163516603125 0.1767130984375 0.165136465625 0.1613772765625 0.16128567031250002 0.1453273734375 0.1632505765625 0.142969759375 0.1609933046875 0.1248002671875 0.158762371875 0.122442653125 0.1565051 0.11701334375000001 0.1578062578125 0.0990818796875 0.1536367578125 0.0974270203125 0.15638525625 0.09081890312499999 0.1565577765625 0.086330375 0.1609261375 0.08441484375 0.1872561390625 0.086772459375 0.18951341093750002 0.23731966875000002 0.20799828437499998 0.239677284375 0.2102555546875 0.247464209375 0.21121166875 0.2502978765625 0.2095918078125 0.2552511328125 0.212167784375 0.2580848015625 0.21054792187500002 0.278849934375 0.21309755937500002
0 0.1997679109375 0.23487219062500003 0.2021255265625 0.2371294609375 0.4876460953125 0.2721869796875 0.4900037109375 0.27444425 0.596425015625 0.28751114375000003 0.606104825 0.28378019375 0.6089611374999999 0.26051739218750003 0.605424715625 0.2571314859375 0.5041946937499999 0.24470200156250002 0.501837078125 0.24244473125 0.08417681875000001 0.18919470625 0.0799263171875 0.1916245 0.07801078593750001 0.2179545015625 0.0803684015625 0.22021177343749998 0.1348768734375 0.22690457187500002 0.1372344875 0.22916184374999998 0.142663796875 0.2278606859375 0.1815984203125 0.23264125781249997 0.1839560359375 0.234898528125 0.1943386015625 0.23617334687499997 0.1997679109375 0.23487219062500003
0 0.31133520625 0.29186236875 0.3321003390625 0.29441200625 0.33493400625 0.29279214531250003 0.34272093125 0.293748259375 0.345078546875 0.2960055296875 0.617620909375 0.32946952500000004 0.6218714109375 0.32703973125 0.6225854890625 0.32122403125 0.6254191546875 0.31960416875000003 0.6280374421875 0.2982799359375 0.6195477609375 0.292318053125 0.41449208125 0.26714038125 0.412134465625 0.26488310937500004 0.40410951562499997 0.26586556250000004 0.39915625781249997 0.2632895859375 0.3833443828125 0.263315925 0.3809867671875 0.261058653125 0.251204690625 0.2451234171875 0.24884707499999997 0.24286614687500002 0.080130375 0.222150340625 0.0760952546875 0.24428450468750001 0.0732615875 0.2459043671875 0.0739643421875 0.2509101359375 0.0746670984375 0.25591590468750003 0.078203521875 0.2593018125 0.14828584375 0.2679068390625 0.1506434578125 0.27016411093750003 0.15607276718750002 0.268862953125 0.1584303828125 0.271120225 0.30897759062499996 0.2896050984375 0.31133520625 0.29186236875
0 0.6576550812499999 0.411129015625 0.6649772765625 0.40514079374999995 0.6666434578125 0.39157082656250003 0.6694771265624999 0.38995096406249996 0.674951725 0.34536393125 0.663866403125 0.3390833421875 0.6145492140625 0.333027953125 0.6121916 0.33077068125000003 0.40713591875 0.305593009375 0.40477830312499996 0.3033357390625 0.39934899375 0.3046368953125 0.3943957359375 0.3020609203125 0.3682012953125 0.3008124390625 0.3658436796875 0.29855516875 0.0753698546875 0.26092167499999996 0.07111935312499999 0.2633514671875 0.06444330000000001 0.32845280468750004 0.066800915625 0.330710075 0.15764836875 0.341864740625 0.160005984375 0.3441220109375 0.292383703125 0.3603759515625 0.2947413171875 0.3626332234375 0.44009724375000003 0.3804806859375 0.44245486093749997 0.3827379578125 0.6576550812499999 0.411129015625
0 0.33196446874999996 0.4242696375 0.334322084375 0.426526909375 0.41997825468750005 0.43704416406249996 0.42233587031250003 0.4393014359375 0.4563172375 0.44150602968749997 0.4586748515625 0.4437633015625 0.596005828125 0.4625932171875 0.606853121875 0.47081237187499997 0.5981140953125 0.47761052499999995 0.600471709375 0.479867796875 0.5961872390625 0.514761996875 0.5999616890625 0.5162093375000001 0.6053909984375 0.5149081796874999 0.6353825343749999 0.4959610625 0.6585279265625 0.47912503281249996 0.6590039796875 0.4752479 0.6677430078125 0.468449746875 0.671052728125 0.4629527515625 0.67581325 0.4241814171875 0.6701572359375 0.41659967187499997 0.6626083375 0.41370499218749995 0.62626935625 0.409243125 0.623911740625 0.40698585468750004 0.45000375937500003 0.3856326390625 0.44764614218750004 0.3833753671875 0.3126727828125 0.3668027234375 0.3103151671875 0.3645454515625 0.3074815 0.36616531406249997 0.3051238859375 0.3639080421875 0.2116807890625 0.352434671875 0.2093231734375 0.3501774015625 0.06656288906249999 0.3326486421875 0.0620743625 0.3370170015625 0.0577785703125 0.38273267187500004 0.06768508437500001 0.3878846234375 0.14555433125 0.397445765625 0.14791194531250001 0.3997030359375 0.2076117015625 0.4070332453125 0.20996931718749998 0.40929051562499996 0.3215819015625 0.42299481875 0.3239395171875 0.425252090625 0.33196446874999996 0.4242696375
0 0.5140674921875 0.5076306484375 0.5246880859374999 0.5069669015625 0.5270457000000001 0.509224171875 0.576362890625 0.5152795625000001 0.5839117890625001 0.5181742421875 0.5909959578125 0.5141245875 0.594804375 0.4831075203125 0.5976380421874999 0.4814876578125 0.5957564796875 0.47535325312500004 0.5990661984375001 0.4698562578125 0.5957678015625001 0.464531784375 0.5464506124999999 0.4584763953125 0.544092996875 0.4562191234375 0.432480409375 0.44251482031249995 0.43012279531250003 0.44025755 0.328892775 0.427828065625 0.326535159375 0.4255707953125 0.13988699531249998 0.4006854890625 0.1375293796875 0.3984282171875 0.1346957109375 0.4000480796875 0.12431314687499999 0.3987732609375 0.12195552968750001 0.39651598906249996 0.08561655 0.3920541234375 0.08278288125 0.39367398593749997 0.08042526562499999 0.3914167140625 0.05966013437499999 0.3888670765625 0.0554096328125 0.3912968703125 0.0546955546875 0.39711257031249997 0.0518618859375 0.39873243125 0.048756225 0.43475526875000003 0.049697006249999995 0.43782247031250004 0.0581866875 0.44378435312500003 0.330491021875 0.47918691406249997 0.33284863750000004 0.4814441859375 0.40812224218750004 0.490686621875 0.4104798578125 0.49294389375 0.511709878125 0.505373378125 0.5140674921875 0.5076306484375
0 0.568575965625 0.5143234484375 0.45696337812500004 0.5006191453125 0.45460576250000007 0.4983618734375 0.0475660953125 0.4444481015625 0.042567548437500005 0.485158003125 0.2370026375 0.510999421875 0.239360253125 0.51325669375 0.45739414062500006 0.5400278890625 0.45975175625000003 0.542285159375 0.5687687015625 0.5556707578125 0.5734952546875001 0.54936383125 0.577303671875 0.5183467640625 0.568575965625 0.5143234484375
0 0.623979928125 0.567369325 0.6204435046875 0.56398341875 0.53219169375 0.553147459375 0.529834078125 0.5508901875000001 0.042329521875 0.48709656875 0.038283078124999995 0.520052203125 0.04064069375 0.5223094749999999 0.3313525453125 0.5580044015625 0.3337101609375 0.5602616734375 0.6138014203125 0.5966203484375 0.618051921875 0.5941905546874999 0.618766 0.5883748546875001 0.6215996671874999 0.5867549921874999 0.623979928125 0.567369325
0 0.6116478640625 0.6248889171875 0.6147422015624999 0.59968755 0.6060144968750001 0.5956642343749999 0.1338457625 0.5357214109374999 0.131488146875 0.5334641390625 0.12086755468749999 0.5341278875000001 0.1185099390625 0.531870615625 0.038045053125 0.5219907703125 0.032117046875 0.5488119984375001 0.033057828125 0.5518792015625 0.0391898921875 0.5555838125 0.3947927828125 0.5992463578125 0.3971503984375 0.6015036296875 0.5554845328125 0.620944615625 0.5578421484375 0.6232018874999999 0.6045636937500001 0.628938571875 0.6116478640625 0.6248889171875
0 0.0643416484375 0.6511583140625 0.066699265625 0.6534155859374999 0.0695329328125 0.6517957234375 0.0730693546875 0.6551816296874999 0.06905688125000001 0.65567285625 0.0674020203125 0.6584213546875 0.07612972500000001 0.6624446703125 0.11506434843749999 0.6672252421875 0.11742196406250001 0.6694825125 0.1485696625 0.67330696875 0.15140333125 0.6716871078125 0.2552289921875 0.6844352953125 0.2601822484375 0.687011271875 0.263015915625 0.685391409375 0.270802840625 0.6863475234374999 0.27316045624999996 0.6886047953125 0.4885987046875 0.7150572859375 0.49095632031249997 0.7173145578125 0.524699659375 0.72145771875 0.5282360828125 0.724843625 0.52490371875 0.7519835593749999 0.5220700515625001 0.7536034218750001 0.5234755625 0.763614959375 0.5270119859375 0.7670008671875 0.53999019375 0.768594390625 0.561707428125 0.7633897609375 0.57020843125 0.758530175 0.57823338125 0.757547721875 0.5867343859374999 0.7526881375000001 0.597593003125 0.7500858218750001 0.5992478625000001 0.7473373249999999 0.6032603390625 0.7468460984374999 0.63041820625 0.7295188421875001 0.631132284375 0.7237031421875 0.6339659531249999 0.7220832796875001 0.638250421875 0.6871890796875 0.6410840890625 0.6855692171875 0.6389644999999999 0.6813733796875 0.64203619375 0.6778149515624999 0.6463206625 0.64292075 0.6404266234375 0.637277571875 0.6066832843750001 0.6331344109375 0.6043256687499999 0.6308771390625 0.2980399671875 0.593269984375 0.2956823515625 0.5910127125 0.292848684375 0.592632575 0.19161866562500002 0.580203090625 0.18926105 0.5779458187500001 0.1812360984375 0.578928271875 0.1762828421875 0.5763522953125 0.0358801734375 0.5610808078125 0.03279715625 0.57546070625 0.029963489062499998 0.57708056875 0.02045376875 0.6438017671875 0.0209184984375 0.650746103125 0.024454921875 0.6541320109375001 0.0348374875 0.6554068296875 0.037195103125000004 0.6576641000000001 0.0553645953125 0.6598950328125001 0.0596150953125 0.657465240625 0.0577335328125 0.6513308359375001 0.0643416484375 0.6511583140625
0 0.45573953281249996 0.7680886734375 0.5128436468750001 0.7751001765625001 0.5170941484375 0.772670384375 0.5178082265625 0.7668546843749999 0.5206418953124999 0.765234821875 0.5251643890625 0.7284020546875001 0.5218659921875 0.72307758125 0.5088877843749999 0.7214840578125 0.50653016875 0.7192267859375 0.4881226515625 0.71893441875 0.48576503750000005 0.7166771484375001 0.259944221875 0.6889498390625 0.257586609375 0.6866925671875 0.24979968281249998 0.685736453125 0.2469660140625 0.687356315625 0.24201275781249998 0.6847803390625 0.22903455 0.6831868156249999 0.226200884375 0.684806678125 0.22384326875 0.6825494062499999 0.1485696625 0.67330696875 0.1457359953125 0.67492683125 0.10939701406249999 0.670464965625 0.10703939843750002 0.66820769375 0.10161008906249999 0.6695088515625 0.094061190625 0.6666141703124999 0.081082984375 0.6650206468750001 0.0782493171875 0.666640509375 0.07589169999999999 0.6643832375 0.021383228125 0.6576904390625 0.0171327265625 0.66012023125 0.011669450000000001 0.693885796875 0.011182075 0.7085844 0.0147184984375 0.71197030625 0.07960953750000001 0.719937925 0.082443203125 0.7183180625000001 0.2874988859375 0.7434957343749999 0.2898565 0.7457530046875 0.4533819171875 0.7658314015625 0.45573953281249996 0.7680886734375
0 0.017314140625 0.7122890109375 0.010467996875 0.7144001 0.0078610328125 0.7249028640625 0.009742596874999999 0.73103726875 0.0512728609375 0.73613654375 0.053630475 0.7383938156250001 0.5102253609375 0.7964244109374999 0.5147138874999999 0.7920560515624999 0.5161420437500001 0.7804246499999999 0.5128436468750001 0.7751001765625001 0.017314140625 0.7122890109375
0 0.5840334281249999 1 0.5867346375 0.9780004234374999 0.5895683046875 0.9763805609375 0.5955189562500001 0.92791639375 0.5901009703125 0.91839608125 0.470701459375 0.903735665625 0.46834384375000004 0.90147839375 0.46055691875000004 0.9005222796875 0.4577232515625 0.9021421421875001 0.43695811874999996 0.8995925046875 0.434600503125 0.8973352328124999 0 0.8439730015625001 0 0.9423626328125 0.46941869062499997 1 0.5840334281249999 1
0 0 0.83718275625 0.0018424453125000001 0.8382958468749999 0.06413784375 0.8459447593749999 0.066971509375 0.8443248984375 0.074758434375 0.8452810124999999 0.0771160515625 0.8475382828125 0.085141 0.8465558312500001 0.0955235671875 0.84783065 0.0978811828125 0.8500879203125 0.3989756 0.8870576671875 0.4013332171875 0.8893149390625 0.4041668828125 0.8876950765625 0.41714509062499994 0.8892886000000001 0.41950270625 0.8915458718749999 0.4402678390625 0.894095509375 0.4426254546875 0.8963527796875 0.44545912187500003 0.8947329187499999 0.5700499156250001 0.9100307437499999 0.57240753125 0.912288015625 0.5827900968749999 0.913562834375 0.589874265625 0.9095131796875 0.5908263703125 0.9017589125000001 0.5936600375000001 0.9001390499999999 0.6060147484375 0.8209765203125 0.6005967609375 0.811456209375 0.5149405921875 0.800938953125 0.5125829765625001 0.7986816812499999 0.3023360109375 0.7728666 0.29950234375 0.7744864625 0.2945490859375 0.7719104859375 0.28157087812500003 0.7703169625 0.27873721093750004 0.7719368249999999 0.2763795953125 0.769679553125 0.19851035 0.7601184125 0.1956766828125 0.761738275 0.19072342656250002 0.7591622984375 0.17774521875 0.757568775 0.17491155 0.7591886375 0.16995829375 0.7566126609375 0.15698008593749999 0.7550191374999999 0.1541464171875 0.7566389984375 0.14116820937500002 0.755045475 0.1388105953125 0.7527882046875 0.1359769265625 0.7544080656250001 0.128428028125 0.7515133859375001 0.11544982031249999 0.7499198625 0.112616153125 0.7515397234375001 0.10766289531249999 0.7489637484375 0.0946846875 0.7473702234374999 0.0918510203125 0.7489900859375 0.08689776406250001 0.7464141093750001 0.0840640953125 0.748033971875 0.0765151984375 0.7451392921875 0.07108588906249999 0.7464404484375 0.06613263124999999 0.743864471875 0.027198009375 0.7390839015624999 0.0243643421875 0.7407037640625 0.011386134374999999 0.739110240625 0.007135632812499999 0.7415400328125 0.0016610328125 0.7861270671875 0 0.7870765953125 0 0.83718275625