0 0.199838825 0.0669611359375 0.229798521875 0.067484084375 0.23255621718750003 0.0655787984375 0.23796934687500002 0.06762670625 0.2488637828125 0.0678168703125 0.251621478125 0.06591158281250001 0.29792282812500004 0.0667197765625 0.30068052343749996 0.06481448906250001 0.3388110484375 0.0654800609375 0.34156874375 0.0635747734375 0.445099965625 0.0634284953125 0.4478576625 0.0615232078125 0.49143540156250004 0.062283860937500005 0.49419309843750003 0.060378573437500006 0.4968826203125 0.062378942187499994 0.49964031562500005 0.060473656249999994 0.5568361015625001 0.06147201249999999 0.559593796875 0.059566725 0.592277103125 0.0601372140625 0.5950347984375 0.058231928125 0.652230584375 0.059230284375 0.6549882796875 0.057324996875 0.6985660203124999 0.058085648437500005 0.701323715625 0.056180362500000004 0.8402618531250001 0.0566521140625 0.8430195484375 0.054746828125 0.8729792453125 0.0552697765625 0.8798734843749999 0.050506559375 0.8827675265625 0.0407899625 0.8911428750000001 0.02921561875 0.891517828125 0.0077345156250000005 0.645048271875 0.0024556624999999997 0.6422905765625 0.004360950000000001 0.6286725328125 0.0041232453125 0.6259830109375 0.002122878125 0.6232253156249999 0.0040281640625 0.60143644375 0.0036478375 0.5986787484375 0.005553125 0.5087655718749999 0.0059371078125 0.506007875 0.00784239375 0.44336487187499996 0.00674895625 0.4406071765625 0.0086542421875 0.40247665312500003 0.007988671875 0.3997189578125 0.009893959375 0.2880169078125 0.009897615625 0.2852592125 0.011802901562499999 0.187175209375 0.012044260937499999 0.1844175140625 0.0139495484375 0.12449811875000001 0.012903651562499998 0.1217404234375 0.0148089375 0.0590974203125 0.0137155 0.05633972499999999 0.0156207875 0.0291036359375 0.015145379687499998 0.0249670921875 0.018003309375000002 0.0221753109375 0.0218614234375 0.0231451171875 0.0443427109375 0.0268726203125 0.0649187109375 0.030872817187500002 0.06987209062500001 0.079897775 0.070727825 0.0826554703125 0.0688225375 0.1534693015625 0.0700585984375 0.156226996875 0.0681533109375 0.1970811296875 0.0688664234375 0.199838825 0.0669611359375
0 0.22601822500000002 0.127974196875 0.264148746875 0.12863976875 0.2669064421875 0.12673448125 0.3758848828125 0.126683284375 0.378642578125 0.1247779984375 0.41949671093749996 0.12549110937500002 0.42225440625 0.123585821875 0.4957918453125 0.1248694234375 0.498549540625 0.1229641359375 0.5639161515625 0.124105115625 0.566673846875 0.122199828125 0.6429348953125 0.1235309703125 0.6456925906250001 0.1216256828125 0.7165064203125 0.12286174375 0.7192641156249999 0.12095645625 0.825518946875 0.12085771875 0.832174578125 0.1297642953125 0.8318677984375 0.14733974218749998 0.8345573203125 0.1493401109375 0.837042321875 0.16305744375 0.8410766046875 0.166057996875 0.8519710406250001 0.16624815937499998 0.8588311921875 0.1634377703125 0.864551103125 0.14791023125 0.8729264499999999 0.1363358890625 0.873028709375 0.13047740624999998 0.8785781890625 0.1247140046875 0.8815404046875001 0.111091753125 0.8842981 0.109186465625 0.8851843546874999 0.05841295 0.8757028546875001 0.055317317187500006 0.872945159375 0.05722260312500001 0.8157493734375001 0.056224246874999995 0.812991678125 0.058129534375 0.750348675 0.057036096875 0.7475909796875 0.0589413828125 0.6931188015624999 0.057990567187499995 0.6903611062499999 0.05989585468750001 0.63588893125 0.0589450390625 0.6331312359375 0.0608503265625 0.5786590578124999 0.0598995109375 0.5759013625 0.061804796875 0.5296000125 0.0609966046875 0.5268423171875 0.062901890625 0.4069694421875 0.062762925 0.404211746875 0.0646682109375 0.3606340046875 0.063907559375 0.35787630937500003 0.0658128453125 0.3061277421875 0.064909571875 0.3033700453125 0.06681485781249999 0.25979230625 0.06605420625 0.257034609375 0.0679594921875 0.21073326093750003 0.0671513 0.2079755640625 0.0690565859375 0.20528604218750002 0.0670562171875 0.20252834687500001 0.0689615046875 0.156226996875 0.0681533109375 0.1534693015625 0.0700585984375 0.0526616875 0.0702524171875 0.0499039921875 0.0721577046875 0.0308387296875 0.07182491875 0.0267021859375 0.0746828484375 0.027297040625 0.11864523906249999 0.028505453125000003 0.1274567328125 0.032539735937499994 0.1304572859375 0.0951827390625 0.13155072343750002 0.097940434375 0.1296454359375 0.144241784375 0.13045362968750002 0.1469994796875 0.1285483421875 0.22326052812500002 0.12987948437500002 0.22601822500000002 0.127974196875
0 0.125616321875 0.26100782968749997 0.1283740171875 0.2591025421875 0.19101701875 0.2601959796875 0.19377471562499998 0.25829069375 0.34905450625 0.25904768906250003 0.3518122015625 0.257142403125 0.39538994375000003 0.25790305468749997 0.3981476390625 0.25599776875 0.4008371609375 0.2579981375 0.40359485624999997 0.25609285000000004 0.471685075 0.25728136875 0.474442771875 0.2553760828125 0.5725267765625001 0.255134721875 0.575284471875 0.25322943593749997 0.62975665 0.2541802515625 0.6325143453125001 0.2522749640625 0.815030221875 0.25350736875 0.8273716796875 0.24883923281250003 0.8443268937499999 0.2139735828125 0.8448041078124999 0.18663399687499999 0.8408039109375001 0.1816806171875 0.8217727359375001 0.179395003125 0.819015040625 0.181300290625 0.7482012109375 0.18006423124999998 0.745443515625 0.1819695171875 0.6855241203125 0.1809236203125 0.682766425 0.1828289078125 0.6173998140625 0.181687928125 0.6146421171875 0.183593215625 0.5656171578125 0.18273748125 0.5628594625 0.18464276875000002 0.453915109375 0.1827411375 0.4511574140625 0.184646425 0.40213245625000005 0.183790690625 0.3993747609375 0.185695978125 0.3912380203125 0.183600528125 0.388480325 0.1855058140625 0.225029709375 0.1846061953125 0.2222720125 0.18651148281250002 0.151458184375 0.18527542187499998 0.1487004890625 0.187180709375 0.14328735625 0.18513280000000001 0.1405296609375 0.1870380875 0.026104004687499998 0.1869942015625 0.019175678125 0.193710246875 0.020043225 0.22205001562499999 0.024009334375 0.2289562234375 0.0238729875 0.23676753437500003 0.026562509374999998 0.2387679015625 0.026255728125 0.25634334999999997 0.038426753125000004 0.26143935156250003 0.09562253750000001 0.26243770781250003 0.098380234375 0.260532421875 0.125616321875 0.26100782968749997
0 0.18686509843750002 0.185893453125 0.18962279375 0.183988165625 0.3476261921875 0.184792703125 0.3503838890625 0.182887415625 0.41030328125000004 0.1839333125 0.413060978125 0.1820280265625 0.41847410937499996 0.1840759359375 0.4375393703125 0.1844087203125 0.440297065625 0.182503434375 0.44843380625 0.184598884375 0.4511915015625 0.182693596875 0.49476924375 0.18345424999999999 0.4975269390625 0.18154896250000002 0.5983004640625 0.18330797031249998 0.6010581609375001 0.181402684375 0.6582539453125 0.182401040625 0.6610116406250001 0.180495753125 0.6637011640625 0.182496121875 0.6664588593749999 0.180590834375 0.7100366015625 0.18135148750000002 0.7127942968750001 0.1794462 0.8244963453124999 0.17944254531249998 0.8286328890625001 0.17658461406249998 0.82948505625 0.1277639265625 0.8254848593749999 0.122810546875 0.81734811875 0.120715096875 0.8145904249999999 0.12262038281250001 0.7573946406250001 0.12162202656250001 0.75463694375 0.12352731406249999 0.7001647671875 0.1225764984375 0.6974070718750001 0.12448178593749999 0.69471755 0.12248141718750001 0.691959853125 0.124386703125 0.6238696328125 0.123198184375 0.6211119375 0.12510347187499998 0.553021715625 0.12391495156250001 0.5502640203125 0.1258202390625 0.5039626703125 0.12501204531250001 0.501204975 0.1269173328125 0.3622668390625 0.12644558125 0.35950914375 0.1283508671875 0.3077605765625 0.1274475921875 0.30500288124999997 0.1293528796875 0.25053070312500003 0.12840206406250002 0.2477730078125 0.1303073515625 0.196024440625 0.1294040765625 0.19326674375 0.1313093625 0.14151817656250001 0.1304060890625 0.13876048125 0.132311375 0.03795286875 0.13250519375 0.025611410937500002 0.1371733296875 0.026138090625 0.185041375 0.0996755296875 0.186324975 0.102433225 0.1844196890625 0.10784635625000001 0.1864675984375 0.1106040515625 0.1845623109375 0.126945703125 0.18484755625 0.1323588359375 0.1868954640625 0.13511653125 0.18499017812500002 0.18686509843750002 0.185893453125
0 0.2460312546875 0.3861752984375 0.360422825 0.3881720109375 0.363180521875 0.3862667234375 0.371351346875 0.38640934531250004 0.37404086875 0.3884097140625 0.3767985640625 0.38650442812499997 0.4802957 0.3883109765625 0.4830533953125 0.386405690625 0.5130130937499999 0.3869286390625 0.515702615625 0.38892900625000004 0.5184603125 0.3870237203125 0.6710164921875 0.38773317500000004 0.6737741875000001 0.3858278890625 0.6982866671875 0.38625575625 0.7010443625 0.38435046875 0.7745818015625 0.38563407031249997 0.777339496875 0.3837287828125 0.8154700203124999 0.384394353125 0.81964065 0.3795835953125 0.8200837765625 0.35419683750000003 0.8173942546875 0.3521964703125 0.8201860375000001 0.34833835625 0.8217540265625001 0.2585082890625 0.8177197453125 0.2555077375 0.6324802578125001 0.25422779218749997 0.6297225625 0.256133078125 0.561632340625 0.254944559375 0.5588746453125 0.256849846875 0.45806703281249994 0.25704366562500003 0.45530933593749995 0.2589489515625 0.40356076874999997 0.258045678125 0.4008030734375 0.2599509640625 0.34905450625 0.25904768906250003 0.34629680937499996 0.2609529765625 0.28365380625 0.2598595390625 0.2808961109375 0.261764825 0.15557601875 0.261530778125 0.1528183234375 0.26343606406250003 0.098346146875 0.2624852484375 0.09558845 0.2643905359375 0.032945446875 0.2632970984375 0.0260852953125 0.2661074875 0.0259148609375 0.275871625 0.023157165625 0.2777769125 0.0258126015625 0.28173010781249996 0.0248581734375 0.336409278125 0.027547696875 0.338409646875 0.02193004375 0.348078703125 0.0227635046875 0.3783713 0.0253166796875 0.388182978125 0.0934069 0.38937149843749996 0.096164596875 0.3874662109375 0.22693190625 0.387795340625 0.22968960156249998 0.385890053125 0.23786042968749999 0.3860326765625 0.24054994999999998 0.38803304375000003 0.2460312546875 0.3861752984375
0 0.2006128296875 0.49086733281250006 0.44846123281250005 0.49519354218749995 0.45121892812500003 0.49328825624999995 0.45663206093750003 0.49533616406250003 0.46483697343749997 0.493525959375 0.5002438890625001 0.4941439890625 0.5029334109375 0.49614435781250005 0.50569110625 0.4942390703125 0.51930915 0.494476775 0.521998671875 0.49647714374999996 0.535616715625 0.49671484687499995 0.5383744109374999 0.49480956093749995 0.6881728984375 0.497424303125 0.69093059375 0.49551901562499995 0.7426791609375 0.496422290625 0.7493347921875 0.505328865625 0.7487894046875 0.53657410625 0.746031709375 0.53847939375 0.74872123125 0.5404797625 0.7459294484375001 0.5443378765625 0.748550796875 0.5502439 0.74303540625 0.5540544734374999 0.745724928125 0.556054840625 0.742933146875 0.55991295625 0.7455544953125 0.565818978125 0.737213234375 0.5754404937500001 0.7341487578125 0.594921228125 0.72859928125 0.6006846296874999 0.731288803125 0.6026849984375 0.73111836875 0.6124491359374999 0.7283606734375 0.614354421875 0.728190240625 0.6241185609375 0.7308797625000001 0.626118928125 0.7281220671875 0.628024215625 0.7279857203125 0.635835525 0.7374331328125 0.6408839875 0.7553240671875 0.63045245 0.75811585 0.6265943359375 0.758286284375 0.6168301984375 0.765248696875 0.6081613265625 0.7679723046875 0.6082088671875 0.7841094375 0.6202110765625 0.7977274828125 0.62044878125 0.807413503125 0.61182745 0.8381571953125 0.567435365625 0.8410512375 0.55771876875 0.8465666281249999 0.5539081953125 0.8578701046875 0.5306644281249999 0.8690372343749999 0.5152319703125 0.8828597984375 0.5037527093749999 0.8830302328125 0.493988571875 0.891439665625 0.4804614015625 0.8915760125000001 0.472650090625 0.9000536203125 0.455217265625 0.9002922265625 0.441547471875 0.897602703125 0.43954710468749997 0.8985230453125 0.3868207609375 0.8863179359375 0.3836775859375 0.864529065625 0.38329725937500003 0.8617713703125001 0.385202546875 0.7745818015625 0.38563407031249997 0.77182410625 0.38753935625 0.701010275 0.386303296875 0.68460045 0.38992370625 0.6137866203125 0.388687646875 0.6110289234375 0.390592934375 0.6083394015625 0.388592565625 0.6028580984375 0.3904503109375 0.5974449671875 0.3884024015625 0.5946872703125 0.3903076890625 0.4694012640625 0.3881208140625 0.46664356875 0.3900261 0.3468047828125 0.38793430624999997 0.3440470859375 0.38983959375 0.3413575640625 0.387839225 0.33859986875 0.3897445125 0.322258215625 0.3894592671875 0.31684508437500003 0.38741135781249997 0.3140873875 0.3893166453125 0.2596152125 0.3883658296875 0.2568575171875 0.390271115625 0.17514925312500002 0.38884489375000003 0.17239155625 0.39075017968750003 0.0879596828125 0.38927641562500004 0.08520198749999999 0.391181703125 0.0797888546875 0.38913379375 0.0661708125 0.38889609062499997 0.063413115625 0.39080137656249997 0.0252825921875 0.39013580625 0.018354267187500002 0.39685185 0.018335559374999998 0.4759651359375 0.0195439734375 0.4847766296875 0.026267778125000002 0.48977755156249997 0.157001003125 0.4920595078125 0.15975869843749999 0.49015422031250006 0.1842711765625 0.4905820875 0.18696069843750002 0.49258245624999997 0.197855134375 0.49277261875 0.2006128296875 0.49086733281250006
0 0.1223593734375 0.5256397296875 0.1236359609375 0.53054556875 0.1318749609375 0.5267825359375 0.1345644828125 0.5287829046875 0.14004578750000002 0.526925159375 0.14542483281250002 0.5309258953125 0.1509402234375 0.527115321875 0.1645582671875 0.527353025 0.16724778906249999 0.52935339375 0.17272909375 0.5274956484375 0.1863471375 0.5277333515625 0.1890366609375 0.5297337203125 0.19179435625000002 0.5278284328125 0.208136009375 0.528113678125 0.21082553124999998 0.530114046875 0.2135832265625 0.528208759375 0.235372096875 0.5285890859375 0.2381297921875 0.5266837984375 0.2435429234375 0.5287317078125 0.31163314375 0.5299202265625 0.314390840625 0.528014940625 0.32800888437500003 0.5282526437499999 0.33069840625 0.5302530125 0.347040059375 0.5305382578125 0.34972958125 0.532538625 0.40964897499999997 0.533584521875 0.4124066703125 0.5316792359375 0.420577496875 0.5318218578125 0.4232670203125 0.5338222265625 0.4314378453125 0.5339648484375 0.43536986874999994 0.5428238828125 0.43940415312500003 0.5458244359375 0.453022196875 0.5460621390625 0.45571171875000005 0.5480625078125 0.4747769796875 0.54839529375 0.47753467499999996 0.54649000625 0.7008705984375 0.55038835 0.7036282953125 0.5484830625 0.7145227296875001 0.5486732265625001 0.72397014375 0.5537216875000001 0.72914466875 0.5694393890625 0.7331789515625 0.5724399421874999 0.73862616875 0.5725350234375 0.7427968 0.567724265625 0.74303540625 0.5540544734374999 0.7457931015625 0.5521491859375 0.7494370515625 0.499470384375 0.7399555515625 0.49637475000000003 0.6936542015625 0.49556655625 0.69089650625 0.49747184375 0.688206984375 0.495471475 0.6582472875 0.49494852656250005 0.655489590625 0.4968538140625 0.5737813265625 0.495427590625 0.57102363125 0.4973328765625 0.5601291953125 0.4971427140625 0.5574396734375 0.4951423453125 0.55195836875 0.4970000921875 0.2305725265625 0.49139028125 0.22781483125 0.4932955671875 0.2224017015625 0.49124765937500003 0.21964400624999997 0.4931529453125 0.17334265625 0.4923447515625 0.170584959375 0.4942500390625 0.1624141328125 0.4941074171875 0.15972461093749998 0.49210704843749997 0.15424330625 0.49396479375 0.110665565625 0.49320414218749997 0.10235839218750001 0.5008728296875 0.096911175 0.5007777484375 0.0942898265625 0.494871725 0.08611899843750001 0.49472910312499996 0.08474015 0.495681746875 0.0901532828125 0.4977296546875 0.0901191953125 0.4996824828125 0.084637890625 0.501540228125 0.085948565625 0.504493240625 0.0899487625 0.5094466203125 0.0897442421875 0.5211635859375 0.0990893953125 0.5320705296875 0.1059154609375 0.5312129671875 0.10743065468749999 0.5224490140625 0.11284378749999999 0.5244969234375 0.118325090625 0.522639178125 0.1223593734375 0.5256397296875
0 0.1840974125 0.6566199687500001 0.24946402656250002 0.6577609468750001 0.25222172187499997 0.6558556609374999 0.35571885625 0.657662209375 0.358476553125 0.6557569234375 0.5191694734375 0.6585618281250001 0.52192716875 0.6566565421874999 0.6663125234375 0.6572233749999999 0.6690702187500001 0.6553180875 0.68813548125 0.6556508734375 0.693616784375 0.6537931265625 0.6964085671875 0.6499350125000001 0.7155420015625 0.64636214375 0.7225044140625 0.637693271875 0.722606675 0.6318347890625 0.725364371875 0.6299295015624999 0.72655740625 0.5615805390624999 0.72393605625 0.555674515625 0.7172122515625 0.55067359375 0.59464985625 0.548534259375 0.5918921593750001 0.5504395468750001 0.34404375625 0.5461133359375 0.341286059375 0.5480186234375 0.21872366406250002 0.5458792890625 0.2159659671875 0.547784575 0.2105528375 0.545736665625 0.2077951421875 0.5476419531250001 0.0716147 0.5452649140625 0.0688570046875 0.5471702015625 0.0143848265625 0.5462193859375 0.012699199999999999 0.5647474765625 0.0099415046875 0.5666527640625 0.012596939062500001 0.570605959375 0.0098051578125 0.5744640734375001 0.0124605921875 0.5784172703125 0.0096688109375 0.582275384375 0.009362029687499999 0.59985083125 0.0120515515625 0.6018512 0.0092597703125 0.6057093140625 0.010434096875 0.6164736359375 0.0140593390625 0.64290811875 0.0206127109375 0.657673178125 0.0832557140625 0.658766615625 0.086013409375 0.656861328125 0.105044584375 0.659146940625 0.10780228124999999 0.6572416546875 0.1813397171875 0.6585252546875 0.1840974125 0.6566199687500001
0 0.7234896015625 0.737335015625 0.7237622953125 0.7217123953125 0.7210727718750001 0.719712028125 0.7212432046874999 0.709947890625 0.7185536828125 0.707947521875 0.7247508093749999 0.665080396875 0.7207165265625 0.6620798453125001 0.7125457 0.6619372234374999 0.709856178125 0.6599368546875 0.6254243046875 0.658463090625 0.622666609375 0.660368378125 0.3938493796875 0.6583277796875 0.39109168437499997 0.6602330671875001 0.28487094062499996 0.6583789765625 0.28211324531250004 0.6602842640625 0.1758925 0.6584301734375 0.1731348046875 0.6603354609375 0.1486564125 0.657954765625 0.1458987171875 0.659860053125 0.0205786234375 0.6596260046875 0.01640799375 0.6644367625 0.0165256328125 0.7357387375 0.2480664703125 0.7378268765625 0.250824165625 0.7359215890625 0.376110171875 0.7381084640625 0.3788678671875 0.736203178125 0.6430579234375 0.7408146328125 0.64581561875 0.7389093453125 0.7166294484375 0.74014540625 0.7234896015625 0.737335015625
0 0.148516734375 0.8220398187500001 0.15127443125 0.8201345328125 0.2902125671875 0.820606284375 0.2929702640625 0.8187009968750001 0.301107003125 0.820796446875 0.3038646984375 0.8188911609374999 0.3338243953125 0.819414109375 0.336582090625 0.817508821875 0.3392716140625 0.8195091906249999 0.35561326718749997 0.8197944359375 0.3583709625 0.8178891484375 0.36378409375 0.8199370578125 0.37740213749999996 0.8201747609375 0.3801598328125 0.8182694749999999 0.38557296406249997 0.8203173843749999 0.3991910078125 0.8205550875000001 0.4019487046875 0.8186498015625 0.415566746875 0.8188875046874999 0.4182562703125 0.8208878734375 0.421013965625 0.8189825859375001 0.6307318453125 0.822643225 0.6334895406250001 0.8207379390625 0.67710136875 0.8195457640624999 0.6798590640625 0.8176404765624999 0.6961666296875 0.8198785484375 0.7044397171875 0.8141626890625 0.71257645625 0.8162581390625 0.716815259375 0.8075417249999999 0.7179060359375 0.7450512453125 0.7138717515625 0.7420506921875 0.6593995765625 0.7410998765625 0.65664188125 0.7430051640625 0.6512628359375 0.7390044265625 0.6403684015625 0.7388142640625001 0.63761070625 0.74071955 0.574967703125 0.7396261125 0.57221000625 0.7415314000000001 0.561315571875 0.7413412375 0.55862605 0.73934086875 0.5531447453125 0.7411986140625 0.5395266999999999 0.7409609109375 0.536837178125 0.7389605421875001 0.531355875 0.7408182875 0.5177378312500001 0.740580584375 0.515048309375 0.738580215625 0.5068433953125 0.740390421875 0.5041538734375 0.7383900531250001 0.46602335000000006 0.7377244828125 0.463265653125 0.73962976875 0.46057613125 0.7376294 0.455094828125 0.739487146875 0.4469580875 0.737391696875 0.4442003921875 0.739296984375 0.43058234687499997 0.7390592796875 0.4251692171875 0.7370113703125 0.422411521875 0.7389166578124999 0.37066295312499997 0.7380133828125001 0.3679052578125 0.7399186703125 0.36249212656249996 0.7378707609374999 0.3570108234375 0.73972850625 0.1064388109375 0.73535475625 0.1036811140625 0.7372600421875 0.038314503124999996 0.7361190640624999 0.0355568078125 0.7380243515625 0.0164915453125 0.7376915656249999 0.012355003125 0.7405494953125 0.012643075 0.8020873328125001 0.0165069234375 0.8148520234375001 0.0232307296875 0.81985294375 0.107662603125 0.8213267078125 0.11042029843750001 0.819421421875 0.11310982031250001 0.8214217890625 0.13489869062499998 0.8218021156249999 0.1376563875 0.819896828125 0.148516734375 0.8220398187500001
0 0.6872799828125 0.8607453046875 0.690037678125 0.8588400171874999 0.70637933125 0.8591252624999999 0.710515875 0.8562673328124999 0.7108567421875 0.8367390578125 0.7081672203125 0.8347386890624999 0.7082694796875 0.82888020625 0.704235196875 0.8258796531250001 0.5054117515625001 0.8224091781249999 0.50265405625 0.8243144640625 0.385538878125 0.8222702109375 0.38278118125 0.8241754984374999 0.0695320796875 0.8206611374999999 0.066774384375 0.8225664234375 0.023196642187499998 0.821805771875 0.0190601 0.8246637015625 0.0199617328125 0.8510506437500001 0.0226512546875 0.8530510124999999 0.047163734375 0.8534788796875 0.04985325625 0.855479246875 0.0607476921875 0.8556694109375 0.0635053875 0.8537641234375 0.2950121375 0.8578050890625001 0.29776983281249997 0.8558998015625001 0.6872799828125 0.8607453046875
0 0.6867781046875 1 0.6875834328125 0.9994436 0.701201478125 0.9996813031249999 0.7080957171875 0.9949180875 0.7081979765625 0.9890596046875 0.7109556718750001 0.9871543171875 0.715485878125 0.8837020000000001 0.7182435734375 0.8817967124999999 0.7185162671875001 0.8661740921875 0.7117924609374999 0.8611731718750001 0.690003590625 0.8607928453125 0.6872458953125 0.8626981328125 0.4230558390625 0.8580866781250001 0.42029814375 0.8599919640625 0.4148850125 0.8579440546875 0.39306205625 0.85951655625 0.390372534375 0.8575161890624999 0.3876148390625 0.8594214750000001 0.079847040625 0.8540493687499999 0.0770893453125 0.8559546546875 0.014446342187499999 0.8548612171875 0.0089650375 0.8567189624999999 0.0047944078125 0.8615297203125 0.002290696875 0.9269256734375 0.0028173781249999997 0.9747937171875 0.0080941609375 0.9846529374999999 0.0175074875 0.9916542265625001 0.02298879375 0.9897964796875 0.047501271875 0.9902243468749999 0.05019079375 0.992224715625 0.0556721 0.9903669687500001 0.0610852296875 0.9924148781250001 0.0665665328125 0.9905571328124999 0.071979665625 0.9926050406250001 0.07746096875 0.9907472953124999 0.08287409999999999 0.9927952046874999 0.0883554046875 0.9909374578125 0.1183151015625 0.9914604062500001 0.1210046234375 0.993460775 0.13462266875 0.9936984796875 0.1373803640625 0.9917931921875001 0.1455511890625 0.9919358140625001 0.14824071249999998 0.9939361828125 0.1537220171875 0.9920784375 0.18912893125000002 0.9926964671875 0.191818453125 0.9946968343749999 0.1999892796875 0.9948394578125 0.202746975 0.9929341703125001 0.20543649687499999 0.9949345390625 0.22722536875000002 0.995314865625 0.22998306406250002 0.9934095781250001 0.28173163125 0.9943128531250001 0.284421153125 0.9963132218749999 0.31982806875 0.9969312515625001 0.3225857640625 0.9950259640624999 0.3252752859375 0.9970263328125 0.35795859218750004 0.997596821875 0.3607162875 0.9956915359374999 0.4996203375 0.9981161140625 0.5045999140624999 1 0.505270875 1 0.5077911640624999 0.9982587374999999 0.510132315625 1 0.5398839640624999 1 0.5431980796875 0.9988767671875 0.5461670609375 1 0.549949578125 1 0.5513689046875 0.9990193890624999 0.607548065625 1 0.6393069828125 1 0.6412820828125 0.99863540625 0.6739653890625 0.9992058968749999 0.675033071875 1 0.6867781046875 1