0 0.076171875 0.9248060499999999 0.076171875 0.8539814328125 0.07421875 0.851257409375 0.07421875 0.8103970531250001 0.072265625 0.8076730296875001 0.072265625 0.77770876875 0.0703125 0.7749847453125 0.072265625 0.7695366984375 0.072265625 0.758640603125 0.0703125 0.7559165796875 0.0703125 0.7096081765625 0.068359375 0.7068841531250001 0.068359375 0.6687478203125 0.06640625 0.666023796875 0.064453125 0.562510896875 0.0625 0.559786871875 0.0625 0.51620249375 0.060546875 0.51347846875 0.0625 0.5107544453124999 0.060546875 0.508030421875 0.060546875 0.4508259234375 0.05859375 0.4481019 0.05859375 0.415413615625 0.056640625 0.41268959218749995 0.056640625 0.35548509375 0.0546875 0.35276107031250004 0.0546875 0.30917669062500003 0.052734375 0.30645266718749997 0.05078125 0.1675274578125 0.048828125 0.164803434375 0.048828125 0.13483917343750002 0.0439453125 0.1280291140625 0.0341796875 0.125305090625 0.0224609375 0.11713301875 0.0009765625 0.11713301875 0 0.363657165625 0.001953125 0.3663811890625 0.001953125 0.3800013078125 0 0.38272533124999997 0.001953125 0.3854493546875 0.001953125 0.4072415453125 0.00390625 0.40996556875 0.005859375 0.49985834999999995 0.0078125 0.502582375 0.0078125 0.5652349203125 0.009765625 0.56795894375 0.009765625 0.606095275 0.01171875 0.6088192984374999 0.013671875 0.720504271875 0.015625 0.7232282953125 0.017578125 0.8212931484375 0.01953125 0.824017171875 0.01953125 0.88394569375 0.021484375 0.8866697171875 0.021484375 0.9493222625 0.0234375 0.9520462859375 0.0234375 0.9792865234375 0.0263671875 0.983372559375 0.0302734375 0.9860965828125 0.052734375 0.984734571875 0.0732421875 0.9806485359374999 0.078125 0.9765625 0.078125 0.9275300734374999 0.076171875 0.9248060499999999
0 0.13671875 0.9084619078125 0.13671875 0.8621535046875 0.134765625 0.85942948125 0.134765625 0.7831568171875001 0.1328125 0.7804327921875001 0.1328125 0.7422964609375 0.130859375 0.7395724375 0.12890625 0.6306114890625001 0.126953125 0.627887465625 0.126953125 0.5870271093749999 0.125 0.5843030859375 0.125 0.5107544453124999 0.123046875 0.508030421875 0.123046875 0.44265385312500005 0.12109375 0.4399298296875 0.12109375 0.363657165625 0.119140625 0.3609331421875 0.119140625 0.290108525 0.1171875 0.2873845015625 0.115234375 0.1811475765625 0.1240234375 0.17433751718749999 0.1416015625 0.17433751718749999 0.1435546875 0.17161349374999998 0.1572265625 0.16888947031249998 0.16015625 0.164803434375 0.16015625 0.1539073390625 0.1572265625 0.1470972796875 0.1416015625 0.1416492328125 0.1298828125 0.1334771625 0.1240234375 0.1334771625 0.1181640625 0.1280291140625 0.1044921875 0.125305090625 0.1025390625 0.12258106718749999 0.0517578125 0.12258106718749999 0.048828125 0.13211515000000001 0.05078125 0.13483917343750002 0.05078125 0.192043671875 0.052734375 0.1947676953125 0.052734375 0.257420240625 0.0546875 0.2601442640625 0.0546875 0.3146247390625 0.056640625 0.3173487625 0.056640625 0.3718292359375 0.05859375 0.374553259375 0.05859375 0.42903373437500003 0.060546875 0.43175775781250003 0.060546875 0.4780661609375 0.0625 0.480790184375 0.064453125 0.6006472281249999 0.06640625 0.6033712515625 0.06640625 0.64695563125 0.068359375 0.6496796546875 0.068359375 0.7014361046875 0.0703125 0.7041601296875 0.0703125 0.7477445078125 0.072265625 0.7504685328125 0.072265625 0.796776934375 0.07421875 0.799500959375 0.072265625 0.8022249828125 0.07421875 0.80494900625 0.07421875 0.851257409375 0.076171875 0.8539814328125 0.078125 0.9547703109375 0.080078125 0.957494334375 0.080078125 0.9765625 0.0830078125 0.9806485359374999 0.126953125 0.9792865234375 0.1357421875 0.9779245124999999 0.138671875 0.9738384765625 0.138671875 0.91118593125 0.13671875 0.9084619078125
0 0.2646484375 0.9779245124999999 0.26953125 0.9656664046874999 0.26953125 0.9084619078125 0.267578125 0.9057378828125 0.267578125 0.8784976468749999 0.265625 0.8757736234375001 0.265625 0.8131210781249999 0.263671875 0.8103970531250001 0.26171875 0.6551277015625 0.259765625 0.652403678125 0.259765625 0.6088192984374999 0.2578125 0.606095275 0.259765625 0.6033712515625 0.2578125 0.6006472281249999 0.2578125 0.5325466359375 0.255859375 0.5298226109375 0.25390625 0.43175775781250003 0.251953125 0.42903373437500003 0.251953125 0.374553259375 0.25 0.3718292359375 0.248046875 0.1893196484375 0.2431640625 0.17706154062499999 0.2080078125 0.1607173984375 0.1806640625 0.1607173984375 0.17578125 0.164803434375 0.173828125 0.1838716 0.17578125 0.1865956234375 0.17578125 0.257420240625 0.177734375 0.2601442640625 0.177734375 0.3200727859375 0.1796875 0.322796809375 0.1796875 0.38817337812499997 0.181640625 0.390897403125 0.181640625 0.4399298296875 0.18359375 0.44265385312500005 0.18359375 0.5516148015625 0.185546875 0.554338825 0.185546875 0.6033712515625 0.1875 0.606095275 0.185546875 0.614267346875 0.1875 0.6169913703125001 0.189453125 0.7804327921875001 0.19140625 0.7831568171875001 0.19140625 0.8539814328125 0.193359375 0.8567054562499999 0.19140625 0.8621535046875 0.193359375 0.864877528125 0.1953125 0.9792865234375 0.2021484375 0.9860965828125 0.23046875 0.984734571875 0.2373046875 0.9806485359374999 0.2451171875 0.9806485359374999 0.2470703125 0.9779245124999999 0.2646484375 0.9779245124999999
0 0.19140625 0.8948417890625 0.19140625 0.8784976468749999 0.193359375 0.8730495984375001 0.19140625 0.8703255750000001 0.19140625 0.818569125 0.189453125 0.8158451015624999 0.1875 0.6578517265625 0.185546875 0.6551277015625 0.185546875 0.59519918125 0.18359375 0.59247515625 0.185546875 0.5870271093749999 0.185546875 0.56795894375 0.18359375 0.5652349203125 0.185546875 0.5570628484375 0.18359375 0.554338825 0.18359375 0.5107544453124999 0.181640625 0.508030421875 0.181640625 0.4072415453125 0.1796875 0.4045175203125 0.1796875 0.34731302343750003 0.177734375 0.344589 0.1796875 0.341864975 0.177734375 0.3391409515625 0.177734375 0.295556571875 0.17578125 0.2928325484375 0.173828125 0.1811475765625 0.1708984375 0.17706154062499999 0.1220703125 0.17706154062499999 0.1171875 0.1811475765625 0.115234375 0.1893196484375 0.1171875 0.192043671875 0.1171875 0.24924816875000003 0.119140625 0.25197219375 0.119140625 0.30645266718749997 0.12109375 0.30917669062500003 0.119140625 0.3119007140625 0.12109375 0.3146247390625 0.12109375 0.38272533124999997 0.123046875 0.3854493546875 0.123046875 0.4535499484375 0.125 0.45627397187499996 0.125 0.502582375 0.126953125 0.5053063984375 0.12890625 0.6442316078125 0.130859375 0.64695563125 0.130859375 0.69871208125 0.1328125 0.7014361046875 0.1328125 0.7559165796875 0.134765625 0.758640603125 0.134765625 0.8103970531250001 0.13671875 0.8131210781249999 0.13671875 0.864877528125 0.138671875 0.8676015515625 0.140625 0.968390428125 0.1455078125 0.9806485359374999 0.193359375 0.9792865234375 0.193359375 0.9057378828125 0.19140625 0.9030138593749999 0.193359375 0.8975658125000001 0.19140625 0.8948417890625
0 0.392578125 0.7749847453125 0.390625 0.7722607218750001 0.390625 0.7640886499999999 0.392578125 0.7613646265625 0.390625 0.7559165796875 0.390625 0.641507584375 0.388671875 0.638783559375 0.388671875 0.6306114890625001 0.390625 0.627887465625 0.388671875 0.6251634421875 0.388671875 0.5216505406249999 0.38671875 0.5189265171875 0.38671875 0.48896225624999995 0.388671875 0.4862382328125 0.38671875 0.4835142078125 0.384765625 0.33096888125 0.3828125 0.3282448578125 0.3828125 0.30372864375 0.380859375 0.30100462031249997 0.380859375 0.22745597968750003 0.37890625 0.22473195625 0.37890625 0.1865956234375 0.3740234375 0.1825095890625 0.3486328125 0.1825095890625 0.3466796875 0.18523361249999998 0.3427734375 0.1825095890625 0.2529296875 0.1825095890625 0.25 0.1865956234375 0.251953125 0.3718292359375 0.25390625 0.374553259375 0.25390625 0.44265385312500005 0.255859375 0.44537787656249994 0.2578125 0.546166753125 0.259765625 0.548890778125 0.259765625 0.6006472281249999 0.26171875 0.6033712515625 0.26171875 0.6551277015625 0.263671875 0.6578517265625 0.263671875 0.720504271875 0.265625 0.7232282953125 0.267578125 0.8485333859375 0.26953125 0.851257409375 0.26953125 0.9057378828125 0.271484375 0.9084619078125 0.271484375 0.971114453125 0.2744140625 0.9779245124999999 0.2841796875 0.9779245124999999 0.2861328125 0.9806485359374999 0.2900390625 0.9779245124999999 0.3447265625 0.9779245124999999 0.3466796875 0.9752004875000001 0.3564453125 0.9806485359374999 0.38671875 0.9792865234375 0.396484375 0.9765625 0.396484375 0.9084619078125 0.39453125 0.9057378828125 0.392578125 0.7749847453125
0 0.49609375 0.8403613140624999 0.49609375 0.8158451015624999 0.498046875 0.8131210781249999 0.498046875 0.8022249828125 0.49609375 0.799500959375 0.49609375 0.5516148015625 0.494140625 0.548890778125 0.49609375 0.5434427296875 0.494140625 0.535270659375 0.494140625 0.49985834999999995 0.49609375 0.4971343265625 0.494140625 0.494410303125 0.494140625 0.480790184375 0.49609375 0.4780661609375 0.49609375 0.4644460421875 0.494140625 0.46172201875 0.494140625 0.3119007140625 0.4921875 0.30917669062500003 0.4921875 0.257420240625 0.5009765625 0.25061018125 0.5322265625 0.25061018125 0.5341796875 0.2533342046875 0.5361328125 0.25061018125 0.5400390625 0.2533342046875 0.5458984375 0.25061018125 0.5498046875 0.256058228125 0.5517578125 0.2533342046875 0.5556640625 0.256058228125 0.5615234375 0.2533342046875 0.5712890625 0.2615062765625 0.5908203125 0.26423030000000003 0.5966796875 0.26967834687500003 0.5986328125 0.2669543234375 0.6083984375 0.2669543234375 0.6103515625 0.26967834687500003 0.6201171875 0.26967834687500003 0.6220703125 0.2669543234375 0.6240234375 0.26967834687500003 0.6318359375 0.26967834687500003 0.63671875 0.2601442640625 0.6259765625 0.2424381109375 0.6220703125 0.2397140859375 0.6123046875 0.2397140859375 0.603515625 0.23290402656250003 0.603515625 0.230180003125 0.615234375 0.2138358609375 0.615234375 0.2002157421875 0.6064453125 0.19068165937499998 0.5615234375 0.1607173984375 0.5517578125 0.157993375 0.5478515625 0.152545328125 0.5244140625 0.1416492328125 0.5087890625 0.1307531375 0.4970703125 0.11713301875 0.4873046875 0.11713301875 0.4736328125 0.1089609484375 0.4658203125 0.1089609484375 0.4482421875 0.10078887656249999 0.4345703125 0.10078887656249999 0.4326171875 0.1035129015625 0.3798828125 0.1035129015625 0.376953125 0.11577100781250001 0.376953125 0.13756319687500002 0.37890625 0.14028722031250002 0.380859375 0.22745597968750003 0.3828125 0.230180003125 0.3828125 0.30100462031249997 0.38671875 0.3173487625 0.38671875 0.38817337812499997 0.388671875 0.390897403125 0.38671875 0.3936214265625 0.388671875 0.3990694734375 0.38671875 0.4045175203125 0.388671875 0.4072415453125 0.388671875 0.5325466359375 0.390625 0.535270659375 0.390625 0.6551277015625 0.392578125 0.6578517265625 0.390625 0.66057575 0.392578125 0.6632997734375 0.392578125 0.679643915625 0.390625 0.6850919625 0.392578125 0.6878159875 0.392578125 0.7422964609375 0.39453125 0.745020484375 0.39453125 0.8267411953125 0.396484375 0.8294652203125 0.396484375 0.9139099546875 0.3984375 0.916633978125 0.396484375 0.9220820265624999 0.396484375 0.93570214375 0.3984375 0.9384261687500001 0.3984375 0.9765625 0.4052734375 0.983372559375 0.484375 0.982010546875 0.4931640625 0.9806485359374999 0.498046875 0.9738384765625 0.498046875 0.8430853375 0.49609375 0.8403613140624999
0 0.5380859375 0.8934797765625 0.529296875 0.892117765625 0.53125 0.8866697171875 0.529296875 0.8812216703125 0.5322265625 0.877135634375 0.537109375 0.8757736234375001 0.533203125 0.8676015515625 0.53515625 0.864877528125 0.533203125 0.85942948125 0.537109375 0.8539814328125 0.533203125 0.8485333859375 0.533203125 0.8349132671874999 0.53515625 0.83218924375 0.533203125 0.8267411953125 0.533203125 0.8131210781249999 0.53515625 0.8103970531250001 0.533203125 0.8076730296875001 0.533203125 0.7913288875 0.53515625 0.7886048640625 0.533203125 0.785880840625 0.533203125 0.7640886499999999 0.53125 0.7613646265625 0.533203125 0.7559165796875 0.533203125 0.6878159875 0.53125 0.6850919625 0.53125 0.67147184375 0.533203125 0.6687478203125 0.533203125 0.652403678125 0.53515625 0.6496796546875 0.53515625 0.5897511328125 0.533203125 0.5870271093749999 0.533203125 0.5788550390625 0.53515625 0.5761310140625 0.53515625 0.56795894375 0.5439453125 0.5638729078125 0.546875 0.559786871875 0.546875 0.546166753125 0.548828125 0.5434427296875 0.548828125 0.5243745640624999 0.546875 0.5216505406249999 0.546875 0.298280596875 0.544921875 0.295556571875 0.544921875 0.284660478125 0.5498046875 0.2751263953125 0.5654296875 0.26967834687500003 0.568359375 0.2655923109375 0.568359375 0.2601442640625 0.5634765625 0.256058228125 0.5498046875 0.256058228125 0.5478515625 0.2533342046875 0.4951171875 0.25061018125 0.4921875 0.2601442640625 0.4921875 0.30645266718749997 0.494140625 0.30917669062500003 0.4921875 0.3119007140625 0.4921875 0.341864975 0.494140625 0.344589 0.494140625 0.4263097109375 0.49609375 0.42903373437500003 0.49609375 0.4399298296875 0.494140625 0.44265385312500005 0.49609375 0.4481019 0.49609375 0.7695366984375 0.498046875 0.7722607218750001 0.49609375 0.77770876875 0.498046875 0.7804327921875001 0.498046875 0.8267411953125 0.5 0.8294652203125 0.5 0.8376372906249999 0.498046875 0.8403613140624999 0.5 0.8458093625 0.5 0.889393740625 0.5078125 0.8975658125000001 0.5078125 0.9030138593749999 0.501953125 0.9057378828125 0.501953125 0.9139099546875 0.5029296875 0.9152719671874999 0.5048828125 0.9098239187500001 0.5068359375 0.9098239187500001 0.5087890625 0.9152719671874999 0.51171875 0.9139099546875 0.5166015625 0.9098239187500001 0.5283203125 0.9098239187500001 0.5390625 0.9002898359374999 0.5380859375 0.8934797765625
0 0.6640625 0.91118593125 0.666015625 0.892117765625 0.6640625 0.889393740625 0.6640625 0.8158451015624999 0.662109375 0.8131210781249999 0.662109375 0.7477445078125 0.66015625 0.745020484375 0.66015625 0.641507584375 0.658203125 0.638783559375 0.658203125 0.4780661609375 0.65625 0.47534213750000004 0.654296875 0.33096888125 0.65234375 0.3282448578125 0.65234375 0.30917669062500003 0.650390625 0.30372864375 0.646484375 0.30100462031249997 0.642578125 0.2819364546875 0.6337890625 0.2751263953125 0.6279296875 0.2751263953125 0.6259765625 0.2724023703125 0.5576171875 0.2724023703125 0.5517578125 0.2751263953125 0.546875 0.2819364546875 0.546875 0.4045175203125 0.548828125 0.4072415453125 0.548828125 0.6551277015625 0.55078125 0.6578517265625 0.55078125 0.7804327921875001 0.552734375 0.7831568171875001 0.55078125 0.7886048640625 0.552734375 0.7913288875 0.552734375 0.9275300734374999 0.5546875 0.9302540968749999 0.5546875 0.984734571875 0.5732421875 0.9860965828125 0.5751953125 0.98882060625 0.5791015625 0.9860965828125 0.5830078125 0.98882060625 0.5869140625 0.9860965828125 0.5908203125 0.98882060625 0.6083984375 0.98882060625 0.6103515625 0.9860965828125 0.6142578125 0.98882060625 0.625 0.9874585953125001 0.6513671875 0.983372559375 0.666015625 0.9765625 0.666015625 0.9139099546875 0.6640625 0.91118593125
0 0.73828125 0.6169913703125001 0.73828125 0.35276107031250004 0.736328125 0.350037046875 0.736328125 0.2792124296875 0.7333984375 0.2724023703125 0.7177734375 0.2724023703125 0.7158203125 0.2751263953125 0.7060546875 0.2751263953125 0.7041015625 0.27785041875 0.6611328125 0.2724023703125 0.658203125 0.27648840625000004 0.658203125 0.284660478125 0.65625 0.2873845015625 0.65625 0.3718292359375 0.658203125 0.374553259375 0.66015625 0.6033712515625 0.662109375 0.606095275 0.662109375 0.7123322 0.6640625 0.7150562234375 0.6640625 0.8212931484375 0.666015625 0.824017171875 0.6640625 0.8485333859375 0.666015625 0.851257409375 0.66796875 0.9765625 0.6728515625 0.9806485359374999 0.744140625 0.9792865234375 0.7421875 0.7477445078125 0.740234375 0.745020484375 0.740234375 0.6197153937500001 0.73828125 0.6169913703125001
0 0.826171875 0.88394569375 0.828125 0.8812216703125 0.828125 0.85942948125 0.826171875 0.8567054562499999 0.828125 0.8458093625 0.826171875 0.8430853375 0.82421875 0.7041601296875 0.822265625 0.7014361046875 0.82421875 0.6932640343750001 0.822265625 0.6905400109375 0.822265625 0.66057575 0.8203125 0.6578517265625 0.822265625 0.6551277015625 0.822265625 0.638783559375 0.8203125 0.6360595359375 0.822265625 0.6306114890625001 0.822265625 0.6169913703125001 0.8203125 0.614267346875 0.822265625 0.6088192984374999 0.822265625 0.59519918125 0.8203125 0.59247515625 0.8203125 0.5788550390625 0.822265625 0.5761310140625 0.8203125 0.573406990625 0.8203125 0.363657165625 0.818359375 0.3609331421875 0.81640625 0.3173487625 0.814453125 0.3146247390625 0.81640625 0.298280596875 0.810546875 0.290108525 0.8125 0.2819364546875 0.8037109375 0.27785041875 0.7412109375 0.27785041875 0.73828125 0.2819364546875 0.73828125 0.336416928125 0.740234375 0.3391409515625 0.736328125 0.344589 0.736328125 0.35548509375 0.73828125 0.35820911718750004 0.73828125 0.4208616625 0.740234375 0.4235856875 0.740234375 0.43448178125 0.73828125 0.4372058046875 0.740234375 0.44265385312500005 0.740234375 0.45627397187499996 0.73828125 0.45899799531249996 0.740234375 0.4644460421875 0.740234375 0.4780661609375 0.73828125 0.480790184375 0.740234375 0.48896225624999995 0.73828125 0.4916862796875 0.73828125 0.5298226109375 0.740234375 0.5325466359375 0.73828125 0.535270659375 0.740234375 0.5407187062500001 0.73828125 0.548890778125 0.740234375 0.5516148015625 0.740234375 0.5652349203125 0.73828125 0.5706829671875 0.740234375 0.573406990625 0.740234375 0.6251634421875 0.7421875 0.627887465625 0.740234375 0.6333355125 0.7421875 0.638783559375 0.7421875 0.889393740625 0.744140625 0.892117765625 0.744140625 0.957494334375 0.74609375 0.9602183578125001 0.74609375 0.9792865234375 0.7490234375 0.983372559375 0.810546875 0.982010546875 0.8232421875 0.9779245124999999 0.828125 0.971114453125 0.828125 0.8866697171875 0.826171875 0.88394569375
0 0.86328125 0.9329781203125 0.861328125 0.9302540968749999 0.861328125 0.69871208125 0.859375 0.6959880578125001 0.857421875 0.30645266718749997 0.85546875 0.30372864375 0.85546875 0.2873845015625 0.8525390625 0.283298465625 0.8330078125 0.283298465625 0.8310546875 0.2860224890625 0.8251953125 0.2860224890625 0.822265625 0.290108525 0.822265625 0.48896225624999995 0.82421875 0.4916862796875 0.82421875 0.6088192984374999 0.826171875 0.6115433234375 0.828125 0.9248060499999999 0.830078125 0.9275300734374999 0.830078125 0.971114453125 0.8330078125 0.9752004875000001 0.859375 0.9738384765625 0.861328125 0.971114453125 0.861328125 0.9465982390625 0.86328125 0.943874215625 0.86328125 0.9329781203125
0 1 0.4535499484375 0.998046875 0.4481019 1 0.44265385312500005 0.998046875 0.4399298296875 0.998046875 0.35276107031250004 0.99609375 0.350037046875 0.99609375 0.3173487625 0.998046875 0.3146247390625 0.998046875 0.30645266718749997 0.99609375 0.30372864375 0.99609375 0.290108525 0.9912109375 0.283298465625 0.9853515625 0.283298465625 0.9833984375 0.2805744421875 0.8798828125 0.27785041875 0.8779296875 0.2751263953125 0.8623046875 0.2751263953125 0.857421875 0.2819364546875 0.857421875 0.30372864375 0.859375 0.30645266718749997 0.859375 0.5706829671875 0.861328125 0.573406990625 0.859375 0.5788550390625 0.861328125 0.6006472281249999 0.859375 0.6033712515625 0.861328125 0.606095275 0.861328125 0.9139099546875 0.86328125 0.916633978125 0.86328125 0.9792865234375 0.865234375 0.984734571875 0.8701171875 0.98882060625 0.935546875 0.9901826187499999 0.9833984375 0.98882060625 0.9931640625 0.983372559375 1 0.9738384765625 0.998046875 0.968390428125 0.998046875 0.943874215625 1 0.9411501921875001 0.998046875 0.93570214375 1 0.9302540968749999 0.998046875 0.9248060499999999 1 0.9193580015625 0.998046875 0.9139099546875 1 0.9084619078125 0.998046875 0.9030138593749999 0.998046875 0.8730495984375001 1 0.8703255750000001 1 0.8567054562499999 0.998046875 0.8539814328125 0.998046875 0.8458093625 1 0.8430853375 0.998046875 0.8376372906249999 0.998046875 0.8022249828125 1 0.799500959375 1 0.7913288875 0.998046875 0.7886048640625 1 0.785880840625 1 0.7640886499999999 0.998046875 0.7613646265625 0.998046875 0.7096081765625 1 0.7068841531250001 1 0.67147184375 0.998046875 0.6687478203125 1 0.666023796875 1 0.6333355125 0.998046875 0.6306114890625001 0.998046875 0.4916862796875 1 0.4862382328125 0.998046875 0.4835142078125 1 0.480790184375 1 0.4535499484375