0 0.14424941093750002 1 0.1417313453125 0.9820830328125 0.1394181171875 0.979657340625 0.129561234375 0.909521984375 0.12724800625 0.9070962937499999 0.12156134375000001 0.8666335875 0.119248115625 0.8642078968750001 0.115077896875 0.8345352453125001 0.11276466874999999 0.8321095546875 0.1139405640625 0.8264427046874999 0.11242412187499999 0.81565265 0.11011089375000001 0.8132269593749999 0.10366600937499999 0.7673692265625001 0.10135278125 0.764943534375 0.0960452296875 0.7271783421875 0.0937320015625 0.7247526515625 0.077391671875 0.6225189546875 0.07507844375 0.6200932625 0.069012671875 0.57693304375 0.0666994421875 0.5745073515625 0.06825445 0.5715380156250001 0.065941221875 0.5691123250000001 0.05797989375 0.5124645359375 0.055666665625 0.5100388453125 0.051117335937499994 0.47766868125000006 0.048804107812500004 0.475242990625 0.040842779687500004 0.4185952015625 0.0385295515625 0.4161695109375 0.0324637796875 0.3730092921875 0.0301505515625 0.3705836 0.00888178125 0.2332822234375 0.0065685531249999995 0.2308565328125 0.002398334375 0.20118388281250002 0 0.1986689484375 0 0.5032076796875 0.010648603125 0.5686308109375 0.012961832812499999 0.5710565046875 0.02168138125 0.63309931875 0.023994609375 0.635525009375 0.0293021609375 0.6732902015625 0.0316153890625 0.6757158921875 0.04909305 0.7860421328125 0.051406278125 0.7884678234375 0.06698838593749999 0.8853064937499999 0.0693016140625 0.887732184375 0.07764205156250001 0.9470774859375 0.0799552796875 0.9495031781250001 0.0870521453125 1 0.14424941093750002 1
0 0.20539131406250002 1 0.1994143171875 0.957471453125 0.19710108906249998 0.9550457625 0.1906562046875 0.9091880296875001 0.18834297656250001 0.9067623390625 0.17772787343750002 0.8312319546875001 0.1754146453125 0.8288062625 0.17010709375 0.791041071875 0.167793865625 0.78861538125 0.1506953140625 0.6809866546875 0.1483820859375 0.6785609640625 0.14269542500000001 0.6380982578125 0.140382196875 0.6356725671875 0.130146203125 0.562839696875 0.127832975 0.56041400625 0.118734315625 0.4956736765625 0.11642108749999999 0.4932479859375 0.105805984375 0.417717603125 0.10349275625000001 0.41529191093750006 0.09363587500000001 0.3451565546875 0.091322646875 0.34273086406250003 0.0746032078125 0.2377996515625 0.0823589578125 0.229832665625 0.09976601406249999 0.2273862640625 0.10132102031250001 0.224416928125 0.11448073125 0.21981665781249998 0.11681324062500001 0.215362653125 0.11529679687500001 0.20457259687499998 0.11144784375000001 0.198236546875 0.095216684375 0.1950161 0.08247464843749999 0.18855449375 0.0766722953125 0.1893699609375 0.070111721875 0.1847904 0.056193790625 0.18399564375 0.05388056249999999 0.181569953125 0.0035935109375000002 0.1886373375 0.0020192234375 0.19848636875 0.0043324515625 0.200912059375 0.012293778125 0.2575598484375 0.014607006249999999 0.2599855390625 0.023326556249999998 0.3220283546875 0.025639784375000002 0.3244540453125 0.033222 0.3784043203125 0.035535228125 0.3808300109375 0.0431174453125 0.43478028437500005 0.0454306734375 0.437205975 0.053012890624999996 0.49115624999999996 0.05532611875 0.49358194062500005 0.061771001562500004 0.5394396734375 0.06408422968750001 0.5418653640625 0.0826992234375 0.6602841453125 0.08501245156250001 0.6627098359375 0.091078225 0.70587005625 0.093391453125 0.708295746875 0.10059455937499999 0.75954850625 0.1029077875 0.7619741984374999 0.10897356093749999 0.8051344171875 0.1112867890625 0.807560109375 0.11773167343749999 0.8534178406249999 0.1200449015625 0.8558435328125 0.11848989531250001 0.85881286875 0.12080312343749999 0.8612385609375 0.12724800625 0.9070962937499999 0.129561234375 0.909521984375 0.144069921875 1 0.20539131406250002 1
0 0.3349246875 1 0.33658239375 0.9932096218750001 0.32862106562500004 0.9365618359375001 0.32630783750000003 0.9341361421875 0.3225167296875 0.90716100625 0.3202035015625 0.9047353156250001 0.311483953125 0.8426925015625001 0.309170725 0.8402668078125 0.28562729062500003 0.68678035 0.2833140625 0.6843546593750001 0.2772482890625 0.6411944390625 0.2749350609375 0.6387687484375 0.2764900671875 0.6357994125 0.2741768390625 0.633373721875 0.26469906875000004 0.5659358796875 0.26238584062500003 0.5635101875 0.24680373281249998 0.46667151718750005 0.24449050468750003 0.46424582656249996 0.2369082875 0.4102955515625 0.234595059375 0.40786986093750005 0.2072605171875 0.227408265625 0.200719225 0.215949009375 0.16363044843750002 0.20465673125 0.13655280625 0.20846224531250002 0.1322861796875 0.21318807343750001 0.1330058375 0.232342490625 0.135319065625 0.23476818281249998 0.145175946875 0.3049035390625 0.147489175 0.3073292296875 0.1558296140625 0.36667453125 0.15814284218750002 0.369100221875 0.1672415015625 0.4338405515625 0.16955472968750002 0.43626624375 0.17637872500000001 0.484821490625 0.178691953125 0.48724718125 0.19385638593750001 0.5951477281249999 0.1961696140625 0.5975734203124999 0.202993609375 0.646128665625 0.2053068375 0.6485543578125 0.20451005156250002 0.656918721875 0.20682327968749997 0.6593444125000001 0.23150404687499998 0.8209234109375 0.233817275 0.8233491031250001 0.24367415625 0.893484459375 0.245987384375 0.89591015 0.2448114890625 0.9015770015625 0.2471247171875 0.9040026921875001 0.262291459375 1 0.3349246875 1
0 0.260616259375 1 0.2528113796875 0.944465396875 0.2504981515625 0.9420397046875 0.251674046875 0.93637285625 0.24936081875 0.933947165625 0.2470861546875 0.9177620828125 0.24826204999999998 0.9120952328125 0.24594882187499997 0.9096695406249999 0.238745715625 0.8584167812500001 0.23643248749999998 0.855991090625 0.2125099421875 0.69980711875 0.21019671406249998 0.6973814265625 0.2018562765625 0.6380361265625 0.19954304843749998 0.6356104328125001 0.20071894375000002 0.6299435843750001 0.19806516875 0.6110609890625 0.195751940625 0.608635296875 0.196548725 0.6002709328125 0.194235496875 0.5978452421875 0.1881697234375 0.5546850234375 0.18585649531249998 0.5522593312499999 0.17182939531250002 0.452451325 0.1695161671875 0.4500256328125 0.1615548390625 0.393377846875 0.1592416109375 0.39095215625 0.1607966171875 0.38798281874999996 0.15848338906249998 0.3855571265625 0.152417615625 0.3423969078125 0.1501043875 0.3399712171875 0.13262672656250002 0.229644978125 0.129156884375 0.22600644062500003 0.0808039515625 0.2328020015625 0.076537325 0.2375278296875 0.0757405390625 0.24589219375 0.0780537671875 0.24831788437500002 0.0860150953125 0.3049656703125 0.0883283234375 0.3073913640625 0.0959105390625 0.3613416375 0.0982237671875 0.363767328125 0.0966687609375 0.3667366640625 0.0989819890625 0.36916235625 0.10845976093750001 0.4366001984375 0.1107729890625 0.43902588906249995 0.120250759375 0.5064637328125 0.1225639875 0.5088894234375 0.12900887187500001 0.55474715625 0.1313221 0.557172846875 0.15259086875 0.6944742234375 0.154904096875 0.6968999140625 0.162107203125 0.7481526749999999 0.16442043125 0.750578365625 0.172002646875 0.804528640625 0.174315875 0.80695433125 0.18151898125000002 0.8582070906249999 0.183832209375 0.8606327828125 0.191035315625 0.9118855437500001 0.19334854375 0.914311234375 0.2070892453125 1 0.260616259375 1
0 0.3763444828125 1 0.412751909375 0.9948832703124999 0.414306915625 0.9919139328125001 0.42473572343750005 0.9959498484375 0.4545249875 0.9903878421875 0.46381646249999997 0.9863312171875 0.4543386921875 0.918893375 0.4520254640625 0.9164676828125 0.4318940265625 0.7872588484375 0.4295807984375 0.7848331578125001 0.428443465625 0.776740615625 0.42999847343750003 0.7737712796875 0.42730613437500004 0.768648075 0.41138347968750005 0.6553525 0.4090702515625 0.6529268078125 0.40793291875 0.6448342671875 0.409487925 0.64186493125 0.407174696875 0.639439240625 0.39276848593749997 0.5369337187500001 0.3904552578125 0.534508028125 0.3862850390625 0.504835378125 0.3878400453125 0.5018660421875001 0.38552681718750004 0.49944035 0.36236249374999996 0.34865140625 0.360049265625 0.34622571406249997 0.3566372671875 0.32194809062499996 0.3543240390625 0.3195224 0.344088046875 0.24668952968750002 0.34177481875 0.2442638390625 0.33646726718750003 0.2064986453125 0.3310633078125 0.2031319328125 0.3059197828125 0.206665625 0.3043647765625 0.20963496093749998 0.30011743125 0.20748109218750002 0.211148034375 0.21998492500000003 0.20881552343749998 0.22443892812500002 0.236529178125 0.4075980375 0.23884240625 0.410023728125 0.2483201765625 0.477461571875 0.2506334046875 0.47988726249999997 0.266594621875 0.579423446875 0.26890785 0.5818491390625 0.27611095625000004 0.6331018984375001 0.278424184375 0.635527590625 0.28562729062500003 0.68678035 0.28794051875000004 0.6892060421874999 0.29666006718750004 0.7512488578125 0.2989732953125 0.7536745484375 0.3183465109375 0.87748835625 0.3206597390625 0.879914046875 0.3282419546875 0.9338643203125001 0.330555184375 0.9362900125 0.3392747328125 0.9983328281249999 0.34028748750000004 1 0.3763444828125 1
0 0.5378142421875001 0.79712988125 0.5033151578124999 0.551656134375 0.5010019296875 0.54923044375 0.502177825 0.5435635921874999 0.49910637500000005 0.5357428750000001 0.494177934375 0.5006751953124999 0.49573294062500006 0.497705859375 0.4934197125 0.49528016875 0.49152415781250003 0.4817926 0.49307916562500004 0.4788232640625 0.49118361093749996 0.46533569531249996 0.4888703828125 0.4629100046875 0.46801928750000005 0.31454675 0.465706059375 0.312121059375 0.458502953125 0.2608683 0.4662587046875 0.2529013140625 0.49720458125 0.24855215468749997 0.499517809375 0.250977846875 0.501072815625 0.2480085109375 0.5053201609375 0.25016237812500003 0.510743403125 0.2466493984375 0.515369859375 0.2515007796875 0.516924865625 0.24853144375 0.5211722109375 0.25068531250000003 0.5265954515625 0.24717233125 0.537403371875 0.2539057609375 0.5571236546875 0.25388505 0.563684228125 0.258464609375 0.5652392359375 0.2554952734375 0.5749098218750001 0.2541361609375 0.57722305 0.2565618515625 0.5868936359375 0.25520274062500004 0.58844864375 0.2522334046875 0.5907618718750001 0.2546590953125 0.598498340625 0.2535718046875 0.6020067453125 0.2434509515625 0.5889048796874999 0.2274121359375 0.584657534375 0.2252582671875 0.5749869484375 0.2266173796875 0.56533564375 0.22109679531249998 0.5649565328125 0.2183992828125 0.574286571875 0.200583265625 0.5723910171875 0.187095696875 0.5623606015625 0.1788776 0.513705684375 0.155456865625 0.5036559859375 0.15411846406250002 0.4990295296875 0.1492670828125 0.4743036796875 0.14173889687500002 0.457314296875 0.13312342187499998 0.44381403906249994 0.1212667875 0.434143453125 0.1226259 0.41946729843749997 0.1164361171875 0.41173082968749997 0.11752340624999999 0.39318644062499997 0.11187726718749999 0.3796476203125 0.11378002499999999 0.3780926140625 0.11674936093749999 0.3258714453125 0.12408856875 0.32467626875 0.1366351125 0.3277091546875 0.15821522187499998 0.3300223828125 0.1606409125 0.344088046875 0.24668952968750002 0.346401275 0.2491152203125 0.35625815625 0.319250578125 0.36240105625 0.3348920140625 0.3722579375 0.40502737031249997 0.37457116562500004 0.4074530625 0.373016159375 0.41042239843750006 0.3757084984375 0.415545603125 0.374532603125 0.4212124515625 0.37684583125 0.42363814531250005 0.3942849296875 0.5477237749999999 0.39659815625 0.550149465625 0.4132790328125 0.6688400671875 0.41559226093749996 0.671265759375 0.41403725468749997 0.6742350953125 0.41635048281250003 0.6766607875 0.4186251484375 0.69284586875 0.41744925312500003 0.69851271875 0.41976248125 0.7009384109375 0.427344696875 0.754888684375 0.429657925 0.757314375 0.44103125 0.8382397859375 0.44334447812500005 0.8406654781249999 0.45509691406249997 0.9242884015625 0.4574101421875 0.9267140921875001 0.45623424687499997 0.9323809437499999 0.45812980000000003 0.9458685109375 0.460443028125 0.9482942031249999 0.4657505796875 0.9860593953125001 0.47346776718749994 0.9918518000000001 0.5516099640625 0.9794942328125 0.5601239359375 0.9769222765625001 0.564011453125 0.9694989359375 0.5458141328125 0.8400182765625 0.5435009046875 0.8375925859375 0.5400889078125 0.8133149640624999 0.5416439140625 0.8103456281250001 0.5401274703125 0.799555571875 0.5378142421875001 0.79712988125
0 0.584400071875 0.8689803062499999 0.5890458093750001 0.8669519937500001 0.5840402421875 0.8594030968749999 0.5855952484375 0.8564337609375 0.582902909375 0.85131055625 0.5860129234375 0.8453718828125 0.5813864671875 0.8405205015625 0.5794909125000001 0.8270329328124999 0.58104591875 0.8240635968750001 0.5783535796875 0.818940390625 0.5764580265625 0.8054528234375 0.5780130328124999 0.8024834859375 0.5756998046875 0.8000577953124999 0.5734251390625 0.7838727125 0.5749801453125001 0.7809033765625 0.5726669171875 0.7784776859375 0.56963403125 0.756897575 0.567320803125 0.754471884375 0.5684966984375001 0.7488050359375 0.559018928125 0.68136719375 0.5567057 0.6789415015625 0.5548101453125 0.6654539328125 0.5563651515625 0.6624845968749999 0.5540904875 0.6462995140625 0.5556454937499999 0.643330178125 0.5473050546875 0.5839848765625 0.5449918265625 0.5815591859375 0.5438544953125 0.5734666453124999 0.5454095015625 0.5704973078125 0.54427216875 0.5624047671875 0.5524070296875 0.5571352953125001 0.554739540625 0.552681290625 0.5528439859375001 0.539193721875 0.5543989921875 0.5362243859375 0.5517452171875 0.517341790625 0.5494319890625 0.5149161 0.5183449015625 0.2937199765625 0.516031671875 0.291294284375 0.5145152296875 0.28050423125 0.518023634375 0.2703833765625 0.5327383515624999 0.26281376875 0.5350708609375 0.2583597640625 0.5343126390624999 0.25296473750000004 0.5289086796875 0.24959802187500002 0.515369859375 0.2515007796875 0.51305663125 0.24907508906250003 0.46045635156250003 0.25371678124999997 0.45888206406250004 0.2635658140625 0.46532694843750005 0.309423546875 0.4676401765625 0.31184923750000004 0.4660851703125 0.3148185734375 0.47025538906250003 0.3444912234375 0.4725686171875 0.3469169171875 0.48394194218750003 0.42784232656250004 0.4862551703125 0.43026801875 0.4877716140625 0.44105807343750003 0.48621660625 0.444027409375 0.4889089453125 0.4491506140625 0.5336440234375 0.76745723125 0.5359572515625 0.7698829218750001 0.53478135625 0.7755497703125 0.537094584375 0.7779754624999999 0.5435394687499999 0.8238331953125 0.545852696875 0.8262588875000001 0.546990028125 0.834351428125 0.545435021875 0.8373207640624999 0.5481273609375 0.8424439703125 0.554193134375 0.8856041875 0.5630669359375 0.8926094390625 0.5638251578125 0.8980044656249999 0.5584019171875 0.901517446875 0.55953925 0.9096099890625 0.5606958640624999 0.9108228359374999 0.561871759375 0.9051559843750001 0.5638058765625 0.9048841624999999 0.566498215625 0.9100073671875 0.5692098359375 0.9082508765625 0.5734764625000001 0.90352505 0.5850811671875 0.9018941140625 0.5943919234374999 0.89095779375 0.5924770890625 0.8843499203125 0.5835840046875 0.884224365625 0.5847599 0.8785575140624999 0.5820675625 0.8734343109375 0.584400071875 0.8689803062499999
0 0.70410976875 0.787512540625 0.695011109375 0.7227722109375 0.69269788125 0.7203465203125 0.6782916703125 0.6178410000000001 0.675978440625 0.6154153078125 0.6536109031249999 0.456262 0.651297675 0.453836309375 0.6292706828125 0.31113990625 0.6269574546875 0.308714215625 0.6243036796875 0.2898316171875 0.621611340625 0.28470841406249997 0.6173639953125 0.2825545453125 0.610841984375 0.26421559375000003 0.6011906796875001 0.2586950109375 0.5953883281250001 0.259510478125 0.5930751 0.2570847859375 0.52538099375 0.266598571875 0.5199577515625 0.27011155468750003 0.5160702359375 0.2775348953125 0.5331302234375 0.39892300937499997 0.5354434515625 0.40134870312500004 0.5699425359375 0.6468224484375 0.5722557640625 0.6492481406249999 0.5893157515625 0.77063625625 0.5916289796875 0.7730619484375 0.590453084375 0.7787287968750001 0.5927663125 0.7811544890625 0.6117218531249999 0.9160301734375 0.6140350812500001 0.9184558640624999 0.6216172984375 0.9724061390625 0.64018096875 0.9711725812499999 0.642494196875 0.9735982734374999 0.6459833203125 0.9703571140625 0.650230665625 0.9725109828124999 0.6537197890625001 0.9692698249999999 0.657967134375 0.97142369375 0.675374190625 0.968977290625 0.676929196875 0.9660079546875 0.6811765421875 0.9681618234375 0.6916246328125 0.96531804375 0.71716655 0.9576021703125001 0.730724653125 0.9488197171874999 0.7220051046875 0.8867769015625001 0.7196918765625 0.8843512109375 0.7189722171875 0.86519679375 0.7166589890624999 0.8627711 0.706422996875 0.7899382312500001 0.70410976875 0.787512540625
0 0.6994515515625 0.24213455 0.6839786140624999 0.24430912968750002 0.6824236078125 0.2472784671875 0.6727530203125001 0.2486375796875 0.6711980140625 0.251606915625 0.6278892109374999 0.25219198125000003 0.6255567015625 0.2566459859375 0.626694034375 0.264738528125 0.625139028125 0.2677078640625 0.6368914625000001 0.3513307875 0.639204690625 0.3537564796875 0.67298411875 0.5800758078125 0.675297346875 0.5825014984375 0.69008266875 0.6877045328125 0.692395896875 0.6901302234375 0.70718121875 0.795333259375 0.709494446875 0.79775895 0.7109723265625 0.822308396875 0.7132855546875 0.8247340875000001 0.7326587703125 0.9485478953125 0.7380627296875 0.951914609375 0.80846845625 0.9406443328125 0.77430991875 0.711627490625 0.771996690625 0.7092017984375001 0.75455759375 0.58511616875 0.752244365625 0.582690478125 0.7154706140625 0.3210316484375 0.7131573859375 0.3186059578125 0.7033005046875 0.2484706015625 0.6994515515625 0.24213455
0 0.873059071875 0.7967777953125 0.87074584375 0.794352103125 0.8494770734375001 0.657050728125 0.8471638453124999 0.6546250359375 0.8479606296875 0.6462606734375 0.8456474015625 0.6438349828125001 0.8414771828125 0.61416233125 0.8391639546875 0.611736640625 0.8407189609374999 0.6087673031249999 0.8384442968749999 0.5925822203125 0.83613106875 0.5901565296875 0.8373069640624999 0.58448968125 0.835411409375 0.5710021125 0.8330981812499999 0.5685764203125 0.8342740765625001 0.5629095703125 0.8323785234375001 0.549422003125 0.8300652953125001 0.5469963109375 0.828169740625 0.53350874375 0.829724746875 0.53053940625 0.82741151875 0.528113715625 0.7982199859375 0.3204051609375 0.7959067578125001 0.31797947031249996 0.7879068671875 0.2750910734375 0.7855936390625 0.27266538125 0.785253090625 0.2562084765625 0.77831340625 0.248931403125 0.7791101921875 0.240567040625 0.769837996875 0.2377439703125 0.70794624375 0.2464422890625 0.7056137328125 0.25089629375 0.71319595 0.3048465671875 0.715509178125 0.3072722578125 0.712399165625 0.31321093125 0.7139156078125 0.32400098437499997 0.7162288359375 0.3264266765625 0.7249483859375 0.388469490625 0.7272616140625 0.3908951828125 0.72877805625 0.4016852375 0.72722305 0.4046545734375 0.7299153890625 0.40977777968750007 0.73181094375 0.42326534687499995 0.7302559375000001 0.4262346828125 0.7329482765625001 0.43135788750000004 0.7348438296875 0.44484545625000005 0.7332888234375 0.44781479218750003 0.7363602734375 0.45563551249999995 0.7348052671875 0.45860484843749993 0.74011281875 0.4963700390625 0.742426046875 0.49879573125 0.740871040625 0.5017650671875 0.7435633796875 0.5068882718750001 0.74276659375 0.5152526359375 0.745079821875 0.5176783265625 0.7469753765625 0.5311658953125 0.74579948125 0.5368327453124999 0.748112709375 0.5392584359375 0.755315815625 0.590511196875 0.75762904375 0.5929368875 0.756453146875 0.5986037375000001 0.7591454859375 0.6037269421875 0.7940236828125 0.8518982015625 0.7963369109375 0.8543238953125 0.8054355703124999 0.9190642234374999 0.8077487984375 0.9214899140625 0.810402575 0.9403725093749999 0.8138724171874999 0.9440110468749999 0.87460755625 0.9340998812500001 0.8866106531250001 0.928286765625 0.89049816875 0.9208634265625 0.878745734375 0.8372405 0.8764325062499999 0.834814809375 0.8779875125000001 0.8318454734375 0.874954625 0.8102653640625 0.872641396875 0.8078396718749999 0.873059071875 0.7967777953125
0 0.8270068875 0.2585927453125 0.824693659375 0.2561670546875 0.82241899375 0.2399819734375 0.8189491515625 0.23634343593749998 0.799607978125 0.23906165937499999 0.798052971875 0.2420309953125 0.7922506203124999 0.24284646406250002 0.7899181109375 0.24730046875 0.8175932015624999 0.44421896875 0.8199064296874999 0.446644659375 0.8362081953124999 0.5626377484375 0.8385214234375 0.565063440625 0.8840532859374999 0.87500569375 0.8863665140625001 0.8774313843750001 0.8924322874999999 0.920591603125 0.8959021281249999 0.9242301390625001 0.9218231578125 0.9192117796874999 0.9233781640625001 0.9162424437500001 0.9199661656250001 0.8919648203125 0.9215211734375 0.8889954843749999 0.9200047296875 0.8782054296874999 0.9176915015624999 0.8757797375 0.8854670812500001 0.6464910734375 0.883153853125 0.6440653828125 0.8270068875 0.2585927453125
0 1 0.47907037812500003 0.9920428703124999 0.4224524609375 0.9932187671875001 0.4167856109375 0.9909055375 0.41435991874999994 0.9924605453125 0.41139058281249996 0.9886694359374999 0.384415446875 0.985977096875 0.379292240625 0.98715299375 0.373625390625 0.9848397656250001 0.3711997 0.97270821875 0.2848792609375 0.9703949906249999 0.2824535703125 0.9658456609374999 0.25008340625000003 0.9674006671875001 0.24711407031250002 0.966263334375 0.23902152812500002 0.9639501062500001 0.2365958375 0.9620545515625001 0.22310826874999998 0.9562714812499999 0.217044040625 0.9504691296875001 0.2178595078125 0.9481559015625001 0.21543381718750002 0.8452685734375001 0.22714289375000002 0.8429553453124999 0.224717203125 0.82748240625 0.22689178281250003 0.823594890625 0.2343151234375 0.8266277765625001 0.25589523281250004 0.8289410046875 0.2583209234375 0.8657147546875 0.5199797515625 0.8680279828125 0.5224054437500001 0.8668520875000001 0.52807229375 0.871819090625 0.54938058125 0.870264084375 0.5523499171874999 0.8725773125 0.5547756078125 0.9154168359374999 0.85959465625 0.9177300640625001 0.8620203468750001 0.9264496140625 0.9240631625000001 0.929141953125 0.9291863671874999 0.9345459125 0.93255308125 0.9995283984375 0.9247957859374999 1 0.9247157625 1 0.47907037812500003