0 0 0.728876471875 0.0035806171875000002 0.703399053125 0.0015798109375 0.7011455390625 0.005483375 0.6898602328125001 0.0034825671874999997 0.6876067171875 0.0255001875 0.5309432140625 0.02349938125 0.5286896999999999 0.0260438328125 0.5270749796875001 0.0243148484375 0.5228873484375 0.04769158125 0.3565532578125 0.0541395953125 0.34365323124999997 0.05431336875 0.32592677812500004 0.0696558015625 0.28271966875 0.03002070625 0.27616315937499997 0.0262040296875 0.2785852390625 0 0.465036596875 0 0.728876471875
0 0 0.8774138015625 0.034203334375 0.881266909375 0.05592922031250001 0.8833341234375001 0.0597458984375 0.8809120437500001 0.09607205937499999 0.6059479875 0.094071253125 0.603694471875 0.106031440625 0.5185933109375 0.104030634375 0.5163397953125 0.10657508593750001 0.5147250750000001 0.104574278125 0.5124715609375 0.1279510109375 0.346137471875 0.1516442171875 0.2764915140625 0.137551684375 0.2695801390625 0.1011896203125 0.264469784375 0.0837371703125 0.26497548125 0.07192842968749999 0.28303906562500003 0.0576732875 0.31850970625 0 0.7753366171875 0 0.8774138015625
0 0.1581058078125 0.49435477343749995 0.1681632390625 0.4227924328125 0.1661624328125 0.42053891875 0.1762198640625 0.348976578125 0.1742190578125 0.3467230625 0.1925515375 0.2822406625 0.189550328125 0.278860390625 0.1600061515625 0.274708228125 0.1539168453125 0.2768109109375 0.13657360624999998 0.31776450624999997 0.126244353125 0.3912609640625 0.12369990156249999 0.392875684375 0.077436684375 0.8045055421875 0.07736095937500001 0.83802433125 0.0716526875 0.8786407953125 0.07638288125 0.8862086984375 0.10947191249999999 0.8898728984375 0.1145608140625 0.8866434578125 0.115821878125 0.8611805359375 0.1273364703125 0.79573994375 0.13013041875 0.7428799828125 0.1582038578125 0.510147109375 0.15620305 0.5078935953125 0.16010661406249999 0.49660828749999997 0.1581058078125 0.49435477343749995
0 0.2126042515625 0.40339805625 0.21122281406250001 0.36375751875 0.217202909375 0.3212069375 0.22691279375 0.285097503125 0.2216389546875 0.281397834375 0.198912665625 0.2782038625 0.1925515375 0.2822406625 0.175034525 0.3409207109375 0.1774052015625 0.35703244375 0.17159888125 0.381856571875 0.17359968750000002 0.3841100859375 0.1610958546875 0.4730794828125 0.1630966609375 0.475332996875 0.1444389609375 0.624579428125 0.14643976718750001 0.62683294375 0.143351671875 0.6323158984374999 0.1453524765625 0.6345694125 0.11673539531249999 0.8711705203125 0.11783384687500001 0.8880896125 0.1263807171875 0.8932354359374999 0.145833975 0.8949832531249999 0.157740765625 0.8927120046875 0.1642645046875 0.8462931890625001 0.1667866296875 0.79536734375 0.1956755359375 0.5568321187499999 0.193674728125 0.5545786046875001 0.20716780156249998 0.442080403125 0.205166996875 0.4398268890625 0.2126042515625 0.40339805625
0 0.26857343437500003 0.5493263749999999 0.2764562859375 0.49323697343750006 0.2744554796875 0.49098345937500004 0.2861438453125 0.40781641406249997 0.2841430375 0.40556289999999995 0.29439656875 0.3655852296875 0.2933850015625 0.3398029109375 0.29691869375 0.3146593859375 0.2939174859375 0.31127911406250003 0.23482913437500003 0.3029747875 0.226195375 0.306692190625 0.22283545624999998 0.31410926250000004 0.2134954421875 0.364076915625 0.21559429843750003 0.382122765625 0.201829403125 0.4965550859375 0.20202550156250002 0.52813975625 0.1668089546875 0.84467846875 0.16646140781250002 0.880131375 0.1625578453125 0.89141668125 0.17210511875 0.8976892624999999 0.20064889218749998 0.9007146687500001 0.22464740781249998 0.9031012796875 0.2330093421875 0.90131799375 0.241979484375 0.837492121875 0.2399786765625 0.8352386078125 0.242523128125 0.8336238874999999 0.24684996250000002 0.7533668859375 0.270574240625 0.551579890625 0.26857343437500003 0.5493263749999999
0 0.33898028125 0.4606054390625 0.34068693906249997 0.41548194531249993 0.34829796874999996 0.3613266609375 0.3461010625 0.327488475 0.3499065765625 0.30041083281250003 0.34690536875 0.2970305609375 0.31054330625 0.29192020625000004 0.3002786140625 0.3072423125 0.29538580937500003 0.342056425 0.2972128421875 0.3620363921875 0.2898736359375 0.4142575609375 0.287329184375 0.41587228125 0.2887863453125 0.42199402968750005 0.2859700734375 0.4255428671875 0.2845352359375 0.4687322421875 0.25700544375 0.69759688125 0.25900624843750003 0.6998503953124999 0.252482509375 0.7462692109375 0.25131949531250003 0.78752446875 0.2487750453125 0.7891391890625 0.250504028125 0.7933268203125 0.23881566250000003 0.8764938656249999 0.24009905156250003 0.90034206875 0.24510106718750002 0.9059758546875001 0.2872806140625 0.9109176437500001 0.289825065625 0.9093029234375001 0.299882496875 0.8377405828125 0.29788169062500003 0.8354870671875 0.3035899625 0.794870603125 0.304481153125 0.7555494625 0.3272161921875 0.577291271875 0.32521538437499997 0.5750377578125 0.33898028125 0.4606054390625
0 0.373996809375 0.7061496671875 0.377356728125 0.6987325953125 0.3753559203125 0.6964790796875 0.3835105953125 0.6384555609375 0.38150978750000003 0.636202046875 0.39156721875 0.5646397046875 0.3935457 0.5175820953125 0.4116597546875 0.3722038984375 0.40518941562500005 0.3357928015625 0.4087231078125 0.3106492765625 0.40372109062500006 0.3050154890625 0.3605411421875 0.29894694374999997 0.3534514328125 0.29992286875 0.34936293281249997 0.30427906718750003 0.345829240625 0.3294225921875 0.34893966249999997 0.3732507625 0.342687746875 0.41773546093749997 0.3431556671875 0.4473860140625 0.3327506890625 0.5544012609375 0.33475149531250004 0.5566547765625 0.318442146875 0.672701815625 0.3204429546875 0.6749553296874999 0.3036880125 0.8106629390625001 0.30568881718749996 0.8129164546875 0.30287254375 0.8164652921875 0.30487335 0.81871880625 0.2923695171875 0.907688203125 0.29737153437499997 0.9133219890625 0.3486415953125 0.9195413671875 0.3537304984375 0.9163119265624999 0.3541760953125 0.8966513562499999 0.357807834375 0.8873001671875 0.3558070296875 0.8850466515625 0.3661362828125 0.8115501937499999 0.3641354765625 0.8092966796875001 0.375997615625 0.70840318125 0.373996809375 0.7061496671875
0 0.456448315625 0.3173566171875 0.45344710624999995 0.3139763453125 0.4125397859375 0.3082271953125 0.4087231078125 0.3106492765625 0.40573306093749995 0.3319245671875 0.412029628125 0.3860621171875 0.40577771093750004 0.43054681562499997 0.40777851875 0.4328003296875 0.3969056203125 0.5101650234374999 0.398906425 0.5124185375 0.3894906890625 0.5959049796875 0.39149149687499996 0.59815849375 0.37120285937499997 0.7590096296875 0.3732036671875 0.76126314375 0.37065921562500004 0.7628778640625 0.367865265625 0.815737825 0.363961703125 0.8270231328125 0.363885978125 0.8605419218750001 0.3610697046875 0.864090759375 0.35627494843749996 0.91469720625 0.36100514375000003 0.9222651093750001 0.39863943125 0.9265681046875001 0.40372833437500005 0.9233386640625 0.41623216718749995 0.8343692671875 0.4142313625 0.832115753125 0.445196796875 0.562315253125 0.44319599062500004 0.5600617390625 0.46111394843750003 0.383098871875 0.45345826718750004 0.3386319078125 0.456448315625 0.3173566171875
0 0.565253934375 0.5160739609375 0.5635249484375 0.511886328125 0.574126025 0.436455753125 0.572570815625 0.41454166875 0.5645675890625 0.4055276109375 0.553650040625 0.38427005468750003 0.5443634265624999 0.35140779375000003 0.539361409375 0.3457740078125 0.509817234375 0.3416218453125 0.50600055625 0.344043925 0.50464144375 0.3537145109375 0.5162987375 0.4026885046875 0.5162230109375 0.43620729375 0.5019144703125 0.554507846875 0.503915278125 0.5567613609375 0.48807385156249994 0.7024589546875 0.49007465781250004 0.7047124703125001 0.4630885109375 0.9297088734375001 0.46581789687499997 0.9350232625 0.5102700718750001 0.9402844484375 0.515087153125 0.938989125 0.52677551875 0.8558220796875 0.5247747125 0.8535685656249999 0.5485970390625 0.66757390625 0.546596234375 0.6653203921874999 0.5644384671875 0.5218763125 0.562437659375 0.5196227984374999 0.565253934375 0.5160739609375
0 0.4842683375 0.7295365968749999 0.48226752968750003 0.7272830828125 0.4893349140625 0.6769960328125 0.4873341078125 0.67474251875 0.515853140625 0.42234907499999996 0.515113396875 0.3946326375 0.503727928125 0.343724528125 0.49190802343750006 0.33713255000000003 0.4737269921875 0.334577371875 0.45981939687500006 0.33459510625 0.455459075 0.34088542187500004 0.46165759375000004 0.37923063749999997 0.457852078125 0.40630827968750005 0.4591354671875 0.43015648124999994 0.4223860359375 0.7740922328125001 0.4243868421875 0.776345746875 0.40627278593750005 0.92172394375 0.413275609375 0.9296112453125 0.45545515625000005 0.9345530343749999 0.4602722359375 0.9332577109375 0.4706014890625 0.8597612531250001 0.468600684375 0.8575077375 0.477299003125 0.795615984375 0.47529819531250006 0.79336246875 0.48290922500000005 0.739207184375 0.4809084171875 0.7369536703125 0.4842683375 0.7295365968749999
0 0.7003816796875 0.428559675 0.6919216968749999 0.41455062500000006 0.639923053125 0.4052703734375 0.632463471875 0.3923880796875 0.6256455843750001 0.3914298890625 0.6186427625 0.3835425875 0.6281788749999999 0.36515960625 0.6396289046875 0.35789336562499996 0.6464467921875 0.3588515578125 0.6502634703125 0.3564294765625 0.6475340828125 0.3511150875 0.5611741828125 0.3389779953125 0.5548130546875 0.3430147953125 0.5554547484375 0.354938896875 0.5791168796874999 0.4174339765625 0.5467923328125 0.6969050625000001 0.5487931374999999 0.699158578125 0.5462486875 0.700773296875 0.5408122375 0.7394556437500001 0.5428130437500001 0.7417091578125 0.5173597812499999 0.939308521875 0.5359975703125001 0.9468586921875 0.57135923125 0.9508422890625001 0.62262929375 0.9570616671875 0.63126305 0.9533442640625 0.6534544437500001 0.7789543078125 0.6514536375 0.7767007921875 0.6542699109375001 0.77315195625 0.653084571875 0.7650960890625 0.701023375 0.44048377656250004 0.7003816796875 0.428559675
0 0.7702497109374999 0.755922421875 0.768248903125 0.7536689078125 0.7886355890625001 0.6086101078125 0.78663478125 0.60635659375 0.78945105625 0.60280775625 0.7888093609375 0.5908836546875 0.7916256359375 0.58733481875 0.7904402953125 0.5792789515625001 0.8102833359374999 0.4380883875 0.7807168359375 0.3846251 0.7730723171875 0.364813696875 0.7687988828125001 0.3622407859375 0.7094387078125 0.3558705765625 0.696531515625 0.35701506875 0.6887243890625 0.37958568125 0.6939113390625 0.3921485765625 0.69691255 0.3955288484375 0.7378198703125001 0.4012779984375 0.7486393703124999 0.40674321874999997 0.7513687578125 0.41205760781249995 0.7470084359375 0.418347921875 0.7351016453125 0.42061917187500003 0.702012615625 0.4169549703125 0.700925325 0.424691440625 0.7049269375 0.42919846875 0.7055686328124999 0.4411225703125 0.6971421359375001 0.5010802078125 0.6991429421875 0.503333721875 0.6952393796874999 0.514619028125 0.6944462375 0.5697325046875 0.68574791875 0.631624259375 0.687748725 0.6338777734375001 0.6849324515624999 0.6374266109375 0.6858459671875 0.6474165953125001 0.6403535671875 0.9546218515625 0.6510861796875 0.9689502984375 0.7387183046875 0.9802800312500001 0.74126275625 0.9786653109375001 0.747514671875 0.9341806125 0.7455138671875 0.9319270984375001 0.7491456078125001 0.922575909375 0.7471448015625 0.9203223953125 0.7688905984375001 0.7655930093750001 0.7668897921875 0.76333949375 0.7702497109374999 0.755922421875
0 0.78643626875 0.3686641984375 0.7793465609375 0.3696401234375 0.777530690625 0.37431571875 0.79190620625 0.4039485375 0.8090979968750001 0.43003252031250006 0.8120123203125 0.44227601875 0.8052167593749999 0.49062895156249997 0.805141034375 0.5241477406249999 0.8020529390625001 0.5296306953125 0.803781921875 0.5338183265625001 0.7904626218749999 0.6285900765625 0.793105121875 0.6427676921875001 0.7890277859375 0.6717794515625 0.786483334375 0.673394171875 0.7884841406249999 0.6756476859375 0.7856678671874999 0.6791965234374999 0.7876686734375 0.6814500375 0.781862353125 0.706274165625 0.7819604015625 0.7220665015625001 0.7460798359374999 0.9773699890625 0.751081853125 0.983003775 0.8000792875 0.9889037546875 0.8051681890625 0.9856743140625 0.8589890375 0.602719084375 0.8569882296875001 0.6004655703124999 0.8751022859375001 0.455087375 0.8561815109375001 0.42481575937500005 0.8361734453125 0.40228061562499995 0.822526509375 0.3757086703125 0.78643626875 0.3686641984375
0 0.8750488859375001 0.5379172875 0.8725044359374999 0.5395320078125 0.8665243421875 0.5820825890625 0.8685251468749999 0.584336103125 0.8268382624999999 0.8644637171875 0.8277517781249999 0.8744537015624999 0.8252073281250001 0.8760684218750001 0.81542171875 0.9456966453125 0.8128772671875 0.947311365625 0.8132471390625 0.9611695843750001 0.8101590421875 0.9666525390625 0.8105289140625 0.9805107578125 0.8155309296875 0.98614454375 0.841530253125 0.9907846687499999 0.89507294375 0.99732344375 0.9037067000000001 0.993606040625 0.975837703125 0.49685728593749995 0.9662904296875 0.49058470625000006 0.8815614625 0.46684290937500006 0.8772011421875 0.47313322500000005 0.8810289812500001 0.49536670625 0.8750488859375001 0.5379172875
0 1 0.499266915625 0.983927815625 0.4970081171875 0.979839315625 0.501364315625 0.910252765625 0.9964983500000001 0.9329790546875 0.999692321875 1 0.5342842296875 1 0.499266915625