0 0.09149586093749999 0 0.0914918953125 0.00012075781250000002 0.09685673125000001 0.007397606249999999 0.11602022812499999 0.0133387828125 0.1687862328125 0.0147279734375 0.1708946890625 0.0125748453125 0.174631334375 0.015136703125000001 0.180636525 0.0132560609375 0.2624679515625 0.018978271875 0.26457640625 0.016825140625000002 0.276106521875 0.0199319734375 0.27821497812499996 0.017778842187499998 0.436032728125 0.028814534375 0.43814118437499994 0.026661406250000002 0.4399294625 0.0290870203125 0.4439862859375 0.027070134375 0.611545871875 0.038787042187499995 0.6248642656250001 0.044319490625 0.6425596609374999 0.043256304687500004 0.686731753125 0.055547389062499994 0.6905074875 0.0155514828125 0.6878250687499999 0.011913059375 0.5174603828125 0 0.09149586093749999 0
0 0.45997531562500005 0.1064074875 0.6275349015625 0.1181243953125 0.6986639593749999 0.1369016296875 0.704575453125 0.1223613125 0.7071368703124999 0.0857313453125 0.705414984375 0.068356684375 0.686571665625 0.057836760937499995 0.6501930406249999 0.04609065 0.1606725859375 0.0187617484375 0.15856413125 0.020914878125 0.11180331562500001 0.0176450421875 0.091999465625 0.020861357812500002 0.08867669375000001 0.026380426562499996 0.0871695046875 0.061933828125 0.086622846875 0.0837509921875 0.08930526562499999 0.087389415625 0.3661335078125 0.10444656562500002 0.3682419640625 0.1022934359375 0.453970125 0.10828813281250001 0.45607858125 0.1061350015625 0.457866859375 0.10856061875 0.45997531562500005 0.1064074875
0 0.48178214218750004 0.158544853125 0.55387173125 0.1635858484375 0.5559801875 0.16143271875 0.6280697765625 0.1664737140625 0.6301782328125001 0.1643205859375 0.6957823656250001 0.1781103421875 0.6989450500000001 0.1748806484375 0.7010262015625 0.1451188 0.6985038718750001 0.1391910015625 0.656440234375 0.124746790625 0.5824022765625 0.1195695515625 0.5806139984375001 0.117143934375 0.166759690625 0.099707259375 0.1333172703125 0.1019698734375 0.09240155625 0.0991087671875 0.08518205 0.10435534843750001 0.08383494999999999 0.137619378125 0.0874115078125 0.142470609375 0.1129003703125 0.14195239843750002 0.17898477031249999 0.14887403593749998 0.2319108640625 0.1479738546875 0.4660351140625 0.15974428125 0.4681435703125 0.1575911515625 0.4796736859375 0.160697984375 0.48178214218750004 0.158544853125
0 0.5763189125 0.20656572187500002 0.6157665234375 0.20242246718749998 0.658630603125 0.205419815625 0.6953294046875 0.2125871796875 0.6986521765625 0.20706811093750002 0.7002530625000001 0.1841743828125 0.6957823656250001 0.1781103421875 0.636023334375 0.16472931562499998 0.62011621875 0.1682181140625 0.5949475328125 0.16415758125 0.5928390765625 0.1663107109375 0.50321418125 0.160043528125 0.5011057265625001 0.16219665781249998 0.35092135625 0.1539953125 0.3488129 0.156148440625 0.3431278875 0.1534503390625 0.34101943125 0.15560346875 0.10299844531249999 0.1435605546875 0.086197190625 0.1458365484375 0.0816601015625 0.154721553125 0.08127353281250001 0.1742493453125 0.084369825 0.185968696875 0.1311306390625 0.18923853125 0.182108365625 0.1882021046875 0.42207771875000005 0.2003812640625 0.424186175 0.1982281328125 0.5373515656250001 0.203840859375 0.539460021875 0.20168773125 0.5763189125 0.20656572187500002
0 0.4346502796875 0.2725780125 0.49115293125 0.2765290625 0.49326138750000004 0.2743759328125 0.5770411796875 0.2802343859375 0.5791496359375 0.27808125625 0.619745171875 0.2855211078125 0.6453941234375 0.282713521875 0.6707228984375 0.28448468125000004 0.6738855828125 0.2812549890625 0.678047884375 0.2217312921875 0.6737372765625 0.21337787812500003 0.6661038953125 0.2105435328125 0.615606434375 0.2047118390625 0.5977509515625 0.208064396875 0.48263719375 0.2023154265625 0.451143140625 0.2047142828125 0.13291891875 0.191664146875 0.09752812968749999 0.193790515625 0.08599801562500001 0.1906836859375 0.08040669843750001 0.2006452546875 0.079379775 0.2293305390625 0.078673028125 0.2534370765625 0.08103527031249999 0.261654246875 0.145331390625 0.26615026875000003 0.1474398453125 0.2639971390625 0.149228125 0.2664227546875 0.22959144843749998 0.265140603125 0.43254182343750003 0.2747311421875 0.4346502796875 0.2725780125
0 0.5280664296875 0.3366244921875 0.5731990546875 0.3351793359375 0.6277533390625 0.33899414375000003 0.6613558484375 0.3344421578125 0.688632990625 0.3363495609375 0.6917956734375 0.33311986718750003 0.694357090625 0.2964899 0.6783562796875 0.287319028125 0.6432856671875 0.2848666515625 0.62348181875 0.2880829671875 0.5708759015625 0.28440440312500004 0.569087621875 0.2819787875 0.5630824328124999 0.2838594296875 0.5593457859375001 0.28129757187500004 0.5161615281249999 0.28287896875 0.2859340125 0.271381028125 0.28382555625 0.27353415625 0.237064740625 0.270264321875 0.19582885156250002 0.2719819625 0.19404057187499998 0.269556346875 0.18998375 0.2715732328125 0.10620395625000001 0.2657147796875 0.082503371875 0.26865860937499997 0.07723223125 0.2740414328125 0.0752447765625 0.316462953125 0.07703305625 0.3188885703125 0.1491226453125 0.32392956562499997 0.1512311015625 0.321776434375 0.1921468140625 0.324637540625 0.2314343375 0.32278365625 0.41084421562499995 0.3330286515625 0.412952671875 0.3308755203125 0.5280664296875 0.3366244921875
0 0.285562965625 0.3886840203125 0.2931963453125 0.391518365625 0.2953048015625 0.3893652359375 0.3537558203125 0.3934525296875 0.355864275 0.3912993984375 0.427953865625 0.39634039374999996 0.4750348578125 0.3950314828125 0.6213224921875 0.4029603421875 0.657193546875 0.3939658546875 0.6825223203124999 0.395737015625 0.6877934609375 0.3903541890625 0.6908351421875001 0.3468561046875 0.689367040625 0.33985174218749997 0.68473625625 0.336077075 0.6594074812499999 0.3343059140625 0.615903046875 0.340466059375 0.5710905984375 0.3373324671875 0.5415449125 0.339867565625 0.43406453437500003 0.336952940625 0.4319560796875 0.3391060703125 0.3150540421875 0.3309314828125 0.3129455859375 0.3330846140625 0.17639978750000002 0.32583696875 0.17429133125000001 0.32799009843750004 0.1705546859375 0.32542823906249996 0.1684462296875 0.32758136875 0.078821334375 0.3213141859375 0.0735501953125 0.3266970109375 0.0709223859375 0.3782760234375 0.07449894375 0.38312725468750003 0.0941427046875 0.3822003140625 0.103724453125 0.3851709015625 0.105832909375 0.3830177734375 0.17987086562500001 0.3881950109375 0.18197932187500002 0.38604188125 0.283454509375 0.39083714999999997 0.285562965625 0.3886840203125
0 0.6791604609374999 0.44381384687500003 0.6823231453124999 0.440584153125 0.6852047390625 0.3993754390625 0.6825223203124999 0.395737015625 0.66109028125 0.39423834062499996 0.6075238328125 0.40429601406250004 0.562711384375 0.40116242343749997 0.5606029296874999 0.403315553125 0.4826682375 0.397865828125 0.4805597828125 0.4000189578125 0.3966199 0.396449878125 0.39451144375 0.3986030078125 0.2326368703125 0.3895842015625 0.23052841562499998 0.3917373328125 0.2287401359375 0.389311715625 0.17581404218750002 0.390211896875 0.16428392812499998 0.387105065625 0.13084150625 0.389367678125 0.1271048609375 0.38680581875 0.076287221875 0.3855528703125 0.069067715625 0.390799453125 0.0674004375 0.428642228125 0.0709769953125 0.433493459375 0.16060189062500002 0.43976064375 0.162710346875 0.4376075140625 0.43401366562500004 0.4496771875 0.4361221203125 0.44752405624999997 0.613903809375 0.4530540625 0.657728421875 0.44231517187499997 0.6791604609374999 0.44381384687500003
0 0.4885170796875 0.566216240625 0.492573903125 0.5641993546874999 0.5685602265624999 0.5695128359375 0.59031244375 0.566432765625 0.5987462671875 0.5578202453125 0.619190471875 0.5454464390625 0.6513248796875 0.533890090625 0.65659601875 0.528507265625 0.6586771703125 0.4987454171875 0.6559947515625 0.49510699375 0.646252915625 0.494425778125 0.5982113921875001 0.509470928125 0.564768971875 0.5117335390625 0.44575847812499997 0.5057120828125 0.443650021875 0.5078652124999999 0.2972022984375 0.502225725 0.2950938421875 0.50437885625 0.0687630609375 0.4931534 0.063652009375 0.4962468515625 0.0615044671875 0.5409577453125001 0.06313265625 0.545672734375 0.14691245 0.5515311875 0.14902090625 0.5493780593750001 0.33622425312500004 0.5601680250000001 0.33833270937500004 0.5580148953124999 0.48267197656249994 0.5658075124999999 0.4847804328125 0.56365438125 0.4885170796875 0.566216240625
0 0.26992515625 0.500318321875 0.2720336125 0.498165190625 0.3226911625 0.5017075125 0.3247996171875 0.49955438281250003 0.57856763125 0.5103978687499999 0.6061649499999999 0.5077265265625 0.656154840625 0.492817621875 0.6619062453125 0.4805666765625 0.6631869546875 0.46225169375 0.6621991171875 0.4483792125 0.6556199656249999 0.444468303125 0.61780054375 0.4533265484375 0.5905234015625 0.4514191453125 0.5668228171874999 0.4543629734375 0.221161365625 0.44169480781250003 0.219052909375 0.4438479359375 0.07276527499999999 0.43591907656249995 0.0653856796875 0.44345503124999996 0.063398225 0.4858765515625 0.06502641406250001 0.490591540625 0.139064371875 0.4957687796875 0.14117282656250002 0.49361565 0.2035205796875 0.49797542968749997 0.2056290359375 0.49582229843750003 0.2601833203125 0.49963710624999996 0.2622917765625 0.4974839765625 0.26992515625 0.500318321875
0 0.58524421875 0.6949101359375 0.5986290046875 0.6854935375 0.604259409375 0.6329742031250001 0.6165899671874999 0.6246341703125 0.6170702328125001 0.61776605 0.624449828125 0.610230096875 0.6434532359375 0.618460646875 0.6515004890625 0.62937591875 0.6510202234375 0.6362440375 0.6537026421875 0.6398824624999999 0.65881369375 0.6367890093749999 0.6648970578125 0.5497928375 0.6604263609375 0.5437287984375 0.64857606875 0.5452007125 0.5878838109375 0.573164640625 0.30683865625 0.5604137515625001 0.3047302 0.5625668796875 0.302941921875 0.560141265625 0.263974575 0.557416403125 0.2618661203125 0.55956953125 0.06297256875 0.54796210625 0.056740896875 0.5670811687499999 0.0552337078125 0.602634571875 0.052605900000000004 0.6542135859375 0.056916507812499996 0.662566996875 0.2324296515625 0.6725395062499999 0.2345381078125 0.670386375 0.2382747546875 0.672948234375 0.2462283109375 0.671203834375 0.5733939265625 0.69638205 0.58524421875 0.6949101359375
0 0.263552659375 0.7874436421875 0.2656611140625 0.7852905109375 0.4117886609375 0.7955087453125 0.4138971171875 0.7933556140625 0.41763376250000006 0.795917475 0.4294840546875 0.7944455593749999 0.43322070156250003 0.79700741875 0.441174259375 0.7952630187499999 0.5834050703125 0.805208765625 0.6346756703125 0.7719848765624999 0.6539055578124999 0.7629770078125 0.6561741015625 0.7585345046875 0.6583880375 0.6988745656249999 0.6563459734375 0.68607865 0.6332857421875 0.6798649875 0.6211152734375001 0.6859156468750001 0.6179525890625001 0.689145340625 0.6150709953125 0.7303540546875 0.6103738187500001 0.7415284328125 0.6052627671875 0.744621884375 0.5986836140625 0.740710975 0.5955873234375 0.7289916234375 0.5969344234375 0.69572759375 0.5891409546874999 0.695182621875 0.5849240421874999 0.69948888125 0.57307375 0.7009607953125 0.5126743640625 0.6967372593750001 0.5105659078125 0.6988903890625 0.49903579374999996 0.6957835578125 0.44400124375 0.6988368703125001 0.381653490625 0.694477090625 0.379545034375 0.69663021875 0.3758083890625 0.6940683609375 0.3659064640625 0.6956765171875 0.05627615312499999 0.6717244906250001 0.0427312796875 0.683430459375 0.037542053125 0.771639440625 0.0393303328125 0.77406505625 0.0841427796875 0.7771986484375 0.0862512359375 0.77504551875 0.095832984375 0.7780161062500001 0.0979414390625 0.7758629781249999 0.25381082187500004 0.7867624265625001 0.25591927812500004 0.7846092953125 0.263552659375 0.7874436421875
0 0.650996659375 0.7765770015625 0.6495285578125001 0.7695726406250001 0.6447376828125 0.768087346875 0.6161798328125 0.7844949265625 0.591358628125 0.8034643656249999 0.5793482484375 0.8072256531249999 0.530639065625 0.803819575 0.49719664531249996 0.8060821875 0.49151163125 0.8033840859374999 0.48745480781249995 0.805400971875 0.39198481093750004 0.7987250593749999 0.3780260625 0.802350103125 0.34880055312499997 0.8003064562500001 0.347012275 0.7978808421875 0.34490381875 0.8000339703125 0.3411671734375 0.7974721125 0.3390587171875 0.799625240625 0.31389003125000003 0.795564709375 0.2981430046875 0.7967641359375001 0.040958521875 0.7787800453125 0.0356873828125 0.7841628703125 0.033219662500000004 0.8334525109375001 0.0367962203125 0.8383037421875 0.4225729421875 0.8652798796875001 0.42468139843749997 0.8631267484375 0.5709690328125 0.871055609375 0.5998470609375001 0.8500692828125 0.6209316203124999 0.828537984375 0.646486875 0.8130707265625 0.650996659375 0.7765770015625
0 0.48833716562499996 0.8767802625 0.48654888593749995 0.8743546468750001 0.44368480625 0.8713572984375 0.44157634999999995 0.8735104281250001 0.1592231828125 0.8514658046875001 0.1493212578125 0.8530739609375001 0.147532978125 0.8506483453125 0.07739175625 0.84574359375 0.075603478125 0.8433179765625001 0.06180481718750001 0.8446536484375 0.0561198046875 0.8419555453124999 0.0423211453125 0.8432912171875 0.0370500046875 0.8486740421875 0.034234803125000005 0.874933709375 0.031446906250000004 0.9288020953125 0.0357575140625 0.9371555078125 0.53632781875 0.9744593609375001 0.541919134375 0.9644977921875 0.559692703125 0.8783190765625 0.5531135515625001 0.8744081671874999 0.5312012453125 0.8797776109375001 0.48833716562499996 0.8767802625
0 0.535520790625 1 0.5367416921875 0.9825402875 0.53211090625 0.9787656203124999 0.03332888125 0.9438873843750001 0.0317279953125 0.9667811140625 0.484675571875 1 0.535520790625 1