0 0.162251259375 0 0.159956590625 0.016327410937500002 0.164473371875 0.024851481249999998 0.436542596875 0.061115996875 0.4396164546875 0.05957568125 0.6525711203125 0.0895045078125 0.655644978125 0.08796419062500001 0.8069548718749999 0.109229409375 0.8094850843750001 0.11155732656249999 0.814095871875 0.1092468515625 0.8219787234375 0.0531574484375 0.8161968359375 0.0434694203125 0.49229379375000004 0 0.162251259375 0
0 0.8078439546875 0.15373155 0.8099347234375 0.11852363749999999 0.798548765625 0.10804800781249999 0.6021344890625 0.0824161 0.59906063125 0.0839564171875 0.40011614062499995 0.055996592187500006 0.3970422828125 0.057536909375 0.3917100359375 0.05481519218749999 0.3858341421875 0.0559617078125 0.1588693015625 0.0240638796875 0.15036918906250002 0.033717025 0.146741490625 0.0696950953125 0.1489998828125 0.0739571296875 0.507660371875 0.12436357499999999 0.5107342296875 0.1228232578125 0.7320950015625 0.1539334859375 0.7351688578125 0.15239316875 0.785605490625 0.159481575 0.8018740546875 0.1657126109375 0.8095587 0.16186181875 0.8103741671875 0.1560594671875 0.8078439546875 0.15373155
0 0.706876684375 0.1503892828125 0.703802828125 0.1519296 0.420797284375 0.11215576406250001 0.41772342812499996 0.11369608125 0.1375199203125 0.074316046875 0.13290913437500002 0.07662652187499999 0.130096903125 0.10680224062499999 0.129731075 0.119570903125 0.1360566046875 0.12539069687499999 0.7978805296875 0.21445934531250002 0.802491315625 0.21214886875 0.8073841203125 0.17733475781250002 0.7962699859375 0.1649250109375 0.788135703125 0.16180949218750001 0.7236888953125 0.152752084375 0.7206150390625 0.1542924015625 0.706876684375 0.1503892828125
0 0.7040338687500001 0.2722735578125 0.70656408125 0.274601475 0.7205742578125001 0.276570478125 0.7264501484375 0.2754239609375 0.7289803609375001 0.277751878125 0.7710108875 0.283658884375 0.7874572703125 0.29879034843749996 0.79197405 0.30731441875 0.7985714046875 0.3112000953125 0.8031821890625 0.3088896203125 0.8121523312500001 0.2450637484375 0.8096221187499999 0.24273583125 0.8117966984375 0.2272628921875 0.79507849375 0.21406554375 0.7920046359375 0.2156058609375 0.7866723890625 0.21288414375000003 0.7807964953125001 0.21403065937500002 0.5510296203125 0.18173903125 0.5479557609375 0.1832793484375 0.19182548593749998 0.135200821875 0.1887516265625 0.13674113906250002 0.1301807140625 0.12653721406250001 0.119694034375 0.12999420625 0.1133481109375 0.18531345 0.12346896249999999 0.1946251203125 0.3224134515625 0.2225849453125 0.3254873109375 0.22104462812499998 0.3644439796875 0.22849195 0.3675178375 0.226951634375 0.6056908187500001 0.2604246625 0.608764675 0.258884346875 0.614096921875 0.26160606406250003 0.628378921875 0.2616409484375 0.7040338687500001 0.2722735578125
0 0.42010865624999993 0.2797061390625 0.46521303906249994 0.284072828125 0.4733473234375 0.28718834531250004 0.47642118125 0.2856480296875 0.7512924390625 0.3223063453125 0.7538226531250001 0.3246342640625 0.7790409687500001 0.3281784671875 0.8000041296875 0.3518340015625 0.8078665921875 0.3568836375 0.8073229468750001 0.360751871875 0.8247626125 0.3789814125 0.838950603125 0.3898508421875 0.8563064593749999 0.388345409375 0.8639911031249999 0.3844946171875 0.8714979296875001 0.371743396875 0.8697831859375 0.363613128125 0.8657160453125 0.36205536875 0.862098540625 0.36746392031249997 0.84194065 0.3685755515625 0.8280244812499999 0.35577200468750003 0.8285681265625 0.3519037703125 0.8133868515625 0.3379362640625 0.8114002843750001 0.3317401125 0.8012794328125 0.322428440625 0.799292865625 0.3162322890625 0.782125021875 0.29606863125 0.770739065625 0.2855930015625 0.7626047812500001 0.28247748281249996 0.759530925 0.2840178 0.7541986765625001 0.28129608125 0.7401885015625 0.2793270796875 0.73711464375 0.280867396875 0.7317823953125 0.278145678125 0.38125618906250003 0.23085475312499998 0.3781823328125 0.2323950703125 0.29131924531250003 0.220187259375 0.2882453875 0.22172757656250003 0.28291313906250004 0.21900585781249998 0.26890296406249997 0.21703685625000002 0.2658291078125 0.2185771734375 0.2576948234375 0.21546165468749998 0.243412825 0.2154267703125 0.22967447187499998 0.2115236515625 0.22099654531250001 0.2122763671875 0.21566429843749998 0.20955465 0.111989 0.1949840359375 0.107106390625 0.1992286296875 0.1040223375 0.231338465625 0.106280728125 0.23560050000000002 0.32764150000000003 0.26671072812499996 0.33071535625 0.2651704109375 0.350329603125 0.26792701406249997 0.3528598140625 0.27025493125 0.3643397765625 0.269896015625 0.3979641984375 0.27462161875 0.40049441249999995 0.2769495375 0.4091723390625 0.2761968203125 0.42010865624999993 0.2797061390625
0 0.8610848671875001 0.42550488125 0.8565680859375 0.41698081093750006 0.7790409687500001 0.3281784671875 0.7538226531250001 0.3246342640625 0.7512924390625 0.3223063453125 0.7148659859375 0.31718694062499997 0.70618805625 0.3179396578125 0.7036578437500001 0.3156117390625 0.7005839859375 0.31715205625 0.4876293203125 0.2872232296875 0.48455546250000003 0.288763546875 0.479223215625 0.28604182968749997 0.4733473234375 0.28718834531250004 0.106280728125 0.23560050000000002 0.1016699421875 0.237910975 0.1002168234375 0.2584161078125 0.1078074609375 0.2653998609375 0.12127399218749998 0.271237096875 0.1633045171875 0.27714410312500004 0.166378375 0.2756037859375 0.7578795984375 0.3567615421875 0.796826071875 0.3947783828125 0.8374872906249999 0.44092549375 0.8484236078125 0.44443481250000005 0.8589102875 0.4409778203125 0.8610848671875001 0.42550488125
0 0.8217317812499999 0.5225347796875 0.82445000625 0.50319360625 0.827523865625 0.5016532890625001 0.826080940625 0.4915889015625 0.833148325 0.44130185156249996 0.8308899359374999 0.4370398171875 0.784175009375 0.3831387953125 0.7576077765625 0.35869565937500003 0.7494734937499999 0.355580140625 0.104189959375 0.2708084125 0.09957917187500001 0.2731188875 0.0877968 0.36712047812500004 0.097645828125 0.37836626562500003 0.10578011093749999 0.381481784375 0.6942074781249999 0.4641798578125 0.6972813359375001 0.462639540625 0.716623759375 0.46733026093749996 0.719697615625 0.46578994375000005 0.74491593125 0.46933414687499997 0.761184496875 0.4755651828125 0.8145907843750001 0.5225173375 0.8217317812499999 0.5225347796875
0 0.476339615625 0.53020418125 0.7338550203125 0.5683679296874999 0.7703652875 0.5932223078125001 0.7751538906250001 0.5998122609375 0.783288171875 0.6029277796875 0.8111205109374999 0.6285348734375 0.8213353671875 0.6270119984375 0.832208265625 0.54964730625 0.8203726687499999 0.532205365625 0.7877517296875001 0.50000831875 0.7555804265625 0.47477758281250004 0.08842425625 0.3829872171875 0.0807396125 0.386838009375 0.070316353125 0.4711690125 0.0781788125 0.47621864843750006 0.08965877343749999 0.4758597328125 0.094991021875 0.4785814515625 0.1090011984375 0.48055045312500005 0.11207505625 0.47901013593749997 0.117407303125 0.481731853125 0.123283196875 0.4805853375 0.47073554531250006 0.5294165796875 0.47380940312500003 0.5278762625 0.476339615625 0.53020418125
0 0.8133483140625 0.724505465625 0.8147074265625 0.7148348796875 0.8177812843750001 0.7132945625 0.819872053125 0.67808665 0.817341840625 0.6757587328125 0.8219628234374999 0.6428787375 0.7906069875 0.61184565 0.7521101531250001 0.58079511875 0.733583196875 0.570302046875 0.576669234375 0.548249228125 0.5741390203125001 0.5459213109375 0.5598570234375 0.5458864265625001 0.5545247765625 0.5431647078124999 0.077906990625 0.478152765625 0.069406878125 0.48780591093750003 0.060614553125000005 0.5605322109374999 0.065131334375 0.5690562796874999 0.5610915421875 0.6387589421875 0.56362175625 0.641086859375 0.5694976484375001 0.6399403421875001 0.6031220687500001 0.644665946875 0.6056522828124999 0.646993865625 0.71493165 0.662352078125 0.738790853125 0.67556686875 0.8031334593749999 0.726028340625 0.8133483140625 0.724505465625
0 0.1985213375 0.6568342046875 0.2066556203125 0.6599497234375 0.2209376171875 0.6599846078125 0.2290719015625 0.6631001249999999 0.24335389843750002 0.663135009375 0.25148818125 0.666250528125 0.26549835625 0.6682195296875 0.2685722140625 0.6666792125 0.2739044625 0.66940093125 0.4840570921875 0.6989359578125 0.48658730625 0.701263875 0.6603134796875 0.725679496875 0.6628436921875 0.7280074140624999 0.6799277265625 0.7284360984375 0.6824579390625 0.7307640171875 0.716082359375 0.7354896203125 0.7315354578125 0.7475230093749999 0.7648880546875 0.75418273125 0.7783545859375 0.7600199671875 0.78395865625 0.76080756875 0.7949889796875 0.753482340625 0.79879449375 0.7264046984375 0.7798179000000001 0.7089453156250001 0.7483680578125 0.6887467734375 0.7174618625 0.664679996875 0.37841561874999996 0.6170301546875 0.37588540625 0.6147022359375 0.372811546875 0.616242553125 0.36187522968749997 0.612733234375 0.3478650546875 0.6107642328125 0.34479119687500004 0.61230455 0.342260984375 0.60997663125 0.328250809375 0.6080076296875 0.3251769515625 0.609547946875 0.3114386 0.605644828125 0.30556270625000004 0.6067913453125 0.22150165312499998 0.594977334375 0.21897144062499999 0.5926494171875001 0.215897584375 0.594189734375 0.13183653125 0.5823757234375 0.12930631875 0.58004780625 0.1234304265625 0.581194321875 0.10969207343750001 0.5772912031249999 0.0870039703125 0.5760749171875 0.08447375781250001 0.573747 0.0630507609375 0.5736946734374999 0.059433257812499994 0.579103225 0.05770831875 0.601542475 0.055167909375000004 0.6297840765625 0.0612216171875 0.6375379875 0.1396786 0.648564396875 0.14220881406250002 0.6508923140625 0.1452826703125 0.6493519984375 0.15929284531250001 0.651321 0.1618230578125 0.6536489171875 0.17610505625 0.6536838015625 0.1842393390625 0.6567993203125 0.1985213375 0.6568342046875
0 0.581856496875 0.7146530859375 0.0637518296875 0.6398659046875 0.053536975 0.6413887796875 0.04901 0.6634342281250001 0.053798601562500006 0.67002418125 0.3143878640625 0.7066476140625 0.31691807656250004 0.70897553125 0.700525059375 0.764860296875 0.7067667796875 0.7509451171875 0.716260175 0.7443900484375 0.7168038203125 0.7405218140625001 0.7104782875 0.7347020203125 0.5843867109375 0.7169810046875 0.581856496875 0.7146530859375
0 0.64448435625 0.7569842890625 0.3754889890625 0.71917945625 0.3729587765625 0.7168515390625 0.227252953125 0.6963739203125 0.224179096875 0.6979142375 0.21016892031249998 0.6959452359375 0.2076387078125 0.6936173171875 0.05072474375 0.6715644984375 0.04611395625 0.6738749734375 0.0441171953125 0.698248340625 0.06598983124999999 0.7052669781249999 0.693373865625 0.7954123734375 0.7010585078125 0.79156158125 0.701602153125 0.787693346875 0.699071940625 0.785365428125 0.70151834375 0.7679583734375 0.6865148828125001 0.7628912953125 0.680638990625 0.7640378109375 0.6470145703125 0.7593122078125 0.64448435625 0.7569842890625
0 0.6859406531250001 0.8584680859375 0.6940953265625 0.8004445671875 0.6451956234375 0.7925860015625 0.6426654109375 0.790258084375 0.0461037625 0.7044444921874999 0.038690940624999996 0.7063611671875 0.034801615625 0.7137038375 0.0311739171875 0.7496819078125 0.0310799109375 0.7605164531249999 0.040207478125 0.766730046875 0.0794359703125 0.772243253125 0.0819661828125 0.7745711703125 0.3201391640625 0.8080442 0.3226693765625 0.8103721171875 0.34255544375 0.8111946031249999 0.34508565625 0.8135225203124999 0.68105804375 0.8627126796875 0.6859406531250001 0.8584680859375
0 0.5906408734374999 0.93678743125 0.691514134375 0.95096424375 0.7105847359374999 0.9575890812500001 0.728933875 0.959181725 0.7294775203125 0.9553134906249999 0.721165421875 0.94329754375 0.6936887140625 0.93549130625 0.6769705109374999 0.9222939578125 0.6796887359375 0.9029527843749999 0.6705611671875 0.8967391906250001 0.63495018125 0.8858174343749999 0.6262722515625 0.8865701500000001 0.5870437609375 0.8810569453125 0.5845135499999999 0.878729028125 0.5396809890625 0.872428221875 0.537150775 0.8701003046875 0.5256708125 0.8704592203124999 0.4222673375 0.8539544906250001 0.4187438421875 0.848528496875 0.42489155624999997 0.8454478625 0.4254352 0.841579628125 0.41206267499999993 0.8249078453124999 0.02845569375 0.7690230812500001 0.02384490625 0.77133355625 0.022119965624999998 0.7937728046875 0.0165895109375 0.8432896968750001 0.025445254687500002 0.851437409375 0.2745545546875 0.8884197578125 0.27708476718749997 0.8907476750000001 0.2829606578125 0.8896011578125 0.28829290625000004 0.8923228765625 0.5684964140625001 0.9317029109374999 0.5710266265625 0.9340308296875 0.5881106609375 0.9344595140624999 0.5906408734374999 0.93678743125
0 0.7733970796875 1 0.77412206875 0.9832833859375001 0.765266325 0.975135675 0.6775039609375 0.9489952421875 0.6492117875 0.9469913562500001 0.6466815734375 0.9446634390625 0.055452173437499995 0.861571565625 0.0417138203125 0.8576684453125001 0.0386399625 0.8592087625 0.0174887890625 0.8572223187500001 0.0138712859375 0.8626308703125 0.015586031249999998 0.8707611406250001 0.0088946703125 0.8777100093750001 0.0098879546875 0.880808084375 0.0169349484375 0.8916600734375001 0.028414909375000002 0.89130115625 0.0393512296875 0.8948104750000001 0.0424250859375 0.8932701578125 0.10687189374999999 0.9023275671875 0.10994575 0.9007872499999999 0.6647486953125 0.9787597187499999 0.708493965625 0.9927969937500001 0.7232655078125 1 0.7733970796875 1
0 0.7108762859375 1 0.6967421828125 0.9950900265625 0.6754131906249999 0.9842031546875001 0.6448626281250001 0.9779372328125 0.6423324140625 0.975609315625 0.6087079937500001 0.9708837109375 0.6056341375 0.972424028125 0.5748117500000001 0.968092225 0.5722815390625 0.9657643078125 0.5582713625 0.9637953046875 0.5551975046875001 0.965335621875 0.5498652578125001 0.9626139046875 0.5439893640625 0.9637604203125001 0.538657115625 0.961038703125 0.535583259375 0.9625790203125 0.24977568125 0.922411384375 0.24670182343749997 0.9239517015625 0.23856754218749998 0.9208361828125 0.235493684375 0.9223765 0.0166631265625 0.8935941906249999 0.008706659375 0.8993791 0.0050789609375 0.9353571703125001 0.465036590625 1 0.7108762859375 1