0 0.22098310312499997 0.1839918796875 0.27762080624999996 0.1750698515625 0.27996804062499997 0.1728138546875 0.3084059046875 0.1693221234375 0.3107531390625 0.1670661265625 0.3518792796875 0.1600486796875 0.354226515625 0.1577926828125 0.4468198375 0.1424880671875 0.449167071875 0.1402320703125 0.4724344171875 0.1373752 0.47478165156249996 0.135119203125 0.5058047765625 0.1313100421875 0.5081520109375 0.1290540453125 0.5314193546875 0.126197175 0.5337665890625 0.12394117812500001 0.5622044546875 0.120449446875 0.5645516890625 0.11819345 0.639048190625 0.10511084374999999 0.6425690390625001 0.10172685 0.637332465625 0.0590783828125 0.63920365 0.0529452515625 0.6349687187499999 0.050513546875 0.601360334375 0.0546401375 0.5990131 0.056896134375 0.550131178125 0.06486587187500001 0.5477839421875 0.06712186875000001 0.5219313390625 0.07029617031249999 0.5195841046874999 0.0725521671875 0.49890202187500005 0.0750916078125 0.49655478750000004 0.0773476046875 0.44767286406249995 0.0853173421875 0.445325628125 0.0875733390625 0.42722880625000004 0.08979535 0.42488157187500003 0.0920513453125 0.39902896718749997 0.095225646875 0.39668173281249997 0.09748164375 0.37082912968750004 0.10065594375 0.36848189531250003 0.102911940625 0.350385071875 0.10513395156250001 0.3480378375 0.10738994843750001 0.319599971875 0.1108816796875 0.3172527375 0.11313767500000001 0.2939853953125 0.11599454687499999 0.2916381609375 0.1182505421875 0.26578555625 0.12142484375 0.26343832031250003 0.123680840625 0.2427562375 0.12622028125 0.2404090015625 0.128476278125 0.165912503125 0.1415588828125 0.14570647187500002 0.14797545781250002 0.109512825 0.152419478125 0.107165590625 0.154675475 0.0890687671875 0.1568974859375 0.08672153437499999 0.15915348125 0.017395554687500002 0.17160122656250001 0.0112894421875 0.17530265312499999 0.01746160625 0.2148845546875 0.0259314640625 0.219747965625 0.0282787 0.21749196875000001 0.054131303124999995 0.2143176671875 0.0564785390625 0.2120616703125 0.07716062343749999 0.20952222968749998 0.07950785625 0.20726623281249998 0.21863586875 0.1862478765625 0.22098310312499997 0.1839918796875
0 0.1021106625 0.23105615781250002 0.10047750625 0.23912785468750003 0.1072976953125 0.24124212968749997 0.1122301890625 0.23866870312500002 0.1843794578125 0.2278420953125 0.186726690625 0.2255860984375 0.20999403437500003 0.222729228125 0.2123412703125 0.2204732296875 0.28966105625 0.2090117625 0.292008290625 0.206755765625 0.315275634375 0.20389889375 0.3176228703125 0.201642896875 0.353816515625 0.1971988765625 0.35616375 0.1949428796875 0.384601615625 0.1914511484375 0.38694885 0.1891951515625 0.423142496875 0.18475113125 0.4254897296875 0.182495134375 0.45134233281249997 0.179320834375 0.45368956718750003 0.1770648375 0.4898832140625 0.172620815625 0.4922304484375 0.17036481875 0.5796532515624999 0.1556950640625 0.5820004859375 0.1534390671875 0.6463939703125 0.1435647484375 0.64874120625 0.1413087515625 0.6745938109375 0.13813445156249998 0.6769410437500001 0.13587845468749998 0.7284082265625 0.1275912859375 0.733340721875 0.125017859375 0.7304678953125 0.0909342265625 0.698033128125 0.0939328203125 0.6956858921875 0.0961888171875 0.6775890687499999 0.0984108265625 0.6752418359375 0.1006668234375 0.6571450125 0.102888834375 0.6547977765625 0.10514483125 0.6442187109375 0.10447598437500001 0.639286215625 0.1070494109375 0.6056778296875 0.1111760015625 0.6033305953125 0.1134319984375 0.48512269375 0.1338494828125 0.482775459375 0.1361054796875 0.459508115625 0.13896234999999998 0.4571608796875 0.14121834687499998 0.3671528171875 0.1562055328125 0.3648055828125 0.1584615296875 0.34412349999999997 0.16100096875 0.34177626562499996 0.163256965625 0.27479752031250004 0.1734487140625 0.2724502859375 0.1757047109375 0.24659767968750002 0.1788790125 0.2442504453125 0.181135009375 0.22098310312499997 0.1839918796875 0.21863586875 0.1862478765625 0.1850274828125 0.1903744671875 0.1826802484375 0.1926304640625 0.1490718609375 0.1967570546875 0.1467246296875 0.1990130515625 0.11570150312500001 0.20282221250000002 0.11335426875000001 0.20507820937500001 0.0748133875 0.21177822656249998 0.0750514140625 0.21371679375000002 0.087042125 0.21519620781249998 0.09010343750000001 0.2187559109375 0.08964389843750001 0.22569960937500003 0.0934027765625 0.22425418125 0.092212646875 0.21456134843750002 0.09479790625 0.21424391874999998 0.09598803593750001 0.2239367515625 0.1021106625 0.23105615781250002
0 0.2946265765625 0.22807999843750001 0.2969738125 0.22582400156250002 0.32541167656250003 0.222332271875 0.3277589109375 0.220076275 0.4332785375 0.2031845078125 0.435625771875 0.2009285109375 0.4563078546875 0.1983890703125 0.45865508750000006 0.196133075 0.5615894546875 0.1795587375 0.5639366906250001 0.177302740625 0.5820335125 0.17508073125 0.584380746875 0.172824734375 0.6309154343750001 0.1671109921875 0.6332626703125 0.1648549953125 0.6668710546875001 0.1607284046875 0.6692182890625 0.1584724078125 0.697656153125 0.154980678125 0.7000033875 0.15272468125 0.774737915625 0.1415806421875 0.77708515 0.1393246453125 0.7874261890625001 0.138054925 0.7909470421875 0.1346709296875 0.789280859375 0.12110096249999999 0.7850459296875 0.1186692578125 0.7232377062500001 0.128226146875 0.720890471875 0.13048214375 0.69245260625 0.1339738734375 0.690105371875 0.1362298703125 0.5975120484375 0.15153448593750002 0.5951648140625 0.15379048281250002 0.5615564296875 0.1579170734375 0.55920919375 0.1601730703125 0.525600809375 0.1642996625 0.523253575 0.16655565781249998 0.4588600890625 0.17642997656249998 0.456512853125 0.17868597343749998 0.428074990625 0.1821777046875 0.42572775625 0.1844337015625 0.38694885 0.1891951515625 0.384601615625 0.1914511484375 0.2971788125 0.20612090468750002 0.294831578125 0.20837690156250002 0.263808453125 0.2121860625 0.26146121875 0.214442059375 0.1251564921875 0.23708155312499998 0.12280925937500001 0.23933754999999998 0.10471243593749999 0.241559559375 0.1023652015625 0.24381555625 0.058415771875 0.24921186875 0.048550784375 0.25435872187499997 0.027630675 0.2549595953125 0.0292968578125 0.26852956250000004 0.0321201421875 0.2701506984375 0.06314326875000001 0.2663415375 0.065490503125 0.2640855421875 0.07089905156250001 0.2653892484375 0.0732462828125 0.2631332515625 0.155736590625 0.25103692187500004 0.1580838265625 0.248780925 0.2946265765625 0.22807999843750001
0 0.19641970625 0.2617840046875 0.1987669421875 0.2595280078125 0.23496058749999998 0.2550839875 0.237307821875 0.252827990625 0.2838425109375 0.24711425 0.28618974375 0.244858253125 0.314627609375 0.241366521875 0.31697484375 0.239110525 0.4561028546875 0.21809216875 0.45845008906249995 0.215836171875 0.5357698765625 0.204374703125 0.5381171109375 0.20211870625 0.60509585625 0.1919269578125 0.6074430921875 0.1896709609375 0.6384662171875 0.18586180000000002 0.64081345 0.18360580312500002 0.7874592171875 0.1596965890625 0.7909800687499999 0.15631259375 0.7890758609375 0.140804059375 0.7025886484375 0.15240725156249998 0.7002414140625 0.154663246875 0.6358479296875 0.164537565625 0.6335006953125 0.1667935625 0.5869660062500001 0.1725073046875 0.5846187734375 0.1747633 0.49202544843749996 0.1900679171875 0.48967821406249995 0.1923239140625 0.46124035 0.19581564375 0.4588931140625 0.198071640625 0.4304552515625 0.201563371875 0.42810801718749997 0.20381936875 0.3893291109375 0.20858081875 0.3869818765625 0.210836815625 0.36371453125 0.2136936859375 0.361367296875 0.2159496828125 0.29955907187499997 0.225506571875 0.2972118375 0.22776256875 0.255847671875 0.23284145 0.2535004359375 0.235097446875 0.21213626875 0.240176328125 0.20978903437500002 0.242432325 0.2043804875 0.2411286171875 0.20203325468750002 0.2433846140625 0.171010128125 0.247193775 0.16866289375000001 0.249449771875 0.13246924843750002 0.25389379375 0.13012201406249999 0.2561497890625 0.088757846875 0.2612286703125 0.0864106109375 0.2634846671875 0.06831378906249999 0.26570667812500004 0.0676162234375 0.270711809375 0.0704395109375 0.272332946875 0.066918659375 0.2757169421875 0.06009846875 0.2736026671875 0.061969651562500006 0.2674695359375 0.0579727484375 0.2669763984375 0.0457605234375 0.2743792484375 0.037528690625 0.27145440625 0.0340078390625 0.27483840000000004 0.0366096125 0.285341803125 0.0831443 0.27962806093750003 0.0854915359375 0.27737206406250003 0.0883148203125 0.27899320156249996 0.1012411234375 0.2774060515625 0.10358835625 0.2751500546875 0.1886639265625 0.2627362953125 0.19101116093749998 0.2604802984375 0.19641970625 0.2617840046875
0 0.20397048906249998 0.2805348125 0.2063177234375 0.278278815625 0.2269998078125 0.275739375 0.2293470421875 0.273483378125 0.28880803125 0.2661824859375 0.291155265625 0.2639264890625 0.3351046921875 0.258530178125 0.3374519265625 0.25627418125 0.404430671875 0.24608243281250003 0.40677790781249995 0.24382643593750003 0.489268215625 0.23173010781249997 0.49161545 0.22947411093749998 0.522638575 0.22566495 0.5249858093750001 0.223408953125 0.5715204953125 0.2176952125 0.57386773125 0.215439215625 0.617817159375 0.2100429046875 0.6201643921875 0.2077869078125 0.65118751875 0.203977746875 0.6535347515625001 0.20172175 0.7308545390625001 0.19026028125 0.7332017750000001 0.188004284375 0.7900775046875 0.181020821875 0.79359835625 0.17763682812499998 0.7916941468750001 0.16212829374999999 0.7874592171875 0.1596965890625 0.76936239375 0.1619186 0.767015159375 0.164174596875 0.6433987109375 0.18328837343749999 0.6410514765624999 0.18554437031249998 0.5381171109375 0.20211870625 0.5357698765625 0.204374703125 0.48664992968750004 0.2104058734375 0.48430269375 0.2126618703125 0.399227125 0.2250756296875 0.396879890625 0.2273316265625 0.36068624374999997 0.231775646875 0.3583390109375 0.23403164375 0.29136026406250004 0.24422339218750003 0.28901303125 0.24647938906250003 0.2476488640625 0.2515582703125 0.2453016296875 0.2538142671875 0.21169324375 0.2579408578125 0.209346009375 0.2601968546875 0.155055540625 0.2668628859375 0.15270830625 0.2691188828125 0.0394328984375 0.28696293906250003 0.035912046875 0.290346934375 0.0389898734375 0.30472747031249997 0.0648424765625 0.30155316875 0.0671897125 0.299297171875 0.0751835203125 0.3002834484375 0.1372297703125 0.2926651265625 0.13957700312500002 0.2904091296875 0.1783559109375 0.2856476796875 0.1807031453125 0.2833916828125 0.20397048906249998 0.2805348125
0 0.21363047812499997 0.29509105468749997 0.2420683421875 0.291599325 0.244415578125 0.289343328125 0.29353552656250004 0.28331215625 0.295882759375 0.281056159375 0.3346616671875 0.276294709375 0.3370089015625 0.2740387125 0.3757878078125 0.2692772609375 0.3781350421875 0.2670212640625 0.4169139484375 0.2622598125 0.4192611828125 0.2600038171875 0.47613691406249997 0.2530203546875 0.4784841484375 0.2507643578125 0.5095072734375 0.24695519687499998 0.51185450625 0.24469919999999998 0.522433575 0.245368046875 0.5247808093749999 0.24311205 0.5609744562500001 0.23866802968749998 0.563321690625 0.23641203281249998 0.5713154984375 0.237398309375 0.57366273125 0.2351423125 0.6227826796875 0.22911114062500001 0.6251299140625 0.22685514375000002 0.66649408125 0.22177626250000002 0.6688413140625 0.2195202671875 0.7179612640624999 0.21348909531250002 0.7203084984375 0.21123309843750002 0.7257170453125 0.21253680468749997 0.7280642796875 0.21028080781249997 0.7461611031250001 0.208058796875 0.7485083359375 0.20580280156250003 0.792457765625 0.2004064890625 0.7959786156249999 0.19702249375 0.7940744078125 0.1815139609375 0.6998314140625 0.1940694421875 0.69748418125 0.1963254390625 0.6535347515625001 0.20172175 0.65118751875 0.203977746875 0.6175791328125 0.20810433750000001 0.6152318984375 0.210360334375 0.4401482671875 0.23776127812499998 0.4378010328125 0.24001727499999997 0.4041926453125 0.24414386718749997 0.4018454125 0.24639986249999998 0.2653026625 0.267100790625 0.2629554265625 0.2693567875 0.23710282187499998 0.2725310875 0.23475558749999997 0.274787084375 0.185635640625 0.28081825625 0.18328840625 0.2830742515625 0.1574358015625 0.28624855312499997 0.155088565625 0.28850454999999997 0.1470947578125 0.2875182734375 0.14216226406250002 0.2900917 0.08787179687499999 0.29675773125 0.08552456093750001 0.299013728125 0.0648424765625 0.30155316875 0.06249524375 0.30380916562500004 0.059671956250000005 0.3021880296875 0.057324721875 0.3044440265625 0.039227899999999996 0.3066660359375 0.037356715624999995 0.3127991671875 0.041370134375 0.3241131359375 0.0488878890625 0.3212222796875 0.056881696875 0.32220855625 0.0592289296875 0.319952559375 0.0876667953125 0.316460828125 0.09001403125 0.31420483125 0.21128324375 0.29734705156249996 0.21363047812499997 0.29509105468749997
0 0.192981421875 0.319272159375 0.2343455890625 0.314193278125 0.2366928234375 0.31193728125 0.3605472984375 0.29476207187500003 0.36289453125 0.29250607500000003 0.5046078031250001 0.2711702875 0.5069550375 0.268914290625 0.54573394375 0.264152840625 0.548081178125 0.26189684375 0.604956909375 0.25491338125 0.60730414375 0.252657384375 0.6512535703125 0.24726107343749998 0.6536008046874999 0.24500507656249998 0.6975502328125 0.23960876562500003 0.699897465625 0.23735276875000003 0.795314078125 0.22366929062500002 0.798596903125 0.218346728125 0.79645466875 0.200899628125 0.75626411875 0.2048505109375 0.7539168843749999 0.2071065078125 0.722893759375 0.21091566875 0.7205465234374999 0.213171665625 0.661085534375 0.22047255625 0.6587383 0.222728553125 0.5762479921875 0.2348248828125 0.57390075625 0.2370808796875 0.4192611828125 0.2600038171875 0.4169139484375 0.2622598125 0.3292531203125 0.2749910015625 0.3269058859375 0.2772469984375 0.2881269796875 0.28200845 0.2857797453125 0.284264446875 0.228904015625 0.2912479078125 0.22655678125 0.2935039046875 0.2032894375 0.296360775 0.20094220156249998 0.298616771875 0.146651734375 0.305282803125 0.14430449843749998 0.3075388 0.0951845515625 0.313569971875 0.092837315625 0.31582596875 0.082496275 0.31709568906249996 0.0796729875 0.315474553125 0.0773257546875 0.31773054843750004 0.054058409375000005 0.3205874203125 0.0557080796875 0.3233365546875 0.0521872265625 0.32672055 0.0444314453125 0.327672840625 0.0423222375 0.331867403125 0.0486828890625 0.3409253765625 0.1107291390625 0.3333070546875 0.11307637343750002 0.3310510578125 0.1725373640625 0.3237501671875 0.1748846 0.3214941703125 0.1878109015625 0.31990702031249996 0.1906341875 0.32152815625 0.192981421875 0.319272159375
0 0.338708109375 0.3092503421875 0.34105534375 0.3069943453125 0.40051633437499995 0.29969345468749997 0.40286356874999996 0.2974374578125 0.5215475234375 0.2808971078125 0.5238947578125 0.2786411109375 0.59628205 0.26975306875 0.5986292843750001 0.267497071875 0.637408190625 0.262735621875 0.6397554249999999 0.260479625 0.7584393796875 0.243939275 0.7607866140625 0.241683278125 0.7943949984375 0.2375566875 0.7979158515625 0.23417269218749998 0.796963746875 0.226418425 0.7360911125 0.2329087484375 0.73115861875 0.23548217500000002 0.7257500718750001 0.23417846875 0.7234028359375 0.236434465625 0.6691123671875 0.243100496875 0.6667651328125 0.24535649375 0.615059925 0.2517050953125 0.612712690625 0.2539610921875 0.5506664390625 0.26157941406249996 0.5483192046875 0.26383541093749996 0.5095402984375 0.2685968609375 0.5071930640625 0.2708528578125 0.40919119375 0.2848537671875 0.406843959375 0.2871097640625 0.3680650515625 0.29187121562499996 0.36571781875 0.29412721249999996 0.24186334375000001 0.311302421875 0.239516109375 0.31355841875 0.15937303593750002 0.32339875 0.15702580156249998 0.325654746875 0.11824689375 0.3304161984375 0.1158996609375 0.3326721953125 0.079706015625 0.337116215625 0.0773587796875 0.3393722125 0.059261956250000004 0.3415942234375 0.05643867031250001 0.3399730859375 0.0451620375 0.344309371875 0.047287759375 0.350935640625 0.050111045312500005 0.3525567765625 0.0940604734375 0.34716046562499997 0.09640770625 0.34490446874999997 0.1532834359375 0.3379210078125 0.155630671875 0.3356650109375 0.23295045937499997 0.32420354218749997 0.23529769374999998 0.32194754531249997 0.338708109375 0.3092503421875
0 0.392317528125 0.318410275 0.39466476093749997 0.316154278125 0.505592934375 0.30056621875 0.50794016875 0.298310221875 0.559645378125 0.2919616203125 0.5619926125 0.2897056234375 0.639550425 0.28018272187500004 0.641897659375 0.27792672500000004 0.680676565625 0.27316527343749997 0.6830238 0.27090927656249997 0.7605816140625 0.261386375 0.7629288484375001 0.259130378125 0.7965372328125 0.2550037875 0.8000580859375 0.25161979218749997 0.801453215625 0.241609528125 0.7969802609375 0.23723925625 0.7685423953125 0.24073098750000002 0.7661951593749999 0.24298698437500002 0.758201353125 0.2420007078125 0.7558541171875001 0.2442567046875 0.6423406843749999 0.2601621953125 0.6399934515625 0.262418190625 0.5908735015625 0.2684493625 0.5885262671875 0.270705359375 0.5161389765625 0.2795934015625 0.5137917421875 0.2818493984375 0.3951077890625 0.2983897484375 0.39276055312499997 0.3006457453125 0.33847008437500004 0.3073117765625 0.33612285000000003 0.3095677734375 0.20709785468750003 0.3273778421875 0.20475061874999997 0.3296338390625 0.1608011921875 0.3350301515625 0.1584539578125 0.337286146875 0.1504601515625 0.3362998703125 0.148112915625 0.3385558671875 0.11967505 0.3420475984375 0.1173278171875 0.3443035953125 0.047525784375000005 0.3528742078125 0.044004934375 0.3562582015625 0.0468447328125 0.3687001703125 0.04966801875 0.3703213078125 0.070350103125 0.3677818671875 0.0726973359375 0.3655258703125 0.114061503125 0.3604469890625 0.1164087390625 0.3581909921875 0.17586972812499999 0.3508901015625 0.1782169640625 0.348634103125 0.392317528125 0.318410275
0 0.21396758437500002 0.36195461406249996 0.2163148171875 0.35969861718749996 0.2809463296875 0.351762865625 0.2832935640625 0.34950686875 0.381533459375 0.337444525 0.38388069375 0.335188528125 0.43817116250000004 0.328522496875 0.4405183984375 0.3262665 0.6520337015625 0.29636010156250003 0.6543809359375 0.29410410468750003 0.713841925 0.2868032140625 0.716189159375 0.2845472171875 0.7446270265625 0.28105548593749996 0.7469742593750001 0.27879948906249996 0.75238280625 0.2801031953125 0.7573152999999999 0.27752976875 0.8012647296875001 0.2721334578125 0.8005341375 0.255496925 0.7577583265625 0.2597652390625 0.7554110921875 0.2620212359375 0.7500025453125 0.260717528125 0.7476553125 0.262973525 0.6856090609375001 0.27059184687500004 0.6832618265625 0.27284784375000004 0.6315566171875 0.2791964453125 0.6292093828125 0.2814524421875 0.556822090625 0.29034048437500004 0.5544748562499999 0.29259648125000004 0.5027696484375 0.29894508124999997 0.5004224140625 0.30120107812499997 0.44096142499999996 0.3085019703125 0.43861419062499996 0.3107579671875 0.36881215625 0.3193285796875 0.36646492343750003 0.32158457500000004 0.29149237031249997 0.330790046875 0.2891451359375 0.33304604375 0.23485466718749998 0.339712075 0.2325074328125 0.341968071875 0.1730464421875 0.3492689640625 0.1706992078125 0.3515249609375 0.0752825984375 0.365208440625 0.0729353625 0.3674644375 0.06494155625 0.36647816093749996 0.0602470875 0.370990153125 0.04966801875 0.3703213078125 0.04614716875 0.373705303125 0.0487489421875 0.3842087046875 0.051572228124999994 0.385829840625 0.0748395703125 0.3829729703125 0.07718680624999999 0.3807169734375 0.1392330578125 0.3730986515625 0.141580290625 0.3708426546875 0.2036265421875 0.363224334375 0.205973775 0.3609683375 0.21396758437500002 0.36195461406249996
0 0.5385532937499999 0.33390725468750004 0.540900528125 0.33165125781250004 0.644310946875 0.31895405625 0.6466581812500001 0.316698059375 0.7087044296875 0.3090797375 0.711051665625 0.306823740625 0.8015357812499999 0.29571368750000004 0.8074038671875 0.290073696875 0.8054996593749999 0.27456516249999996 0.8012647296875001 0.2721334578125 0.7418037390625 0.27943435 0.7394565046875 0.28169034531250003 0.7136039000000001 0.284864646875 0.711256665625 0.28712064375 0.649210415625 0.294738965625 0.6468631796875 0.2969949625 0.4198363140625 0.328805940625 0.41748907968750004 0.3310619375 0.2858788234375 0.34918943750000003 0.2835315890625 0.35144543437500003 0.20338851562500002 0.3612857671875 0.20104128124999998 0.3635417640625 0.149336071875 0.369890365625 0.1469888375 0.3721463625 0.0642605046875 0.38230412343750003 0.04781335 0.38727526874999996 0.050891176562499994 0.40165580468749995 0.053714462500000004 0.4032769421875 0.118345971875 0.395341190625 0.1206932078125 0.3930851921875 0.3761579390625 0.35778248281249997 0.3785051734375 0.35552648593749997 0.47157454843749996 0.344099003125 0.47392178281249997 0.34184300625 0.5385532937499999 0.33390725468750004
0 0.2081490359375 0.40005710156249996 0.2104962703125 0.39780110468749996 0.326832990625 0.3835167515625 0.329180225 0.3812607546875 0.34210652812500003 0.3796736046875 0.3449298140625 0.381294740625 0.34727704843749996 0.37903874375 0.3989822578125 0.3726901421875 0.40132949062499995 0.3704341453125 0.46079048125 0.3631332546875 0.4631377171875 0.3608772578125 0.5510365703125 0.3500846359375 0.5533838046875 0.3478286390625 0.5587923515625 0.34913234531250004 0.5611395859375 0.34687634843750004 0.6361121390625 0.3376708765625 0.6384593734374999 0.3354148796875 0.8010927546875 0.31347821875 0.8046136078125 0.31009422343750004 0.8029474249999999 0.29652425625 0.711051665625 0.306823740625 0.7087044296875 0.3090797375 0.6285613578125 0.31892006875 0.626214121875 0.321176065625 0.4584102203125 0.3437475875 0.4560629859375 0.346003584375 0.3500673078125 0.3590182171875 0.3477200734375 0.3612742140625 0.2830885640625 0.36920996562499997 0.2807413296875 0.37146596249999997 0.27791804375 0.36984482500000004 0.2755708078125 0.37210082187500004 0.10776690625 0.39467234375000004 0.10541967187500001 0.39692834062500004 0.058884984375000005 0.40264208124999995 0.055364131250000004 0.4060260765625 0.0579659046875 0.416529478125 0.060789192187499994 0.41815061406250004 0.1667848703125 0.4051359828125 0.169132103125 0.40287998593749996 0.1719553921875 0.404501121875 0.18205840625 0.40129283437499996 0.18488169375000002 0.402913971875 0.1898141859375 0.40034054531249996 0.2081490359375 0.40005710156249996
0 0.37714306875000003 0.3871784140625 0.48572400781249997 0.37384635 0.48807124375 0.371590353125 0.5656290562499999 0.36206745156250003 0.5679762890625 0.35981145468750003 0.5759700984375 0.36079773125000003 0.57831733125 0.35854173437500003 0.6507046234375 0.34965369218750003 0.6530518578125 0.347397696875 0.6558751453125 0.3490188328125 0.6608076390625001 0.34644540625000003 0.6662161859375 0.34774911249999996 0.668563421875 0.34549311562499996 0.7280244109375 0.3381922234375 0.7303716453125 0.335936228125 0.805344196875 0.3267307546875 0.805089659375 0.31397135625 0.7080233796875001 0.3249057015625 0.7056761453125 0.3271616984375 0.6074362484375 0.339224040625 0.6050890140625 0.3414800375 0.3392832421875 0.37805246718749996 0.33693600625000003 0.38030846406249996 0.12259741718749999 0.4085937265625 0.12025018125 0.41084972343750004 0.0633744515625 0.41783318437499994 0.05985359999999999 0.42121717968750005 0.0622173484375 0.429782015625 0.06504063437499999 0.43140315156250003 0.08055219687500001 0.42949857187499996 0.08289943125 0.427242575 0.09089324062500001 0.4282288515625 0.29489078750000003 0.401213309375 0.29723802187500004 0.3989573125 0.374795834375 0.3894344109375 0.37714306875000003 0.3871784140625
0 0.29938025625 0.41640441250000004 0.3017274921875 0.414148415625 0.4051379078125 0.40145121250000004 0.40748514374999995 0.399195215625 0.54708920625 0.3820539921875 0.5494364421875 0.3797979953125 0.6476763375 0.367735653125 0.650023571875 0.36547965625 0.7560192484375 0.3524650234375 0.758366484375 0.3502090265625 0.7611897703125 0.3518301640625 0.7635370046875 0.3495741671875 0.8074864312500001 0.34417785625 0.8105312328125001 0.3369167265625 0.8055822234375001 0.328669321875 0.8001736765624999 0.327365615625 0.79782644375 0.3296216125 0.7820768546875 0.3295876265625 0.7797296203124999 0.3318436234375 0.6375402953125 0.3493022765625 0.6351930609374999 0.3515582734375 0.6194434734375001 0.35152428750000003 0.6170962390625 0.35378028437500003 0.467389159375 0.37412979375 0.46504192499999997 0.376385790625 0.3512904640625 0.3903527140625 0.34894323125 0.3926087109375 0.27914119843749996 0.4011793234375 0.2767939640625 0.40343531875 0.0854846921875 0.42692514375 0.08313745781250001 0.429181140625 0.062455375 0.43172058125 0.0641215578125 0.4452905484375 0.06694484218749999 0.4469116859375 0.1703552609375 0.43421448281249997 0.17528775624999998 0.43164105625 0.178111040625 0.4332621921875 0.1804582765625 0.43100619531250006 0.291624475 0.417356703125 0.293971709375 0.41510070624999995 0.29938025625 0.41640441250000004
0 0.5903575828125 0.3924836453125 0.592704815625 0.3902276484375 0.7762583078125 0.3676901140625 0.7786055421875 0.3654341171875 0.789184609375 0.36610296249999996 0.79153184375 0.3638469671875 0.812213928125 0.3613075265625 0.8117213624999999 0.3466095609375 0.804901171875 0.3444952859375 0.7531959640625 0.3508438875 0.750848728125 0.353099884375 0.7327519062500001 0.35532189375 0.7299286203124999 0.3537007578125 0.727581384375 0.3559567546875 0.5235838359375 0.382972296875 0.5212366015625001 0.38522829375 0.3738767578125 0.40332180781250004 0.3715295234375 0.4055778046875 0.2500222828125 0.4204970171875 0.24767504843750002 0.42275301406250004 0.2422665015625 0.4214493078125 0.239919265625 0.4237053046875 0.066706815625 0.44497311875 0.06083873125 0.45061311093749995 0.06320247812499999 0.45917794531249995 0.066025765625 0.4607990828125 0.25474977656250003 0.4376266875 0.25709701093750004 0.435370690625 0.36309268906250003 0.4223560578125 0.3654399234375 0.42010006093749996 0.3786042515625 0.42045147812500006 0.3809514859375 0.41819548125 0.5903575828125 0.3924836453125
0 0.816686884375 0.365677796875 0.8096286671874999 0.36162495625 0.788946584375 0.364164396875 0.78659935 0.36642039375 0.770849759375 0.3663864078125 0.7685025249999999 0.368642403125 0.5875342953125 0.390862509375 0.5851870609375001 0.3931185046875 0.5797785140625 0.3918147984375 0.57743128125 0.3940707953125 0.38870726875 0.417243190625 0.386360034375 0.41949918750000004 0.23900018906249998 0.43759270156249996 0.23665295312499998 0.4398486984375 0.0634405046875 0.4611165125 0.052401896875 0.4673913640625 0.05500367187500001 0.477894765625 0.05782695624999999 0.479515903125 0.251721490625 0.4557086484375 0.254068725 0.45345265156250003 0.5100095078125 0.42202707500000003 0.5123567437500001 0.419771078125 0.8120089265624999 0.38101062343750003 0.8176389875 0.3734320640625 0.816686884375 0.365677796875
0 0.44493497031249996 0.44772735625 0.44728220468749996 0.44547135937500004 0.452690753125 0.44677506562499997 0.45762324843749996 0.4442016390625 0.4630317953125 0.4455053453125 0.4679642890625 0.44293191875 0.7420018953125 0.40928433125 0.7443491296875 0.4070283359375 0.8167364234375001 0.39814029375 0.820257275 0.39475629843750004 0.8188291187500001 0.3831248984375 0.8145941890625 0.3806931921875 0.6620638234375 0.3994215671875 0.6597165875 0.4016775640625 0.491674659375 0.42231051875 0.48932742500000004 0.42456651562500003 0.4839188765625 0.4232628078125 0.4709925765625 0.42484995937500003 0.468645340625 0.42710595625 0.46323679531249995 0.42580224843750003 0.3960200234375 0.43405543125 0.3936727890625 0.43631142812499996 0.390849503125 0.43469029062500003 0.38850226875 0.4369462875 0.1790961734375 0.4626581234375 0.1767489375 0.46491412031249996 0.1661698703125 0.46424527343750005 0.1638226359375 0.4665012703125 0.06041221875 0.4791984734375 0.0571293921875 0.484521034375 0.0587790609375 0.48727017031250003 0.060904784375 0.4938964375 0.07571878125 0.4969969890625 0.0806512765625 0.4944235625 0.1969879953125 0.480139209375 0.1993352296875 0.4778832125 0.21508481875 0.4779171984375 0.21743205312499997 0.47566120312500004 0.44493497031249996 0.44772735625
0 0.8232456921875 0.504585753125 0.8255929265624999 0.5023297578125 0.8162768843749999 0.4050839921875 0.811803928125 0.40071372031249997 0.576545228125 0.42959985625 0.57419799375 0.43185585312499997 0.5687894453125 0.43055214687500004 0.5586864312500001 0.4337604328125 0.5455221031249999 0.4334090171875 0.54317486875 0.43566501406249997 0.1194301828125 0.4896621109375 0.1170829484375 0.4919181078125 0.0705482609375 0.49763185 0.067265434375 0.5029544109375 0.068915103125 0.505703546875 0.08192397031250001 0.55822055625 0.084747259375 0.5598416921875 0.087603571875 0.5831044921874999 0.0942022484375 0.5941010328125 0.10102243749999999 0.5962153078125 0.8206769453125 0.515724015625 0.8241977968749999 0.5123400203124999 0.8232456921875 0.504585753125
0 0.4405707671875 0.6686559875 0.5155433171875 0.659450515625 0.5183666046875001 0.6610716531249999 0.5829981156249999 0.6531359015625 0.5858214015625001 0.6547570375 0.67372025625 0.643964415625 0.6765435421875 0.6455855515625 0.79570355 0.6329223359375 0.7985268359375 0.634543471875 0.8424762625 0.6291471609375 0.8455210640624999 0.6218860328125 0.834809890625 0.53465053125 0.8371571250000001 0.5323945343750001 0.8336197609375 0.5249576968749999 0.8237382578125001 0.51928371875 0.4979954421875 0.5592799078125 0.49517215468750003 0.5576587703125 0.389176478125 0.570673403125 0.38635319218749997 0.5690522671875 0.376250175 0.5722605546875 0.3734268875 0.5706394171875 0.2312375640625 0.588098071875 0.22841427812499998 0.586476934375 0.22606704375 0.58873293125 0.2232437578125 0.5871117953125 0.2157260015625 0.5900026515625 0.21031745468750002 0.5886989453125 0.1999764140625 0.589968665625 0.197629178125 0.5922246624999999 0.16402079375 0.596351253125 0.16119750625 0.594730115625 0.15367975312499998 0.5976209734375 0.14075345 0.5992081234375 0.1379301625 0.5975869874999999 0.135582928125 0.599842984375 0.1097303234375 0.603017284375 0.1069070375 0.6013961484375 0.086224953125 0.6039355890625 0.0777716078125 0.6098930109375 0.0820395640625 0.6339663796874999 0.08559344062499999 0.6522240484374999 0.088416728125 0.6538451843749999 0.0936533015625 0.6964936515625 0.103296778125 0.7002290624999999 0.372877940625 0.6730320359374999 0.3757012296875 0.6746531734375 0.43774747812500003 0.6670348515625 0.4405707671875 0.6686559875
0 0.2748031765625 0.7933026984375 0.2776264625 0.794923834375 0.3112348484375 0.7907972437499999 0.314058134375 0.7924183796875 0.36059282187499997 0.7867046390625 0.3634161078125 0.7883257765625 0.4334561671875 0.7816937312500001 0.43627945312499994 0.7833148671875 0.4698878390625 0.7791882765625 0.47271112656250003 0.7808094125 0.532172115625 0.773508521875 0.534995403125 0.7751296578125 0.5686037875000001 0.7710030671875 0.5714270734375 0.772624203125 0.7321892734375 0.7568206734375 0.735012559375 0.758441809375 0.7763767265625 0.7533629281249999 0.7792000140625001 0.754984065625 0.8179789203125001 0.7502226140625 0.8208022078124999 0.75184375 0.8518253328125001 0.748034590625 0.855346184375 0.7446505953125 0.8446019859374999 0.6357734296875 0.83754376875 0.6317205875 0.7080427203124999 0.645653525 0.7052194359375 0.6440323875 0.650928965625 0.65069841875 0.6481056781250001 0.6490772828125 0.56796260625 0.6589176140624999 0.5651393203125 0.6572964781249999 0.4356382703125 0.6712294140624999 0.4328149828125 0.669608278125 0.36301295312500004 0.678178890625 0.3601896671875 0.676557753125 0.27487607187499996 0.6870329453124999 0.27205278437499997 0.685411809375 0.217762315625 0.692077840625 0.2149390296875 0.690456703125 0.1166991328125 0.702519046875 0.1112905859375 0.7012153390625 0.1028372390625 0.7071727609375 0.10686716874999999 0.7293075640625 0.1101830203125 0.745626665625 0.11300630625000001 0.7472478031249999 0.11919498437500001 0.7976505359375 0.1239059671875 0.803959375 0.13448503437499998 0.8046282218749999 0.22003665625000002 0.7960915953125001 0.241194790625 0.7974292890625 0.2748031765625 0.7933026984375
0 0.34327613125 0.8380256765625 0.3460994171875 0.8396468140625 0.37970780312499997 0.8355202234375 0.3825310890625 0.8371413593750001 0.40321317187499994 0.83460191875 0.406036459375 0.83622305625 0.43705958437500003 0.8324138953125001 0.43988287187499997 0.83403503125 0.4683207359375 0.8305433000000001 0.471144021875 0.8321644375 0.4969966265625 0.8289901359374999 0.4998199125 0.8306112734375001 0.5776157515625 0.8230269375000001 0.5804390390624999 0.824648075 0.6114621640625 0.8208389140625 0.61428545 0.8224600499999999 0.6401380546875 0.81928575 0.6429613421875 0.8209068859374999 0.6817402484375 0.8161454359375 0.6845635359375 0.8177665718749999 0.723342440625 0.8130051203124999 0.726165728125 0.8146262578125001 0.7884500046875 0.808946503125 0.791273290625 0.8105676390625 0.8535575671875 0.804887884375 0.8563808546875 0.8065090203124999 0.8899892390625 0.8023824296875001 0.8928125265625001 0.8040035671875 0.9003302812499999 0.801112709375 0.9033750796875 0.79385158125 0.9017088984375 0.7802816140625 0.895348246875 0.7712236406249999 0.8965053515625 0.7592748109375 0.8769473453125001 0.7282237578124999 0.8571678265625 0.70605496875 0.8536469765625 0.7094389640625 0.8553131593750001 0.72300893125 0.8529659234375 0.725264928125 0.858169471875 0.74627173125 0.85464861875 0.7496557265625 0.7923643421875 0.75533548125 0.78954105625 0.7537143453125 0.7042274609375 0.7641895375 0.701404175 0.7625683999999999 0.6236083359375 0.7701527359375 0.6207850500000001 0.7685315984375001 0.584591403125 0.7729756203125 0.5817681171875 0.7713544828125001 0.48846071406249997 0.7808434 0.485637428125 0.7792222625 0.45461430468749997 0.7830314234375 0.451791015625 0.7814102875 0.405256328125 0.787124028125 0.40243304062499996 0.7855028921875 0.373995178125 0.7889946218749999 0.3711718921875 0.7873734859375 0.324637203125 0.7930872265625 0.321813915625 0.791466090625 0.29079079218750004 0.79527525 0.28796750625 0.7936541140625 0.25177385937499996 0.798098134375 0.2489505734375 0.7964769984375 0.1944220765625 0.8012044640625 0.19159879062500002 0.7995833265625001 0.18925155625 0.8018393234375001 0.183843009375 0.8005356171875 0.126967278125 0.8075190781250001 0.11405748906249999 0.8199270609375 0.112186309375 0.826060190625 0.11621623750000001 0.8481949921874999 0.12492412343749999 0.8549969687500001 0.2001347015625 0.8477300640625 0.2029579890625 0.8493512000000001 0.23398111406250002 0.8455420406249999 0.23680439999999997 0.8471631765625001 0.3016739375 0.8411659921875 0.30449722343749996 0.8427871281250001 0.34327613125 0.8380256765625
0 0.3823591171875 0.8784861203125001 0.40351725156249996 0.8798238140624999 0.4371256359375 0.8756972218750001 0.43994892343750003 0.877318359375 0.473557309375 0.8731917687499999 0.4763805953125 0.8748129046875001 0.5048184609375 0.8713211734374999 0.5076417484375 0.8729423109375001 0.54125013125 0.8688157203125 0.54407341875 0.8704368562499999 0.5647555015625 0.867897415625 0.5675787890625 0.869518553125 0.6063576953125 0.8647571015625 0.6091809828125 0.8663782375 0.645374628125 0.8619342171875 0.6481979156250001 0.863555353125 0.679221040625 0.85974619375 0.6820443265625 0.8613673296875 0.7104821921875 0.8578755984375 0.713305478125 0.8594967359375 0.7469138625 0.8553701453125001 0.74973715 0.85699128125 0.8406973171875001 0.8497583625 0.8435206046875001 0.8513794984375 0.8693732078125 0.8482051984375 0.8721964953124999 0.8498263343750001 0.9006343593749999 0.8463346046875 0.9034411328124999 0.837134909375 0.9022510031250001 0.8274420750000001 0.899427715625 0.8258209390625 0.9005848203125 0.8138721078125 0.8970474546875 0.806435271875 0.890227265625 0.804320996875 0.7809322484375001 0.811837359375 0.7781089625 0.8102162234374999 0.7393300546875 0.8149776734374999 0.73650676875 0.8133565375 0.62486451875 0.823128896875 0.6220412328125 0.8215077609374999 0.5936033671875001 0.824999490625 0.5907800812499999 0.8233783546875 0.5649274765625 0.8265526546874999 0.562104190625 0.82493151875 0.5336663234375 0.8284232499999999 0.5308430375000001 0.8268021125 0.42695656875 0.83562218125 0.42413328281249996 0.8340010453125 0.372190046875 0.8384110796875 0.36936675937499996 0.83678994375 0.25513925 0.8468797328125 0.2523159640625 0.8452585953125 0.2238780984375 0.8487503265624999 0.22105481093749998 0.847129190625 0.12233886249999999 0.8553143999999999 0.1148376203125 0.8690260890625 0.119105578125 0.8930994562500001 0.1273374109375 0.8960243 0.2157123171875 0.8891088109374999 0.2185356046875 0.8907299484375001 0.2366324265625 0.8885079375 0.2577905640625 0.8898456296875 0.325245359375 0.8835310156249999 0.3280686453125 0.8851521515625 0.3823591171875 0.8784861203125001
0 0.2886417140625 0.9273812296875 0.291465 0.9290023671875 0.3199028640625 0.9255106359375 0.32272615312499997 0.9271317734375 0.345993496875 0.9242749015625 0.3488167828125 0.9258960390625001 0.43977695 0.9186631203125 0.44260023593750003 0.9202842562500001 0.46586757968750003 0.9174273859375001 0.46869086718749997 0.9190485234375 0.4919582109375 0.9161916515625 0.49478149687500006 0.9178127890625 0.5180488421875 0.9149559187499999 0.520872128125 0.9165770546875001 0.5493099921875 0.9130853234374999 0.552133278125 0.9147064609375001 0.5754006234375 0.911849590625 0.578223909375 0.9134707265625 0.61183229375 0.9093441359375 0.6146555828125 0.9109652718750001 0.6379229265624999 0.9081084015625001 0.6407462125000001 0.9097295390625 0.6691840765625 0.9062378078125001 0.6720073640625001 0.90785894375 0.6952747078125 0.9050020734374999 0.6980979921875 0.9066232109374999 0.7213653375 0.9037663390624999 0.724188625 0.9053874765625001 0.74745596875 0.90253060625 0.7502792546875 0.9041517421874999 0.7813023796875 0.90034258125 0.7841256671875 0.90196371875 0.8099782718749999 0.8987894171875 0.8128015578125 0.9004105546875 0.8515804640625 0.895649103125 0.85440375 0.8972702390625 0.8985912046875001 0.8938124953125 0.9014144906249999 0.8954336312500001 0.90704455 0.8878550734375 0.9046642890625 0.86846940625 0.907011525 0.866213409375 0.9025220546874999 0.85102230625 0.8957018640625 0.84890803125 0.7941626296875001 0.8554721031250001 0.79133934375 0.8538509671875 0.76031621875 0.8576601281249999 0.7574929312500001 0.856038990625 0.7342255859375 0.8588958625 0.7314023015625 0.8572747250000001 0.6484359421875 0.8654939203125 0.6456126546875 0.863872784375 0.6171747890625 0.8673645140625 0.614351503125 0.8657433781250001 0.5704020765625 0.8711396890625001 0.549243940625 0.8698019968749999 0.492130184375 0.874846890625 0.48930689843749997 0.8732257546875 0.46345429375 0.8764000546874999 0.46063100781250005 0.87477891875 0.42443736249999997 0.8792229390624999 0.4216140734375 0.877601803125 0.3957614703125 0.8807761031249999 0.3929381828125 0.8791549671875 0.304801303125 0.8880090218750001 0.3019780171875 0.8863878859375 0.24486426093749997 0.89143278125 0.24204097343750003 0.8898116437500001 0.20302404218749998 0.8926345281250001 0.20020075468749998 0.8910133921875 0.1640071078125 0.8954574125000001 0.16118382343749998 0.8938362765625 0.1249901765625 0.8982802968750001 0.117726959375 0.913930553125 0.1210428109375 0.9302496546875 0.12716543593750002 0.9373690609375 0.14526225937499998 0.93514705 0.148085546875 0.9367681875 0.17652341093749999 0.93327645625 0.179346696875 0.93489759375 0.2077845640625 0.9314058624999999 0.21060784843749997 0.9330269984375 0.2886417140625 0.9273812296875