0 0.1442346046875 0.726147175 0.1442825109375 0.6688110625 0.14242147656249998 0.6661398109375 0.143421396875 0.6375058375 0.1415603640625 0.6348345859375 0.1410628578125 0.5931170046875 0.139201825 0.5904457515625 0.138570421875 0.49659823750000004 0.13670938906250002 0.4939269859375 0.1375275046875 0.4704991890625 0.135666471875 0.46782793749999996 0.13675729375 0.4365908734375 0.1348962609375 0.433919621875 0.13571437656250002 0.410491825 0.13385334375 0.40782057343749994 0.1348532640625 0.3791865984375 0.13299223124999998 0.376515346875 0.13172451406250002 0.30088945 0.12893296406250002 0.29688257500000004 0.08599038906249999 0.29538298749999997 0.0802254859375 0.2925754078125 0.0771612296875 0.296377796875 0.07597950625 0.33021794843749996 0.0778405390625 0.3328892 0.0780653390625 0.3824160453125 0.0799263734375 0.3850872984375 0.0790173546875 0.411118184375 0.08087838750000001 0.4137894359375 0.0801511734375 0.43461414375 0.08201220625 0.43728539531250005 0.08223700625 0.4868122421875 0.08409803906249999 0.48948349531249996 0.0834617265625 0.5077051140625 0.085322759375 0.510376365625 0.084413740625 0.5364072515625 0.086274775 0.539078503125 0.08536575625000001 0.5651093875 0.0872267890625 0.567780640625 0.08659047656249999 0.5860022609375 0.088451509375 0.5886735125 0.0874515890625 0.6173074875 0.0893126234375 0.6199787390625 0.08849450625000001 0.6434065359375001 0.0903555390625 0.6460777875 0.0894465203125 0.6721086734374999 0.0913075546875 0.6747799265625 0.0905803390625 0.695604634375 0.092441371875 0.6982758875 0.0937090890625 0.7739017796875001 0.09688574531250001 0.7948628156249999 0.09561311875 0.8313060562500001 0.0974741515625 0.8339773078125001 0.0968378390625 0.8521989296875001 0.09869887187500001 0.8548701796874999 0.1001483921875 0.925289896875 0.102849040625 0.9318998640625 0.1429091640625 0.9319956640625 0.149037675 0.9243908875000001 0.14717664218749998 0.921719634375 0.148085659375 0.89568875 0.1462246265625 0.893017496875 0.1469518421875 0.8721927875000001 0.1450908078125 0.8695215375 0.14609563750000001 0.7288184265625001 0.1442346046875 0.726147175
0 0.172123696875 0.8509185734375 0.1798405359375 0.8537943140625 0.18299569375 0.8473888390625 0.1812255625 0.8421144984375 0.1818188796875 0.7691598546875 0.1799578453125 0.766488603125 0.1807759625 0.74306080625 0.1789149296875 0.740389553125 0.17969005 0.6622287328125 0.177829015625 0.65955748125 0.1786471328125 0.636129684375 0.1767861 0.63345843125 0.178058725 0.5970151921875 0.1761976921875 0.594343940625 0.1771976125 0.5657099640625 0.1753365796875 0.5630387125 0.17660920625 0.526595471875 0.174748171875 0.5239242203125001 0.17565719062500001 0.49789333593749996 0.1737961578125 0.49522208437500004 0.1750687828125 0.45877884375000005 0.17320775 0.4561075921875 0.1723945421875 0.36746625312500003 0.170533509375 0.3647950015625 0.1708541203125 0.299649625 0.1689930875 0.296978371875 0.16990210625 0.2709474859375 0.168041071875 0.268276234375 0.16790717500000002 0.21614629999999999 0.1661370421875 0.210871959375 0.132023628125 0.20837756093749998 0.1299113875 0.2408820859375 0.1317724203125 0.24355333906249998 0.1311361078125 0.261774959375 0.132997140625 0.2644462109375 0.132360828125 0.2826678296875 0.1342218609375 0.2853390828125 0.13190631875 0.2956832734375 0.13367645 0.3009576125 0.13249472499999998 0.33479776562499997 0.134355759375 0.3374690171875 0.1360300796875 0.4574155828125 0.1378911125 0.46008683437500003 0.1370729953125 0.48351462968750003 0.1389340296875 0.4861858828125 0.139656334375 0.5774303109375001 0.14151736718750002 0.5801015625 0.140790153125 0.6009262703125 0.14265118593749998 0.603597521875 0.1422396734375 0.6713459875 0.14410070625 0.6740172390625 0.1431916875 0.7000481265625 0.145052721875 0.7027193781250001 0.1442346046875 0.726147175 0.14609563750000001 0.7288184265625001 0.1449139140625 0.762658578125 0.14677494687499998 0.7653298296875 0.1455932234375 0.7991699828125001 0.14745425625 0.8018412328125001 0.146363434375 0.833078296875 0.1482244671875 0.8357495484375 0.148812875 0.8748640406250001 0.150764809375 0.874932203125 0.15410177187500002 0.8633205500000001 0.15809654374999998 0.8608537875 0.164882865625 0.8623939015625 0.1640432515625 0.8584551859375 0.154283575 0.8581143718750001 0.1543744765625 0.8555112843750001 0.164134153125 0.8558521000000001 0.172123696875 0.8509185734375
0 0.199300303125 0.6603072765625 0.1974392703125 0.6576360234374999 0.19843919062499998 0.6290020484375 0.19657815781250002 0.626330796875 0.1964012625 0.5194678374999999 0.1945402296875 0.5167965859375 0.1952674453125 0.49597187812500004 0.1934064109375 0.4933006265625 0.193138615625 0.38904075625 0.19127758125 0.38636950312499996 0.1919138953125 0.368147884375 0.1900528609375 0.3654766328125 0.1916890953125 0.3186210390625 0.1898280609375 0.3159497859375 0.1910097859375 0.282109634375 0.1891487515625 0.2794383828125 0.1901486734375 0.2508044078125 0.18828763906249998 0.24813315781249998 0.1889718578125 0.17257542343750001 0.187110825 0.169904171875 0.18747443125000002 0.15949181875000001 0.18468288125 0.155484940625 0.17101933593750002 0.1550077984375 0.1679550796875 0.1588101890625 0.1677253703125 0.22135247656249998 0.1695864046875 0.22402372812500002 0.1685864828125 0.252657703125 0.1704475171875 0.2553289546875 0.1710789203125 0.3491764703125 0.172939953125 0.351847721875 0.1717582296875 0.3856878734375 0.17361926249999998 0.38835912499999997 0.17243753906249998 0.4221992765625 0.174298571875 0.42487052812500004 0.1739779609375 0.49001590625 0.17583899375 0.49268715937499996 0.1748390734375 0.5213211328125 0.1767001078125 0.523992384375 0.1753365796875 0.5630387125 0.1771976125 0.5657099640625 0.17801082031249998 0.654351303125 0.179871853125 0.6570225546875 0.17878103125 0.6882596171875 0.1806420640625 0.69093086875 0.181680071875 0.8290990562499999 0.1835411046875 0.8317703062499999 0.1829047921875 0.8499919265625 0.184765825 0.852663178125 0.18322049375 0.8969156859374999 0.18676075625 0.907464365625 0.18408160625 0.928220909375 0.19774515312500002 0.9286980515625001 0.199787990625 0.926163128125 0.2008788125 0.8949260640625001 0.1990177796875 0.8922548125 0.20115151875 0.8871167968749999 0.19929048437500002 0.8844455468750001 0.20024740937500002 0.8010785484375 0.198386375 0.798407296875 0.199300303125 0.6603072765625
0 0.21722641875 0.762577525 0.2153653859375 0.759906271875 0.2166380109375 0.7234630328125 0.21477697812500002 0.72079178125 0.21641321093750002 0.673936184375 0.214552178125 0.671264934375 0.21555209843749998 0.642630959375 0.213691065625 0.6399597078125 0.2146958953125 0.49925659843750003 0.2128348609375 0.496585346875 0.21360998125 0.418424525 0.2117489484375 0.41575327343749996 0.2121604609375 0.34800480624999997 0.210299428125 0.345333553125 0.21139025 0.314096490625 0.2095292171875 0.31142523906249997 0.20885481718749999 0.1628447 0.2060632671875 0.1588378234375 0.1904477859375 0.15829251875 0.18837854062499998 0.24553006875 0.190239575 0.24820132031250003 0.1899189640625 0.313346696875 0.191779996875 0.3160179484375 0.1901437625 0.36287354375 0.192004796875 0.3655447953125 0.19263619999999998 0.4593923109375 0.1944972328125 0.4620635625 0.1934973125 0.4906975375 0.195358346875 0.49336879062500005 0.1943584265625 0.5220027625 0.19621945937500002 0.5246740140624999 0.19485593125 0.56372034375 0.19671696562500002 0.5663915953124999 0.1958988484375 0.58981939375 0.19775988125 0.5924906437499999 0.197530171875 0.655032934375 0.19939120625 0.6577041859375 0.1979367765625 0.699353603125 0.199797809375 0.70202485625 0.1983433796875 0.7436742734374999 0.20020441249999998 0.746345525 0.1980706734375 0.7514835390625 0.1999317078125 0.754154790625 0.198840884375 0.7853918546875 0.20070191875 0.78806310625 0.1994292921875 0.8245063453125001 0.201290325 0.8271775968749999 0.19983589531249998 0.8688270140625001 0.20169692968750003 0.8714982671874999 0.20106061562500002 0.8897198875000001 0.20589500312500003 0.8911918390625001 0.207937840625 0.8886569140624999 0.21072939062499998 0.8926637906250001 0.2075742328125 0.8990692687499999 0.2018093296875 0.8962616890625 0.200697009375 0.9001322406250001 0.2060983046875 0.9133521734375 0.2019217296875 0.9210251125 0.20471327968750003 0.9250319890625001 0.21549437343750003 0.9241053421875 0.21713060781250001 0.8772497484375 0.2152695734375 0.8745784953125 0.21731241093749998 0.872043571875 0.21776692031249997 0.8590281265625 0.2159058875 0.8563568781249999 0.2169537125 0.7703867890625 0.21509267968749998 0.7677155375 0.21722641875 0.762577525
0 0.236927575 0.7580529765625 0.23506654062500001 0.755381725 0.23579375625000001 0.734557015625 0.23393272187499997 0.7318857640624999 0.23602346562499998 0.672014728125 0.23416243125 0.6693434765624999 0.2357077640625 0.6250909703125 0.23384672968750003 0.62241971875 0.23425824374999998 0.5546712515625 0.23239720937500002 0.5519999999999999 0.233354134375 0.4686330015625 0.2314931 0.46596175000000006 0.2325839234375 0.4347246875 0.2307228890625 0.4320534359375 0.23235912343749998 0.38519784218750003 0.2304980890625 0.3825265890625 0.232043421875 0.33827408281250004 0.23018238750000003 0.33560283125 0.23127321093750003 0.3043657671875 0.2294121765625 0.3016945171875 0.230187296875 0.2235336953125 0.22832626406249998 0.2208624421875 0.23032610468749998 0.16359449375 0.2275345546875 0.1595876171875 0.2119190734375 0.1590423125 0.20885481718749999 0.1628447 0.20821850468749997 0.181066321875 0.21007953750000002 0.183737571875 0.20962011875000003 0.3088221515625 0.211481153125 0.31149340312499996 0.2117489484375 0.41575327343749996 0.21360998125 0.418424525 0.21188284687499997 0.4678832078125 0.21374387968750003 0.4705544609375 0.2126960546875 0.556524546875 0.21455708750000002 0.5591957984375 0.21328446093750003 0.5956390390624999 0.2151454953125 0.598310290625 0.21473398124999998 0.6660587578125 0.216595015625 0.6687300078125 0.21514058593750002 0.7103794265625 0.21700161874999999 0.713050678125 0.21581989375 0.7468908296875 0.217680928125 0.74956208125 0.2157719890625 0.804226940625 0.217633021875 0.80689819375 0.2175372109375 0.9215704171875 0.22032876093749998 0.92557729375 0.2350137265625 0.9247869734374999 0.23592274375 0.8987560890624999 0.2340617109375 0.8960848359375 0.2362863515625 0.8883437328125 0.238467996875 0.82586960625 0.23660696250000002 0.82319835625 0.23797049062500003 0.7841520265625 0.23610945781249998 0.781480775 0.236927575 0.7580529765625
0 0.2528157609375 0.7507890171875 0.25381568125 0.7221550421875 0.25195464843750004 0.7194837890625 0.253681784375 0.67002510625 0.25182075 0.66735385625 0.253184278125 0.6283075265625 0.2513232453125 0.625636275 0.2526867734375 0.5865899453125001 0.2508257390625 0.58391869375 0.2521892671875 0.5448723656250001 0.250328234375 0.5422011140625 0.252328075 0.48493316406250003 0.25046704218750004 0.4822619125 0.25155786406249997 0.4510248484375 0.24969683125 0.4483535984375 0.2520123734375 0.43800940625000007 0.2501513390625 0.43533815468750003 0.251423965625 0.3988949140625 0.24956293281250003 0.3962236625 0.2517875734375 0.388482559375 0.2499265390625 0.385811309375 0.251653675 0.336352625 0.2497926421875 0.33368137343750004 0.251247071875 0.29203195625 0.24938603750000002 0.2893607046875 0.2511131734375 0.23990202031250002 0.24925214062499998 0.2372307703125 0.25138587968750004 0.2320927546875 0.2495248453125 0.22942150312499998 0.250161159375 0.2111998828125 0.248300125 0.2085286328125 0.24984545625000001 0.164276125 0.24705390624999998 0.160269246875 0.23143842499999998 0.15972394375 0.22909647500000002 0.25477075781249997 0.2309575078125 0.257442009375 0.2294121765625 0.3016945171875 0.23127321093750003 0.3043657671875 0.2300914859375 0.33820592031249996 0.23195251875 0.34087717031250003 0.23162699843749998 0.5180916859375 0.23348803281250002 0.5207629359375 0.2323063078125 0.5546030890625 0.234167340625 0.557274340625 0.2332534140625 0.6953743609374999 0.235114446875 0.6980456140625 0.23420542812499998 0.7240765 0.2360664609375 0.7267477515625 0.2343393265625 0.7762064343749999 0.236200359375 0.778877684375 0.23529134062499998 0.804908571875 0.23715237500000003 0.8075798234375 0.23492773281249998 0.815320928125 0.236697865625 0.8205952671875 0.2347889265625 0.8752601265625 0.236649959375 0.8779313796875 0.23592274375 0.8987560890624999 0.23778377812499998 0.9014273390625 0.235740940625 0.9039622656249999 0.23760197343749997 0.9066335171875 0.2369656609375 0.9248551359375 0.242730565625 0.9276627156249999 0.25453307812500003 0.9254686046874999 0.2528538484375 0.9175911749999999 0.2550784890625 0.9098500734374999 0.25321745625 0.9071788218749999 0.2542173765625 0.8785448468749999 0.2523563421875 0.87587359375 0.2546767953125 0.7534602687499999 0.2528157609375 0.7507890171875
0 0.2734689328125 0.77496660625 0.2749233625 0.7333171890625 0.27306232812500003 0.7306459375000001 0.2754736828125 0.605629521875 0.2736126484375 0.6029582703125 0.27470838125 0.459652071875 0.272847346875 0.45698082187500005 0.27421087499999997 0.4179344921875 0.2723498421875 0.41526324062500003 0.2743496828125 0.357995290625 0.27248865 0.3553240390625 0.27403398125 0.3110715328125 0.272172946875 0.30840028125 0.2737182796875 0.2641477734375 0.2718572453125 0.261476525 0.2732686796875 0.16509408125 0.26852519375 0.16101904218750002 0.2509577765625 0.1604055734375 0.24857283125000001 0.200719365625 0.2504338640625 0.2033906171875 0.24934304218749997 0.23462767968749998 0.251204075 0.2372989328125 0.2491133328125 0.29716997031250003 0.250974365625 0.299841221875 0.2500174421875 0.38320821875 0.251878475 0.385879471875 0.250328234375 0.5422011140625 0.2521892671875 0.5448723656250001 0.2510505390625 0.633445540625 0.2529115734375 0.636116790625 0.25154804531249997 0.6751631203125 0.253409078125 0.6778343718750001 0.2514092375 0.7351023203125 0.2532702703125 0.737773571875 0.2524521546875 0.7612013703125 0.2543131875 0.7638726234375001 0.2524042484375 0.8185374812499999 0.25426528125000003 0.821208734375 0.252538146875 0.8706674171875 0.2543991796875 0.8733386703124999 0.254035571875 0.8837510234374999 0.2519927359375 0.8862859500000001 0.25385376875 0.8889571999999999 0.25303565156249996 0.9123849984374999 0.25600900625 0.9111856984375001 0.25880055625 0.9151925765625 0.25852785 0.9230018421875 0.26234081875 0.92574125625 0.2722822984375 0.9208758953125 0.27446394375 0.8584017703125 0.272602909375 0.8557305171875 0.274693653125 0.7958594796875 0.27283261875 0.7931882265625 0.273287128125 0.7801727828125 0.275329965625 0.7776378578124999 0.2734689328125 0.77496660625
0 0.2863671765625 0.6294662984375 0.28450614375 0.626795046875 0.2865968859375 0.566924009375 0.284735853125 0.5642527578125 0.286965403125 0.44444251875 0.2851043703125 0.4417712671875 0.287649621875 0.3688847859375 0.2857885890625 0.36621353437500004 0.287152115625 0.32716720625 0.28529108281250004 0.32449595468750003 0.2875206328125 0.20468571562500001 0.2856596 0.20201446406249998 0.2868413234375 0.16817431249999998 0.2840497734375 0.164167434375 0.27624203281250004 0.1638947828125 0.27312987187500004 0.22503328281249999 0.274900003125 0.23030762343750003 0.27276626406250004 0.23544563593749998 0.2746272984375 0.2381168890625 0.272718359375 0.29278175 0.2745793921875 0.2954530015625 0.27276135468749996 0.347514771875 0.2746223890625 0.350186025 0.27244074375 0.41266015312500004 0.2743017765625 0.415331403125 0.27293825 0.45437773281249993 0.2747992828125 0.45704898437499997 0.273296946875 0.5560345140625 0.27515798125 0.558705765625 0.273794453125 0.5977520937499999 0.2756554859375 0.6004233453125 0.27324413281250004 0.7254397609375001 0.275105165625 0.7281110125 0.2722872078125 0.8088067593750001 0.274148240625 0.8114780109374999 0.27278471406250004 0.850524340625 0.274645746875 0.8531955921875 0.2733731203125 0.8896388312499999 0.2752341546875 0.8923100843749999 0.274597840625 0.910531703125 0.2725550046875 0.9130666281250001 0.2750738484375 0.924882771875 0.28195107343750003 0.9238197984375001 0.283993909375 0.9212848734374999 0.2855392421875 0.877032365625 0.2836782078125 0.8743611171874999 0.2856780484375 0.8170931671874999 0.283817015625 0.8144219140625 0.2845921359375 0.73626109375 0.282731103125 0.7335898421875 0.2863671765625 0.6294662984375
0 0.3038006953125 0.57794983125 0.30193966250000004 0.5752785796875 0.3038965078125 0.46327760781249994 0.30203547343750003 0.46060635625 0.3038535109375 0.40854458281249995 0.30199247812499996 0.40587333125 0.30471953281249997 0.3277806734375 0.30285850000000003 0.325109421875 0.304222028125 0.28606309375 0.30236099375 0.2833918421875 0.30508805 0.2052991828125 0.3032270171875 0.20262793124999998 0.304408740625 0.16878778125 0.301617190625 0.1647809015625 0.29194841718750003 0.1618369984375 0.2869322265625 0.1655712234375 0.2859323046875 0.19420519687499999 0.2877933390625 0.19687645 0.2855686984375 0.204617553125 0.28742973125 0.20728880468750002 0.285381984375 0.321892865625 0.28724301875 0.3245641171875 0.2855158828125 0.3740228015625 0.287376915625 0.376694053125 0.2848316640625 0.4495805328125 0.286692696875 0.452251784375 0.28446314687499996 0.572062021875 0.28632418125000003 0.574733275 0.28441524218750003 0.6293981359374999 0.28627627499999997 0.6320693875 0.2836831171875 0.7622919796875001 0.2855441515625 0.7649632328125 0.28399881875 0.8092157375 0.285859853125 0.8118869890625 0.2836352125 0.819628090625 0.2854962453125 0.8222993437499999 0.284496325 0.8509333187499999 0.2863573578125 0.8536045703124999 0.2839030078125 0.9238879624999999 0.28669455781250003 0.9278948390625 0.2994275875 0.9270363546875 0.301470425 0.9245014296875 0.30219763906249997 0.9036767203125 0.30033660625 0.9010054703125 0.3017910359375 0.8593560531250001 0.299930003125 0.8566848 0.3020207453125 0.7968137625 0.3001597125 0.7941425093750001 0.3038006953125 0.57794983125
0 0.318908853125 0.7609158265625 0.3170478203125 0.758244575 0.319320365625 0.6931673593750001 0.3174593328125 0.6904961078125 0.320913603125 0.5915787421875 0.3190525703125 0.588907490625 0.320961509375 0.5342426296875 0.319100475 0.5315713765625001 0.32265055781249996 0.3179817859375 0.3207895234375 0.3153105359375 0.3228802671875 0.2554394984375 0.3210192328125 0.252768246875 0.32201915468750003 0.2241342703125 0.3201581203125 0.2214630203125 0.322291859375 0.21632500625 0.320521728125 0.21105066562500002 0.322067059375 0.166798159375 0.3055210609375 0.164917228125 0.3030452125 0.20783410937500002 0.304906246875 0.2105053609375 0.3027725078125 0.21564337500000003 0.304633540625 0.2183146265625 0.30245189687499996 0.280788753125 0.3043129296875 0.2834600046875 0.30249489218750003 0.3355217765625 0.3043559265625 0.33819302812499996 0.3018106734375 0.41107950937500004 0.3036717078125 0.41375076093749996 0.3018536703125 0.4658125328125 0.303714703125 0.46848378437499993 0.3016239609375 0.5283548203125 0.30348499375000004 0.5310260718750001 0.30103064375 0.601309465625 0.3028916765625 0.6039807171875 0.3002555234375 0.6794702859374999 0.30211655625 0.6821415390625 0.3002076171875 0.7368063984375001 0.3020686515625 0.7394776484375 0.2999779078125 0.7993486875 0.30183894218749996 0.8020199390625 0.3004275078125 0.89840238125 0.3022885421875 0.9010736328125001 0.3000639015625 0.9088147359375001 0.3037859671875 0.9141572375000001 0.301470425 0.9245014296875 0.304261975 0.92850830625 0.31504306875 0.9275816593749999 0.31708590625 0.925046734375 0.3179040234375 0.9016189375 0.316042990625 0.898947684375 0.31822463437500004 0.8364735578125 0.3163636015625 0.8338023078125 0.3185452453125 0.77132818125 0.3166842125 0.7686569296875 0.318908853125 0.7609158265625
0 0.341983196875 0.43593873125 0.3401221625 0.43326747968749996 0.3437582375 0.3291439359375 0.3418972046875 0.326472684375 0.34407884843750003 0.26399855781250003 0.34221781562500003 0.2613273046875 0.3453993796875 0.17021920468750001 0.340746796875 0.16354107499999998 0.32513131562500003 0.1629957703125 0.322067059375 0.166798159375 0.31997631718749997 0.226669196875 0.32183735 0.22934044843749998 0.32092833125000003 0.25537133437500004 0.322789365625 0.2580425859375 0.3206077203125 0.3205167125 0.322468753125 0.3231879640625 0.31837326093749996 0.5523960859375 0.32023429375 0.5550673374999999 0.31755023437499996 0.6878930203125 0.31941126875000003 0.690564271875 0.3165933109375 0.7712600187499999 0.31845434375 0.77393126875 0.31663630625 0.8259930421874999 0.318497340625 0.82866429375 0.31558848125 0.9119631281249999 0.317925521875 0.9289854484375001 0.3326104859375 0.9281951265625 0.3346533234375 0.9256602015625001 0.3369258703125 0.8605829890625 0.3350648359375 0.8579117359374999 0.34016025 0.6000696390625 0.3382992171875 0.5973983859375 0.3415716828125 0.5036871984375 0.33971065 0.5010159468750001 0.341983196875 0.43593873125
0 0.3556320140625 0.7726232796875 0.35377098125 0.769952028125 0.35786156562500004 0.652813040625 0.35600053125 0.6501417890625001 0.356455040625 0.6371263468749999 0.358497878125 0.6345914203125 0.35663684375 0.6319201703124999 0.35845488125 0.579858396875 0.3565938484375 0.5771871453124999 0.358684590625 0.517316109375 0.35682355781249997 0.51464485625 0.3599142203125 0.42613984374999997 0.35805318750000004 0.4234685921875 0.3601869265625 0.4183305796875 0.35832589375 0.415659328125 0.360962046875 0.3401697578125 0.3591010140625 0.33749850625 0.36287589531250003 0.1734357609375 0.3600843453125 0.1694288828125 0.3464207984375 0.168951740625 0.34221781562500003 0.2613273046875 0.34407884843750003 0.26399855781250003 0.341260890625 0.344694303125 0.343121925 0.34736555625 0.3391652390625 0.5166344781250001 0.341026271875 0.5193057296875 0.33729929687500004 0.6260323624999999 0.3391603296875 0.6287036140625 0.3368877828125 0.693780828125 0.3387488171875 0.696452078125 0.3367059796875 0.6989870046875 0.3385670125 0.70165825625 0.3346103265625 0.8709271781249999 0.33647136093749996 0.8735984296874999 0.3348351265625 0.9204540234374999 0.3376266765625 0.9244609031250001 0.348407771875 0.9235342546875 0.350450609375 0.920999328125 0.354177584375 0.814272696875 0.3523165515625 0.8116014453125 0.3543593890625 0.8090665187500001 0.3527710609375 0.7985860031249999 0.3548138984375 0.7960510765625 0.3530437671875 0.7907767375 0.3556320140625 0.7726232796875
0 0.36934837656249997 0.6036951734375 0.3731662546875 0.494365453125 0.3713052203125 0.49169419999999997 0.37403227656250004 0.4136015421875 0.37217124375 0.41093029062499997 0.37439588437500004 0.40318918750000005 0.37253485 0.4005179359375 0.375080103125 0.32763145625 0.37321906875 0.32496020468750003 0.37526190625 0.322425278125 0.373491775 0.31715093906249997 0.3756255140625 0.312012925 0.37376447968750004 0.309341671875 0.3758552234375 0.249470634375 0.3739941890625 0.2467993828125 0.37663034375 0.1713098140625 0.363988215625 0.169565209375 0.359603428125 0.26714695 0.3614644625 0.269818203125 0.358010190625 0.36873556875 0.359871225 0.3714068203125 0.354412203125 0.639661271875 0.3562732375 0.642332525 0.35068031875 0.8584570406250001 0.3525413515625 0.8611282921875001 0.35054151093749997 0.9183962421875 0.3533330609375 0.9224031187499999 0.3621622203125 0.9214083078125 0.3642050578125 0.9188733828125001 0.36475046875 0.9032548515625001 0.362889434375 0.9005835984375 0.36511407500000004 0.8928424953125 0.3703433875 0.687130334375 0.368482353125 0.6844590828125 0.371209409375 0.606366425 0.36934837656249997 0.6036951734375
0 0.3860497703125 0.6850725515625 0.38418873750000004 0.6824012984375 0.3878248109375 0.5782777546875 0.385963778125 0.5756065015625 0.39087247812500003 0.43503972031249993 0.3890114453125 0.4323684671875 0.392465715625 0.3334511 0.3906046828125 0.3307798484375 0.3943316578125 0.2240532171875 0.39247062499999996 0.221381965625 0.3945134625 0.2188470390625 0.392652428125 0.21617578750000002 0.3941977609375 0.1719232828125 0.387502340625 0.167780078125 0.378582278125 0.171377978125 0.376448540625 0.176515990625 0.3783095734375 0.17918724218749998 0.3758122265625 0.1947376109375 0.37767326093750003 0.1974088625 0.3726736578125 0.3405787359375 0.3745346921875 0.3432499875 0.3720373453125 0.35880035625 0.373898378125 0.3614716078125 0.37057800625000004 0.512518909375 0.3724390390625 0.5151901609375 0.3684393578125 0.629726059375 0.37030039062500003 0.6323973109375001 0.36784604062500004 0.702680703125 0.3697070734375 0.7053519546875 0.36298033749999997 0.8979805109375001 0.3648413703125 0.9006517625000001 0.3641141546875 0.9214764703125 0.3777777015625 0.9219536109375 0.3798205390625 0.9194186875 0.38345661249999996 0.81529514375 0.38168648125 0.8100208015625 0.38372931875 0.8074858781250001 0.3818682859375 0.804814625 0.385777065625 0.6928818156250001 0.38391603124999996 0.6902105640625 0.3860497703125 0.6850725515625
0 0.407942390625 0.3939356046875 0.40608135624999997 0.39126435625 0.4125353890625 0.20644506406250002 0.4106743546875 0.2037738125 0.4129898984375 0.19342962187499999 0.41112886406250004 0.1907583703125 0.41185607968750004 0.1699336609375 0.397262015625 0.16812089375 0.394106859375 0.1745263703125 0.39228882187499997 0.2265881421875 0.3941498546875 0.22925939374999998 0.3935135421875 0.24748101406249998 0.3914707046875 0.25001593906249997 0.3933317375 0.2526871921875 0.3881024265625 0.4583993546875 0.389963459375 0.46107060625 0.3847820546875 0.6094466546875 0.3866430875 0.6121179062500001 0.3823707 0.7344630703125 0.384231734375 0.7371343218749999 0.3820979953125 0.7422723359375001 0.383959028125 0.7449435890625 0.377868603125 0.9193505249999999 0.38252118749999997 0.9260286531249999 0.39135034687500003 0.92503384375 0.3933931828125 0.9224989156250001 0.40002901875 0.73247345 0.39816798593749997 0.7298021984374999 0.4018949625 0.623075565625 0.40003392812499994 0.6204043140625 0.40244037343750005 0.607457034375 0.4005793390625 0.6047857828125001 0.407942390625 0.3939356046875
0 0.41687227031249996 0.1661994359375 0.4117651765625 0.17253675 0.4110379625 0.1933614578125 0.4128989953125 0.196032709375 0.41040165 0.2115830796875 0.4122626828125 0.21425433124999999 0.405899553125 0.3964705328125 0.4077605859375 0.399141784375 0.405626846875 0.40427979687500004 0.40748788124999996 0.40695104843749996 0.40085204531249996 0.5969765171875 0.402713078125 0.5996477671875 0.397531671875 0.74802381875 0.39939270625 0.750695071875 0.39330228125 0.92510200625 0.3977730609375 0.9369863125 0.40855415624999997 0.9360596640625 0.4105969921875 0.933524740625 0.4174146328125 0.7382930937500001 0.41555359843749995 0.7356218421875 0.4245528828125 0.4779160734375 0.42269185 0.4752448203125 0.43128452968750003 0.17321838125 0.4246800109375 0.1664720875 0.41687227031249996 0.1661994359375
0 0.4397568515625 0.54620984375 0.43789581718750004 0.5435385921875 0.44002955625 0.538400578125 0.43825942500000004 0.5331262359375 0.4403931640625 0.5279882234375 0.43862303281250004 0.5227138828125 0.44825862968749997 0.24678649218749998 0.44639759687499997 0.244115240625 0.4489428484375 0.17122875937499998 0.4461512984375 0.16722188124999998 0.4344396875 0.166812903125 0.43137543125000005 0.170615290625 0.42601222187500004 0.32419751875 0.42787325468750004 0.3268687703125 0.421964634375 0.49606952968750007 0.4238256671875 0.49874078125 0.421691928125 0.5038787953125 0.4212374203125 0.5168942375000001 0.423098453125 0.519565490625 0.4209647140625 0.524703503125 0.418601265625 0.5923838078125 0.4204622984375 0.595055059375 0.4184194625 0.597589984375 0.4202804953125 0.6002612359375 0.41291744531249996 0.8111114109375 0.414778478125 0.8137826640625001 0.41246293593749994 0.8241268546875 0.41432396875000005 0.8267981078125001 0.41068789531250005 0.9309216499999999 0.4154313796875 0.9349966921874999 0.418404734375 0.9337973921874999 0.4252819578125 0.9327344171874999 0.43066175624999997 0.9185878375 0.428891625 0.9133134984375 0.43298220781249996 0.7961745125 0.431121175 0.7935032609375 0.433618521875 0.7779528906250001 0.4317574875 0.7752816390625 0.4397568515625 0.54620984375
0 0.5550960625 0.18145136875 0.5532350296875 0.1787801171875 0.45572917031250004 0.1727688734375 0.45071297968749996 0.1765031 0.44244091093750004 0.4133841625 0.44430194375000004 0.4160554140625 0.44216820468750007 0.42119342812499994 0.44375653281250005 0.4316739453125 0.44135008906250006 0.444621225 0.443211121875 0.4472924765625 0.43025515312499996 0.87426716875 0.43211618593749995 0.8769384203125 0.430479953125 0.9237940140625 0.43522343750000003 0.9278690562499999 0.438196790625 0.9266697562499999 0.4921022640625 0.9220365203125 0.49414510156249997 0.91950159375 0.5175683234374999 0.9203195515625 0.5294617390624999 0.915522353125 0.532616896875 0.9091168765625 0.565695353125 0.18573089843749999 0.562903803125 0.181724021875 0.5550960625 0.18145136875
0 0.6572827718750001 0.5850811703125001 0.6599189265625001 0.509591603125 0.6619617625 0.5070566765625 0.664234309375 0.44197946093749996 0.666277146875 0.4394445359375 0.669367809375 0.350939525 0.671410646875 0.3484045984375 0.6775440671874999 0.2287306859375 0.6795869046874999 0.2261957609375 0.6811322359374999 0.1819432546875 0.674436815625 0.17780005000000002 0.58659973125 0.1747327125 0.5847386984375 0.17206146093750002 0.5768400546875 0.174391896875 0.5696901249999999 0.1832641359375 0.5582364921875 0.5112533 0.5561936546874999 0.513788225 0.5524666781249999 0.62051485625 0.5504238406249999 0.62304978125 0.5520121687499999 0.6335303015625 0.5499693328124999 0.6360652265625 0.5449697296875 0.7792350984375 0.5429268921875 0.7817700234375 0.5447879265625 0.784441275 0.5427450890625 0.7869762 0.54442431875 0.7948536296875 0.5422905796874999 0.7999916453125 0.5419269718749999 0.8104039984375 0.54378800625 0.8130752515624999 0.54260628125 0.8469154015625 0.5405634453125 0.8494503265625 0.542242675 0.8573277546875 0.541788165625 0.8703431984375 0.539745328125 0.8728781250000001 0.5416063609374999 0.8755493765625 0.5406973421875 0.9015802624999999 0.53865450625 0.9041151875000001 0.537927290625 0.924939896875 0.542488971875 0.9342211140625001 0.5669336140625 0.9337716078125 0.5855224484375 0.9331176140625 0.5875652859375 0.9305826890625 0.6305078609375 0.9320822765625 0.6357058546875 0.9231418734375 0.6510154531250001 0.65262515 0.653058290625 0.650090221875 0.6552399359375001 0.5876160968749999 0.6572827718750001 0.5850811703125001
0 0.7544631109375 0.768306928125 0.7565059468750001 0.765772003125 0.7576876718750001 0.7319318499999999 0.7597305078125001 0.729396925 0.7613667421875 0.68254133125 0.7634095796875 0.68000640625 0.7678158640625 0.609791175 0.7698587015625 0.60725625 0.771040425 0.5734160984375001 0.7730832624999999 0.570881171875 0.7751740046875 0.511010134375 0.7772168421875 0.508475209375 0.7783985671875 0.474635059375 0.780441403125 0.47210013437500004 0.7899811890625 0.31084496562499997 0.7920240265625 0.308310040625 0.79347845625 0.2666606234375 0.79552129375 0.264125696875 0.7968848203125 0.22507936874999998 0.7989276578125 0.22254444218749997 0.8000184796875001 0.1913073796875 0.7972269296875 0.187300503125 0.6880094609375 0.1808802796875 0.6829023671875001 0.18721759531249998 0.6764053390625 0.3173038625 0.674362503125 0.3198387859375 0.6724535640625 0.374503646875 0.6704107265625 0.3770385734375 0.66759276875 0.45773431875000004 0.66554993125 0.46026924375 0.659052903125 0.5903555109374999 0.6570100671875 0.5928904390625 0.6545557171875 0.6631738281249999 0.6525128796875 0.6657087546875 0.6495131187500001 0.7516106765624999 0.6474702812500001 0.7541456046875 0.6455613421875 0.8088104640625 0.6435185046874999 0.8113453906249999 0.640064234375 0.9102627562500001 0.6379304953125 0.9154007703125 0.6424921765625 0.9246819875 0.6649848828125 0.9241643187499999 0.6816217828125 0.9234421609375 0.6836646203125001 0.9209072359375 0.7344149359375 0.9226794765624999 0.7413830625 0.9190134125 0.7436986046875 0.9086692234375 0.7486503015625 0.8228354609374999 0.7532813859374999 0.8021470796875001 0.7544631109375 0.768306928125
0 0.80934700625 0.7076732046875 0.8113898421875 0.7051382796875 0.8125715671875 0.6712981265625 0.814614403125 0.6687632015625 0.81534161875 0.64793849375 0.8173844562499999 0.64540356875 0.818475278125 0.614166503125 0.8205181156249999 0.611631578125 0.8215180359375 0.5829976046875001 0.8235608718749999 0.580462678125 0.8244698906249999 0.5544317921874999 0.8265127281250001 0.5518968671875 0.8311917187500001 0.4738723734375 0.8332345562500001 0.47133744687499995 0.8343253781250001 0.440100384375 0.8363682156250001 0.437565459375 0.837277234375 0.41153457343750005 0.839320071875 0.4089996453125 0.8406835984375001 0.36995331875000004 0.8427264359375 0.3674183921875 0.8440899640625 0.32837206406249997 0.8461328015625 0.3258371375 0.85026638125 0.263431175 0.8523092171875 0.26089625 0.8564427968749999 0.1984902875 0.8584856343749999 0.1959553609375 0.8596673593749999 0.16211520937499999 0.8617101953124999 0.1595802828125 0.8600309656249999 0.1517028546875 0.8533355453125001 0.1475596515625 0.839672 0.147082509375 0.8297305203124999 0.1519478703125 0.818109809375 0.1489358046875 0.7843815000000001 0.1633955625 0.7593914484375001 0.17946360156250002 0.7621829984375 0.18347047656249998 0.7758465453125 0.18394761875 0.777707578125 0.18661887187499998 0.7992697671875 0.184765575 0.8020613171875001 0.18877245468749998 0.7979277375 0.2511784171875 0.7958849 0.2537133421875 0.7928851390625 0.3396152671875 0.7908423015625 0.3421501921875 0.7861633109375 0.42017468593749996 0.7841204734375 0.42270961093750004 0.7828478484375 0.45915285156249996 0.7808050109375 0.46168777656250004 0.7755806093750001 0.55533080625 0.773537771875 0.5578657312499999 0.77244695 0.5891027921875 0.7704041125 0.59163771875 0.7687678796874999 0.6384933140625 0.7667250421875 0.6410282390625001 0.765725121875 0.6696622125 0.763682284375 0.6721971375 0.7620460515625 0.7190527328125 0.7600032140625 0.7215876609375 0.7589123921875001 0.7528247218749999 0.7568695546875001 0.755359646875 0.755596928125 0.7918028875 0.7535540921874999 0.7943378125 0.7496932171874999 0.8489345125 0.7476503812499999 0.8514694359374999 0.7495114140625 0.8541406890625 0.747377675 0.8592787015625 0.7453778343749999 0.916546653125 0.7556135171875 0.9312385359375 0.761378421875 0.9340461124999999 0.7838711265625 0.9335284453125 0.7919515734375 0.92599183125 0.7965396625000001 0.8505704265625 0.7985825 0.8480354984374999 0.7996733218750001 0.8167984359375 0.801716159375 0.8142635109375 0.805940640625 0.749254459375 0.8079834781249999 0.7467195328125 0.80934700625 0.7076732046875
0 0.8554232390625 0.675400803125 0.8600543249999999 0.6547124203125 0.8612360484374999 0.6208722703125 0.8632788859374999 0.61833734375 0.8644606093749999 0.5844971921875 0.8665034468749999 0.5819622671875 0.8675033671874999 0.5533282921875 0.8695462046875001 0.5507933656249999 0.8707279281250001 0.516953215625 0.8727707656250001 0.5144182890625 0.8734979812500001 0.49359358125 0.8755408171875001 0.4910586546875 0.8769043453125 0.4520123265625 0.8789471828125001 0.44947739999999997 0.880219809375 0.4130341609375 0.8822626453125 0.410499234375 0.88335346875 0.3792621703125 0.8853963046875 0.3767272453125 0.886396225 0.348093271875 0.8884390625 0.345558346875 0.8896207859375 0.3117181953125 0.8916636234374999 0.30918326875 0.8987490593749999 0.21821149375 0.9007918968749999 0.2156765671875 0.9017009140625 0.1896456828125 0.9037437515625 0.18711075625 0.9047436718749999 0.1584767828125 0.8960963171874999 0.154265415625 0.886336640625 0.1539246 0.884293803125 0.1564595265625 0.8726730937499999 0.15344745937499998 0.8647744515625 0.15577789687500002 0.8616192937499999 0.162183371875 0.8519456109375 0.2713086046875 0.8499027734375 0.27384352968750003 0.8485392453125 0.31288985937499997 0.8464964078125 0.315424784375 0.8386837578125 0.4272212671875 0.8366409203125 0.42975619218750005 0.8356410000000001 0.45839016718750003 0.8335981640625001 0.4609250921875 0.8326891453125 0.486955978125 0.8306463078125 0.489490903125 0.8296463875000001 0.5181248796875 0.8276035500000001 0.5206598046875001 0.82006360625 0.624647021875 0.81802076875 0.6271819468750001 0.8142507968749999 0.6791755562499999 0.812207959375 0.6817104828125 0.8043044078125 0.7961100531249999 0.8022615703125 0.798644978125 0.80126165 0.8272789546875 0.7992188125 0.8298138796875 0.7918606718750001 0.9285949203125 0.80423009375 0.9381487906249999 0.8286747343749999 0.9376992828124999 0.8328513109375001 0.93002634375 0.8398458453125001 0.8416576593749999 0.84188868125 0.83912273125 0.8425249953125 0.8209011125 0.8471560796875 0.8002127296875001 0.8514714640625 0.7326005906249999 0.8535143 0.7300656640625001 0.8554232390625 0.675400803125
0 0.8890557375 0.77561326875 0.891098575 0.7730783437500001 0.8920984953125 0.74444436875 0.8941413328125 0.7419094421875 0.8949594484375 0.7184816453125 0.8970022859375 0.7159467187499999 0.904087721875 0.6249749453125 0.906130559375 0.6224400203125 0.906948675 0.599012221875 0.9089915124999999 0.5964772968750001 0.9098096296874999 0.5730495 0.9118524656250001 0.570514575 0.9126705828125001 0.5470867765625 0.9147134203125 0.5445518515625001 0.9157133406250001 0.5159178765625 0.9177561781250001 0.5133829515625 0.9185742937500001 0.48995515312500004 0.92061713125 0.48742022812499997 0.9217988546875 0.453580078125 0.9238416921875 0.45104515 0.924659809375 0.42761735312500004 0.926702646875 0.42508242812499997 0.9277025671875 0.3964484546875 0.929745403125 0.393913528125 0.9305635203125 0.37048572968750004 0.9326063578125 0.36795080625 0.933424475 0.344523009375 0.9354673109375 0.34198808125 0.9362854281249999 0.31856028593749997 0.9383282656249999 0.3160253609375 0.9394190874999999 0.284788296875 0.9414619249999999 0.2822533703125 0.94237094375 0.256222484375 0.9444137796875 0.253687559375 0.9457773078124999 0.2146412296875 0.9478201453124999 0.21210630468749997 0.9513174125000001 0.1679219625 0.9533602484375001 0.1653870375 0.9467557296875 0.1586407453125 0.927236378125 0.15795911406250002 0.9253753453125 0.15528786249999998 0.9096689609374999 0.157345646875 0.906513803125 0.1637511234375 0.897112825 0.2650670890625 0.8950699890625 0.2676020140625 0.8939791671874999 0.29883907656250003 0.8919363296875 0.30137400312499996 0.8911182125 0.3248018015625 0.889075375 0.327336725 0.88421458125 0.410567396875 0.8821717437500001 0.41310232343750003 0.8811718234375 0.4417362984375 0.8791289859375 0.4442712234375 0.8775836546875 0.4885237296875 0.8729525703125001 0.5092121109375001 0.8690007937500001 0.5664118984375001 0.8669579562499999 0.5689468234375 0.8660489374999999 0.5949777093749999 0.8640061015624999 0.597512634375 0.862733475 0.6339558750000001 0.8606906375 0.6364908015624999 0.8597816187499999 0.6625216875 0.8577387828124999 0.6650566125 0.8526961843749999 0.7534934609375 0.8506533468749999 0.7560283859375 0.8467015703125 0.8132281718750001 0.8446587328125 0.8157630984375001 0.8413432703125 0.8547412640625 0.8393004328125 0.8572761906249999 0.8380278078125001 0.8937194312500001 0.8359849703125001 0.8962543546875 0.83471234375 0.9326975953125001 0.8490337015625 0.9423196296875 0.8656706015625 0.941597471875 0.873660146875 0.936663946875 0.8742964593749999 0.9184423265625 0.8763392968750001 0.9159074 0.8773392171875001 0.8872734265625001 0.8793820546875001 0.8847385015624999 0.880381975 0.8561045249999999 0.8824248125 0.8535696015625 0.8890557375 0.77561326875