0 0.099609375 0.7204861109375 0.099609375 0.581597221875 0.09765625 0.578125 0.099609375 0.574652778125 0.099609375 0.5711805562500001 0.09765625 0.5677083328125 0.09765625 0.5642361109375 0.099609375 0.5607638890625 0.099609375 0.543402778125 0.09765625 0.5399305562500001 0.09765625 0.33159722187499996 0.095703125 0.328125 0.095703125 0.26909722187499996 0.0947265625 0.2673611109375 0.0869140625 0.2673611109375 0.0849609375 0.2638888890625 0.0771484375 0.2638888890625 0.0751953125 0.2673611109375 0.0517578125 0.2673611109375 0.0498046875 0.2638888890625 0.046875 0.26909722187499996 0.046875 0.2760416671875 0.044921875 0.2795138890625 0.044921875 0.2829861109375 0.046875 0.2864583328125 0.046875 0.421875 0.048828125 0.42534722187499996 0.048828125 0.5225694437499999 0.05078125 0.5260416671875 0.05078125 0.703125 0.052734375 0.706597221875 0.05078125 0.7100694437499999 0.052734375 0.7135416671875 0.052734375 0.734375 0.0537109375 0.7361111109375 0.0595703125 0.7361111109375 0.0615234375 0.7395833328125 0.0654296875 0.7395833328125 0.06640625 0.737847221875 0.0673828125 0.7361111109375 0.0947265625 0.7361111109375 0.1015625 0.7239583328125 0.099609375 0.7204861109375
0 0.130859375 0.4947916671875 0.12890625 0.49131944375 0.12890625 0.3732638890625 0.126953125 0.3697916671875 0.126953125 0.2552083328125 0.1328125 0.24479166718749998 0.1328125 0.237847221875 0.130859375 0.234375 0.130859375 0.230902778125 0.134765625 0.22395833281250002 0.134765625 0.21701388906250002 0.1318359375 0.21180555625 0.1298828125 0.21180555625 0.1279296875 0.20833333281250002 0.1220703125 0.20833333281250002 0.1201171875 0.20486111093749998 0.1005859375 0.20486111093749998 0.09765625 0.21006944375 0.09765625 0.24479166718749998 0.099609375 0.24826388906250002 0.099609375 0.26215277812500004 0.09765625 0.265625 0.09765625 0.32118055624999997 0.099609375 0.32465277812500004 0.099609375 0.48784722187499996 0.1015625 0.49131944375 0.1015625 0.668402778125 0.103515625 0.671875 0.103515625 0.730902778125 0.1044921875 0.7326388890625 0.1298828125 0.7326388890625 0.130859375 0.730902778125 0.1328125 0.7274305562500001 0.1328125 0.6197916671875 0.130859375 0.6163194437499999 0.130859375 0.4947916671875
0 0.158203125 0.7274305562500001 0.158203125 0.5642361109375 0.15625 0.5607638890625 0.15625 0.550347221875 0.158203125 0.546875 0.15625 0.543402778125 0.15625 0.4322916671875 0.154296875 0.42881944375 0.154296875 0.3142361109375 0.1552734375 0.3125 0.1767578125 0.3125 0.1787109375 0.31597222187499996 0.181640625 0.3107638890625 0.181640625 0.3072916671875 0.18359375 0.30381944375000003 0.18359375 0.30034722187499996 0.181640625 0.296875 0.18359375 0.29340277812500004 0.18359375 0.2864583328125 0.1806640625 0.28125 0.1787109375 0.28125 0.1748046875 0.27430555624999997 0.1689453125 0.27430555624999997 0.1669921875 0.2708333328125 0.1650390625 0.2708333328125 0.1630859375 0.2673611109375 0.1611328125 0.2673611109375 0.1591796875 0.2638888890625 0.1572265625 0.2638888890625 0.1513671875 0.25694444375000003 0.1455078125 0.25694444375000003 0.1435546875 0.25347222187499996 0.1357421875 0.25347222187499996 0.1337890625 0.25 0.1318359375 0.25 0.1298828125 0.25347222187499996 0.126953125 0.2552083328125 0.126953125 0.32118055624999997 0.12890625 0.32465277812500004 0.12890625 0.453125 0.130859375 0.45659722187499996 0.130859375 0.578125 0.1328125 0.581597221875 0.1328125 0.6961805562500001 0.134765625 0.699652778125 0.134765625 0.737847221875 0.1357421875 0.7395833328125 0.1455078125 0.7395833328125 0.146484375 0.737847221875 0.1494140625 0.7361111109375 0.1513671875 0.7326388890625 0.1552734375 0.7326388890625 0.158203125 0.7274305562500001
0 0.185546875 0.5885416671875 0.18359375 0.5850694437499999 0.18359375 0.38368055624999997 0.181640625 0.3802083328125 0.181640625 0.3767361109375 0.18359375 0.3732638890625 0.18359375 0.36631944375000003 0.181640625 0.36284722187499996 0.181640625 0.3177083328125 0.1787109375 0.3125 0.1572265625 0.3125 0.154296875 0.3177083328125 0.154296875 0.4010416671875 0.15625 0.4045138890625 0.15625 0.49131944375 0.158203125 0.4947916671875 0.158203125 0.6302083328125 0.16015625 0.6336805562500001 0.16015625 0.703125 0.162109375 0.706597221875 0.162109375 0.7204861109375 0.16015625 0.7239583328125 0.1630859375 0.7291666671875 0.1826171875 0.7291666671875 0.18359375 0.7274305562500001 0.185546875 0.7239583328125 0.185546875 0.5954861109375 0.18359375 0.5920138890625 0.185546875 0.5885416671875
0 0.21875 0.675347221875 0.220703125 0.671875 0.220703125 0.5572916671875 0.21875 0.5538194437499999 0.21875 0.36631944375000003 0.216796875 0.36284722187499996 0.216796875 0.2760416671875 0.2158203125 0.27430555624999997 0.2041015625 0.27430555624999997 0.2021484375 0.2708333328125 0.2001953125 0.27430555624999997 0.1845703125 0.27430555624999997 0.18359375 0.2760416671875 0.18359375 0.5364583328125 0.185546875 0.5399305562500001 0.18359375 0.543402778125 0.185546875 0.546875 0.185546875 0.6961805562500001 0.1875 0.699652778125 0.1875 0.703125 0.185546875 0.706597221875 0.185546875 0.7135416671875 0.1875 0.7170138890625 0.185546875 0.7274305562500001 0.1884765625 0.7326388890625 0.2177734375 0.7326388890625 0.21875 0.730902778125 0.220703125 0.7274305562500001 0.220703125 0.6822916671875 0.21875 0.6788194437499999 0.21875 0.675347221875
0 0.25390625 0.6892361109375 0.251953125 0.6857638890625 0.251953125 0.668402778125 0.25390625 0.6649305562500001 0.25390625 0.6614583328125 0.251953125 0.6579861109375 0.251953125 0.644097221875 0.25390625 0.640625 0.25390625 0.6302083328125 0.251953125 0.6267361109375 0.251953125 0.612847221875 0.25390625 0.609375 0.25390625 0.605902778125 0.251953125 0.6024305562500001 0.251953125 0.5850694437499999 0.25390625 0.581597221875 0.25390625 0.578125 0.251953125 0.574652778125 0.251953125 0.5572916671875 0.25390625 0.5538194437499999 0.251953125 0.550347221875 0.251953125 0.42881944375 0.25390625 0.42534722187499996 0.251953125 0.421875 0.251953125 0.2795138890625 0.2509765625 0.27777777812500004 0.2470703125 0.27777777812500004 0.2451171875 0.27430555624999997 0.2197265625 0.27430555624999997 0.21875 0.2760416671875 0.21875 0.4704861109375 0.220703125 0.4739583328125 0.220703125 0.6961805562500001 0.22265625 0.699652778125 0.22265625 0.7100694437499999 0.220703125 0.7135416671875 0.22265625 0.7170138890625 0.22265625 0.7274305562500001 0.2236328125 0.7291666671875 0.2490234375 0.7291666671875 0.25 0.7274305562500001 0.251953125 0.7239583328125 0.251953125 0.6961805562500001 0.25390625 0.6927083328125 0.25390625 0.6892361109375
0 0.28515625 0.44965277812500004 0.28515625 0.4357638890625 0.287109375 0.4322916671875 0.287109375 0.3697916671875 0.2890625 0.36631944375000003 0.2890625 0.36284722187499996 0.287109375 0.359375 0.287109375 0.35590277812500004 0.2890625 0.35243055624999997 0.2890625 0.25868055624999997 0.2841796875 0.25 0.2822265625 0.25 0.2802734375 0.246527778125 0.2548828125 0.246527778125 0.25390625 0.24826388906250002 0.25390625 0.41840277812500004 0.255859375 0.421875 0.255859375 0.42534722187499996 0.25390625 0.42881944375 0.25390625 0.7239583328125 0.2548828125 0.7256944437499999 0.2802734375 0.7256944437499999 0.28125 0.7239583328125 0.28125 0.6649305562500001 0.283203125 0.6614583328125 0.283203125 0.453125 0.28515625 0.44965277812500004
0 0.3046875 0.7170138890625 0.306640625 0.7135416671875 0.306640625 0.6475694437499999 0.30859375 0.644097221875 0.30859375 0.5850694437499999 0.310546875 0.581597221875 0.310546875 0.515625 0.3125 0.512152778125 0.3125 0.41493055625 0.314453125 0.4114583328125 0.314453125 0.29340277812500004 0.31640625 0.28993055624999997 0.31640625 0.2829861109375 0.3173828125 0.28125 0.3271484375 0.28125 0.330078125 0.2760416671875 0.330078125 0.27256944375000003 0.328125 0.26909722187499996 0.328125 0.265625 0.326171875 0.26215277812500004 0.32421875 0.2517361109375 0.3134765625 0.23263888906250002 0.3115234375 0.23263888906250002 0.3095703125 0.22916666718749998 0.2939453125 0.22916666718749998 0.29296875 0.230902778125 0.29296875 0.2552083328125 0.291015625 0.25868055624999997 0.291015625 0.36284722187499996 0.2890625 0.36631944375000003 0.2890625 0.4739583328125 0.287109375 0.47743055625 0.287109375 0.5399305562500001 0.28515625 0.543402778125 0.28515625 0.6267361109375 0.283203125 0.6302083328125 0.283203125 0.668402778125 0.28515625 0.671875 0.28515625 0.675347221875 0.283203125 0.6788194437499999 0.283203125 0.7204861109375 0.2880859375 0.7291666671875 0.2958984375 0.7291666671875 0.296875 0.7274305562500001 0.2978515625 0.7256944437499999 0.3017578125 0.7256944437499999 0.3046875 0.7204861109375 0.3046875 0.7170138890625
0 0.326171875 0.6961805562500001 0.333984375 0.6822916671875 0.333984375 0.6788194437499999 0.337890625 0.668402778125 0.337890625 0.640625 0.33984375 0.637152778125 0.33984375 0.5920138890625 0.341796875 0.5885416671875 0.341796875 0.550347221875 0.34375 0.546875 0.34375 0.515625 0.345703125 0.512152778125 0.345703125 0.3072916671875 0.34375 0.30381944375000003 0.34375 0.30034722187499996 0.3369140625 0.28819444375000003 0.3349609375 0.28819444375000003 0.3310546875 0.28125 0.3173828125 0.28125 0.31640625 0.2829861109375 0.31640625 0.32465277812500004 0.314453125 0.328125 0.314453125 0.33506944375000003 0.31640625 0.3385416671875 0.31640625 0.3489583328125 0.314453125 0.35243055624999997 0.314453125 0.47743055625 0.3125 0.48090277812500004 0.3125 0.5329861109375 0.310546875 0.5364583328125 0.310546875 0.5989583328125 0.30859375 0.6024305562500001 0.30859375 0.6961805562500001 0.306640625 0.699652778125 0.306640625 0.7135416671875 0.3095703125 0.71875 0.3173828125 0.71875 0.318359375 0.7170138890625 0.322265625 0.7100694437499999 0.322265625 0.706597221875 0.326171875 0.699652778125 0.326171875 0.6961805562500001
0 0.365234375 0.5399305562500001 0.365234375 0.3697916671875 0.36328125 0.36631944375000003 0.36328125 0.2829861109375 0.3603515625 0.27777777812500004 0.3486328125 0.27777777812500004 0.345703125 0.2829861109375 0.345703125 0.36284722187499996 0.34765625 0.36631944375000003 0.345703125 0.3697916671875 0.34765625 0.3732638890625 0.34765625 0.5364583328125 0.349609375 0.5399305562500001 0.349609375 0.6302083328125 0.3515625 0.6336805562500001 0.3515625 0.668402778125 0.3544921875 0.6736111109375 0.3681640625 0.6736111109375 0.369140625 0.671875 0.369140625 0.5989583328125 0.3671875 0.5954861109375 0.3671875 0.543402778125 0.365234375 0.5399305562500001
0 0.384765625 0.6302083328125 0.3828125 0.6267361109375 0.3828125 0.4670138890625 0.380859375 0.4635416671875 0.380859375 0.4045138890625 0.37890625 0.4010416671875 0.37890625 0.2829861109375 0.376953125 0.2795138890625 0.3759765625 0.27430555624999997 0.3642578125 0.27430555624999997 0.36328125 0.2760416671875 0.36328125 0.359375 0.365234375 0.36284722187499996 0.365234375 0.5225694437499999 0.3671875 0.5260416671875 0.3671875 0.5920138890625 0.369140625 0.5954861109375 0.369140625 0.668402778125 0.3701171875 0.6701388890625 0.3779296875 0.6701388890625 0.3798828125 0.6736111109375 0.380859375 0.671875 0.3828125 0.668402778125 0.3828125 0.6475694437499999 0.384765625 0.644097221875 0.384765625 0.6302083328125
0 0.40625 0.5642361109375 0.404296875 0.5607638890625 0.404296875 0.4635416671875 0.40234375 0.46006944375 0.40234375 0.3767361109375 0.400390625 0.3732638890625 0.400390625 0.2552083328125 0.3974609375 0.25 0.3818359375 0.25 0.37890625 0.2552083328125 0.37890625 0.3454861109375 0.380859375 0.3489583328125 0.380859375 0.44618055625 0.3828125 0.44965277812500004 0.3828125 0.550347221875 0.384765625 0.5538194437499999 0.384765625 0.637152778125 0.38671875 0.640625 0.38671875 0.671875 0.3896484375 0.6736111109375 0.3916015625 0.6770833328125 0.4052734375 0.6770833328125 0.40625 0.675347221875 0.40625 0.671875 0.408203125 0.668402778125 0.40625 0.6649305562500001 0.40625 0.5642361109375
0 0.42578125 0.4392361109375 0.423828125 0.4357638890625 0.423828125 0.30381944375000003 0.421875 0.30034722187499996 0.421875 0.2829861109375 0.4208984375 0.28125 0.4033203125 0.28125 0.400390625 0.2864583328125 0.400390625 0.33159722187499996 0.40234375 0.33506944375000003 0.400390625 0.3454861109375 0.40234375 0.3489583328125 0.40234375 0.46006944375 0.404296875 0.4635416671875 0.404296875 0.5677083328125 0.40625 0.5711805562500001 0.40625 0.640625 0.408203125 0.644097221875 0.408203125 0.668402778125 0.4091796875 0.6701388890625 0.4248046875 0.6701388890625 0.42578125 0.668402778125 0.427734375 0.6649305562500001 0.427734375 0.5850694437499999 0.42578125 0.581597221875 0.42578125 0.4392361109375
0 0.4453125 0.38715277812500004 0.443359375 0.38368055624999997 0.443359375 0.3177083328125 0.4404296875 0.3125 0.4248046875 0.3125 0.423828125 0.3142361109375 0.423828125 0.41840277812500004 0.42578125 0.421875 0.423828125 0.42534722187499996 0.423828125 0.42881944375 0.42578125 0.4322916671875 0.42578125 0.574652778125 0.427734375 0.578125 0.427734375 0.6614583328125 0.4306640625 0.6666666671875 0.4443359375 0.6666666671875 0.4453125 0.6649305562500001 0.447265625 0.6614583328125 0.447265625 0.574652778125 0.4453125 0.5711805562500001 0.4453125 0.38715277812500004
0 0.478515625 0.612847221875 0.478515625 0.5677083328125 0.4765625 0.5642361109375 0.478515625 0.5607638890625 0.478515625 0.5364583328125 0.4765625 0.5329861109375 0.4765625 0.5295138890625 0.478515625 0.5260416671875 0.4765625 0.5225694437499999 0.4765625 0.515625 0.478515625 0.512152778125 0.478515625 0.46006944375 0.4765625 0.45659722187499996 0.4765625 0.44618055625 0.478515625 0.4427083328125 0.478515625 0.4357638890625 0.4765625 0.4322916671875 0.4765625 0.265625 0.474609375 0.26215277812500004 0.474609375 0.24826388906250002 0.4736328125 0.246527778125 0.4599609375 0.246527778125 0.4580078125 0.24305555625 0.4501953125 0.24305555625 0.4482421875 0.246527778125 0.4462890625 0.246527778125 0.443359375 0.2517361109375 0.443359375 0.30381944375000003 0.4453125 0.3072916671875 0.4453125 0.3107638890625 0.443359375 0.3142361109375 0.443359375 0.3177083328125 0.4453125 0.32118055624999997 0.4453125 0.4045138890625 0.447265625 0.4079861109375 0.447265625 0.42534722187499996 0.4453125 0.42881944375 0.4453125 0.4427083328125 0.447265625 0.44618055625 0.447265625 0.6649305562500001 0.4501953125 0.6701388890625 0.4736328125 0.6701388890625 0.474609375 0.668402778125 0.478515625 0.6649305562500001 0.478515625 0.6197916671875 0.4765625 0.6163194437499999 0.478515625 0.612847221875
0 0.517578125 0.36631944375000003 0.515625 0.36284722187499996 0.515625 0.296875 0.5126953125 0.2916666671875 0.4794921875 0.2916666671875 0.4765625 0.296875 0.4765625 0.3489583328125 0.478515625 0.35243055624999997 0.478515625 0.6024305562500001 0.48046875 0.605902778125 0.48046875 0.6649305562500001 0.4833984375 0.6701388890625 0.5166015625 0.6701388890625 0.517578125 0.668402778125 0.51953125 0.6649305562500001 0.51953125 0.6614583328125 0.517578125 0.6579861109375 0.517578125 0.36631944375000003
0 0.5546875 0.390625 0.552734375 0.38715277812500004 0.552734375 0.38368055624999997 0.5546875 0.3802083328125 0.5546875 0.3767361109375 0.552734375 0.3732638890625 0.552734375 0.22743055625 0.5498046875 0.222222221875 0.5244140625 0.222222221875 0.5224609375 0.22569444375 0.5205078125 0.22569444375 0.51953125 0.230902778125 0.517578125 0.234375 0.517578125 0.38715277812500004 0.51953125 0.390625 0.51953125 0.5538194437499999 0.521484375 0.5572916671875 0.521484375 0.5677083328125 0.51953125 0.5711805562500001 0.521484375 0.574652778125 0.521484375 0.581597221875 0.51953125 0.5850694437499999 0.521484375 0.5954861109375 0.51953125 0.5989583328125 0.51953125 0.605902778125 0.521484375 0.609375 0.521484375 0.668402778125 0.5244140625 0.6701388890625 0.5263671875 0.6736111109375 0.5517578125 0.6736111109375 0.552734375 0.671875 0.556640625 0.668402778125 0.556640625 0.5642361109375 0.5546875 0.5607638890625 0.5546875 0.390625
0 0.587890625 0.230902778125 0.5849609375 0.22569444375 0.5576171875 0.22569444375 0.5546875 0.230902778125 0.5546875 0.36284722187499996 0.556640625 0.36631944375000003 0.556640625 0.6614583328125 0.55859375 0.6649305562500001 0.5595703125 0.6701388890625 0.5869140625 0.6701388890625 0.587890625 0.668402778125 0.58984375 0.6649305562500001 0.58984375 0.484375 0.587890625 0.48090277812500004 0.587890625 0.230902778125
0 0.626953125 0.5885416671875 0.625 0.5850694437499999 0.625 0.5642361109375 0.626953125 0.5607638890625 0.625 0.5572916671875 0.625 0.546875 0.626953125 0.543402778125 0.626953125 0.5295138890625 0.625 0.5260416671875 0.625 0.5225694437499999 0.626953125 0.519097221875 0.626953125 0.5052083328125 0.625 0.5017361109375 0.625 0.265625 0.6220703125 0.2604166671875 0.6005859375 0.2604166671875 0.59375 0.27256944375000003 0.59375 0.4704861109375 0.595703125 0.4739583328125 0.595703125 0.5260416671875 0.59375 0.5295138890625 0.59375 0.5364583328125 0.595703125 0.5399305562500001 0.59375 0.543402778125 0.59375 0.550347221875 0.595703125 0.5538194437499999 0.595703125 0.6614583328125 0.5966796875 0.6631944437499999 0.6005859375 0.6631944437499999 0.6025390625 0.6666666671875 0.6083984375 0.6666666671875 0.609375 0.6649305562500001 0.6103515625 0.6631944437499999 0.6240234375 0.6631944437499999 0.626953125 0.6579861109375 0.626953125 0.5885416671875
0 0.64453125 0.3420138890625 0.646484375 0.3385416671875 0.646484375 0.33506944375000003 0.64453125 0.33159722187499996 0.64453125 0.3177083328125 0.6435546875 0.31597222187499996 0.6279296875 0.31597222187499996 0.625 0.32118055624999997 0.625 0.41493055625 0.626953125 0.41840277812500004 0.626953125 0.421875 0.625 0.42534722187499996 0.625 0.42881944375 0.626953125 0.4322916671875 0.626953125 0.4357638890625 0.625 0.4392361109375 0.625 0.4427083328125 0.626953125 0.44618055625 0.626953125 0.44965277812500004 0.625 0.453125 0.625 0.45659722187499996 0.626953125 0.46006944375 0.626953125 0.6545138890625 0.6279296875 0.65625 0.6396484375 0.65625 0.640625 0.6545138890625 0.642578125 0.6510416671875 0.642578125 0.550347221875 0.64453125 0.546875 0.64453125 0.3420138890625
0 0.662109375 0.5086805562500001 0.662109375 0.5017361109375 0.6640625 0.4982638890625 0.6640625 0.32118055624999997 0.6611328125 0.31597222187499996 0.6455078125 0.31597222187499996 0.64453125 0.3177083328125 0.64453125 0.574652778125 0.642578125 0.578125 0.64453125 0.581597221875 0.64453125 0.5885416671875 0.642578125 0.5920138890625 0.642578125 0.6545138890625 0.6435546875 0.65625 0.6611328125 0.65625 0.662109375 0.6545138890625 0.662109375 0.5225694437499999 0.6640625 0.519097221875 0.6640625 0.512152778125 0.662109375 0.5086805562500001
0 0.734375 0.6510416671875 0.736328125 0.6475694437499999 0.736328125 0.2864583328125 0.7333984375 0.28125 0.7080078125 0.28125 0.7060546875 0.28472222187499996 0.7021484375 0.28472222187499996 0.7001953125 0.28819444375000003 0.6962890625 0.28819444375000003 0.6943359375 0.2916666671875 0.6923828125 0.2916666671875 0.69140625 0.296875 0.689453125 0.30034722187499996 0.689453125 0.3072916671875 0.69140625 0.3107638890625 0.69140625 0.4045138890625 0.693359375 0.4079861109375 0.693359375 0.453125 0.69140625 0.45659722187499996 0.69140625 0.46006944375 0.693359375 0.4635416671875 0.693359375 0.6510416671875 0.6962890625 0.65625 0.6982421875 0.65625 0.7001953125 0.659722221875 0.7080078125 0.659722221875 0.7099609375 0.6631944437499999 0.7255859375 0.6631944437499999 0.7265625 0.6614583328125 0.7275390625 0.659722221875 0.7333984375 0.659722221875 0.734375 0.6579861109375 0.734375 0.6510416671875
0 0.69140625 0.6232638890625 0.689453125 0.6197916671875 0.689453125 0.6163194437499999 0.69140625 0.612847221875 0.69140625 0.5989583328125 0.689453125 0.5954861109375 0.689453125 0.5920138890625 0.69140625 0.5885416671875 0.69140625 0.5399305562500001 0.689453125 0.5364583328125 0.689453125 0.28993055624999997 0.6884765625 0.28819444375000003 0.6650390625 0.28819444375000003 0.6630859375 0.2916666671875 0.6591796875 0.2916666671875 0.6572265625 0.2951388890625 0.6552734375 0.2951388890625 0.65234375 0.30034722187499996 0.654296875 0.30381944375000003 0.654296875 0.3072916671875 0.6591796875 0.31597222187499996 0.6630859375 0.31597222187499996 0.6640625 0.3177083328125 0.6640625 0.519097221875 0.662109375 0.5225694437499999 0.662109375 0.6545138890625 0.6650390625 0.659722221875 0.6708984375 0.659722221875 0.6728515625 0.6631944437499999 0.6845703125 0.6631944437499999 0.685546875 0.6614583328125 0.689453125 0.6579861109375 0.689453125 0.637152778125 0.69140625 0.6336805562500001 0.69140625 0.6232638890625
0 0.763671875 0.39756944375000003 0.765625 0.39409722187499996 0.765625 0.2795138890625 0.7646484375 0.27777777812500004 0.7548828125 0.27777777812500004 0.751953125 0.2829861109375 0.751953125 0.5052083328125 0.75 0.5086805562500001 0.75 0.6475694437499999 0.7529296875 0.652777778125 0.7587890625 0.652777778125 0.759765625 0.6510416671875 0.763671875 0.640625 0.76171875 0.637152778125 0.763671875 0.6336805562500001 0.763671875 0.39756944375000003
0 0.7802734375 0.30902777812500004 0.7783203125 0.30902777812500004 0.7763671875 0.3125 0.7744140625 0.3125 0.7724609375 0.30902777812500004 0.7685546875 0.30902777812500004 0.765625 0.3142361109375 0.765625 0.38715277812500004 0.763671875 0.390625 0.763671875 0.6475694437499999 0.7646484375 0.6493055562500001 0.7802734375 0.6493055562500001 0.78125 0.6475694437499999 0.78125 0.5954861109375 0.783203125 0.5920138890625 0.783203125 0.3142361109375 0.7802734375 0.30902777812500004
0 0.751953125 0.2795138890625 0.7509765625 0.27777777812500004 0.7412109375 0.27777777812500004 0.740234375 0.2795138890625 0.740234375 0.28993055624999997 0.73828125 0.29340277812500004 0.73828125 0.6475694437499999 0.7412109375 0.652777778125 0.7470703125 0.652777778125 0.748046875 0.6510416671875 0.75 0.6475694437499999 0.75 0.5677083328125 0.751953125 0.5642361109375 0.751953125 0.2795138890625
0 0.876953125 0.24479166718749998 0.8740234375 0.23958333281250002 0.8525390625 0.23958333281250002 0.8505859375 0.24305555625 0.8154296875 0.24305555625 0.8134765625 0.246527778125 0.8076171875 0.246527778125 0.8056640625 0.25 0.8017578125 0.25 0.7998046875 0.25347222187499996 0.7958984375 0.25347222187499996 0.7939453125 0.25694444375000003 0.7880859375 0.25694444375000003 0.7861328125 0.2604166671875 0.7822265625 0.2604166671875 0.7802734375 0.2638888890625 0.7763671875 0.2638888890625 0.7744140625 0.2673611109375 0.7705078125 0.2673611109375 0.767578125 0.27256944375000003 0.767578125 0.296875 0.7705078125 0.2986111109375 0.7724609375 0.3020833328125 0.7744140625 0.3020833328125 0.7763671875 0.2986111109375 0.7841796875 0.2986111109375 0.7861328125 0.2951388890625 0.8056640625 0.2951388890625 0.80859375 0.30034722187499996 0.80859375 0.453125 0.806640625 0.45659722187499996 0.80859375 0.46006944375 0.80859375 0.4635416671875 0.806640625 0.4670138890625 0.806640625 0.644097221875 0.8095703125 0.6493055562500001 0.8193359375 0.6493055562500001 0.8212890625 0.652777778125 0.8505859375 0.652777778125 0.8515625 0.6510416671875 0.8525390625 0.6493055562500001 0.8759765625 0.6493055562500001 0.876953125 0.6475694437499999 0.876953125 0.24479166718749998
0 0.806640625 0.3489583328125 0.80859375 0.3454861109375 0.80859375 0.30034722187499996 0.8056640625 0.2951388890625 0.7900390625 0.2951388890625 0.7880859375 0.2986111109375 0.7822265625 0.2986111109375 0.7802734375 0.3020833328125 0.7744140625 0.3020833328125 0.7734375 0.30381944375000003 0.7763671875 0.30555555624999997 0.7783203125 0.30902777812500004 0.7822265625 0.30902777812500004 0.78515625 0.3142361109375 0.78515625 0.3697916671875 0.783203125 0.3732638890625 0.783203125 0.6302083328125 0.78125 0.6336805562500001 0.78125 0.640625 0.7841796875 0.6458333328125 0.7861328125 0.6458333328125 0.7880859375 0.6493055562500001 0.791015625 0.6475694437499999 0.7919921875 0.6458333328125 0.8037109375 0.6458333328125 0.806640625 0.640625 0.806640625 0.3489583328125
0 0.0478515625 0.7395833328125 0.05078125 0.734375 0.05078125 0.637152778125 0.048828125 0.6336805562500001 0.048828125 0.519097221875 0.046875 0.515625 0.046875 0.4079861109375 0.044921875 0.4045138890625 0.044921875 0.28993055624999997 0.04296875 0.2864583328125 0.04296875 0.26909722187499996 0.0400390625 0.2638888890625 0.0361328125 0.2638888890625 0.0341796875 0.2604166671875 0.0048828125 0.2604166671875 0.00390625 0.26215277812500004 0.00390625 0.3489583328125 0.005859375 0.35243055624999997 0.005859375 0.4357638890625 0.0078125 0.4392361109375 0.0078125 0.515625 0.009765625 0.519097221875 0.009765625 0.605902778125 0.01171875 0.609375 0.01171875 0.6857638890625 0.013671875 0.6892361109375 0.013671875 0.7413194437499999 0.0166015625 0.746527778125 0.0302734375 0.746527778125 0.03125 0.7447916671875 0.0322265625 0.7430555562500001 0.0439453125 0.7430555562500001 0.0458984375 0.7395833328125 0.0478515625 0.7395833328125