0 0.16015625 0.9051246640624999 0.16015625 0.8842872609375 0.158203125 0.8816825875 0.154296875 0.7410301203125 0.15234375 0.7384254453125 0.150390625 0.6811225890625 0.1484375 0.6785179140625 0.1484375 0.6498664859375001 0.146484375 0.6472618109375 0.14453125 0.6055870062500001 0.142578125 0.6029823296875 0.138671875 0.5092140203125 0.13671875 0.5066093453125 0.13671875 0.4831672671875 0.134765625 0.4805625921875 0.134765625 0.4493064875 0.1328125 0.4467018125 0.1328125 0.4232597359375 0.130859375 0.42065506093750005 0.130859375 0.39200363125000004 0.12890625 0.38939895625 0.125 0.313863371875 0.1220703125 0.3099563609375 0.0791015625 0.3099563609375 0.0732421875 0.307351684375 0.0703125 0.3112586984375 0.0703125 0.34511947656249997 0.072265625 0.3477241515625 0.07421875 0.39721298125 0.076171875 0.3998176578125 0.076171875 0.4258644109375 0.078125 0.4284690859375 0.078125 0.4493064875 0.080078125 0.45191116249999996 0.08203125 0.50139999375 0.083984375 0.5040046703125001 0.083984375 0.522237396875 0.0859375 0.524842071875 0.0859375 0.550888825 0.087890625 0.5534935 0.087890625 0.5795402515625 0.08984375 0.582144928125 0.08984375 0.6003776546874999 0.091796875 0.6029823296875 0.091796875 0.631633759375 0.09375 0.634238434375 0.09375 0.6576805109375 0.095703125 0.6602851859375 0.095703125 0.6863319390625 0.09765625 0.6889366156250001 0.09765625 0.7097740171875 0.099609375 0.7123786937500001 0.103515625 0.787914275 0.107421875 0.808751678125 0.107421875 0.8452171328125001 0.109375 0.8478218078124999 0.109375 0.8660545359375 0.111328125 0.8686592093750001 0.115234375 0.9389854421875 0.1181640625 0.94549713125 0.158203125 0.94419479375 0.1640625 0.93638076875 0.162109375 0.9337760921875 0.162109375 0.907729340625 0.16015625 0.9051246640624999
0 0.1767578125 0.869961546875 0.1669921875 0.869961546875 0.1669921875 0.8673568734374999 0.1767578125 0.8673568734374999 0.1845703125 0.862147521875 0.1923828125 0.864752196875 0.1953125 0.858240509375 0.193359375 0.853031159375 0.19140625 0.78010025 0.189453125 0.777495575 0.189453125 0.7540534984375 0.1875 0.7514488218750001 0.185546875 0.6733085640625001 0.18359375 0.6707038890625 0.18359375 0.6472618109375 0.181640625 0.6446571343749999 0.181640625 0.60819168125 0.1796875 0.6055870062500001 0.1796875 0.5769355765624999 0.177734375 0.5743309015625 0.177734375 0.5378654468749999 0.17578125 0.535260771875 0.17578125 0.5092140203125 0.173828125 0.5066093453125 0.173828125 0.470143890625 0.171875 0.467539215625 0.16796875 0.37898025468749996 0.166015625 0.3763755796875 0.1640625 0.3112586984375 0.162109375 0.308654021875 0.162109375 0.28260726875 0.16015625 0.28000259375000003 0.158203125 0.22790908906250001 0.15625 0.2226997375 0.1220703125 0.2213974 0.12109375 0.253955840625 0.123046875 0.2565605171875 0.123046875 0.27479324374999997 0.125 0.27739791875 0.125 0.2956306453125 0.126953125 0.298235321875 0.125 0.308654021875 0.126953125 0.313863371875 0.126953125 0.3477241515625 0.12890625 0.35032882656250003 0.134765625 0.470143890625 0.13671875 0.472748565625 0.13671875 0.4961906421875 0.138671875 0.49879531874999994 0.142578125 0.5899589546875 0.14453125 0.5925636296875 0.14453125 0.61340103125 0.146484375 0.61600570625 0.1484375 0.6837272640625 0.150390625 0.6863319390625 0.150390625 0.7123786937500001 0.15234375 0.71498336875 0.15234375 0.7384254453125 0.154296875 0.7410301203125 0.154296875 0.7748909 0.15625 0.777495575 0.15625 0.8113563546875 0.158203125 0.813961028125 0.158203125 0.8452171328125001 0.16015625 0.8478218078124999 0.162109375 0.8868919375000001 0.1640625 0.8868919375000001 0.1669921875 0.8751708984375 0.1708984375 0.8725662234374999 0.177734375 0.8738685609375001 0.1767578125 0.869961546875
0 0.21484375 0.8973106375000001 0.212890625 0.8947059640624999 0.2109375 0.8113563546875 0.208984375 0.808751678125 0.205078125 0.6707038890625 0.203125 0.6680992125 0.203125 0.6394477843749999 0.201171875 0.636843109375 0.197265625 0.530051421875 0.1953125 0.527446746875 0.1953125 0.5066093453125 0.193359375 0.5040046703125001 0.189453125 0.3998176578125 0.1875 0.39721298125 0.1875 0.37898025468749996 0.185546875 0.3763755796875 0.185546875 0.329491425 0.18359375 0.3268867484375 0.18359375 0.2930259703125 0.181640625 0.2904212953125 0.181640625 0.2617698671875 0.1796875 0.2591651921875 0.177734375 0.18362960781249998 0.17578125 0.1810249328125 0.17578125 0.1706062328125 0.1728515625 0.16669921875 0.1591796875 0.16669921875 0.15625 0.1706062328125 0.158203125 0.2331184390625 0.16015625 0.23572311406250002 0.16015625 0.2643745421875 0.162109375 0.2669792171875 0.166015625 0.360747528125 0.16796875 0.363352203125 0.16796875 0.39721298125 0.169921875 0.3998176578125 0.169921875 0.4336784359375 0.171875 0.43628311093749994 0.173828125 0.50139999375 0.17578125 0.5040046703125001 0.17578125 0.532656096875 0.177734375 0.535260771875 0.177734375 0.5743309015625 0.1796875 0.5769355765624999 0.18359375 0.6654945375 0.185546875 0.6680992125 0.185546875 0.699355315625 0.1875 0.701959990625 0.193359375 0.8400077828124999 0.1953125 0.84261245625 0.1953125 0.860845184375 0.197265625 0.863449859375 0.197265625 0.907729340625 0.201171875 0.918148040625 0.19921875 0.9389854421875 0.212890625 0.9389854421875 0.21484375 0.93638076875 0.21484375 0.9051246640624999 0.212890625 0.9025199890625 0.21484375 0.8973106375000001
0 0.23046875 0.8686592093750001 0.228515625 0.8660545359375 0.2265625 0.78010025 0.224609375 0.777495575 0.2265625 0.772286225 0.224609375 0.7696815484374999 0.224609375 0.7332160953125 0.22265625 0.7306114203125 0.22265625 0.6837272640625 0.220703125 0.6811225890625 0.220703125 0.6524711609375 0.21875 0.6498664859375001 0.21484375 0.5092140203125 0.212890625 0.5066093453125 0.2109375 0.4284690859375 0.208984375 0.4258644109375 0.20703125 0.358142853125 0.205078125 0.3555381765625 0.205078125 0.3242820734375 0.203125 0.3216773984375 0.197265625 0.17321090625 0.1943359375 0.16930389375 0.1787109375 0.16930389375 0.1796875 0.2565605171875 0.181640625 0.2591651921875 0.18359375 0.3242820734375 0.185546875 0.3268867484375 0.185546875 0.3737709046875 0.1875 0.3763755796875 0.19140625 0.470143890625 0.193359375 0.472748565625 0.193359375 0.50139999375 0.1953125 0.5040046703125001 0.1953125 0.532656096875 0.197265625 0.535260771875 0.197265625 0.5743309015625 0.19921875 0.5769355765624999 0.19921875 0.6003776546874999 0.201171875 0.6029823296875 0.203125 0.6654945375 0.205078125 0.6680992125 0.205078125 0.7097740171875 0.20703125 0.7123786937500001 0.20703125 0.7540534984375 0.208984375 0.7566581734375 0.20703125 0.7618675234375 0.208984375 0.7644721984375 0.208984375 0.795728303125 0.2109375 0.798332978125 0.2109375 0.83479843125 0.212890625 0.83740310625 0.212890625 0.8790779109375 0.21484375 0.8816825875 0.21484375 0.8999153140624999 0.2197265625 0.9012176515625001 0.2216796875 0.8986129765624999 0.224609375 0.9025199890625 0.2216796875 0.909031678125 0.2158203125 0.9064270015625 0.21484375 0.9103340140625 0.220703125 0.9233573921874999 0.216796875 0.9311714171875 0.2197265625 0.9350784296875 0.23046875 0.9337760921875 0.23046875 0.8868919375000001 0.228515625 0.8842872609375 0.23046875 0.8816825875 0.23046875 0.8686592093750001
0 0.25 0.83479843125 0.248046875 0.83219375625 0.248046875 0.7931236265625 0.24609375 0.7905189515625 0.24609375 0.7670768734375 0.244140625 0.7644721984375 0.244140625 0.7436347953125 0.2421875 0.7410301203125 0.2421875 0.6811225890625 0.240234375 0.6785179140625 0.240234375 0.634238434375 0.23828125 0.631633759375 0.236328125 0.5639122015625 0.234375 0.5613075249999999 0.232421875 0.47795791562499995 0.23046875 0.47535324062499995 0.23046875 0.4440971375 0.228515625 0.4414924625 0.228515625 0.3946083078125 0.2265625 0.39200363125000004 0.2265625 0.3477241515625 0.224609375 0.34511947656249997 0.224609375 0.313863371875 0.22265625 0.3112586984375 0.220703125 0.2331184390625 0.21875 0.2305137625 0.21875 0.17321090625 0.2158203125 0.16930389375 0.2001953125 0.16930389375 0.197265625 0.17321090625 0.197265625 0.191443634375 0.19921875 0.194048309375 0.203125 0.31907272343750004 0.205078125 0.3216773984375 0.208984375 0.4258644109375 0.2109375 0.4284690859375 0.2109375 0.47795791562499995 0.212890625 0.4805625921875 0.21484375 0.5665168765625 0.216796875 0.5691215515625 0.216796875 0.6055870062500001 0.21875 0.60819168125 0.220703125 0.6759132390625 0.22265625 0.6785179140625 0.22265625 0.72019271875 0.224609375 0.72279739375 0.224609375 0.7566581734375 0.2265625 0.7592628484375 0.2265625 0.813961028125 0.228515625 0.8165657046874999 0.232421875 0.9311714171875 0.2353515625 0.9350784296875 0.25 0.9337760921875 0.25 0.907729340625 0.248046875 0.9051246640624999 0.25 0.8973106375000001 0.25 0.83479843125
0 0.267578125 0.915543365625 0.267578125 0.8868919375000001 0.265625 0.8842872609375 0.263671875 0.7618675234375 0.26171875 0.7592628484375 0.26171875 0.7306114203125 0.259765625 0.72800674375 0.259765625 0.6785179140625 0.2578125 0.6759132390625 0.2578125 0.636843109375 0.255859375 0.634238434375 0.255859375 0.5951683046875 0.25390625 0.5925636296875 0.25390625 0.5534935 0.251953125 0.550888825 0.251953125 0.4935859671875 0.25 0.4909812921875 0.25 0.45972518906250004 0.248046875 0.4571205140625 0.25 0.4467018125 0.248046875 0.4440971375 0.248046875 0.4076316828125 0.24609375 0.4050270078125 0.248046875 0.39721298125 0.24609375 0.3946083078125 0.24609375 0.34511947656249997 0.244140625 0.3425148015625 0.244140625 0.300839996875 0.2421875 0.298235321875 0.2421875 0.248746490625 0.240234375 0.246141815625 0.2421875 0.2409324640625 0.240234375 0.23832778906250002 0.240234375 0.2200950625 0.23828125 0.2174903875 0.23828125 0.17321090625 0.2353515625 0.16930389375 0.2197265625 0.16930389375 0.220703125 0.2643745421875 0.22265625 0.2669792171875 0.22265625 0.3112586984375 0.224609375 0.313863371875 0.224609375 0.3477241515625 0.2265625 0.35032882656250003 0.232421875 0.527446746875 0.234375 0.530051421875 0.234375 0.5639122015625 0.236328125 0.5665168765625 0.240234375 0.704564665625 0.2421875 0.7071693421874999 0.2421875 0.7332160953125 0.244140625 0.7358207703125 0.244140625 0.7853095999999999 0.24609375 0.787914275 0.24609375 0.813961028125 0.248046875 0.8165657046874999 0.24609375 0.82437973125 0.248046875 0.82958908125 0.248046875 0.8842872609375 0.25 0.8868919375000001 0.25 0.907729340625 0.251953125 0.9103340140625 0.25 0.912938690625 0.251953125 0.915543365625 0.251953125 0.9337760921875 0.2578125 0.93638076875 0.26953125 0.9337760921875 0.267578125 0.925962065625 0.26953125 0.918148040625 0.267578125 0.915543365625
0 0.28515625 0.803542328125 0.283203125 0.8009376515625 0.283203125 0.787914275 0.28515625 0.7853095999999999 0.283203125 0.782704925 0.283203125 0.7410301203125 0.28125 0.7384254453125 0.279296875 0.61340103125 0.27734375 0.6107963562500001 0.2734375 0.467539215625 0.271484375 0.464934540625 0.271484375 0.4258644109375 0.26953125 0.4232597359375 0.26953125 0.365956878125 0.267578125 0.363352203125 0.267578125 0.31907272343750004 0.265625 0.3164680484375 0.265625 0.2721885671875 0.263671875 0.26958389375 0.26171875 0.17321090625 0.2568359375 0.16930389375 0.2392578125 0.16930389375 0.23828125 0.2096763609375 0.240234375 0.21228103593749997 0.240234375 0.2435371390625 0.2421875 0.246141815625 0.2421875 0.30604934687499996 0.244140625 0.308654021875 0.24609375 0.39200363125000004 0.248046875 0.3946083078125 0.251953125 0.550888825 0.25390625 0.5534935 0.255859375 0.642052459375 0.2578125 0.6446571343749999 0.2578125 0.6837272640625 0.259765625 0.6863319390625 0.259765625 0.7436347953125 0.26171875 0.7462394703124999 0.26171875 0.7696815484374999 0.263671875 0.772286225 0.263671875 0.8269844046875001 0.265625 0.82958908125 0.265625 0.8790779109375 0.267578125 0.8816825875 0.267578125 0.8921012875000001 0.265625 0.8947059640624999 0.267578125 0.8973106375000001 0.267578125 0.920752715625 0.2705078125 0.9194503781250001 0.2734375 0.9233573921874999 0.2734375 0.9311714171875 0.27734375 0.9337760921875 0.287109375 0.9285667421875001 0.287109375 0.8660545359375 0.28515625 0.863449859375 0.28515625 0.803542328125
0 0.296875 0.82437973125 0.294921875 0.8217750546874999 0.29296875 0.7436347953125 0.291015625 0.7410301203125 0.291015625 0.636843109375 0.2890625 0.634238434375 0.2890625 0.5743309015625 0.287109375 0.5717262265625 0.28515625 0.45191116249999996 0.283203125 0.4493064875 0.283203125 0.3763755796875 0.28125 0.3737709046875 0.28125 0.334700775 0.279296875 0.3320961 0.27734375 0.21228103593749997 0.275390625 0.2096763609375 0.275390625 0.1758155828125 0.2724609375 0.17190856875 0.2646484375 0.17190856875 0.263671875 0.2331184390625 0.265625 0.23832778906250002 0.263671875 0.2435371390625 0.265625 0.246141815625 0.265625 0.300839996875 0.267578125 0.303444671875 0.267578125 0.3555381765625 0.26953125 0.358142853125 0.26953125 0.42065506093750005 0.271484375 0.4232597359375 0.271484375 0.462329865625 0.2734375 0.464934540625 0.275390625 0.5639122015625 0.27734375 0.5665168765625 0.27734375 0.6055870062500001 0.279296875 0.60819168125 0.28125 0.7332160953125 0.283203125 0.7358207703125 0.283203125 0.8165657046874999 0.28515625 0.8191703796875001 0.28515625 0.858240509375 0.287109375 0.860845184375 0.287109375 0.8973106375000001 0.2890625 0.8999153140624999 0.2890625 0.918148040625 0.287109375 0.920752715625 0.2900390625 0.9324737546874999 0.296875 0.9311714171875 0.298828125 0.9285667421875001 0.298828125 0.8842872609375 0.296875 0.8816825875 0.296875 0.82437973125
0 0.314453125 0.8660545359375 0.3125 0.863449859375 0.3125 0.803542328125 0.310546875 0.8009376515625 0.306640625 0.584749603125 0.3046875 0.582144928125 0.302734375 0.470143890625 0.30078125 0.467539215625 0.30078125 0.41544570937499997 0.298828125 0.41284103281249995 0.298828125 0.334700775 0.296875 0.3320961 0.296875 0.2930259703125 0.294921875 0.2904212953125 0.294921875 0.21228103593749997 0.29296875 0.2096763609375 0.29296875 0.1758155828125 0.2900390625 0.17190856875 0.2802734375 0.16930389375 0.275390625 0.17321090625 0.275390625 0.20186233437499998 0.27734375 0.20446701093750003 0.275390625 0.21228103593749997 0.27734375 0.21488571250000002 0.279296875 0.329491425 0.28125 0.3320961 0.28125 0.38158493125000004 0.283203125 0.38418960625 0.283203125 0.4571205140625 0.28515625 0.45972518906250004 0.287109375 0.5795402515625 0.2890625 0.582144928125 0.2890625 0.636843109375 0.291015625 0.6394477843749999 0.29296875 0.7696815484374999 0.294921875 0.772286225 0.294921875 0.8165657046874999 0.296875 0.8191703796875001 0.294921875 0.8269844046875001 0.296875 0.82958908125 0.296875 0.858240509375 0.298828125 0.860845184375 0.298828125 0.9311714171875 0.3017578125 0.9350784296875 0.314453125 0.9337760921875 0.31640625 0.9311714171875 0.31640625 0.9103340140625 0.314453125 0.907729340625 0.314453125 0.8660545359375
0 0.330078125 0.84261245625 0.328125 0.8400077828124999 0.328125 0.777495575 0.326171875 0.7748909 0.328125 0.7670768734375 0.326171875 0.7644721984375 0.326171875 0.699355315625 0.32421875 0.696750640625 0.32421875 0.5977729796875 0.322265625 0.5951683046875 0.322265625 0.5404701234375 0.3203125 0.5378654468749999 0.31640625 0.3242820734375 0.314453125 0.3216773984375 0.314453125 0.2617698671875 0.3125 0.2591651921875 0.3125 0.2305137625 0.310546875 0.22790908906250001 0.3125 0.2226997375 0.310546875 0.2174903875 0.310546875 0.17321090625 0.2939453125 0.17190856875 0.29296875 0.21488571250000002 0.294921875 0.2174903875 0.29296875 0.2226997375 0.294921875 0.22530441250000002 0.294921875 0.2878166203125 0.296875 0.2904212953125 0.296875 0.3425148015625 0.298828125 0.34511947656249997 0.298828125 0.41805038437500003 0.30078125 0.42065506093750005 0.30078125 0.472748565625 0.302734375 0.47535324062499995 0.302734375 0.535260771875 0.3046875 0.5378654468749999 0.3046875 0.60819168125 0.306640625 0.6107963562500001 0.306640625 0.6863319390625 0.30859375 0.6889366156250001 0.30859375 0.7436347953125 0.310546875 0.7462394703124999 0.310546875 0.806147003125 0.3125 0.808751678125 0.314453125 0.9051246640624999 0.31640625 0.907729340625 0.314453125 0.915543365625 0.318359375 0.920752715625 0.31640625 0.9311714171875 0.3193359375 0.9350784296875 0.330078125 0.9337760921875 0.33203125 0.9311714171875 0.33203125 0.907729340625 0.330078125 0.9051246640624999 0.330078125 0.84261245625
0 0.34375 0.6055870062500001 0.341796875 0.6029823296875 0.341796875 0.5092140203125 0.33984375 0.5066093453125 0.33984375 0.4414924625 0.337890625 0.4388877875 0.337890625 0.334700775 0.3359375 0.3320961 0.3359375 0.26958389375 0.333984375 0.2669792171875 0.333984375 0.1758155828125 0.3291015625 0.16930389375 0.3134765625 0.16930389375 0.310546875 0.17321090625 0.310546875 0.2331184390625 0.3125 0.23572311406250002 0.3125 0.2617698671875 0.314453125 0.2643745421875 0.314453125 0.3268867484375 0.31640625 0.329491425 0.3203125 0.55870285 0.322265625 0.5613075249999999 0.32421875 0.694145965625 0.326171875 0.696750640625 0.326171875 0.777495575 0.328125 0.78010025 0.328125 0.83219375625 0.330078125 0.83479843125 0.330078125 0.918148040625 0.3330078125 0.9350784296875 0.34765625 0.9337760921875 0.349609375 0.9311714171875 0.349609375 0.8660545359375 0.34765625 0.863449859375 0.34375 0.6055870062500001
0 0.365234375 0.813961028125 0.36328125 0.803542328125 0.365234375 0.8009376515625 0.36328125 0.795728303125 0.365234375 0.777495575 0.36328125 0.7748909 0.36328125 0.6576805109375 0.361328125 0.6550758359375 0.361328125 0.642052459375 0.36328125 0.6394477843749999 0.361328125 0.636843109375 0.361328125 0.584749603125 0.359375 0.582144928125 0.359375 0.522237396875 0.357421875 0.5196327203125 0.357421875 0.4310737609375 0.35546875 0.4284690859375 0.357421875 0.4232597359375 0.35546875 0.42065506093750005 0.35546875 0.34511947656249997 0.353515625 0.3425148015625 0.3515625 0.17842025781249998 0.3486328125 0.17451324375 0.3349609375 0.17451324375 0.333984375 0.2669792171875 0.3359375 0.26958389375 0.3359375 0.35032882656250003 0.337890625 0.352933503125 0.33984375 0.522237396875 0.341796875 0.524842071875 0.341796875 0.631633759375 0.34375 0.634238434375 0.34375 0.699355315625 0.345703125 0.701959990625 0.34375 0.704564665625 0.345703125 0.7071693421874999 0.34765625 0.8764732359374999 0.349609375 0.8790779109375 0.349609375 0.925962065625 0.3525390625 0.9298690796875 0.36328125 0.9285667421875001 0.365234375 0.925962065625 0.365234375 0.8191703796875001 0.36328125 0.8165657046874999 0.365234375 0.813961028125
0 0.37890625 0.8973106375000001 0.376953125 0.691541290625 0.375 0.6889366156250001 0.375 0.6107963562500001 0.373046875 0.60819168125 0.373046875 0.49879531874999994 0.37109375 0.4961906421875 0.37109375 0.41805038437500003 0.369140625 0.41544570937499997 0.37109375 0.4076316828125 0.369140625 0.4050270078125 0.369140625 0.3320961 0.3671875 0.329491425 0.369140625 0.3268867484375 0.3671875 0.3216773984375 0.369140625 0.3164680484375 0.3671875 0.313863371875 0.3671875 0.253955840625 0.365234375 0.251351165625 0.365234375 0.1758155828125 0.3525390625 0.17451324375 0.3515625 0.2721885671875 0.353515625 0.27479324374999997 0.353515625 0.3737709046875 0.35546875 0.3763755796875 0.359375 0.6446571343749999 0.361328125 0.6472618109375 0.36328125 0.863449859375 0.365234375 0.8660545359375 0.365234375 0.9233573921874999 0.3681640625 0.9272644046874999 0.376953125 0.925962065625 0.37890625 0.9233573921874999 0.37890625 0.907729340625 0.376953125 0.9051246640624999 0.37890625 0.8973106375000001
0 0.39453125 0.8113563546875 0.392578125 0.808751678125 0.392578125 0.696750640625 0.390625 0.694145965625 0.392578125 0.6889366156250001 0.390625 0.6863319390625 0.390625 0.582144928125 0.388671875 0.5795402515625 0.388671875 0.4388877875 0.38671875 0.43628311093749994 0.38671875 0.33730545 0.384765625 0.334700775 0.384765625 0.22790908906250001 0.3828125 0.22530441250000002 0.384765625 0.2226997375 0.3828125 0.2200950625 0.3828125 0.1758155828125 0.3759765625 0.17190856875 0.3671875 0.1758155828125 0.365234375 0.1810249328125 0.3671875 0.18362960781249998 0.365234375 0.199257659375 0.3671875 0.20186233437499998 0.3671875 0.34511947656249997 0.369140625 0.3477241515625 0.3671875 0.363352203125 0.369140625 0.365956878125 0.37109375 0.5170280453125 0.373046875 0.5196327203125 0.373046875 0.634238434375 0.375 0.636843109375 0.375 0.7071693421874999 0.376953125 0.7097740171875 0.376953125 0.9025199890625 0.37890625 0.9051246640624999 0.37890625 0.925962065625 0.392578125 0.925962065625 0.39453125 0.9233573921874999 0.39453125 0.8191703796875001 0.392578125 0.813961028125 0.39453125 0.8113563546875
0 0.40625 0.6264244078125001 0.404296875 0.6238197328124999 0.40625 0.6107963562500001 0.404296875 0.60819168125 0.404296875 0.39721298125 0.40234375 0.3946083078125 0.40234375 0.2096763609375 0.400390625 0.2070716859375 0.40234375 0.196652984375 0.400390625 0.194048309375 0.400390625 0.17321090625 0.3857421875 0.17190856875 0.3828125 0.17842025781249998 0.3828125 0.2305137625 0.384765625 0.2331184390625 0.384765625 0.251351165625 0.3828125 0.253955840625 0.384765625 0.2565605171875 0.38671875 0.462329865625 0.388671875 0.464934540625 0.388671875 0.61340103125 0.390625 0.61600570625 0.390625 0.7384254453125 0.392578125 0.7410301203125 0.390625 0.7462394703124999 0.392578125 0.748844146875 0.392578125 0.9233573921874999 0.3974609375 0.9298690796875 0.40625 0.9285667421875001 0.408203125 0.925962065625 0.408203125 0.7358207703125 0.40625 0.7332160953125 0.40625 0.6264244078125001
0 0.423828125 0.4805625921875 0.421875 0.47795791562499995 0.419921875 0.1758155828125 0.4130859375 0.16930389375 0.4052734375 0.16930389375 0.400390625 0.1758155828125 0.400390625 0.196652984375 0.40234375 0.199257659375 0.400390625 0.21488571250000002 0.40234375 0.2174903875 0.40234375 0.3998176578125 0.404296875 0.4024223328125 0.40234375 0.4076316828125 0.404296875 0.4102363578125 0.404296875 0.6003776546874999 0.40625 0.6029823296875 0.40625 0.7514488218750001 0.408203125 0.7540534984375 0.408203125 0.9285667421875001 0.4130859375 0.94028778125 0.423828125 0.9389854421875 0.42578125 0.93638076875 0.42578125 0.7410301203125 0.423828125 0.7384254453125 0.423828125 0.4805625921875
0 0.443359375 0.798332978125 0.44140625 0.795728303125 0.443359375 0.78010025 0.44140625 0.777495575 0.44140625 0.54828415 0.439453125 0.545679475 0.44140625 0.5404701234375 0.439453125 0.535260771875 0.44140625 0.530051421875 0.439453125 0.524842071875 0.439453125 0.248746490625 0.4375 0.246141815625 0.4375 0.17321090625 0.4345703125 0.16930389375 0.4228515625 0.16930389375 0.419921875 0.17321090625 0.419921875 0.3268867484375 0.421875 0.329491425 0.421875 0.49879531874999994 0.423828125 0.50139999375 0.421875 0.5066093453125 0.421875 0.5196327203125 0.423828125 0.522237396875 0.421875 0.527446746875 0.421875 0.5951683046875 0.423828125 0.5977729796875 0.421875 0.6003776546874999 0.423828125 0.6029823296875 0.423828125 0.813961028125 0.42578125 0.8165657046874999 0.423828125 0.8269844046875001 0.42578125 0.82958908125 0.42578125 0.9337760921875 0.4306640625 0.9376831062500001 0.43359375 0.93638076875 0.4404296875 0.9350784296875 0.4453125 0.920752715625 0.443359375 0.915543365625 0.443359375 0.798332978125
0 0.5439453125 0.914241028125 0.546875 0.907729340625 0.5546875 0.18362960781249998 0.5517578125 0.1797225953125 0.5439453125 0.1797225953125 0.5419921875 0.1771179203125 0.4443359375 0.17451324375 0.439453125 0.17842025781249998 0.439453125 0.41544570937499997 0.44140625 0.41805038437500003 0.439453125 0.4232597359375 0.44140625 0.4336784359375 0.439453125 0.4467018125 0.44140625 0.4493064875 0.443359375 0.8764732359374999 0.4453125 0.8790779109375 0.4453125 0.925962065625 0.4501953125 0.9298690796875 0.453125 0.9285667421875001 0.5068359375 0.9220550546874999 0.5087890625 0.9194503781250001 0.5322265625 0.9194503781250001 0.5439453125 0.914241028125
0 0.650390625 0.918148040625 0.65625 0.6472618109375 0.658203125 0.6446571343749999 0.658203125 0.582144928125 0.66015625 0.5795402515625 0.66015625 0.5040046703125001 0.662109375 0.50139999375 0.662109375 0.43628311093749994 0.6640625 0.4336784359375 0.6640625 0.34511947656249997 0.666015625 0.3425148015625 0.66796875 0.2226997375 0.669921875 0.2200950625 0.669921875 0.1758155828125 0.6630859375 0.17190856875 0.5751953125 0.17190856875 0.5732421875 0.16930389375 0.5654296875 0.17190856875 0.55859375 0.1810249328125 0.55859375 0.5092140203125 0.556640625 0.5118186953125 0.556640625 0.61861038125 0.5546875 0.62121505625 0.556640625 0.631633759375 0.5546875 0.634238434375 0.5546875 0.777495575 0.552734375 0.78010025 0.5546875 0.782704925 0.552734375 0.7853095999999999 0.5546875 0.7931236265625 0.552734375 0.798332978125 0.552734375 0.808751678125 0.5546875 0.8113563546875 0.5546875 0.8452171328125001 0.552734375 0.8478218078124999 0.5546875 0.8556358328125 0.5546875 0.8686592093750001 0.552734375 0.8712638859374999 0.5546875 0.8738685609375001 0.5546875 0.8999153140624999 0.552734375 0.9025199890625 0.552734375 0.9233573921874999 0.5576171875 0.9324737546874999 0.58203125 0.9311714171875 0.6005859375 0.9298690796875 0.6025390625 0.9272644046874999 0.6455078125 0.9272644046874999 0.650390625 0.918148040625
0 0.755859375 0.9103340140625 0.7578125 0.8999153140624999 0.759765625 0.813961028125 0.763671875 0.7931236265625 0.763671875 0.7592628484375 0.765625 0.7566581734375 0.765625 0.72279739375 0.767578125 0.72019271875 0.767578125 0.6733085640625001 0.76953125 0.6707038890625 0.771484375 0.6003776546874999 0.7734375 0.5977729796875 0.7734375 0.5639122015625 0.775390625 0.5613075249999999 0.775390625 0.50139999375 0.77734375 0.49879531874999994 0.77734375 0.464934540625 0.779296875 0.462329865625 0.783203125 0.300839996875 0.78515625 0.298235321875 0.78515625 0.2565605171875 0.787109375 0.253955840625 0.787109375 0.21488571250000002 0.7890625 0.21228103593749997 0.7890625 0.1810249328125 0.7861328125 0.1771179203125 0.6767578125 0.17451324375 0.671875 0.1810249328125 0.669921875 0.3112586984375 0.66796875 0.313863371875 0.66796875 0.368561553125 0.666015625 0.3711662296875 0.666015625 0.45191116249999996 0.6640625 0.45451583749999996 0.662109375 0.584749603125 0.66015625 0.5873542796875 0.66015625 0.6576805109375 0.658203125 0.6602851859375 0.658203125 0.7462394703124999 0.65625 0.748844146875 0.65625 0.803542328125 0.654296875 0.806147003125 0.654296875 0.9051246640624999 0.65234375 0.9103340140625 0.6572265625 0.9194503781250001 0.6796875 0.918148040625 0.6962890625 0.916845703125 0.6982421875 0.914241028125 0.7490234375 0.914241028125 0.755859375 0.9103340140625
0 0.810546875 0.806147003125 0.8125 0.803542328125 0.814453125 0.7384254453125 0.81640625 0.7358207703125 0.81640625 0.696750640625 0.818359375 0.694145965625 0.818359375 0.6602851859375 0.8203125 0.6576805109375 0.8203125 0.636843109375 0.822265625 0.634238434375 0.822265625 0.6029823296875 0.82421875 0.6003776546874999 0.82421875 0.5717262265625 0.826171875 0.5691215515625 0.826171875 0.5430747984375001 0.828125 0.5404701234375 0.830078125 0.462329865625 0.83203125 0.45972518906250004 0.83203125 0.4284690859375 0.833984375 0.4258644109375 0.833984375 0.3998176578125 0.8359375 0.39721298125 0.8359375 0.358142853125 0.837890625 0.3555381765625 0.837890625 0.3164680484375 0.83984375 0.313863371875 0.841796875 0.251351165625 0.84375 0.248746490625 0.845703125 0.186234284375 0.84765625 0.18362960781249998 0.84765625 0.1497688296875 0.849609375 0.147164153125 0.84765625 0.139350128125 0.8408203125 0.135443115625 0.8271484375 0.135443115625 0.8173828125 0.140652465625 0.8056640625 0.138047790625 0.7724609375 0.1536758421875 0.748046875 0.1706062328125 0.7509765625 0.17451324375 0.7646484375 0.17451324375 0.7666015625 0.1771179203125 0.7880859375 0.17451324375 0.791015625 0.17842025781249998 0.7890625 0.2409324640625 0.787109375 0.2435371390625 0.787109375 0.329491425 0.78515625 0.3320961 0.783203125 0.4102363578125 0.78125 0.41284103281249995 0.78125 0.4493064875 0.779296875 0.45191116249999996 0.77734375 0.545679475 0.775390625 0.54828415 0.775390625 0.5795402515625 0.7734375 0.582144928125 0.7734375 0.629029084375 0.771484375 0.631633759375 0.771484375 0.6602851859375 0.76953125 0.6628898609375 0.76953125 0.7097740171875 0.767578125 0.7123786937500001 0.767578125 0.7436347953125 0.765625 0.7462394703124999 0.765625 0.782704925 0.763671875 0.7853095999999999 0.76171875 0.8400077828124999 0.759765625 0.84261245625 0.76171875 0.8452171328125001 0.759765625 0.8504264828125001 0.759765625 0.907729340625 0.7705078125 0.9220550546874999 0.7763671875 0.9246597281250001 0.798828125 0.9233573921874999 0.806640625 0.915543365625 0.80859375 0.8400077828124999 0.810546875 0.83740310625 0.810546875 0.806147003125
0 0.853515625 0.808751678125 0.857421875 0.787914275 0.859375 0.72019271875 0.861328125 0.71758804375 0.861328125 0.6628898609375 0.865234375 0.642052459375 0.865234375 0.60819168125 0.8671875 0.6055870062500001 0.8671875 0.5717262265625 0.869140625 0.5691215515625 0.869140625 0.5404701234375 0.87109375 0.5378654468749999 0.87109375 0.5040046703125001 0.873046875 0.50139999375 0.873046875 0.4805625921875 0.875 0.47795791562499995 0.875 0.4388877875 0.876953125 0.43628311093749994 0.876953125 0.3998176578125 0.87890625 0.39721298125 0.87890625 0.365956878125 0.880859375 0.363352203125 0.880859375 0.334700775 0.8828125 0.3320961 0.8828125 0.298235321875 0.884765625 0.2956306453125 0.888671875 0.20446701093750003 0.890625 0.20186233437499998 0.890625 0.1758155828125 0.892578125 0.17321090625 0.892578125 0.1445594796875 0.8837890625 0.140652465625 0.8740234375 0.140652465625 0.8720703125 0.14325714218750002 0.8603515625 0.140652465625 0.8525390625 0.14325714218750002 0.849609375 0.1497688296875 0.84375 0.2591651921875 0.841796875 0.2617698671875 0.841796875 0.300839996875 0.83984375 0.303444671875 0.8359375 0.41544570937499997 0.833984375 0.41805038437500003 0.833984375 0.4467018125 0.83203125 0.4493064875 0.83203125 0.47535324062499995 0.830078125 0.47795791562499995 0.830078125 0.5066093453125 0.828125 0.5092140203125 0.82421875 0.61340103125 0.822265625 0.61600570625 0.8203125 0.6680992125 0.818359375 0.6707038890625 0.814453125 0.7853095999999999 0.8125 0.787914275 0.8125 0.8165657046874999 0.810546875 0.8191703796875001 0.806640625 0.918148040625 0.8193359375 0.9272644046874999 0.84375 0.925962065625 0.84765625 0.918148040625 0.8515625 0.82958908125 0.853515625 0.8269844046875001 0.853515625 0.808751678125
0 0.890625 0.8738685609375001 0.892578125 0.8712638859374999 0.892578125 0.84261245625 0.89453125 0.8400077828124999 0.8984375 0.7618675234375 0.900390625 0.7592628484375 0.900390625 0.7306114203125 0.90234375 0.72800674375 0.90234375 0.704564665625 0.904296875 0.701959990625 0.908203125 0.6107963562500001 0.91015625 0.60819168125 0.91015625 0.584749603125 0.912109375 0.582144928125 0.912109375 0.55870285 0.9140625 0.556098175 0.9140625 0.532656096875 0.916015625 0.530051421875 0.916015625 0.50139999375 0.91796875 0.49879531874999994 0.91796875 0.47535324062499995 0.919921875 0.472748565625 0.919921875 0.4388877875 0.921875 0.43628311093749994 0.921875 0.41284103281249995 0.923828125 0.4102363578125 0.923828125 0.38158493125000004 0.92578125 0.37898025468749996 0.92578125 0.3555381765625 0.927734375 0.352933503125 0.927734375 0.329491425 0.9296875 0.3268867484375 0.9296875 0.303444671875 0.931640625 0.300839996875 0.931640625 0.26958389375 0.93359375 0.2669792171875 0.93359375 0.2409324640625 0.935546875 0.23832778906250002 0.935546875 0.199257659375 0.9375 0.196652984375 0.939453125 0.1523735046875 0.94140625 0.1497688296875 0.9345703125 0.14325714218750002 0.9150390625 0.14325714218750002 0.9130859375 0.140652465625 0.8974609375 0.14325714218750002 0.89453125 0.1497688296875 0.888671875 0.251351165625 0.88671875 0.253955840625 0.88671875 0.28521194375 0.884765625 0.2878166203125 0.884765625 0.3112586984375 0.8828125 0.313863371875 0.880859375 0.39721298125 0.87890625 0.3998176578125 0.87890625 0.4284690859375 0.876953125 0.4310737609375 0.876953125 0.47535324062499995 0.873046875 0.4961906421875 0.87109375 0.5534935 0.869140625 0.556098175 0.869140625 0.582144928125 0.8671875 0.584749603125 0.8671875 0.62121505625 0.865234375 0.6238197328124999 0.865234375 0.6498664859375001 0.86328125 0.6524711609375 0.861328125 0.7410301203125 0.859375 0.7436347953125 0.857421875 0.8009376515625 0.85546875 0.803542328125 0.853515625 0.84261245625 0.8515625 0.8452171328125001 0.8515625 0.8816825875 0.849609375 0.8842872609375 0.849609375 0.920752715625 0.8642578125 0.9298690796875 0.880859375 0.9285667421875001 0.888671875 0.9233573921874999 0.888671875 0.9051246640624999 0.890625 0.9025199890625 0.890625 0.8738685609375001