0 0.101344103125 0.6140303359375 0.099893225 0.6103200828124999 0.1052088640625 0.57249734375 0.10375798750000001 0.568787090625 0.10762390625 0.54127964375 0.1061730296875 0.5375693906250001 0.11148866875 0.4997466515625 0.110037790625 0.4960363984375 0.1139037109375 0.46852895156249996 0.1124528328125 0.4648186984375 0.11680199218750001 0.433872821875 0.115351115625 0.43016256875 0.119700275 0.3992166921875 0.118249396875 0.3955064390625 0.12308179687500001 0.36112213125000003 0.12163091875000001 0.3574118765625 0.1274297984375 0.3161507078125 0.12597892187499998 0.312440453125 0.13032808125 0.2814945765625 0.1339541171875 0.2767446640625 0.143624703125 0.27810377656249996 0.14483338125 0.2765204734375 0.145316621875 0.2730820421875 0.147733978125 0.269915434375 0.1515998984375 0.24240798749999998 0.1494235828125 0.23684260625000003 0.13008240937499999 0.2341243828125 0.12766505156250002 0.2372909921875 0.096719175 0.2329418328125 0.0930931390625 0.23769174375 0.0887439796875 0.268637621875 0.09019485625 0.272347875 0.0872954171875 0.2929784609375 0.08874629375000001 0.2966887125 0.084880375 0.324196159375 0.086331253125 0.3279064125 0.0824653328125 0.355413859375 0.0839162109375 0.3591241125 0.08005029062499999 0.386631559375 0.08150116874999999 0.3903418125 0.07811848906249999 0.41441082656250006 0.079569365625 0.41812108124999997 0.075703446875 0.44562852656249996 0.0771543234375 0.44933878125 0.0732884046875 0.4768462265625 0.07473928125 0.48055647968750004 0.070390121875 0.5115023578125 0.071841 0.5152126109374999 0.0684583203125 0.539281625 0.0699091984375 0.5429918796875 0.0655600375 0.57393775625 0.067010915625 0.577648009375 0.0636282359375 0.601717025 0.0650791140625 0.605427278125 0.0602467140625 0.6398115859375 0.061697592187500004 0.6435218390624999 0.0583149125 0.66759085625 0.0597657890625 0.6713011078125 0.056383109375 0.6953701234375 0.0585594265625 0.7009355046875 0.09143942031249999 0.7055564859375 0.0926480984375 0.7039731812500001 0.09506545625 0.7008065718750001 0.09603193593750001 0.6939297109375 0.094581059375 0.690219459375 0.09651401875 0.6764657359374999 0.095063140625 0.6727554828125 0.09892906093750001 0.6452480359375 0.09747818281250001 0.6415377828125 0.101344103125 0.6140303359375
0 0.12309800312500001 0.55747976875 0.121647125 0.5537695171875 0.12647952499999998 0.519385209375 0.12502864687499998 0.5156749546875 0.129861046875 0.48129064687499995 0.12841016875 0.47758039375 0.13324256875 0.4431960859375 0.1317916921875 0.43948583125 0.13710733125000002 0.40166309375000003 0.13565645312500002 0.397952840625 0.14000561250000002 0.3670069640625 0.1385547359375 0.3632967109375 0.1429038953125 0.332350834375 0.1414530171875 0.3286405796875 0.14628541718750002 0.29425627187500003 0.1448345390625 0.29054601875 0.146284259375 0.28023072656250003 0.1455588203125 0.2783756 0.1339541171875 0.2767446640625 0.13032808125 0.2814945765625 0.12742864062499998 0.3021251625 0.12887951875 0.305835415625 0.12259739843749999 0.350535015625 0.12404827656249999 0.35424526875 0.1187326375 0.3920680078125 0.12018351406250001 0.3957782609375 0.1158343546875 0.4267241390625 0.1172852328125 0.430434390625 0.1129360734375 0.46138026875 0.11438695000000002 0.465090521875 0.11052103124999998 0.49259796875 0.11197190937499998 0.49630822031250005 0.1061730296875 0.5375693906250001 0.10762390625 0.54127964375 0.10375798750000001 0.568787090625 0.1052088640625 0.57249734375 0.099893225 0.6103200828124999 0.101344103125 0.6140303359375 0.0979614234375 0.63809935 0.0994123 0.6418096046875 0.0945799015625 0.6761939124999999 0.09603077812500001 0.679904165625 0.094581059375 0.690219459375 0.09603193593750001 0.6939297109375 0.096516334375 0.7045168265624999 0.09724177187500001 0.706371953125 0.1049782421875 0.70745924375 0.10618692031250002 0.7058759390625 0.108604278125 0.7027093296875 0.10908751718750001 0.6992708999999999 0.107636640625 0.695560646875 0.11585171875 0.6371073218750001 0.11440084218749999 0.6333970703125 0.11971648125 0.5955743296875 0.11826560312500001 0.5918640765625 0.12309800312500001 0.55747976875
0 0.1622659046875 0.5875288796875 0.1608150265625 0.5838186249999999 0.166130665625 0.5459958874999999 0.1646797890625 0.542285634375 0.1695121890625 0.507901325 0.1680613109375 0.504191071875 0.17337695 0.46636833437499997 0.1719260734375 0.46265808125 0.176758471875 0.428273771875 0.1753075953125 0.42456351875 0.18593887343749999 0.3489180421875 0.18956490937499998 0.3441681296875 0.19343314375 0.344711775 0.1958505015625 0.3415451671875 0.1997187359375 0.3420888109375 0.20334477187500002 0.3373388984375 0.2081771703125 0.302954590625 0.20672629374999998 0.2992443375 0.21155869218749998 0.2648600296875 0.2176020859375 0.2569435078125 0.2214703203125 0.257487153125 0.222679 0.25590385000000004 0.22243680000000002 0.25061029218750003 0.218568565625 0.250066646875 0.21373269375 0.2423743171875 0.2079303421875 0.24155885000000002 0.2064794640625 0.237848596875 0.2040621078125 0.24101520468749998 0.18472093437499998 0.23829698124999998 0.1823035765625 0.2414635890625 0.16102828593750002 0.2384735421875 0.158610928125 0.24164015156250002 0.1528085765625 0.24082468437500001 0.1515998984375 0.24240798749999998 0.146284259375 0.28023072656250003 0.1477351359375 0.283940978125 0.1438692171875 0.311448425 0.14532009375 0.315158678125 0.139521215625 0.35641984843749996 0.1409720921875 0.36013010156249997 0.1366229328125 0.391075978125 0.13807381093749999 0.39478623281249997 0.1337246515625 0.425732109375 0.135175528125 0.4294423625 0.12985988906249998 0.4672651015625 0.1313107671875 0.47097535468749996 0.12502864687499998 0.5156749546875 0.12647952499999998 0.519385209375 0.12213036562499999 0.5503310859375 0.1235812421875 0.5540413390625 0.11971532343749999 0.5815487859374999 0.1211662 0.5852590390625 0.11488408125 0.6299586390624999 0.116334959375 0.6336688921875 0.1095696 0.6818069234374999 0.111020478125 0.6855171765625 0.108604278125 0.7027093296875 0.1093297171875 0.70456445625 0.1228685375 0.7064672140625 0.1252858953125 0.7033006046875 0.131088246875 0.7041160734374999 0.132539125 0.707826325 0.133747803125 0.706243021875 0.13495648124999998 0.7046597171875 0.1465611859375 0.7062906531250001 0.150187221875 0.7015407406249999 0.1550196203125 0.6671564328125 0.15356874375000001 0.663446178125 0.1584011421875 0.6290618703125 0.156950265625 0.6253516171875 0.1622659046875 0.5875288796875
0 0.18981984062499999 0.5037426890625001 0.194652240625 0.46935838125 0.1932013625 0.46564812812499995 0.198517003125 0.4278253890625 0.197066125 0.42411513593750005 0.20286500468750002 0.38285396562499996 0.20141412656250002 0.3791437125 0.2043135671875 0.35851312812499997 0.2028626890625 0.35480287499999996 0.20382916875 0.3479260140625 0.2031037296875 0.3460708875 0.19730137812499998 0.3452554203125 0.194884021875 0.348422028125 0.18908166875000001 0.3476065609375 0.1854556328125 0.35235647187499997 0.18303943281249999 0.369548628125 0.18449031093749999 0.3732588796875 0.1748255125 0.4420274953125 0.176276390625 0.44573774843749997 0.171443990625 0.4801220578125 0.1728948671875 0.48383231093749995 0.16612950937499998 0.5319703421875001 0.1675803859375 0.53568059375 0.1632312265625 0.566626471875 0.1646821046875 0.570336725 0.15888322500000002 0.6115978953125001 0.16033410312500002 0.615308146875 0.15598494375 0.646254025 0.1574358203125 0.6499642796875 0.15212018125 0.6877870171875 0.1535710578125 0.6914972703125 0.1521213390625 0.7018125625 0.1542976546875 0.7073779421874999 0.1567150125 0.7042113343749999 0.16445148125 0.7052986234375 0.165902359375 0.7090088765625 0.1690451546875 0.7076973953125 0.17677699375 0.652682503125 0.175326115625 0.64897225 0.1816082359375 0.6042726484375 0.1801573578125 0.6005623953125 0.18643947656249998 0.5558627953124999 0.1849886 0.5521525421875 0.19127071874999999 0.5074529421875 0.18981984062499999 0.5037426890625001
0 0.22029173906250002 0.62373464375 0.2188408625 0.620024390625 0.22608946093750001 0.5684479296875 0.22463858281250002 0.5647376765625001 0.23092070312500002 0.5200380765625 0.22946982500000002 0.516327821875 0.2333357453125 0.4888203765625 0.2318848671875 0.485110121875 0.23865022656249998 0.43697209062500003 0.23719934843749998 0.4332618375 0.2444479484375 0.3816853765625 0.2429970703125 0.3779751234375 0.24589651093749998 0.3573445375 0.2471051890625 0.35576123437499996 0.2509734234375 0.3563048796875 0.254599459375 0.3515549671875 0.25556593906249997 0.3446781046875 0.2640266890625 0.33359497656250003 0.26596080624999996 0.3338667984375 0.2683781640625 0.3307001890625 0.27466375625 0.3280772265625 0.27949847031249997 0.3217440109375 0.2814325875 0.3220158328125 0.28312450624999996 0.316994096875 0.2855418640625 0.3138274890625 0.28650834375 0.30695062812499996 0.284332028125 0.301385246875 0.2823979109375 0.301113425 0.2809470328125 0.297403171875 0.27901291562499997 0.29713135 0.27756203749999997 0.293421096875 0.2756279203125 0.29314927343749997 0.27079204843750004 0.28545694374999997 0.2669238140625 0.28491330000000004 0.2654729375 0.28120304687500003 0.26353881874999996 0.2809312234375 0.2620879421875 0.27722097031250004 0.25821970781250003 0.2766773265625 0.25676882968750003 0.2729670734375 0.24903236093749997 0.2718797828125 0.24758148281249998 0.2681695296875 0.2398450140625 0.267082240625 0.2383941359375 0.2633719859375 0.2345259015625 0.262828340625 0.23210854531249997 0.26599495 0.21663560624999997 0.2638203703125 0.21300957031249998 0.2685702828125 0.20721069062500003 0.309831453125 0.20866156875000003 0.31354170625 0.20334592968749998 0.35136444375 0.20479680625 0.355074696875 0.2018973671875 0.3757052828125 0.20334824375 0.3794155359375 0.197549365625 0.42067670625 0.1990002421875 0.4243869578125 0.193684603125 0.462209696875 0.19513548125 0.4659199515625 0.190786321875 0.49686582812499996 0.1922371984375 0.50057608125 0.18643831875 0.54183725 0.187889196875 0.5455475046875 0.1820903171875 0.586808671875 0.1835411953125 0.5905189265625 0.175326115625 0.64897225 0.17677699375 0.652682503125 0.17194459374999999 0.6870668109375 0.17339547187499998 0.6907770640625001 0.17097811406250002 0.693943671875 0.17242899218750002 0.697653925 0.170979271875 0.70796921875 0.1717047109375 0.70982434375 0.2007164703125 0.7139016812500001 0.20192514843749998 0.712318378125 0.203133828125 0.7107350734375 0.2089361796875 0.711550540625 0.212562215625 0.706800628125 0.21401193593749998 0.6964853359375 0.21256105781249998 0.6927750828125 0.21401077812499997 0.6824597906250001 0.21255989999999997 0.6787495375 0.22029173906250002 0.62373464375
0 0.41367684687499995 0.32832934062499997 0.4146433265625 0.321452478125 0.417060684375 0.3182858703125 0.41802716406249996 0.311409009375 0.4153676078125 0.3092820609375 0.4131912921875 0.3037166796875 0.41512425156250005 0.28996295625 0.413673375 0.286252703125 0.41512309375 0.2759374125 0.41294677812499997 0.27037203125 0.40907854375 0.2698283859375 0.407627665625 0.2661181328125 0.4018253140625 0.265302665625 0.4003744359375 0.2615924125 0.3965062015625 0.26104876875 0.395055325 0.257338515625 0.389252971875 0.25652304843749996 0.3878020953125 0.25281279375 0.38199974375 0.2519973265625 0.380548865625 0.2482870734375 0.37668063125 0.247743428125 0.375229753125 0.244033175 0.3694274015625 0.24321770781250002 0.367976525 0.2395074546875 0.362174171875 0.23869198749999998 0.3607232953125 0.23498173281249998 0.35492094375 0.234166265625 0.353470065625 0.2304560125 0.34960183125 0.22991236874999998 0.348150953125 0.22620211562499998 0.34428271875 0.22565847031250003 0.34283184218749996 0.22194821718750002 0.33896360625 0.221404571875 0.3375127296875 0.21769431875 0.33171037812500004 0.21687885156250003 0.33025950000000004 0.21316859687499998 0.326391265625 0.21262495312500002 0.3249403875 0.2089147 0.321072153125 0.2083710546875 0.3196212765625 0.2046608015625 0.3157530421875 0.20411715625000001 0.3143021640625 0.20040690468750003 0.3104339296875 0.199863259375 0.3089830515625 0.19615300468750002 0.3051148171875 0.19560935937499999 0.303663940625 0.19189910625 0.29979570624999996 0.1913554625 0.2949598328125 0.18366313437499998 0.28915748125 0.18284766562500002 0.284321609375 0.1751553359375 0.280453375 0.1746116921875 0.279002496875 0.1709014390625 0.27706837968750003 0.170629615625 0.275617503125 0.1669193625 0.27174926718750003 0.16637571874999998 0.26691339531249997 0.15868338906249999 0.257242809375 0.1573242765625 0.25579193125 0.1536140234375 0.22871428906250002 0.149808509375 0.22629693281250002 0.1529751171875 0.22049457968750003 0.15215965 0.2180772234375 0.155326259375 0.21614310468750003 0.15505443593749998 0.2100997125 0.16297095625 0.20864999218750002 0.17328625 0.20623263593750002 0.1764528578125 0.2052661546875 0.1833297203125 0.19994820156249998 0.193101365625 0.19849848125 0.20341665937500003 0.1960811234375 0.2065832671875 0.1946314046875 0.216898559375 0.1968077203125 0.2224639390625 0.19874183750000002 0.2227357625 0.20357770937500003 0.23042809218750002 0.20744594374999997 0.2309717359375 0.20889682187499997 0.23468198906249998 0.21276505625 0.23522563437500002 0.214215934375 0.2389358875 0.21808416875 0.23947953281249998 0.2195350453125 0.243189784375 0.2253373984375 0.24400525312500002 0.23017327031249998 0.2516975828125 0.2340415046875 0.2522412265625 0.23549238125 0.2559514796875 0.2393606171875 0.256495125 0.2441964890625 0.264187453125 0.24806472343750002 0.2647310984375 0.2495156 0.268441353125 0.25338383593749997 0.2689849984375 0.2548347125 0.27269525 0.2606370640625 0.27351071875 0.2620879421875 0.27722097031250004 0.2659561765625 0.277764615625 0.27079204843750004 0.28545694374999997 0.2746602828125 0.28600058906250003 0.2761111609375 0.28971084375 0.2799793953125 0.2902544890625 0.2814302734375 0.293964740625 0.2852985078125 0.2945083859375 0.2901343796875 0.3022007140625 0.2978708484375 0.3032880046875 0.3027067203125 0.310980334375 0.30657495625000003 0.3115239796875 0.30802583281249996 0.3152342328125 0.3118940671875 0.3157778765625 0.3133449453125 0.3194881296875 0.3172131796875 0.320031775 0.32204905156249997 0.3277241046875 0.3259172859375 0.32826775 0.3273681640625 0.33197800312500003 0.3312363984375 0.33252164687499997 0.3326872765625 0.3362319 0.338489628125 0.3370473671875 0.33994050468750003 0.3407576203125 0.343808740625 0.34130126562499996 0.3452596171875 0.34501152031250004 0.3491278515625 0.345555165625 0.3505787296875 0.3492654171875 0.3544469640625 0.3498090625 0.355897840625 0.353519315625 0.35976607656250004 0.3540629609375 0.361216953125 0.35777321406249996 0.36508518749999996 0.3583168578125 0.36653606562499996 0.3620271109375 0.3704043 0.36257075625 0.3718551765625 0.3662810109375 0.3757234125 0.36682465625 0.3771742890625 0.370534909375 0.3868448765625 0.37189402031249996 0.3880535546875 0.3703107171875 0.39119635 0.3689992359375 0.4020744578125 0.35474949843750003 0.4025576984375 0.351311065625 0.40739241249999997 0.34497785 0.40787565312499996 0.3415394203125 0.410293009375 0.3383728109375 0.4112594890625 0.3314959484375 0.41367684687499995 0.32832934062499997
0 0.8544064515625 0.30085803125 0.9317711453124999 0.3117309296875 0.9341885015625 0.308564321875 0.9612661453125 0.3123698359375 0.9624748234375 0.31078653125 0.963441303125 0.30390966875 0.9658586609375 0.30074306093750003 0.9692413406249999 0.276674046875 0.9716586968750001 0.2735074375 0.9731084171875001 0.2631921453125 0.9709321015624999 0.25762676562500003 0.849082709375 0.24050195 0.8466653531249999 0.243668559375 0.75769595625 0.2311647265625 0.7552785984375 0.23433133437500003 0.7011233140625001 0.2267203046875 0.69870595625 0.22988691249999998 0.694837721875 0.22934326875000002 0.6936290421875 0.230926571875 0.6926625625 0.237803434375 0.694113440625 0.2415136875 0.6931469609375001 0.24839054843750002 0.6945978375 0.252100803125 0.6916983984375 0.27273138750000003 0.6953255921875 0.28200701875 0.697259709375 0.2822788421875 0.6987105859375 0.28598909687499996 0.70644705625 0.28707638593749996 0.7078979328125 0.2907866390625 0.7330414578125 0.29432033125 0.7342501375 0.2927370265625 0.735458815625 0.2911537234375 0.7876799828125 0.29849292968749996 0.790097340625 0.2953263203125 0.8461867421875 0.30320917187499996 0.8486041 0.3000425640625 0.850054978125 0.303752815625 0.8519890953125 0.3040246390625 0.8544064515625 0.30085803125
0 0.82032009375 0.3258714453125 0.8227374515625 0.3227048359375 0.8246704109375 0.3089511125 0.82708776875 0.30578450468749996 0.8249114531249999 0.30021912500000003 0.815240865625 0.2988600125 0.8128235078125 0.30202662187499996 0.7489976375 0.29305647968750004 0.7465802796875 0.2962230890625 0.705963815625 0.2905148171875 0.7045129390625 0.2868045640625 0.6948423515625 0.2854454515625 0.693391475 0.28173519687500004 0.6897654390625 0.2864851109375 0.68589951875 0.3139925578125 0.6834821625 0.317159165625 0.6825156812500001 0.3240360265625 0.6832411203125 0.325891153125 0.6871093546875 0.326434796875 0.6885602328125 0.3301450515625 0.6897689109375 0.328561746875 0.690977590625 0.3269784421875 0.7354622890625 0.333230359375 0.7378796453125 0.3300637515625 0.7842984609375 0.33658749062500004 0.7867158187500001 0.3334208828125 0.815727578125 0.33749821875 0.8193536140625 0.33274830781250003 0.82032009375 0.3258714453125
0 0.24349304374999997 0.52881769375 0.2420421671875 0.525107440625 0.249290765625 0.47353097968749996 0.24783988906249999 0.46982072500000005 0.2541220078125 0.425121125 0.2526711296875 0.42141087187500004 0.258470009375 0.38014970312499996 0.25701913125 0.3764394484375 0.25895209218750004 0.3626857265625 0.25677577500000004 0.357120346875 0.24903930624999998 0.35603305625 0.2454132703125 0.36078296875000004 0.2429970703125 0.3779751234375 0.2444479484375 0.3816853765625 0.238165828125 0.4263849765625 0.23961670625 0.43009522968749997 0.2323681078125 0.4816716921875 0.23381898437499998 0.4853819453125 0.2289865859375 0.519766253125 0.2304374625 0.52347650625 0.22367210312500002 0.5716145375 0.22512298125000002 0.5753247906250001 0.218357621875 0.623462821875 0.2198085 0.6271730765625 0.21255989999999997 0.6787495375 0.21401077812499997 0.6824597906250001 0.21014485781249997 0.7099672375 0.21087029687499997 0.7118223640625 0.2205408828125 0.7131814750000001 0.22174956250000002 0.711598171875 0.22416691875 0.7084315640625001 0.2280328390625 0.6809241171875 0.2265819609375 0.6772138640625001 0.2333473203125 0.6290758328125 0.23189644375000001 0.625365578125 0.23962828281249998 0.5703506875000001 0.23817740468749998 0.566640434375 0.24349304374999997 0.52881769375
0 0.283629740625 0.580041034375 0.292328059375 0.5181492796875 0.29087718125 0.5144390265625 0.2986090203125 0.45942413281250005 0.29715814375 0.4557138796875 0.3073061828125 0.38350683281250003 0.3058553046875 0.37979657968749997 0.30682178437499996 0.37291971875 0.30609634531249996 0.3710645921875 0.2732163515625 0.3664436109375 0.2717654734375 0.36273335625 0.2601607703125 0.36110242187499997 0.25895209218750004 0.3626857265625 0.2560526515625 0.3833163109375 0.2575035296875 0.3870265640625 0.25412085 0.41109558125 0.2555717265625 0.41480583437499996 0.24880636875 0.4629438640625 0.2502572453125 0.4666541171875 0.24252540625000002 0.5216690109375001 0.24397628437500002 0.5253792640625 0.2357612046875 0.5838325875 0.2372120828125 0.5875428406250001 0.2323796828125 0.6219271484375 0.2338305609375 0.6256374015625 0.22561548125000003 0.684090725 0.22706635937500003 0.6878009781250001 0.22465015937500002 0.70499313125 0.22682647500000003 0.7105585125 0.23069470937499997 0.7111021578125001 0.23552942500000001 0.704768940625 0.2374635421875 0.7050407625 0.2398808984375 0.7018741546875 0.243749134375 0.7024178 0.24616649062499998 0.699251190625 0.2597053125 0.7011539484375 0.2611561890625 0.7048642015625 0.2630903078125 0.7051360234375 0.26526662343749996 0.7107014031250001 0.265508821875 0.7159949625 0.2686516171875 0.7146834796875 0.2696180984375 0.7078066171875 0.2720354546875 0.704640009375 0.2725186953125 0.7012015796875 0.2710678171875 0.6974913265625 0.27928289687499996 0.639038003125 0.27783201874999996 0.63532775 0.28508061875 0.5837512874999999 0.283629740625 0.580041034375
0 0.33922317031250004 0.43708131406249995 0.348404728125 0.371751128125 0.3476792890625 0.3698960015625 0.33414046875 0.3679932453125 0.3317231109375 0.371159853125 0.32205252500000003 0.369800740625 0.3196351671875 0.37296735000000003 0.30996458125 0.3716082375 0.3087559015625 0.3731915421875 0.30102406249999997 0.428206434375 0.302474940625 0.4319166859375 0.29329338125 0.4972468734375 0.294744259375 0.5009571265625 0.287495659375 0.5525335874999999 0.2889465375 0.556243840625 0.28169793906249996 0.607820303125 0.283148815625 0.61153055625 0.27348401718750004 0.680299171875 0.27493489375 0.684009425 0.270585734375 0.714955303125 0.2727620515625 0.7205206828125 0.3056420453125 0.7251416640625 0.306850725 0.723558359375 0.319898203125 0.630720728125 0.318447325 0.627010475 0.32762888437500004 0.5616802890625 0.32617800625000004 0.5579700359374999 0.3343930859375 0.4995167125 0.3329422078125 0.49580645937499995 0.34067404687499997 0.4407915671875 0.33922317031250004 0.43708131406249995
0 0.3619504953125 0.45780716093749996 0.3604996171875 0.45409690625000004 0.3696811765625 0.388766721875 0.3682302984375 0.38505646875 0.36968001875 0.374741175 0.3689545796875 0.37288605 0.36315222812500003 0.37207058125 0.36170135000000003 0.3683603296875 0.357833115625 0.36781668437500004 0.355415759375 0.3709832921875 0.351547525 0.37043964687500003 0.3479214890625 0.375189559375 0.342122609375 0.41645072968749997 0.34357348593750003 0.42016098281250003 0.3348751671875 0.48205273593750003 0.3363260453125 0.48576299062499995 0.3271444859375 0.551093175 0.3285953640625 0.5548034281249999 0.318930565625 0.6235720437500001 0.32038144218750003 0.6272822984374999 0.31168312343750004 0.689174053125 0.31313400156250004 0.6928843046875001 0.30926808125 0.7203917515625 0.3114443984375 0.72595713125 0.32498321875 0.7278598890625 0.326191896875 0.726276584375 0.330543371875 0.7233817984375001 0.336825490625 0.6786821984375 0.3353746140625 0.6749719453125 0.3464891328125 0.5958880359375 0.3450382546875 0.5921777828125 0.3537365734375 0.530286028125 0.352285696875 0.5265757765625 0.3619504953125 0.45780716093749996
0 0.3899992484375 0.5108379953125 0.3885483703125 0.5071277421875 0.39821316875 0.43835912656250003 0.3967622921875 0.43464887343749997 0.40401089062500006 0.3830724109375 0.40183457499999997 0.37750703125 0.3747569328125 0.3737015171875 0.371130896875 0.378451428125 0.36194933749999997 0.443781615625 0.36340021562499997 0.4474918671875 0.3551851359375 0.5059451921875 0.3566360140625 0.5096554453125 0.346004734375 0.5853009218749999 0.3474556125 0.589011175 0.3392405328125 0.6474644984375 0.3406914109375 0.6511747515625 0.3315098515625 0.7165049359375 0.3329607296875 0.7202151890625 0.333202928125 0.7255087484375 0.3602805703125 0.7293142625 0.36148924843749997 0.7277309578125 0.36390660625 0.7245643484375 0.3692222453125 0.6867416109375 0.36777136875 0.6830313578125 0.37115520625 0.6729878874999999 0.369704328125 0.669277634375 0.3813020859375 0.586755296875 0.379851209375 0.5830450421875 0.3899992484375 0.5108379953125
0 0.41271615468749995 0.40533393125000006 0.41803179375 0.3675111921875 0.4153722390625 0.3653842421875 0.40449413125 0.3796339796875 0.3986952515625 0.42089515000000005 0.400146128125 0.424605403125 0.391447809375 0.4864971578125 0.3928986875 0.49020741093750003 0.383717128125 0.555537596875 0.38516800625 0.55924785 0.37308700781250004 0.64520861875 0.374537884375 0.6489188734375 0.36390660625 0.7245643484375 0.366082921875 0.7301297296875 0.37381939218750004 0.7312170203125 0.3750280703125 0.729633715625 0.3842096296875 0.6643035296875001 0.3827587515625 0.6605932765625 0.39483975 0.5746325078125001 0.3933888734375 0.570922253125 0.405469871875 0.48496148437500003 0.40401899375 0.48125123125 0.41416703281249995 0.409044184375 0.41271615468749995 0.40533393125000006
0 0.43931055781249995 0.4125778765625 0.43785967968749995 0.4088676234375 0.4475244796875 0.34009900625 0.4460736015625 0.336388753125 0.44704008125000005 0.3295118921875 0.4463146421875 0.327656765625 0.4424464078125 0.32711312187499997 0.44099553125 0.3234028671875 0.43857817343749994 0.3265694765625 0.43664405625 0.32629765312500003 0.42987522499999997 0.332359046875 0.4260069890625 0.331815403125 0.42238095312499996 0.3365653140625 0.411749675 0.4122107921875 0.413200553125 0.41592104531249996 0.4030525140625 0.4881280921875 0.40450339062499996 0.49183834531250004 0.39242239218749997 0.577799115625 0.39387327031249997 0.58150936875 0.3827587515625 0.6605932765625 0.3842096296875 0.6643035296875001 0.3730951109375 0.7433874390625 0.3752714265625 0.7489528187500001 0.37720554375000004 0.7492246406249999 0.37865642187500004 0.75293489375 0.3941293609375 0.7551094734375 0.3953380390625 0.7535261703125 0.39775539531250004 0.7503595609375 0.40162131562500003 0.7228521156250001 0.40017043750000003 0.7191418625 0.4146676359375 0.6159889375 0.413216759375 0.612278684375 0.42578099687500004 0.522879484375 0.4243301203125 0.51916923125 0.43931055781249995 0.4125778765625
0 0.47025180468750005 0.3608248515625 0.46880092656250005 0.3571146 0.47073388749999995 0.3433608765625 0.47315124375 0.3401942671875 0.4746009640625 0.329878975 0.4724246484375 0.3243135953125 0.4550175921875 0.32186719375 0.44897419843749997 0.329783715625 0.441242359375 0.38479860625 0.4426932375 0.388508859375 0.427229559375 0.498538646875 0.4286804359375 0.5022489 0.41514971875000006 0.5985249609375 0.41660059531250004 0.6022352140625 0.40113691874999996 0.712265 0.4025877953125 0.7159752546875 0.39775539531250004 0.7503595609375 0.39848083437500004 0.7522146875 0.415887890625 0.754661090625 0.41709656875 0.7530777859375 0.4224145234375 0.7433061375000001 0.42434748281249995 0.729552415625 0.42289660625 0.7258421625 0.439810003125 0.6054970843749999 0.43835912656250003 0.60178683125 0.454789284375 0.48488018281249995 0.45333840625 0.4811699296875 0.47025180468750005 0.3608248515625
0 0.47704031562500004 0.593197734375 0.480424153125 0.5831542640625 0.478973275 0.5794440109375001 0.49733639218750003 0.44878364218750005 0.49588551562500005 0.4450733890625 0.5103827125 0.3419204640625 0.508206396875 0.336355084375 0.4849969890625 0.333093215625 0.4835461125 0.32938296093749997 0.47967787656249994 0.328839315625 0.47363448437500005 0.33675583750000004 0.46058700625000004 0.42959346875 0.4620378828125 0.43330372187500005 0.4427082859375 0.570840953125 0.4441591625 0.57455120625 0.429178725 0.6811425609375 0.430629603125 0.6848528140625 0.42289776406249996 0.7398677078125 0.4250740796875 0.7454330875 0.4540858390625 0.7495104234375 0.45529451875 0.7479271203125 0.4601292328125 0.7415939046875 0.4610957125 0.7347170421875 0.45964483593749994 0.7310067890624999 0.4770414734375 0.6072232796875 0.4755905953125 0.6035130265624999 0.478007953125 0.6003464187499999 0.47849119218749997 0.5969079875000001 0.47704031562500004 0.593197734375
0 0.5347996421875 0.329573484375 0.5309314078125 0.3290298390625 0.5294805296875 0.3253195859375 0.5256122953125 0.32477594062500004 0.5231949375 0.32794255 0.5173925859375 0.32712708125 0.5137665499999999 0.33187699375 0.4949201921875 0.4659757953125 0.4963710703125 0.46968604843749995 0.4741420328125 0.6278538640625 0.4755929109375 0.63156411875 0.45916275312500004 0.748470765625 0.4606136296875 0.7521810171875 0.460130390625 0.75561945 0.46230670625 0.7611848296875 0.48358199687500003 0.7641748765624999 0.484790675 0.762591571875 0.5060532328125 0.6113006171875 0.5046023546875 0.6075903640625 0.5418118296875 0.34283119375000004 0.540360953125 0.33912093906249996 0.5413274328125001 0.332244078125 0.5391511171875 0.32667869843749997 0.5372169984374999 0.3264068765625 0.5347996421875 0.329573484375
0 0.5459199484374999 0.32061730312500003 0.5447112703125 0.32220060781250004 0.5181330734375 0.5113143015625 0.51958395 0.5150245546875001 0.4867236359375 0.7488378484375 0.4881745125 0.7525481015625 0.48720803281249997 0.7594249640624999 0.484790675 0.762591571875 0.4843074359375 0.766030003125 0.48575831249999996 0.76974025625 0.48527507343750004 0.7731786859375 0.48745138906249996 0.7787440671875 0.5087266796875001 0.7817341140625 0.5099353578125 0.7801508109374999 0.5147700734375 0.7738175921875 0.5340996703124999 0.6362803609375 0.5326487921874999 0.6325701078125 0.575657146875 0.3265497671875 0.572997590625 0.3244228171875 0.5715467140625 0.320712565625 0.56912935625 0.3238791734375 0.5459199484374999 0.32061730312500003
0 0.5713091453125 0.3715211890625 0.5688917874999999 0.3746877984375 0.540863871875 0.574116784375 0.5423147484374999 0.5778270390625 0.5196024718750001 0.739433284375 0.5210533500000001 0.7431435375000001 0.5196036296875 0.75345883125 0.5217799453125 0.7590242109374999 0.5275822984375 0.759839678125 0.5287909765625 0.7582563734375001 0.582430609375 0.3765905546875 0.58097973125 0.3728803015625 0.580495334375 0.3622931875 0.57831901875 0.3567278078125 0.5763849015625 0.35645598437500003 0.5746929828125 0.36147772031250003 0.572275625 0.364644328125 0.5713091453125 0.3715211890625
0 0.6155504875 0.358454003125 0.614099609375 0.3547437515625 0.6082972578125 0.3539282828125 0.6058798999999999 0.357094890625 0.5865387265625001 0.3543766671875 0.5829126921875 0.35912657812500004 0.581462971875 0.369441871875 0.5829138484375 0.373152125 0.54957029375 0.61040385 0.5510211703125 0.614114103125 0.5486038140625 0.6172807109375 0.5457043734375 0.6379112953125 0.5471552515625 0.64162155 0.5423228515625 0.6760058578125 0.5399054953125 0.679172465625 0.541356371875 0.68288271875 0.5384569328125 0.7035133046875 0.536039575 0.7066799125000001 0.5287909765625 0.7582563734375001 0.5324181703125 0.7675320078125 0.56723228125 0.7724248125 0.5684409609375 0.7708415078125 0.5708583171875 0.7676748984375 0.598886234375 0.5682459125 0.6013035906249999 0.5650793046875 0.6278817875 0.37596561093749997 0.6228037171875 0.36297972343749996 0.6208695984375 0.3627079015625 0.619418721875 0.35899764843750004 0.6155504875 0.358454003125
0 0.66463233125 0.40918132968750004 0.6631814546875 0.4054710765625 0.66366469375 0.40203264375 0.6614883781249999 0.396467265625 0.6595542609375 0.39619544218749997 0.6581033828125 0.39248518906249996 0.656169265625 0.3922133671875 0.65133339375 0.3845210375 0.6319922203125 0.38180281250000003 0.628366184375 0.3865527265625 0.626433225 0.40030645 0.6240158671875 0.4034730578125 0.5955047125 0.6063404734375 0.5930873546875 0.6095070828125 0.5737577578125 0.7470443140625 0.5759340734375 0.75260969375 0.577868190625 0.752881515625 0.5802855484375 0.7497149078125 0.582219665625 0.7499867296875 0.5836705421875 0.7536969828125 0.5868133390625 0.7523855015625001 0.5880220171875 0.7508021984375 0.6112314249999999 0.7540640671875 0.612440103125 0.7524807640625 0.6288702609375 0.635574115625 0.63128761875 0.6324075078125 0.6525501765625 0.481116553125 0.6549675328125 0.47794994375 0.66463233125 0.40918132968750004
0 0.713467346875 0.3985129140625 0.7158847046875 0.3953463046875 0.7144338265625 0.39163605156250003 0.715883546875 0.3813207609375 0.7183009046875 0.3781541515625 0.7207171031249999 0.360961996875 0.7192662265624999 0.35725174375 0.7216835828125 0.3540851359375 0.7166055124999999 0.34109924999999996 0.6759890484375 0.335390978125 0.674538171875 0.331680725 0.66873581875 0.3308652578125 0.6675271406250001 0.33244856093749997 0.6641444609375 0.3565175765625 0.6668040171875 0.3586445265625 0.67115665 0.3697752859375 0.675024884375 0.37031893125000004 0.6752670828125 0.3756124890625 0.679619715625 0.3867432484375 0.678653234375 0.39362010937499997 0.6801041125 0.3973303625 0.6660901546875 0.4970448546875 0.663672796875 0.500211465625 0.665123675 0.5039217171875 0.6617409953125 0.5279907328125 0.6593236375 0.5311573421875 0.6472426390625 0.6171181109375 0.6448252828125 0.62028471875 0.6361269640625 0.6821764734375 0.63370960625 0.6853430828125 0.6254945281250001 0.7437964046875 0.6269454046875 0.747506659375 0.6264621640625 0.7509450906249999 0.6240448078124999 0.7541116984375 0.6221118484375 0.7678654218750001 0.623562725 0.771575675 0.6238049234374999 0.77686923125 0.6508825671875 0.7806747453125 0.6520912453125 0.7790914421874999 0.654508603125 0.775924834375 0.6641734015625 0.70715621875 0.6665907578125 0.703989609375 0.6796382359375001 0.611151978125 0.68205559375 0.6079853703125 0.697519271875 0.497955584375 0.699936628125 0.4947889765625 0.713467346875 0.3985129140625
0 0.7236385375000001 0.6068167796874999 0.72605589375 0.603650171875 0.7371704125 0.5245662624999999 0.7395877703125 0.5213996546875 0.7473196093750001 0.4663847625 0.7497369671875 0.463218153125 0.760851484375 0.38413424531249996 0.7632688421875 0.3809676375 0.76858448125 0.34314490000000003 0.7664081656249999 0.33757951875000003 0.72772581875 0.33214306875 0.7253084609375 0.335309678125 0.7175719921875 0.3342223890625 0.7163633140625 0.3358056921875 0.7158800734375 0.3392441234375 0.7221668234374999 0.35064670625 0.712018784375 0.4228537515625 0.709601428125 0.426020359375 0.6951042296875001 0.529173284375 0.692686871875 0.5323398921875 0.67722319375 0.6423696765625 0.6748058375 0.6455362874999999 0.6627248390625 0.73149705625 0.66030748125 0.7346636640625 0.6540253625 0.7793632640625 0.65668491875 0.7814902125 0.6581357953125 0.7852004671875 0.6794110859375 0.7881905140625001 0.680619765625 0.7866072109375 0.68182844375 0.7850239046875 0.6914990296875 0.7863830171874999 0.695125065625 0.7816331062499999 0.699957465625 0.7472487984375 0.702374821875 0.744082190625 0.712039621875 0.6753135734375 0.7144569781250001 0.672146965625 0.7236385375000001 0.6068167796874999
0 0.7686122640625 0.67975799375 0.7710296203125 0.6765913859375 0.7816609 0.6009459078125 0.78407825625 0.5977793 0.790360375 0.5530797 0.7927777328125 0.5499130921875001 0.8058252109374999 0.4570754609375 0.8082425687500001 0.4539088515625 0.8116252484375 0.42983983593749997 0.8140426046875 0.426673228125 0.8198414843749999 0.3854120578125 0.8222588421875001 0.38224545 0.8208079640625 0.3785351953125 0.8212912046874999 0.375096765625 0.8191148874999999 0.3695313859375 0.8171807703124999 0.3692595640625 0.81572989375 0.3655493109375 0.8041251890625001 0.3639183765625 0.8026743125 0.360208121875 0.7717284359375001 0.35585896250000004 0.7656850421875 0.3637754828125 0.7540872843749999 0.446297821875 0.7516699265625 0.44946443125 0.7323403296875 0.5870016625 0.729922971875 0.590168271875 0.723640853125 0.6348678718749999 0.7212234953125 0.6380344796874999 0.71349165625 0.693049371875 0.7110742984375 0.6962159812500001 0.7076916203125 0.720284996875 0.7052742624999999 0.7234516046875 0.6970591828125 0.781904928125 0.6992355 0.7874703078125 0.703103734375 0.7880139515625 0.7045546109374999 0.79172420625 0.7258299015625 0.794714253125 0.72703858125 0.79313095 0.728247259375 0.79154764375 0.7456543156250001 0.793994046875 0.7492803515625 0.789244134375 0.7502468312499999 0.7823672734375 0.7526641890625 0.7792006640625 0.7603960265625 0.724185771875 0.762813384375 0.7210191640625 0.7686122640625 0.67975799375
0 0.8116402968750001 0.612171928125 0.8140576546875 0.6090053203125 0.8184068140624999 0.57805944375 0.8169559359375 0.574349190625 0.8179224156249999 0.567472328125 0.8203397734375001 0.5643057203125 0.8217894921875001 0.5539904296875 0.82420685 0.55082381875 0.8295224890625 0.51300108125 0.831939846875 0.5098344734375 0.8348392859375 0.4892038875 0.83725664375 0.4860372796875 0.8464382015625 0.4207070953125 0.848855559375 0.4175404875 0.8498220390625001 0.41066362500000003 0.8483711625 0.40695337187499997 0.8507873609375001 0.3897612171875 0.85320471875 0.386594609375 0.8565873984374999 0.36252559375 0.8590047562500001 0.35935898593750004 0.8568284390625 0.35379360625 0.8529602046875 0.3532499609375 0.8481243328125 0.34555763125 0.846190215625 0.34528580937500003 0.8437728578125 0.3484524171875 0.8399046234374999 0.34790877187499997 0.8384537468750001 0.34419851874999996 0.8268490421875001 0.342567584375 0.8232230062499999 0.347317496875 0.8222565265625 0.354194359375 0.81983916875 0.3573609671875 0.8227409234374999 0.3647814734375 0.8169420453124999 0.4060426421875 0.8145246875 0.40920924999999997 0.8043766484375 0.4814162984375 0.8019592921875001 0.48458290625 0.7903615328125 0.5671052453125001 0.7879441765624999 0.5702718531250001 0.7826285375 0.6080945921875001 0.7802111796875 0.6112612015625001 0.770063140625 0.683468246875 0.767645784375 0.6866348546875 0.762813384375 0.7210191640625 0.7603960265625 0.724185771875 0.7526641890625 0.7792006640625 0.75532374375 0.7813276140625 0.756774621875 0.7850378671875 0.7761157953125 0.7877560921875 0.7773244734375 0.7861727875 0.7816759484375 0.7832780015624999 0.7836089078125 0.7695242796875 0.786026265625 0.7663576703125 0.7932748640625 0.7147812078125 0.795692221875 0.7116146 0.8019743406250001 0.666915 0.804391696875 0.6637483921875 0.8116402968750001 0.612171928125
0 0.8469353328125001 0.5855752109375 0.8493526906250001 0.582408603125 0.85370185 0.5514627265625001 0.8561192078125 0.5482961171875 0.8619180859375 0.5070349484375 0.8643354437499999 0.503868340625 0.8691678421875 0.4694840328125 0.8715852 0.466317425 0.8773840796875 0.42505625468749997 0.8752077625 0.419490875 0.8713395281249999 0.4189472296875 0.8698886515625001 0.415236975 0.8660204171875 0.41469333124999996 0.8645695390625001 0.410983078125 0.8587671875 0.4101676109375 0.857316309375 0.4064573578125 0.853448075 0.4059137125 0.8498220390625001 0.41066362500000003 0.8469226000000001 0.43129421093750003 0.8445052421874999 0.43446081875000003 0.8382231234375 0.47916041875 0.8358057656250001 0.48232702656250004 0.8348392859375 0.4892038875 0.8362901640624999 0.4929141421875 0.8338728062499999 0.49608074999999996 0.8314566062500001 0.5132729031250001 0.8290392499999999 0.5164395125000001 0.8227571296875 0.5611391125 0.8203397734375001 0.5643057203125 0.82179065 0.5680159734375 0.81937329375 0.5711825828125 0.8135744140625001 0.6124437515625 0.8111570562500001 0.6156103609375 0.8039084578125 0.667186821875 0.8014911 0.6703534296875 0.79520898125 0.71505303125 0.7927916234375 0.7182196390625 0.787475984375 0.756042378125 0.7896523015625 0.7616077578125 0.8070593562499999 0.764054159375 0.808510234375 0.7677644124999999 0.8116530296875 0.76645293125 0.8160045046875 0.7635581453125 0.8184207046875001 0.7463659921875 0.8208380609375 0.743199384375 0.8280866609374999 0.6916229203125 0.8305040171875 0.6884563125 0.8377526171874999 0.6368798515625 0.840169975 0.6337132421875 0.8469353328125001 0.5855752109375
0 0.8923946140625001 0.6831290859375 0.8948119718750001 0.679962478125 0.8996443718749999 0.6455781703125 0.9020617281250001 0.6424115609375 0.9078606078125 0.6011503921875 0.9102779640625001 0.597983784375 0.914627125 0.5670379078125001 0.9170444812499999 0.563871296875 0.921393640625 0.5329254203125 0.9238109984375 0.5297588125 0.9291266374999999 0.49193607500000003 0.9315439953125001 0.488769465625 0.9354099140625 0.4612620203125 0.937827271875 0.4580954109375 0.9455591109375 0.40308051875000006 0.9428995546875001 0.40095356875 0.9414486765625 0.3972433171875 0.931778090625 0.3958842046875 0.9303272125 0.39217395 0.918722509375 0.390543015625 0.91727163125 0.3868327625 0.9076010453125001 0.38547365 0.9061501671875 0.381763396875 0.89647958125 0.380404284375 0.8950287031249999 0.37669403125 0.86601694375 0.37261669531249997 0.8635995859375001 0.375783303125 0.8597313515625 0.3752396578125 0.8580394328125 0.3802613921875 0.8556220765625 0.383428 0.85417235625 0.39374329375 0.8556232343750001 0.3974535453125 0.8551399937499999 0.40089197812500005 0.857316309375 0.4064573578125 0.8611845453125 0.40700100156249996 0.8626354218750001 0.4107112546875 0.870371890625 0.4117985453125 0.8718227687500001 0.4155087984375 0.8756910031249999 0.41605244218750004 0.879318196875 0.4253280765625 0.8769019968749999 0.44252023124999995 0.8798037515624999 0.44994073593749995 0.8769043125 0.47057132187499995 0.8725528375 0.4734661078125 0.8711031171875 0.4837814 0.8725539953125001 0.48749165312500004 0.871587515625 0.4943685140625 0.8691701578125001 0.4975351234375 0.8585388796875 0.5731805999999999 0.856121521875 0.576347209375 0.8493561625 0.624485240625 0.8469388062500001 0.6276518484375 0.8440393671875001 0.6482824328125 0.8428306875 0.6498657375 0.8418630500000001 0.6427170531249999 0.8406543718749999 0.6443003578125001 0.8392046515624999 0.65461565 0.8367872953125 0.6577822578125 0.838238171875 0.6614925109375001 0.8367884515625 0.6718078046875 0.8382393296874999 0.6755180562499999 0.83727285 0.68239491875 0.8348554921875 0.685561528125 0.8309895734375001 0.7130689734375 0.8266380984374999 0.715963759375 0.8261548578125 0.719402190625 0.826880296875 0.7212573171875001 0.8292976546874999 0.7180907078125001 0.8295398531249999 0.723384265625 0.8251883781249999 0.7262790515625 0.82325541875 0.740032775 0.8208380609375 0.743199384375 0.817938621875 0.76382996875 0.8215658156250001 0.7731056 0.8234999328124999 0.7733774234374999 0.827852565625 0.7845081828125 0.8336549171875 0.78532365 0.83510579375 0.789033903125 0.866051671875 0.7933830625 0.8672603499999999 0.791799759375 0.8716118249999999 0.7889049734375 0.8725783046875 0.7820281125 0.8749956624999999 0.778861503125 0.879344821875 0.747915625 0.881762178125 0.7447490171875 0.8856280984374999 0.7172415703125 0.8880454546875001 0.7140749625 0.8923946140625001 0.6831290859375
0 0.5662276015625001 0.3164586671875 0.5778323046875 0.3180896015625 0.5802496625 0.31492299375 0.6034590703125 0.3181848640625 0.605876428125 0.3150182546875 0.6793728859375 0.3253475078125 0.682998921875 0.3205975953125 0.68493188125 0.306843871875 0.6873492390625 0.3036772640625 0.6941145984375 0.2555392328125 0.6926637203125 0.2518289796875 0.6936302000000001 0.24495211718749998 0.691453884375 0.23938673906250002 0.68758565 0.23884309374999999 0.686134771875 0.235132840625 0.653254778125 0.23051185937500002 0.6508374203125 0.2336784671875 0.6082868390625 0.227698371875 0.6058694828125 0.23086498125000002 0.5884624265625 0.22841857812500002 0.5860450687500001 0.2315851859375 0.51061449375 0.2209841109375 0.5081971359375 0.22415071874999998 0.459844203125 0.21735515625000001 0.4574268453125 0.22052176562499998 0.43421743749999997 0.217259896875 0.43180008125 0.22042650468749997 0.42793184687499997 0.21988285937500002 0.42188845312499995 0.22779937968750003 0.41560633437499994 0.27249897968750003 0.4170572109375 0.276209234375 0.41415777187499997 0.29683981875 0.417784965625 0.30611545156250003 0.46807201562499995 0.3131828359375 0.46928069375000003 0.31159953125 0.4704893734375 0.31001622812499996 0.50143525 0.3143653875 0.5038526078125 0.31119877812499996 0.5502714234375 0.3177225171875 0.5526887796875 0.314555909375 0.5541396578125 0.3182661625 0.56381024375 0.31962527500000004 0.5662276015625001 0.3164586671875