0 0.43877640937500006 0.2274400359375 0.44214165312500003 0.225307865625 0.44571133593749995 0.22707659218749998 0.4491788 0.2268948703125 0.45254404531250003 0.2247627 0.5947100546875 0.2173120953125 0.5980753 0.215179925 0.6674245734375 0.2115454828125 0.67078981875 0.2094133125 0.7956185109375 0.20287131875000003 0.8009730328125 0.20552440781249998 0.8020974390625 0.22697933906249998 0.8056671203124999 0.228748065625 0.8059737765625 0.23459940937499998 0.8112260828125001 0.2353020515625 0.81627395 0.23210379531249997 0.8161717312500001 0.23015334687500003 0.8195369749999999 0.22802117656249998 0.8194347562500001 0.226070728125 0.826165246875 0.22180638749999998 0.826063028125 0.21985593906249998 0.842889253125 0.20919508750000002 0.8427870343749999 0.2072446390625 0.8495175250000001 0.20298029843749998 0.84910865 0.1951785046875 0.8524738953125001 0.19304633437500002 0.8514517093749999 0.1735418515625 0.847882025 0.171773125 0.845994965625 0.16893831406249998 0.81825525625 0.170392090625 0.814685575 0.1686233640625 0.8042831843749999 0.16916853125 0.8009179375000001 0.1713007015625 0.7905155484375 0.1718458671875 0.7871503015625 0.17397803750000002 0.7663455203125 0.1750683703125 0.7629802765625 0.17720054062499999 0.75941059375 0.1754318140625 0.749008203125 0.17597697968749998 0.7456429578125 0.17810915 0.63121665625 0.1841059796875 0.6278514109375 0.18623815 0.555034675 0.1900543125 0.5516694296875 0.1921864828125 0.4684503015625 0.1965478125 0.4650850578125 0.1986799828125 0.4200080296875 0.2010423703125 0.416642784375 0.203174540625 0.2606069203125 0.211352034375 0.2572416734375 0.21348420468749998 0.1878924015625 0.21711864531249997 0.18452715625 0.219250815625 0.0770357828125 0.22488419999999998 0.071987915625 0.22808245624999998 0.072907884375 0.245636490625 0.074692725 0.246520853125 0.07846684375 0.2521904765625 0.15128358125000002 0.24837431250000003 0.1546488265625 0.24624214218749998 0.2482703453125 0.241335646875 0.2516355890625 0.23920347656250002 0.366061890625 0.2332066484375 0.3694271359375 0.23107447812499998 0.43877640937500006 0.2274400359375
0 0.4858898390625 0.1975896515625 0.48925508281249996 0.19545748125 0.565539284375 0.1914595953125 0.568904528125 0.189327425 0.6278514109375 0.18623815 0.63121665625 0.1841059796875 0.7179032484375 0.1795629265625 0.7212684921875 0.17743075625 0.7836828390624999 0.174159759375 0.7870480828125 0.17202758906249999 0.8147877937500001 0.1705738125 0.816470415625 0.16950772812499998 0.815754884375 0.1558545890625 0.8104003625 0.1532015 0.7930630437499999 0.1541101109375 0.7896977984375 0.15624228125 0.6960762796875 0.16114877656249998 0.692711034375 0.163280946875 0.6129593703125 0.1674605546875 0.609594125 0.169592725 0.49170036093749997 0.175771275 0.488335115625 0.1779034453125 0.3912461328125 0.1829916640625 0.38788088906249996 0.185123834375 0.2769220515625 0.190938940625 0.27355680625 0.1930711109375 0.173000359375 0.19834105 0.169635115625 0.200473221875 0.10375330625000001 0.20392594062499997 0.0987054375 0.20712419531249998 0.0994209671875 0.220777334375 0.10120580937500001 0.22166169687499998 0.1047754921875 0.22343042343750003 0.1914620828125 0.21888737187500001 0.194827328125 0.2167552015625 0.27804645625 0.21239387187499997 0.2814117015625 0.2102617015625 0.416642784375 0.203174540625 0.4200080296875 0.2010423703125 0.4858898390625 0.1975896515625
0 0.282135203125 0.2904118046875 0.2855004484375 0.288279634375 0.28896791093749996 0.28809791093750003 0.29253759375 0.28986663749999997 0.31334237656249997 0.28877630625 0.3167076203125 0.286644134375 0.4450037765625 0.27992041875 0.4483690203125 0.2777882484375 0.5489254671875 0.2725183078125 0.5522907125 0.27038613749999996 0.64591223125 0.2654796421875 0.6492774765625 0.263347471875 0.73596406875 0.2588044203125 0.7393293125 0.25667225 0.763601559375 0.25540019531249997 0.767171240625 0.2571689203125 0.7775736328125 0.2566237546875 0.7893519890625 0.2491611578125 0.7892497703125 0.2472107109375 0.7926150171875 0.24507853906250002 0.7925127984375 0.2431280921875 0.79914106875 0.236913303125 0.7975055703125 0.20570612968750002 0.792151046875 0.20305304062500001 0.7089319187500001 0.20741437031249998 0.7055666734375 0.20954654062500003 0.605010228125 0.2148164796875 0.60164498125 0.21694865000000002 0.49415360937499997 0.22258203437500002 0.4907883625 0.2247142046875 0.3798295265625 0.2305293109375 0.37646428125 0.23266148125 0.2655054453125 0.23847658749999998 0.2621402 0.24060875781250002 0.1581162890625 0.2460604203125 0.1547510453125 0.248192590625 0.07499938125 0.2523721984375 0.0733167578125 0.253438284375 0.0749522578125 0.28464545625 0.0767370984375 0.28552982031249996 0.0838764625 0.289067271875 0.094381071875 0.2904725546875 0.1015204359375 0.29401000625 0.1049879 0.293828284375 0.10855758281250001 0.2955970109375 0.11202504687499999 0.29541528906250003 0.12263187499999999 0.29877101875 0.282135203125 0.2904118046875
0 0.6369409015625 0.293331084375 0.640306146875 0.2911989140625 0.7651348390625 0.28465691875 0.7735479515625 0.27932649375 0.7726279828125 0.26177245937500004 0.7690583015625 0.2600037328125 0.767171240625 0.2571689203125 0.729029140625 0.25916786406250003 0.7256638953125 0.261300034375 0.7220942140625 0.2595313078125 0.71862675 0.2597130296875 0.71526150625 0.2618452 0.6147050578125001 0.26711514062499997 0.6113398140624999 0.2692473109375 0.5489254671875 0.2725183078125 0.5455602234375 0.274650478125 0.5386252953125 0.27501392187499996 0.5350556125 0.273245196875 0.53169036875 0.2753773671875 0.38605689375 0.28300969375 0.3826916484375 0.2851418640625 0.2474605671875 0.29222902500000003 0.24409532031249997 0.2943611953125 0.24062785781249998 0.2945429171875 0.23705817499999998 0.292774190625 0.22318832031250002 0.2935010796875 0.2198230765625 0.29563324999999996 0.1296690203125 0.3003580234375 0.124621153125 0.3035562796875 0.125643340625 0.32306076250000004 0.12742818125 0.323945125 0.1309978625 0.3257138515625 0.2384892375 0.3200804671875 0.24185448125 0.317948296875 0.39095542031249997 0.3101342484375 0.3943206640625 0.308002078125 0.5295517484375 0.30091491718749996 0.5329169921875 0.298782746875 0.6369409015625 0.293331084375
0 0.201778196875 0.3493856859375 0.3092695703125 0.343752303125 0.3126348171875 0.34162013125 0.32303720625 0.341074965625 0.3266068890625 0.3428436921875 0.3370092796875 0.342298525 0.340374525 0.3401663546875 0.35077691718750004 0.3396211890625 0.3543465984375 0.341389915625 0.3959561625 0.33920925 0.3993214078125 0.3370770796875 0.5102802453125 0.3312619734375 0.5136454890625 0.329129803125 0.63847418125 0.322587809375 0.641839428125 0.3204556390625 0.7493308015625 0.3148222546875 0.7529004828125 0.31659098124999996 0.759835409375 0.3162275359375 0.7665659 0.3119631953125 0.7700333640625 0.3117814734375 0.7716137671875 0.30876494062500004 0.7749790125 0.30663277031249997 0.77385460625 0.2851778390625 0.772069765625 0.284293475 0.66804585625 0.2897451375 0.6646806109375001 0.2918773078125 0.5294495296874999 0.29896446875 0.5260842828125 0.3010966390625 0.376983346875 0.3089106875 0.3736181015625 0.3110428578125 0.24185448125 0.317948296875 0.2384892375 0.3200804671875 0.2280868453125 0.32062563437499997 0.22451716406250002 0.3188569078125 0.2175822375 0.3192203515625 0.214216990625 0.321352521875 0.11712800781249999 0.326440740625 0.1154453859375 0.327506825 0.11656979062499999 0.34896175625 0.1183546328125 0.3498461203125 0.1202416921875 0.35268093125 0.1254939984375 0.35338357187499997 0.12906367968750002 0.3551522984375 0.15333592499999998 0.35388024375 0.15690560781250001 0.3556489703125 0.160270853125 0.3535168 0.198412953125 0.35151785625 0.201778196875 0.3493856859375
0 0.58044726875 0.34323111875 0.5838125125 0.3410989484375 0.6843689578125 0.335829009375 0.6877342046875 0.3336968375 0.73281123125 0.33133445156249997 0.7378590984375 0.3281361953125 0.73734800625 0.31838395468749997 0.73199348125 0.315730865625 0.69385138125 0.31772980781250004 0.6904861375 0.319861978125 0.5379177359375 0.3278577484375 0.534552490625 0.32998991875 0.43052858125000004 0.33544158125 0.42716333593750005 0.3375737515625 0.3266068890625 0.3428436921875 0.32324164375 0.3449758625 0.23655505312499997 0.3495189140625 0.2331898078125 0.351651084375 0.21238502656249997 0.35274141718749996 0.20901978125 0.35487358750000003 0.202084853125 0.35523703125 0.1987196078125 0.35736920156249996 0.1952521453125 0.3575509234375 0.1916824625 0.355782196875 0.181280071875 0.3563273640625 0.1777103890625 0.3545586375 0.16384053437499999 0.3552855265625 0.16226013125 0.35830205937500004 0.1572122640625 0.36150031562499996 0.15027733593749998 0.361863759375 0.1485947140625 0.36292984375000004 0.1489013703125 0.3687811890625 0.1506862109375 0.369665553125 0.1542558921875 0.371434278125 0.1889305296875 0.3696170578125 0.192295775 0.36748488749999997 0.30672207500000004 0.361488059375 0.31008732031249997 0.3593558890625 0.4487858671875 0.35208700625 0.4521511109375 0.3499548359375 0.58044726875 0.34323111875
0 0.1933179609375 0.38698937031249997 0.19668320625 0.3848572 0.3492516078125 0.3768614296875 0.352616853125 0.374729259375 0.48784793593750003 0.3676420984375 0.49121318125 0.365509928125 0.60563948125 0.3595131 0.6090047249999999 0.3573809296875 0.7130286359375 0.3519292671875 0.7163938812499999 0.349797096875 0.7337311984375 0.3488884859375 0.735413821875 0.3478224015625 0.7352093859375 0.3439215046875 0.7385746296875 0.341789334375 0.7384724109375 0.3398388859375 0.7349027296874999 0.338070159375 0.7345960734375 0.3322188140625 0.73281123125 0.33133445156249997 0.67386435 0.33442372656249997 0.6704991031249999 0.336555896875 0.5907474390624999 0.34073550468749997 0.5873821953125 0.34286767500000004 0.4590860390625 0.3495913921875 0.45572079531250004 0.35172356250000003 0.2442055109375 0.3628086078125 0.240840265625 0.364940778125 0.2165680203125 0.3662128328125 0.20575675468750002 0.35895620625 0.1953543640625 0.35950137187500003 0.19178468125 0.3577326453125 0.18831721875000001 0.35791436875 0.181177853125 0.354376915625 0.1778126078125 0.3565090859375 0.1466054359375 0.358144584375 0.1449228125 0.3592106703125 0.14512724999999999 0.363111565625 0.146912090625 0.3639959296875 0.1487991515625 0.366830740625 0.155836296875 0.3684177453125 0.155938515625 0.37036819374999996 0.1525732703125 0.3725003640625 0.1531865828125 0.38420305312499997 0.1567562640625 0.3859717796875 0.158643325 0.388806590625 0.1933179609375 0.38698937031249997
0 0.56831513125 0.377115628125 0.571680375 0.37498345781250003 0.73811863125 0.36626079843750003 0.739801253125 0.3651947140625 0.7390857234375 0.351541575 0.7373008828125001 0.3506572125 0.723431028125 0.35138410000000003 0.7198613453125 0.349615375 0.7163938812499999 0.349797096875 0.7130286359375 0.3519292671875 0.636744434375 0.355927153125 0.633379190625 0.3580593234375 0.4704083984375 0.366600259375 0.467043153125 0.36873243125 0.446238371875 0.3698227625 0.44266868906249995 0.3680540359375 0.43226629843750003 0.368599203125 0.428901053125 0.3707313734375 0.307539825 0.3770916453125 0.3041745796875 0.37922381562499996 0.21402052500000002 0.38394859062500003 0.2104508421875 0.3821798640625 0.17577620625 0.383997084375 0.1722065234375 0.3822283578125 0.16695421875 0.3815257171875 0.1721043046875 0.380277909375 0.17546955 0.3781457390625 0.1789370140625 0.3779640171875 0.1806196359375 0.3768979328125 0.1804151984375 0.3729970359375 0.1786303578125 0.37211267187499997 0.1612930390625 0.3730212828125 0.15624517031250001 0.3762195390625 0.1564496078125 0.380120434375 0.1634867546875 0.38170743906250004 0.1601215109375 0.383839609375 0.1602237296875 0.38579005781250003 0.15359545624999998 0.39200484687500003 0.15410655 0.40175708906249996 0.155891390625 0.40264145156250003 0.159461075 0.404410178125 0.19413571093749998 0.4025929578125 0.19750095625 0.40046078593749995 0.33273203906250004 0.39337362656249997 0.33609728437499997 0.39124145625 0.4747958296875 0.3839725734375 0.47816107499999994 0.381840403125 0.56831513125 0.377115628125
0 0.6387888078125 0.39493611875 0.642154053125 0.3928039484375 0.714970790625 0.388987784375 0.7200186578125 0.3857895296875 0.7190986890625 0.36823549375 0.7173138484375 0.36735113125 0.59248515625 0.3738931265625 0.5891199125 0.376025296875 0.46082375625000005 0.38274901250000004 0.45745851249999997 0.3848811828125 0.3326298203125 0.391423178125 0.32926457343750004 0.3935553484375 0.2044358828125 0.4000973421875 0.20107063749999998 0.40222951250000005 0.1455912203125 0.40513706562499996 0.1405433515625 0.408335321875 0.1413611 0.4239389078125 0.1431459421875 0.42482327187499996 0.146715625 0.42659199687499993 0.2576744625 0.420776890625 0.26103970625 0.4186447203125 0.37893347187500004 0.4124661703125 0.38229871718749997 0.41033400000000003 0.5036599453124999 0.403973728125 0.5070251906250001 0.4018415578125 0.6387888078125 0.39493611875
0 0.588003478125 0.4210673296875 0.591368721875 0.418935159375 0.6676529234374999 0.41493727343750003 0.672700790625 0.4117390171875 0.671883040625 0.39613543125 0.6665285187500001 0.3934823421875 0.5902443171875 0.397480228125 0.5868790734375 0.3996123984375 0.46205038125 0.4061543921875 0.45868513593750004 0.4082865625 0.33038897968750003 0.41501027968750004 0.327023734375 0.41714244999999994 0.191792653125 0.4242296109375 0.18842740625 0.42636178124999996 0.157220234375 0.42799727968749995 0.1521723671875 0.43119553593750004 0.152990115625 0.446799121875 0.1547749578125 0.447683484375 0.15834463906250001 0.4494522109375 0.29357572187500003 0.44236505 0.29694096718749996 0.44023287968749997 0.383627559375 0.435689828125 0.3869928046875 0.4335576578125 0.48754925 0.42828771718749997 0.4909144953125 0.426155546875 0.588003478125 0.4210673296875
0 0.2918459765625 0.47570439374999995 0.4270770578125 0.4686172328125 0.4304423046875 0.4664850625 0.5275312859375 0.46139684374999995 0.53089653125 0.4592646734375 0.5344662140625001 0.4610334 0.537831459375 0.45890122968749997 0.631452978125 0.453994734375 0.6348182234374999 0.4518625640625 0.80819140625 0.4427764609375 0.81155665 0.44064428906249997 0.8392963609375 0.4391905125 0.8443442265625001 0.43599225781250006 0.844139790625 0.4320913609375 0.847505034375 0.429959190625 0.8468917218750001 0.41825650156250005 0.8433220406249999 0.41648777499999995 0.842708728125 0.404785084375 0.8409238875 0.40390072187500003 0.8339889609375 0.404264165625 0.830419278125 0.4024954390625 0.8165494234375 0.40322232812500003 0.813184178125 0.4053544984375 0.7230301234375001 0.41007927187500004 0.719664878125 0.41221144218749994 0.6433806765625001 0.416209328125 0.6400154328125 0.4183414984375 0.56026376875 0.42252110624999994 0.5568985234375 0.4246532765625 0.4632770046875 0.429559771875 0.459911759375 0.4316919421875 0.3420179953125 0.43787049375000003 0.33865275 0.4400026640625 0.2034216671875 0.44708982343750003 0.200056421875 0.44922199375 0.1341746125 0.4526747140625 0.12912674375 0.45587296874999994 0.1300467125 0.47342700468750004 0.13183155468750002 0.4743113671875 0.1336163953125 0.4751957296875 0.1341274890625 0.48494797187499994 0.13937979375 0.4856506125 0.142949475 0.4874193390625 0.184559040625 0.485238675 0.187924284375 0.48310650468749994 0.28848073125 0.4778365640625 0.2918459765625 0.47570439374999995
0 0.66429565 0.48356640781250004 0.6676608953125001 0.4814342375 0.674595821875 0.48107079375 0.678165503125 0.4828395203125 0.6815307500000001 0.48070735000000003 0.7474125593750001 0.47725462968750004 0.74909518125 0.4761885453125 0.7475619015625 0.4469318203125 0.745777059375 0.4460474578125 0.69723256875 0.44859156718750004 0.693867325 0.4507237375 0.690297640625 0.4489550109375 0.6868301781249999 0.44913673281250005 0.6834649328125 0.451268903125 0.5655711671875 0.457447453125 0.5622059234375001 0.45957962343750003 0.43737723125 0.46612161875 0.4340119859375 0.46825378906250004 0.3091832953125 0.4747957828125 0.30581805 0.47692795312499997 0.2191314578125 0.4814710046875 0.2157662125 0.483603175 0.167221721875 0.486147284375 0.1655391 0.4872133703125 0.1668679421875 0.5125691984375 0.1686527828125 0.5134535609374999 0.17222246562500002 0.5152222875 0.23463681093750002 0.511951290625 0.23800205624999998 0.5098191203125 0.397505384375 0.5014599046875 0.40087062968750004 0.499327734375 0.5395691765625 0.4920588515625 0.542934421875 0.48992668124999994 0.66429565 0.48356640781250004
0 0.575674875 0.51754790625 0.5790401187499999 0.5154157359375 0.755880765625 0.5061479109375 0.7592460109375 0.504015740625 0.764396096875 0.5027679328125 0.7631694734375001 0.479362553125 0.7613846328125 0.478478190625 0.5949463765624999 0.48720084999999996 0.59158113125 0.48933302031250003 0.44248019375 0.49714706875000003 0.4391149484375 0.49927923906249994 0.28654654687500003 0.5072750109374999 0.2831813015625 0.5094071812500001 0.1687550015625 0.515404009375 0.1637071328125 0.518602265625 0.1638093515625 0.5205527140624999 0.16044410781250001 0.522684884375 0.1606485453125 0.5265857796875 0.1624333859375 0.52747014375 0.1642182265625 0.52835450625 0.1648315390625 0.540057196875 0.1700838453125 0.5407598375 0.1736535265625 0.5425285640624999 0.17701877187499998 0.54039639375 0.3815991265625 0.529674790625 0.3849643734375 0.5275426203125 0.575674875 0.51754790625
0 0.40526603281250007 0.5831970109375 0.408631278125 0.5810648406250001 0.412098740625 0.58088311875 0.4156684234375 0.5826518453125 0.41913588749999997 0.5824701234375 0.4225011328125 0.580337953125 0.4745130859375 0.577612121875 0.47808276875000005 0.5793808484375 0.4988875515625 0.578290515625 0.502252796875 0.5761583453125 0.5126551874999999 0.575613178125 0.5162248703125 0.5773819046875001 0.523159796875 0.5770184609375 0.5265250406249999 0.5748862906250001 0.5369274328125 0.574341125 0.5404971140625 0.57610985 0.5474320421875001 0.5757464062500001 0.5507972875 0.5736142359375 0.5716020687500001 0.572523903125 0.575171753125 0.5742926296875 0.578639215625 0.5741109078125 0.5820044609374999 0.5719787375000001 0.727637934375 0.5643464109375 0.7310031796875001 0.562214240625 0.7345728625 0.5639829656249999 0.7727149609375 0.5619840234375 0.774295365625 0.558967490625 0.7776606109374999 0.5568353203124999 0.7752073640625 0.5100245609375 0.7734225203125 0.509140196875 0.7595526671874999 0.5098670859375 0.755982984375 0.508098359375 0.7525155203125 0.50828008125 0.7491502765625 0.5104122515625 0.711008175 0.51241119375 0.7074384921875 0.51064246875 0.641556684375 0.5140951874999999 0.6381914390625 0.5162273578125001 0.6312565109375 0.5165908015625 0.627686828125 0.5148220765625 0.6207519015625 0.5151855203125 0.61738665625 0.517317690625 0.5827120203125 0.5191349109375001 0.579346775 0.52126708125 0.57577709375 0.5194983546875 0.558439775 0.520406965625 0.555074528125 0.5225391359375 0.541204675 0.5232660234375001 0.5376349921875 0.5214972984374999 0.534269746875 0.52362946875 0.5169324296875 0.524538078125 0.513362746875 0.522769353125 0.50642781875 0.5231327968749999 0.503062575 0.5252649671875 0.416375984375 0.52980801875 0.41301073749999995 0.5319401890625 0.22576770000000002 0.54175318125 0.2224024546875 0.5438853515625001 0.1842603546875 0.54588429375 0.180895109375 0.5480164640625 0.1739601828125 0.548379909375 0.172379778125 0.5513964421875001 0.169014534375 0.5535286125 0.1700367203125 0.5730330953125 0.173606403125 0.5748018218750001 0.1702411578125 0.5769339921875 0.1721282171875 0.579768803125 0.17391305937499998 0.5806531671874999 0.1745263703125 0.59235585625 0.17988089375 0.5950089453125 0.280437340625 0.5897390062500001 0.2840070234375 0.5915077328125 0.29094195 0.5911442874999999 0.2943071953125 0.5890121171875 0.40526603281250007 0.5831970109375
0 0.6875616499999999 0.5957838 0.70143150625 0.5950569125 0.7050011875 0.5968256375000001 0.7223385062500001 0.5959170281249999 0.72570375 0.5937848578125 0.788118096875 0.590513859375 0.78980071875 0.589447775 0.78888075 0.571893740625 0.7763868625 0.5657031984375 0.75558208125 0.56679353125 0.7522168359375 0.5689257015625 0.571908725 0.5783752484375 0.5685434796875 0.58050741875 0.44024732499999997 0.5872311359375 0.43667764375000007 0.585462409375 0.4262752515625 0.586007575 0.42291000624999997 0.5881397453125 0.41597507812499995 0.588503190625 0.412405396875 0.5867344640625001 0.3534585140625 0.5898237390625 0.346728025 0.5940880796875 0.3432605609375 0.5942698015625 0.339690878125 0.592501075 0.2842114609375 0.5954086281250001 0.280846215625 0.5975407984375 0.2392366515625 0.5997214640624999 0.23566696875 0.5979527375 0.2217971140625 0.5986796265625001 0.21843187031250003 0.600811796875 0.2148621859375 0.5990430703125 0.20445979687500002 0.5995882359375 0.2010945515625 0.60172040625 0.187224696875 0.6024472953125 0.1836550125 0.60067856875 0.18028976875 0.6028107390625 0.1664199140625 0.603537628125 0.16305466875000002 0.6056697984375 0.15958720625 0.6058515203125 0.1511740921875 0.6111819453125 0.1519918421875 0.6267855328125 0.1537766828125 0.6276698953125 0.2751379109375 0.6213096234375 0.27850315625 0.619177453125 0.2819706203125 0.61899573125 0.285540303125 0.62076445625 0.29594269375 0.6202192906249999 0.29930793906250003 0.6180871203125 0.6841964046875 0.5979159703125 0.6875616499999999 0.5957838
0 0.8782721515624999 0.5857890859375 0.8372208046875 0.565448734375 0.8371185859375 0.5634982859375001 0.8174853328125 0.5537702921875 0.8140178703125001 0.5539520140625 0.8104481874999999 0.5521832875 0.7965783328125 0.5529101765625 0.7932130890625 0.555042346875 0.7880630015625 0.556290153125 0.78898296875 0.5738441890625 0.7925526515625 0.5756129140625 0.7926548703125 0.5775633625000001 0.789289625 0.5796955328125 0.78980071875 0.589447775 0.7846506328125 0.5906955828125 0.7812853875 0.592827753125 0.3755921390625 0.614089234375 0.37222689375 0.6162214046875001 0.3652919671875 0.6165848484375 0.361722284375 0.6148161234375 0.35131989375 0.6153612890625 0.3479546484375 0.617493459375 0.15030921875 0.6278516171875 0.146943975 0.6299837875 0.1400090484375 0.6303472328125 0.1366438015625 0.632479403125 0.129708875 0.632842846875 0.1212957625 0.6381732718750001 0.1226246046875 0.6635291 0.1244094453125 0.6644134640625 0.1279791296875 0.6661821906250001 0.8977560625000001 0.625839890625 0.9028039281250001 0.6226416343750001 0.9015773046875 0.5992362546875001 0.8980076234375 0.5974675281249999 0.8978031859375 0.5935666328125 0.881739615625 0.5856073640624999 0.8782721515624999 0.5857890859375
0 0.48645672968750003 0.6728206453125 0.912954759375 0.6504688296875 0.9163200046875 0.648336659375 0.9214700890625 0.647088853125 0.920550121875 0.6295348171875 0.9169804390625 0.6277660921875 0.9150933796875 0.6249312796875001 0.42618100468750003 0.6505540921875 0.422815759375 0.6526862625 0.4089459046875 0.65341315 0.405376221875 0.651644425 0.39844129375000004 0.6520078687499999 0.39507605 0.6541400390625001 0.135016275 0.66776919375 0.12996840781250002 0.67096745 0.13078615625 0.6865710359375 0.1325709984375 0.6874553999999999 0.1344580578125 0.6902902109375 0.13981258125 0.6929433 0.1432800453125 0.692761578125 0.146645290625 0.6906294078124999 0.44137970156249995 0.67518303125 0.44474494687500005 0.6730508609375 0.4828870453125 0.67105191875 0.48645672968750003 0.6728206453125
0 0.7368376140625 0.7398867578125 0.8824710890624999 0.73225443125 0.8860407703125001 0.7340231578124999 0.9068455515625 0.732932825 0.910210796875 0.7308006546875 0.9153608828124999 0.7295528484375 0.914440915625 0.7119988125 0.9178061609375 0.7098666421875001 0.9176017234374999 0.7059657453125 0.914032040625 0.7041970203125001 0.9138276031249999 0.7002961234375 0.910257921875 0.698527396875 0.9101557031249999 0.6965769484375001 0.90658601875 0.694808221875 0.9028119 0.6891385999999999 0.8884309515625001 0.680113246875 0.8883287328125 0.6781627984374999 0.8847590515625001 0.676394071875 0.8846568328125001 0.6744436234375 0.87751746875 0.6709061703125 0.8737433484375 0.6652365484375 0.8630343015624999 0.65993036875 0.8629320828125 0.6579799203125 0.857577559375 0.65532683125 0.8263703859374999 0.6569623296875 0.822800703125 0.6551936046875 0.7326466484374999 0.659918378125 0.72759878125 0.6631166328125 0.7279054375 0.668967978125 0.7314751187499999 0.6707367046875 0.73188399375 0.6785384984375 0.7354536765625 0.6803072234374999 0.7357603312500001 0.68615856875 0.739330015625 0.6879272953125 0.739738890625 0.6957290890625 0.743308571875 0.6974978140625 0.7441263218749999 0.7131014015625 0.7390784546875 0.71629965625 0.6489243984375 0.72102443125 0.6455591546874999 0.7231566015625 0.6419894703125 0.721387875 0.440876578125 0.7319277546875 0.4373068953125 0.730159028125 0.43037196875 0.730522471875 0.42700672500000003 0.7326546421875 0.3957995515625 0.7342901421875 0.39222986875 0.7325214156250001 0.20151936718750002 0.7425161296875 0.198154121875 0.7446482999999999 0.19468665937500002 0.744830021875 0.191116975 0.7430612953125 0.1876495125 0.7432430171875 0.1842842671875 0.7453751875 0.1808168046875 0.7455569093750001 0.177247121875 0.7437881843749999 0.1737796578125 0.74396990625 0.1704144125 0.7461020765625 0.16001202187500002 0.7466472421875 0.1564423390625 0.744878515625 0.139105021875 0.7457871265625 0.1357397765625 0.7479192968749999 0.1322723125 0.74810101875 0.1287026296875 0.7463322921875 0.125337384375 0.7484644625 0.1201873 0.7497122703125 0.12080061093750001 0.7614149609374999 0.122585453125 0.7622993234375001 0.126359571875 0.7679689468750001 0.3933542734375 0.753976346875 0.3969239578125 0.7557450734375 0.6604511937499999 0.7419341953125 0.664020878125 0.743702921875 0.7299026875 0.740250203125 0.73326793125 0.7381180328125 0.7368376140625 0.7398867578125
0 0.5726401984375 0.725022315625 0.5760054421875 0.7228901453125001 0.5795751250000001 0.724658871875 0.7390784546875 0.71629965625 0.7407610765625 0.715233571875 0.7404544203125 0.7093822265624999 0.743819665625 0.70725005625 0.7402499828125 0.7054813296875 0.7401477640625 0.7035308812500001 0.743513009375 0.7013987109375 0.7399433265625001 0.699629984375 0.739330015625 0.6879272953125 0.7357603312500001 0.68615856875 0.7353514578125 0.6783567749999999 0.728109875 0.672868875 0.7279054375 0.668967978125 0.71898123125 0.6645461625 0.71056811875 0.6698765890625 0.7106703375000001 0.6718270375000001 0.7056224703125 0.6750252921875 0.691752615625 0.67575218125 0.6883873703125001 0.6778843515624999 0.68491990625 0.6780660734375 0.681350225 0.676297346875 0.6778827609375 0.67647906875 0.6745175171875 0.6786112390625 0.6710500515625 0.6787929609375001 0.6674803703125 0.6770242359374999 0.261787121875 0.6982857171875 0.25842187656250004 0.7004178875 0.244552021875 0.7011447765625001 0.24098233906250002 0.6993760499999999 0.2375148765625 0.699557771875 0.2341496296875 0.7016899421875 0.223747240625 0.7022351078125 0.22017755625 0.7004663828125001 0.20977516718749997 0.7010115484375 0.206409921875 0.70314371875 0.1439955765625 0.706414715625 0.1372650859375 0.7106790562499999 0.133797621875 0.7108607796874999 0.1237018859375 0.717257290625 0.12023442343749999 0.7174390125000001 0.10509082031250001 0.7270337796875 0.1059085703125 0.742637365625 0.1076934109375 0.743521728125 0.1183002390625 0.746877459375 0.5239934875000001 0.7256159765625 0.5275631703125 0.727384703125 0.5379655624999999 0.7268395375 0.54133080625 0.724707365625 0.5482657328125 0.724343921875 0.5518354171875 0.7261126484375 0.5726401984375 0.725022315625
0 0.7941562656250001 0.34083222968750004 0.79772595 0.3426009546875 0.79823704375 0.352353196875 0.8018067249999999 0.35412192343750004 0.8024200374999999 0.3658246125 0.80598971875 0.3675933390625 0.8061941562499999 0.37149423593750003 0.8097638390625 0.3732629625 0.8103771500000001 0.3849656515625 0.8139468328125 0.386734378125 0.8142534890625001 0.3925857234375 0.817823171875 0.39435444999999997 0.817925390625 0.396304896875 0.8268495953125001 0.40072671406250004 0.8372519875 0.400181546875 0.8426065093749999 0.4028346359375 0.842708728125 0.404785084375 0.8462784109375001 0.4065538109375 0.847913909375 0.437760984375 0.8428660421874999 0.4409592390625 0.835931115625 0.44132268437500005 0.83256586875 0.4434548546875 0.82909840625 0.4436365765625 0.8240505390624999 0.44683483125 0.8249705078125 0.46438886718749994 0.8285401890624999 0.4661575921875 0.83007346875 0.49541431718749995 0.8336431515625 0.49718304375000005 0.8346653375 0.5166875265625 0.838235021875 0.518456253125 0.8391549890625001 0.5360102875 0.842724671875 0.5377790140625 0.8437468578124999 0.557283496875 0.8473165390625 0.5590522234375 0.8475209765624999 0.5629531203125 0.8510906593750001 0.564721846875 0.8548647781250001 0.57039146875 0.8852070781249999 0.5854256421875 0.88867454375 0.5852439203124999 0.894029065625 0.587897009375 0.894131284375 0.5898474578124999 0.9012706484375 0.593384909375 0.9020883984375001 0.608988496875 0.90565808125 0.6107572234374999 0.9061691749999999 0.6205094640625 0.9203456843750001 0.6256339203125 0.920550121875 0.6295348171875 0.9259046468750001 0.63218790625 0.9605792828125 0.6303706859375 0.9639445265625 0.628238515625 0.97781438125 0.6275116281249999 0.9811796265625 0.6253794578125 0.9846470921874999 0.6251977359375 0.9896949578124999 0.6219994796874999 0.9875483671874999 0.581040065625 0.983978684375 0.5792713390625 0.9826498421875 0.5539155109375 0.9790801578125 0.552146784375 0.977649096875 0.5248405078125 0.9740794156250001 0.5230717828125 0.9729550093749999 0.50161685 0.969385328125 0.49984812500000003 0.9681587031250001 0.4764427453125 0.9645890218750001 0.47467401875000004 0.9632601796875001 0.449318190625 0.959690496875 0.44754946406249996 0.9586683109375 0.42804498124999996 0.9550986265624999 0.42627625468749997 0.953872003125 0.40287087499999996 0.9503023203125001 0.40110214843750003 0.949382353125 0.3835481140625 0.9458126703125 0.3817793875 0.9446882656250001 0.36032445625 0.941118584375 0.3585557296875 0.9401986156250001 0.3410016953125 0.9366289328124999 0.33923296875000003 0.9355045265624999 0.3177780375 0.9319348453125 0.3160093109375 0.9302993468749999 0.2848021390625 0.9267296640625 0.28303341249999997 0.9254008218750001 0.257677584375 0.9218311390625 0.2559088578125 0.920706734375 0.2344539265625 0.917137053125 0.2326852 0.917034834375 0.2307347515625 0.9116803093750001 0.2280816625 0.90127791875 0.228626828125 0.8979126734375 0.230759 0.8771078921875001 0.23184933124999998 0.873742646875 0.23398150156250003 0.856405328125 0.23489011249999997 0.8530400828125 0.2370222828125 0.8391702296875 0.2377491703125 0.8358049828125 0.23988134218749999 0.821935128125 0.2406082296875 0.81183939375 0.247004740625 0.80837193125 0.24718646249999998 0.801641440625 0.251450803125 0.7913412671875 0.25394641875 0.7795629109375 0.2614090140625 0.7805850984375 0.2809134984375 0.7772198515625 0.28304566875 0.7777309453125001 0.292797909375 0.781300628125 0.2945666359375 0.7814028468750001 0.296517084375 0.7780376015625 0.29864925468750003 0.77834425625 0.3045006 0.7801291 0.30538496249999997 0.781913940625 0.30626932500000004 0.782322815625 0.31407111875 0.7858924968750001 0.3158398453125 0.786096934375 0.3197407421875 0.7896666156250001 0.32150946875 0.789973271875 0.3273608125 0.7935429546874999 0.32912953906250003 0.7941562656250001 0.34083222968750004
0 0.3834868890625 0.9637646484375001 0.387056571875 0.965533375 0.518820190625 0.9586279359375001 0.5223898734375 0.9603966625 0.6437511015624999 0.9540363890625001 0.647320784375 0.955805115625 0.706267665625 0.952715840625 0.714680778125 0.9473854156250001 0.713965246875 0.9337322765625 0.7103955656250001 0.9319635500000001 0.709577815625 0.9163599640625 0.707792975 0.9154756015625001 0.6349762375 0.9192917640625 0.63140655625 0.9175230375 0.41989127187499997 0.928608084375 0.41632158906249994 0.9268393578125 0.222143625 0.93701579375 0.220461003125 0.9380818796874999 0.2218920640625 0.9653881562500001 0.2236769046875 0.96627251875 0.22734880624999998 0.9699916937499999 0.2446861234375 0.9690830828125 0.24825580625 0.9708518093749999 0.25172327031249997 0.9706700875 0.255088515625 0.9685379171875 0.2689583703125 0.967811028125 0.27252805156250004 0.9695797546874999 0.3834868890625 0.9637646484375001
0 0.326498015625 1 0.3990944609375 0.99619538125 0.40266414375000004 0.9979641078125001 0.49975312499999996 0.9928758890625 0.503322809375 0.994644615625 0.6801634546875001 0.985376790625 0.6837331375 0.9871455171875001 0.6872005999999999 0.98696379375 0.690565846875 0.9848316234375 0.707903165625 0.9839230140625 0.71295103125 0.9807247578125 0.7116221890625 0.9553689296875 0.706267665625 0.952715840625 0.7029024203125 0.9548480109374999 0.58500865625 0.9610265609375 0.581438975 0.9592578359375 0.47394759999999997 0.9648912187500001 0.47037791875 0.96312249375 0.3282119078125 0.9705730984375001 0.324642225 0.968804371875 0.23102070624999999 0.9737108671874999 0.22597283906249999 0.9769091234375 0.22718298125 1 0.2891790234375 1 0.29150086875 0.9998783171875001 0.2917464515625 1 0.326498015625 1
0 0.8275817703125 0.9786288265625 0.8268662390625 0.9649756890625 0.830231484375 0.9628435171874999 0.8297203921875 0.9530912765625 0.8330856359375 0.95095910625 0.83237010625 0.9373059671874999 0.83573535 0.9351737968749999 0.8351220390625 0.9234711078125001 0.8384872828125 0.9213389375000001 0.8378739718749999 0.909636246875 0.841239215625 0.9075040765625 0.8406259031250001 0.8958013875 0.8439911499999999 0.8936692171875 0.8433778375 0.8819665265625 0.8467430828125 0.87983435625 0.8459253328124999 0.8642307703125001 0.849290578125 0.8620986 0.848677265625 0.850395909375 0.8520425109374999 0.8482637390625 0.8514291984375 0.83656105 0.8547944453125 0.8344288796875 0.8541811328125 0.8227261890625 0.852396290625 0.8218418265625 0.7795795546875001 0.8256579890625 0.7778969328125 0.8267240749999999 0.77830580625 0.8345258687499999 0.7749405609375 0.8366580390625 0.7755538718749999 0.8483607281250001 0.772188628125 0.8504928984375001 0.7731085953125 0.8680469328125 0.7697433515625 0.870179103125 0.7705611 0.885782690625 0.7671958562500001 0.8879148609374999 0.7679113859375 0.9015679984375 0.7645461421874999 0.90370016875 0.7650572359375001 0.9134524109375001 0.7616919890625 0.9155845812500001 0.7624075203125 0.9292377187499999 0.759042275 0.9313698890625 0.75975780625 0.945023028125 0.7563925609375 0.9471551984375 0.7571080921875 0.9608083359374999 0.753742846875 0.96294050625 0.7542539406250001 0.9726927484375001 0.75088869375 0.9748249187500001 0.75109313125 0.9787258156249999 0.7477278875 0.9808579859375 0.7480345421875 0.9867093312499999 0.7498193843750001 0.9875936937500001 0.822636121875 0.9837775296875 0.824216525 0.9807609968750001 0.8275817703125 0.9786288265625
0 0.9034570953125 0.9668291484375 0.906822340625 0.964696978125 0.906209028125 0.9529942874999999 0.909574275 0.9508621171874999 0.9089609624999999 0.9391594265625001 0.9123262078125001 0.93702725625 0.9118151140625 0.927275015625 0.9151803578125 0.9251428453124999 0.914567046875 0.9134401546875001 0.917932290625 0.911307984375 0.9171145421875 0.8957043984374999 0.9204797875 0.8935722281249999 0.9197642578125 0.8799190890625 0.9231295015625 0.87778691875 0.922618409375 0.868034678125 0.9259836531250001 0.8659025078125 0.9254725593750001 0.856150265625 0.9288378046875 0.8540180953125001 0.9284289296875 0.8462163015625 0.931794175 0.84408413125 0.9309764250000001 0.8284805453124999 0.934341671875 0.826348375 0.9341372343750001 0.8224474781250001 0.9323523937499999 0.821563115625 0.9254174656249999 0.821926559375 0.9218477828125 0.8201578328125001 0.8871731468749999 0.821975053125 0.8836034640625 0.820206328125 0.880136 0.82038805 0.8767707546875 0.8225202203125 0.8594334375000001 0.8234288296875001 0.857750815625 0.824494915625 0.8580574703125 0.8303462609375 0.8546922265625 0.83247843125 0.8552033203124999 0.8422306718750001 0.8518380734375001 0.8443628421874999 0.8525536046875001 0.85801598125 0.849188359375 0.8601481515625 0.849801671875 0.8718508406250001 0.8464364265625001 0.8739830109375 0.8472541765624999 0.8895865984375 0.8438889312500001 0.89171876875 0.84450224375 0.9034214578125 0.841136996875 0.905553628125 0.841852528125 0.9192067671874999 0.8384872828125 0.9213389375000001 0.8389983765625001 0.9310911781250001 0.83563313125 0.9332233484374999 0.83645088125 0.9488269359375 0.8330856359375 0.95095910625 0.8335967296875 0.960711346875 0.830231484375 0.9628435171874999 0.831253671875 0.9823480015625 0.8330385124999999 0.9832323640625 0.9023877859375 0.9795979234375001 0.9040704078124999 0.9785318375 0.9034570953125 0.9668291484375
0 0.7093654078125 0.845962103125 0.7127306515625 0.8438299328125 0.7091609703125 0.84206120625 0.7089565328125 0.838160309375 0.7036020093750001 0.8355072203124999 0.700134546875 0.8356889421875 0.6967692999999999 0.8378211125 0.5788755359375 0.8439996624999999 0.5753058546875 0.8422309359375 0.3915302796875 0.8518622062500001 0.38796059843749997 0.8500934796875 0.214587415625 0.8591795843750001 0.209539546875 0.8623778390625001 0.20974398437500003 0.8662787359375 0.20637873906249998 0.86841090625 0.2067876140625 0.8762127 0.2085724546875 0.8770970625000001 0.21214213750000002 0.8788657890625 0.295361265625 0.874504459375 0.2989309484375 0.8762731859375 0.5520557953125 0.8630074750000001 0.5556254765624999 0.8647762 0.708193878125 0.8567804296875 0.7098765 0.8557143437500001 0.7093654078125 0.845962103125
0 0.7291559734375 0.8918642515625 0.7255862921875 0.8900955250000001 0.7253818546875 0.8861946296875001 0.7164576484375 0.8817728140625001 0.712990184375 0.8819545359375001 0.7097271578125001 0.8860371546874999 0.70279223125 0.8864005984375 0.6994269859375 0.88853276875 0.5433911203124999 0.8967102625000001 0.5398214390625 0.8949415359374999 0.536353975 0.8951232578124999 0.53298873125 0.897255428125 0.46017199375000006 0.9010715921875001 0.45660231093750003 0.8993028656250001 0.2970989828125 0.9076620796875 0.2935293 0.9058933546875 0.2900618359375 0.9060750765625001 0.2866965921875 0.9082072468750001 0.2762942 0.9087524124999999 0.27272451875 0.9069836859375 0.2484522734375 0.908255740625 0.244882590625 0.906487015625 0.2240778078125 0.907577346875 0.22050812656250002 0.9058086203125001 0.2154602578125 0.9090068765625 0.21566469531250002 0.9129077734375001 0.21229945 0.9150399437500001 0.21260610624999998 0.9208912890625 0.214390946875 0.9217756515625 0.21806285 0.9254948265625 0.29781451406250004 0.92131521875 0.3013841953125 0.9230839453125 0.5267693328124999 0.9112720109374999 0.5303390171875 0.9130407359375001 0.7245169812500001 0.9028643000000001 0.7295648484374999 0.8996660453124999 0.7291559734375 0.8918642515625
0 0.6384437015625 0.9191100421874999 0.752870003125 0.9131132140625 0.7579178703125 0.9099149578124999 0.7575089953125 0.9021131656250001 0.7539393125 0.9003444390625001 0.7532237828125 0.8866913000000001 0.7496541 0.884922575 0.7491430078125 0.8751703328125 0.7455733234374999 0.8734016062500001 0.7450622296875 0.8636493656249999 0.7414925484375 0.8618806390625 0.7410836734374999 0.8540788453125 0.7375139921875 0.85231011875 0.73562693125 0.8494753078124999 0.728896440625 0.8537396484374999 0.725326759375 0.851970921875 0.7237463562500001 0.8549874562499999 0.7203811109375 0.8571196265625 0.7211988609375 0.8727232125000001 0.7247685421875001 0.8744919390625 0.7252796359375 0.88424418125 0.7288493171875 0.8860129062500001 0.7295648484374999 0.8996660453124999 0.7245169812500001 0.9028643000000001 0.5442088703125 0.9123138484375 0.5406391875 0.910545121875 0.36379854218749996 0.919812946875 0.360228859375 0.918044221875 0.3499286875 0.9205398359375 0.34635900468749997 0.918771109375 0.21806285 0.9254948265625 0.21638022656250003 0.9265609109374999 0.2167891 0.9343627046874999 0.21857394375 0.9352470671875001 0.222143625 0.93701579375 0.4128541265625 0.9270210796875 0.4164238078125 0.92878980625 0.6244716296874999 0.9178864828125001 0.6280413109375 0.9196552078125 0.631508775 0.9194734859375 0.6348740187499999 0.917341315625 0.6384437015625 0.9191100421874999
0 0.6967692999999999 0.8378211125 0.700134546875 0.8356889421875 0.7625488921875 0.8324179453125 0.7642315140625 0.831351859375 0.7640270765625 0.8274509625 0.758672553125 0.8247978734375 0.6442462531250001 0.8307947015625 0.6406765703125 0.8290259765625001 0.4811732421875 0.8373851906249999 0.477603559375 0.835616465625 0.29729545 0.8450660125 0.2937257671875 0.8432972859375001 0.21050663906249997 0.8476586156250001 0.20892623437500002 0.85067515 0.205560990625 0.8528073203125001 0.20734583125 0.8536916828125 0.21448519687499998 0.8572291359375 0.2630296875 0.8546850265625 0.2665993703125 0.856453753125 0.41916777187500004 0.8484579812499999 0.422737453125 0.8502267078125 0.6203828828125 0.8398685499999999 0.6239525640625 0.8416372765625001 0.6967692999999999 0.8378211125