0 0.467602071875 0.22253354062500003 0.47117175468749994 0.22076481406249998 0.4745369984375 0.222896984375 0.4780044640625 0.22307870625 0.4815741453125 0.2213099796875 0.62374015625 0.2287605859375 0.6273098375 0.226991859375 0.6966591125 0.2306263 0.70022879375 0.22885757343750002 0.8250574859375 0.23539956874999998 0.830105353125 0.2385978234375 0.828980946875 0.26005275625 0.8323461921875 0.2621849265625 0.8320395359375 0.2680362703125 0.8371896234375 0.269284078125 0.842544146875 0.2666309890625 0.8426463640625 0.264680540625 0.846216046875 0.2629118140625 0.846318265625 0.260961365625 0.8534576312500001 0.2574239140625 0.8535598500000001 0.255473465625 0.8714082609375 0.24662983437500002 0.8715104796875 0.2446793859375 0.8786498437500001 0.24114193281250001 0.87905871875 0.23334014062500003 0.8826284015624999 0.23157141406249998 0.8836505890625 0.21206693125 0.8802853421875 0.20993476093750002 0.8787049390625 0.20691822656249997 0.8509652296875 0.20546445000000002 0.847599984375 0.20333227968749998 0.83719759375 0.2027871140625 0.8336279109375001 0.20455583906250002 0.8232255203125 0.2040106734375 0.8196558375 0.2057794 0.79885105625 0.2046890671875 0.7952813734374999 0.20645779375 0.7919161296875 0.2043256234375 0.7815137375 0.20378045781249998 0.77794405625 0.2055491828125 0.6635177546875 0.19955235468750002 0.6599480718749999 0.20132108125 0.5871313359375 0.19750491718750002 0.5835616531250001 0.19927364375 0.500342525 0.1949123140625 0.49677284374999997 0.196681040625 0.45169581562500005 0.19431865312500002 0.4481261328125 0.1960873796875 0.29209026875 0.18790988749999998 0.288520584375 0.1896786125 0.21917131250000002 0.186044171875 0.21560163124999998 0.1878128984375 0.10811025625 0.1821795140625 0.102755734375 0.184832603125 0.101835765625 0.2023866375 0.1035183875 0.2034527234375 0.1066791953125 0.209485790625 0.1794959328125 0.213301953125 0.183065615625 0.2115332265625 0.27668713437500003 0.2164397234375 0.280256815625 0.21467099687500002 0.394683115625 0.22066782499999998 0.39825279999999996 0.21889909843750002 0.467602071875 0.22253354062500003
0 0.517577625 0.1977713734375 0.5211473062499999 0.196002646875 0.5974315078125 0.2000005328125 0.6010011890625 0.19823180625 0.6599480718749999 0.20132108125 0.6635177546875 0.19955235468750002 0.750204346875 0.20409540625 0.7537740281249999 0.20232668125000003 0.8161883734375 0.20559767812500002 0.8197580562500001 0.20382895156249997 0.8474977656249999 0.20528272812499998 0.8492826062500001 0.204398365625 0.8499981375000001 0.19074522656249998 0.8449502703125 0.187546971875 0.8276129515624999 0.1866383609375 0.8240432703125 0.1884070875 0.7304217515625 0.183500590625 0.7268520671875 0.1852693171875 0.647100403125 0.181089709375 0.643530721875 0.1828584359375 0.5256369578125 0.1766798859375 0.522067275 0.1784486125 0.4249782921875 0.17336039375 0.4214086109375 0.1751291203125 0.3104497734375 0.1693140140625 0.3068800921875 0.171082740625 0.20632364375 0.1658128 0.20275396250000002 0.1675815265625 0.136872153125 0.1641288078125 0.131517628125 0.166781896875 0.1308020984375 0.180435034375 0.1324847203125 0.1815011203125 0.1358499671875 0.183633290625 0.22253655781249998 0.18817634218749998 0.2261062390625 0.186407615625 0.30932536875 0.1907689453125 0.31289505 0.18900021875 0.4481261328125 0.1960873796875 0.45169581562500005 0.19431865312500002 0.517577625 0.1977713734375
0 0.305236621875 0.268786878125 0.308806303125 0.2670181515625 0.3122737671875 0.26719987343749996 0.3156390109375 0.26933204375 0.33644379375 0.2704223765625 0.34001347656249997 0.26865364999999997 0.46830963125 0.2753773671875 0.47187931406250005 0.273608640625 0.5724357609374999 0.27887858125 0.5760054421875 0.2771098546875 0.6696269609375001 0.28201635 0.67319664375 0.2802476234375 0.7598832359375 0.284790675 0.7634529171875 0.28302195 0.7877251640625 0.2842940046875 0.791090409375 0.286426175 0.8014927999999999 0.28697134062499996 0.8139866874999999 0.28078079843750003 0.81408890625 0.27883035 0.8176585890625001 0.277061625 0.8177608078124999 0.2751111765625 0.825002390625 0.269623275 0.8266378890625001 0.2384161015625 0.8215900218750001 0.235217846875 0.73837089375 0.23085651718750003 0.7348012109375001 0.23262524375 0.634244765625 0.22735530312500002 0.6306750828125 0.22912402968749998 0.5231837109375 0.22349064531249999 0.5196140265625 0.225259371875 0.4086551890625 0.21944426562500002 0.4050855078125 0.221212990625 0.2941266703125 0.21539788437500001 0.2905569890625 0.21716661093749998 0.186533078125 0.21171495 0.18296339687500002 0.21348367499999998 0.1032117328125 0.2093040671875 0.10142689062500002 0.21018843125000003 0.09979139218750001 0.24139560468750001 0.101474015625 0.24246168906249999 0.10820450468750001 0.24672602968750001 0.11850467656250001 0.24922164375000003 0.12523516562499998 0.2534859859375 0.1287026296875 0.2536677078125 0.13206787656250002 0.255799878125 0.13553533906249998 0.25598160000000003 0.14573329375 0.2604276625 0.305236621875 0.268786878125
0 0.657793509375 0.30877746093749997 0.6613631921875001 0.307008734375 0.786191884375 0.31355072812499996 0.7951160890625 0.30912891249999996 0.7960360578125 0.291574878125 0.7926708125 0.28944270781250003 0.791090409375 0.286426175 0.7529483078125 0.28442723124999997 0.7493786250000001 0.2861959578125 0.7460133812499999 0.2840637875 0.7425459171875 0.28388206562499996 0.7389762359375001 0.2856507921875 0.6384197890625 0.28038085156250003 0.6348501062499999 0.28214957812499997 0.5724357609374999 0.27887858125 0.568866078125 0.28064730625 0.56193115 0.28028386250000004 0.55856590625 0.2781516921875 0.5549962234375 0.27992041875 0.40936274843750003 0.2722880921875 0.40579306718749997 0.2740568171875 0.2705619859375 0.2669696578125 0.2669923015625 0.2687383828125 0.2635248390625 0.26855666093749997 0.26015959375 0.266424490625 0.24628973906249998 0.265697603125 0.24272005624999998 0.267466328125 0.1525660015625 0.2627415546875 0.147211478125 0.26539464375 0.14618929218750001 0.284899128125 0.1478719140625 0.2859652125 0.15123715937499999 0.2880973828125 0.2587285328125 0.2937307671875 0.2622982140625 0.291962040625 0.41139915312499997 0.299776090625 0.41496883437500004 0.2980073640625 0.5501999171875 0.305094525 0.5537696000000001 0.3033257984375 0.657793509375 0.30877746093749997
0 0.2191553703125 0.3190381 0.32664674374999997 0.324671484375 0.3302164265625 0.322902759375 0.3406188171875 0.323447925 0.3439840625 0.3255800953125 0.354386453125 0.3261252609375 0.3579561359375 0.32435653593749997 0.3683585265625 0.3249017015625 0.371723771875 0.327033871875 0.41333333593750005 0.3292145375 0.4169030171875 0.32744581093749997 0.5278618546875 0.3332609171875 0.5314315374999999 0.331492190625 0.6562602281250001 0.338034184375 0.6598299125 0.33626545937499996 0.7673212859375 0.34189884375 0.77068653125 0.3440310140625 0.7776214578125 0.3443944578125 0.7847608234375001 0.3408570046875 0.7882282859374999 0.3410387265625 0.7901153453124999 0.33820391562499996 0.793685028125 0.33643518906250003 0.7948094328125 0.3149802578125 0.7931268109375 0.3139141734375 0.6891029 0.3084625109375 0.6855332187500001 0.3102312375 0.5503021359375 0.30314407656250003 0.546732453125 0.304912803125 0.3976315171875 0.297098753125 0.39406183437500003 0.2988674796875 0.2622982140625 0.291962040625 0.2587285328125 0.2937307671875 0.248326140625 0.2931856015625 0.24496089687499997 0.29105343125 0.2380259703125 0.2906899859375 0.23445628593749998 0.2924587125 0.1373673046875 0.2873704953125 0.1355824625 0.28825485781250004 0.1344580578125 0.3097097890625 0.13614067968750002 0.310775875 0.137721084375 0.3137924078125 0.14287117031250002 0.315040215625 0.146236415625 0.3171723859375 0.1705086609375 0.318444440625 0.17387390625000002 0.3205766109375 0.1774435890625 0.318807884375 0.2155856875 0.32080682656250004 0.2191553703125 0.3190381
0 0.5963933796875 0.3524989453125 0.5999630625 0.35073021875 0.7005195078125 0.3560001578125 0.704089190625 0.35423143281249997 0.7491662171875 0.35659381875 0.7545207421875 0.3539407296875 0.755031834375 0.3441884875 0.749983965625 0.34099023281249996 0.7118418671875 0.3389912890625 0.708272184375 0.340760015625 0.5557037828125 0.33276424531250004 0.5521341015625 0.334532971875 0.448110190625 0.329081309375 0.444540509375 0.3308500359375 0.3439840625 0.3255800953125 0.3404143796875 0.327348821875 0.2537277890625 0.3228057703125 0.25015810625 0.3245744953125 0.22935332343749998 0.3234841640625 0.2257836421875 0.32525289062499996 0.2188487140625 0.3248894453125 0.21527903125 0.326658171875 0.21181156875 0.32647645000000003 0.20844632343749997 0.3243442796875 0.1980439328125 0.32379911250000004 0.1946786875 0.32166694218749997 0.1808088328125 0.3209400546875 0.1789217734375 0.323774865625 0.17356725 0.3264279546875 0.166632321875 0.3260645109375 0.16484748124999998 0.32694887499999997 0.164540825 0.33280021875 0.16622344687499999 0.3338663046875 0.1695886921875 0.335998475 0.2042633296875 0.3378156953125 0.2078330125 0.33604696875 0.3222593125 0.3420437984375 0.32582899374999996 0.340275071875 0.46452754062499996 0.3475439546875 0.4680972234375 0.345775228125 0.5963933796875 0.3524989453125
0 0.20681082499999998 0.355551453125 0.2103805078125 0.3537827265625 0.362948909375 0.361778496875 0.36651859062500003 0.3600097703125 0.5017496734375 0.36709693125 0.50531935625 0.36532820625 0.61974565625 0.371325034375 0.6233153390624999 0.36955630781250004 0.7273392484375 0.3750079703125 0.73090893125 0.37323924375 0.7482462484375 0.374147853125 0.7500310921875 0.37326349062499997 0.7502355281249999 0.36936259374999997 0.7538052109375 0.3675938671875 0.7539074296875 0.36564342031249997 0.750542184375 0.36351125 0.750848840625 0.35765990468750003 0.7491662171875 0.35659381875 0.6902193359375 0.35350454375 0.686649653125 0.3552732703125 0.6068979890625 0.35109366249999996 0.60332830625 0.3528623890625 0.4750321515625 0.346138671875 0.47146246875 0.34790739843749996 0.259947184375 0.3368223515625 0.256377503125 0.338591078125 0.23210525624999997 0.3373190234375 0.2221117421875 0.3289720640625 0.21170935000000002 0.3284268984375 0.2083441046875 0.32629472812500004 0.20487664218749999 0.32611300625 0.19814615156249998 0.32184866562500003 0.19457646875 0.323617390625 0.163369296875 0.3219818921875 0.1615844546875 0.32286625625 0.1613800171875 0.3267671515625 0.163062640625 0.32783323750000004 0.16464304375 0.3308497703125 0.1714757515625 0.33316366406250003 0.1713735328125 0.3351141125 0.1678038515625 0.33688283750000003 0.1671905390625 0.348585528125 0.17055578437500002 0.3507176984375 0.1721361890625 0.35373423125 0.20681082499999998 0.355551453125
0 0.5807858078125 0.384929678125 0.5843554890625 0.38316095156249996 0.7507937453125 0.3918836109375 0.7525785875000001 0.390999246875 0.7532941171875 0.377346109375 0.7516114953125 0.376280025 0.737741640625 0.3755531359375 0.7343763953125 0.373420965625 0.73090893125 0.37323924375 0.7273392484375 0.3750079703125 0.6510550484375 0.371010084375 0.6474853656249999 0.3727788109375 0.48451457500000006 0.36423787343749997 0.480944890625 0.3660066 0.460140109375 0.36491626718750003 0.456774865625 0.362784096875 0.4463724734375 0.36223892968750004 0.44280279218749996 0.36400765625 0.3214415625 0.357647384375 0.31787188125 0.3594161109375 0.22771782499999998 0.3546913359375 0.22435258125000002 0.352559165625 0.18967794531249998 0.35074194531249997 0.1863126984375 0.348609775 0.18116261250000001 0.3473619671875 0.1864149171875 0.3466593265625 0.1899846 0.3448906 0.19345206406249998 0.345072321875 0.1952369046875 0.344187959375 0.1954413421875 0.34028706249999996 0.19375872031250002 0.339220978125 0.1764214015625 0.3383123671875 0.1710668765625 0.34096545625 0.170862440625 0.34486635312499997 0.17769515 0.3471802453125 0.1741254671875 0.34894897187499996 0.1740232484375 0.3508994203125 0.1667816640625 0.356387321875 0.166270571875 0.3661395625 0.16795319375 0.36720564843750003 0.1713184390625 0.36933781875 0.2059930765625 0.37115503906249997 0.20956275781249997 0.3693863125 0.3447938421875 0.37647347343750004 0.3483635234375 0.374704746875 0.4870620703125 0.3819736296875 0.4906317515625 0.380204903125 0.5807858078125 0.384929678125
0 0.649010675 0.41001905 0.65258035625 0.4082503234375 0.72539709375 0.4120664875 0.7307516171875 0.4094133984375 0.7316715859375 0.3918593640625 0.7299889625 0.390793278125 0.6051602703125 0.384251284375 0.6015905890625 0.38602000937500003 0.47329443437499996 0.37929629375 0.46972475156250004 0.3810650203125 0.344896059375 0.374523025 0.3413263765625 0.3762917515625 0.216497684375 0.36974975625 0.212928003125 0.3715184828125 0.157448584375 0.36861092968750003 0.1520940609375 0.37126401875 0.1512763109375 0.38686760625 0.1529589328125 0.387933690625 0.1563241796875 0.3900658609375 0.26728301718749997 0.3958809671875 0.27085269843750004 0.394112240625 0.3887464640625 0.40029079218749997 0.39231614531250003 0.39852206562500003 0.513677375 0.40488233749999997 0.51724705625 0.4031136125 0.649010675 0.41001905
0 0.595772096875 0.4306985984375 0.599341778125 0.42892987343750005 0.6756259796874999 0.4329277578125 0.6809805015625 0.43027466875 0.6817982515625001 0.41467108281250004 0.676750384375 0.41147282656249995 0.600466184375 0.4074749421875 0.5968965015625 0.40924366718750005 0.47206780937500004 0.40270167343749996 0.46849812812499997 0.4044704 0.340201971875 0.3977466828125 0.3366322890625 0.399515409375 0.20140120781249998 0.3924282484375 0.1978315234375 0.394196975 0.1666243515625 0.39256147656249996 0.161269828125 0.395214565625 0.160452078125 0.41081815156249996 0.1621347015625 0.4118842375 0.1654999453125 0.41401640781250004 0.3007310296875 0.42110356875 0.3043007109375 0.4193348421875 0.390987303125 0.42387789375 0.3945569859375 0.42210916718749997 0.49511343124999996 0.4273791078125 0.4986831140625 0.42561038125 0.595772096875 0.4306985984375
0 0.29552584843749996 0.45407946718750003 0.4307569296875 0.461166628125 0.43432661406250006 0.4593979015625 0.5314155953124999 0.46448612031250003 0.534985278125 0.46271739375000004 0.538350521875 0.4648495640625 0.54192020625 0.4630808375 0.6355417250000001 0.4679873328125 0.63911140625 0.4662186078125 0.812484590625 0.47530471093750004 0.8160542718749999 0.47353598437500005 0.8437939812499999 0.4749897609375 0.8491485046875 0.47233667187500006 0.8493529421874999 0.468435775 0.8529226234375 0.46666704843750006 0.8535359359375001 0.454964359375 0.850170690625 0.45283218906249995 0.850784003125 0.4411294984375 0.84910138125 0.4400634140625 0.8421664546875001 0.43969996875 0.8388012078125 0.4375677984375 0.8249313546874999 0.43684091093750005 0.821361671875 0.43860963750000004 0.7312076171874999 0.43388486249999997 0.727637934375 0.43565358906249996 0.6513537328125001 0.431655703125 0.6477840515625 0.4334244296875 0.5680323875 0.42924482187499996 0.5644627046874999 0.43101354843750006 0.4708411859375 0.42610705312499997 0.4672715046875 0.4278757796875 0.3493777390625 0.42169722812500005 0.34580805625 0.42346595468750003 0.21057697343749998 0.41637879375000003 0.2070072921875 0.4181475203125 0.14112548281249998 0.4146948015625 0.13577095781249998 0.417347890625 0.13485098906249998 0.43490192499999997 0.1365336140625 0.4359680109375 0.13821623593750001 0.4370340953125 0.13770514218750002 0.4467863375 0.142855228125 0.44803414375 0.1462204734375 0.4501663140625 0.1878300375 0.45234697968750004 0.19139971875 0.45057825312500005 0.2919561671875 0.45584819374999996 0.29552584843749996 0.45407946718750003
0 0.6651134 0.5008300046875 0.66868308125 0.499061278125 0.6756180078125 0.4994247234375 0.678983253125 0.50155689375 0.6825529359375 0.49978816718749997 0.7484347453125 0.5032408859374999 0.7502195859375 0.5023565234375 0.751752865625 0.47309979843749994 0.75007024375 0.47203371406250005 0.701525753125 0.4694896046875 0.6979560703125001 0.47125833124999994 0.6945908249999999 0.46912616093750004 0.6911233609375 0.4689444390625 0.6875536796875 0.47071316406249997 0.5696599140624999 0.46453461406249996 0.5660902328125 0.466303340625 0.44126154062499995 0.45976134531249996 0.43769185781250003 0.46153007187500006 0.3128631671875 0.454988078125 0.30929348437500004 0.45675680312500005 0.22260689218750002 0.45221375156250004 0.2190372109375 0.45398247812500003 0.17049271875 0.45143836875 0.16870787812500002 0.4523227328125 0.1673790359375 0.47767856093749994 0.1690616578125 0.4787446453125 0.172426903125 0.480876815625 0.23484124843749998 0.4841478140625 0.23841093125 0.4823790875 0.39791425937499997 0.49073830156250003 0.4014839421875 0.48896957656250006 0.5401824890625 0.49623845937500005 0.5437521703125 0.49446973281249995 0.6651134 0.5008300046875
0 0.5734260640625 0.52536195625 0.5769957453125001 0.5235932296875 0.7538363921875 0.5328610546875 0.757406075 0.5310923296875 0.7626583796874999 0.5303896875 0.763885003125 0.5069843078125 0.7622023812500001 0.5059182234375 0.595764125 0.4971955640625 0.59219444375 0.49896429062500003 0.4430935046875 0.491150240625 0.4395238234375 0.4929189671875 0.286955421875 0.4849231953125 0.2833857390625 0.486691921875 0.1689594390625 0.48069509374999997 0.1636049140625 0.48334818281249997 0.1635026953125 0.48529863124999995 0.1599330140625 0.48706735781250005 0.1597285765625 0.49096825468749994 0.16141119843750001 0.4920343390625 0.163093821875 0.493100425 0.162480509375 0.5048031140625 0.16763059687499998 0.506050921875 0.170995840625 0.5081830921875 0.1745655234375 0.506414365625 0.3791458796875 0.51713596875 0.3827155625 0.5153672421875 0.5734260640625 0.52536195625
0 0.39708853906249997 0.572838853125 0.400658221875 0.5710701265625 0.404125684375 0.57125185 0.4074909296875 0.5733840203125 0.41095839375 0.5735657421875 0.4145280765625 0.571797015625 0.46654003125 0.574522846875 0.469905275 0.5766550171875 0.4907100578125 0.57774535 0.494279740625 0.5759766234375 0.5046821312499999 0.5765217890625001 0.5080473765625 0.578653959375 0.514982303125 0.579017403125 0.5185519859375 0.5772486781249999 0.5289543765625 0.57779384375 0.5323196218749999 0.5799260140625 0.53925455 0.5802894578125 0.54282423125 0.5785207328124999 0.5636290125000001 0.5796110640625 0.566994259375 0.581743234375 0.570461721875 0.58192495625 0.5740314046874999 0.5801562312499999 0.719664878125 0.5877885578125001 0.7232345609374999 0.58601983125 0.72659980625 0.5881520015625 0.76474190625 0.59015094375 0.766628965625 0.5873161328125 0.7701986484375001 0.58554740625 0.772651896875 0.538736646875 0.7709692734375 0.5376705625 0.7570994203125 0.5369436734375 0.7537341734375 0.534811503125 0.7502667093750001 0.5346297812499999 0.746697028125 0.5363985078125 0.7085549265625 0.534399565625 0.7051896828124999 0.5322673953125 0.6393078734375 0.528814675 0.6357381906249999 0.5305834015625 0.6288032625 0.5302199578125 0.6254380187499999 0.5280877875 0.6185030921875 0.5277243421875 0.6149334078125 0.52949306875 0.580258771875 0.5276758484374999 0.5766890890624999 0.5294445750000001 0.5733238453125 0.5273124046875 0.5559865265624999 0.52640379375 0.55241684375 0.5281725203125001 0.538546990625 0.52744563125 0.53518174375 0.5253134609375001 0.5316120625 0.5270821875 0.5142747437499999 0.526173578125 0.5109094984375 0.5240414062500001 0.5039745703125 0.5236779625 0.5004048890624999 0.5254466890625 0.4137182984375 0.5209036375 0.4101486140625 0.5226723640625 0.2229055765625 0.5128593718750001 0.21933589531250003 0.5146280984375 0.1811937953125 0.5126291546874999 0.17762411250000001 0.5143978812500001 0.1706891859375 0.5140344375 0.168802125 0.5168692484374999 0.16523244374999999 0.5186379750000001 0.16421025625000002 0.5381424578125 0.1675755015625 0.5402746281249999 0.1640058203125 0.5420433546875 0.1655862234375 0.5450598875 0.1672688453125 0.5461259734375 0.166655534375 0.5578286625 0.1717034 0.56102691875 0.2722598484375 0.566296859375 0.2756250921875 0.5684290296875 0.28256001875000003 0.5687924734375 0.28612970312499997 0.567023746875 0.39708853906249997 0.572838853125
0 0.676522034375 0.6148646171875 0.6903918890625 0.61559150625 0.693757134375 0.6177236765624999 0.7110944531250001 0.6186322859375 0.714664134375 0.6168635609375 0.7770784796875 0.6201345578125 0.7788633218750001 0.61925019375 0.7797832890625 0.601696159375 0.7680049312499999 0.5942335625 0.7472001500000001 0.59314323125 0.7436304687499999 0.5949119578125 0.5633223562499999 0.585462409375 0.559752675 0.5872311359375 0.43145652031250004 0.58050741875 0.428091275 0.5783752484375 0.41768888437499996 0.5778300828125 0.41411920156250004 0.579598809375 0.4071842734375 0.5792353640625 0.40381902812500003 0.57710319375 0.344872146875 0.57401391875 0.33773278281249997 0.577551371875 0.33426531875 0.57736965 0.3309000734375 0.5752374796875 0.2754206546875 0.5723299265625 0.2718509734375 0.5740986515625 0.2302414078125 0.5719179875 0.22687616406250002 0.5697858171875 0.213006309375 0.569058928125 0.2094366265625 0.5708276546875 0.20607138125 0.568695484375 0.195668990625 0.56815031875 0.192099309375 0.56991904375 0.1782294546875 0.56919215625 0.1748642078125 0.5670599859375 0.1712945265625 0.5688287125 0.157424671875 0.5681018234375 0.1538549890625 0.56987055 0.1503875265625 0.569688828125 0.14146331875 0.57411064375 0.1406455703125 0.5897142296875 0.14232819218749998 0.590780315625 0.2636894203125 0.5971405875 0.267259103125 0.5953718609374999 0.2707265671875 0.5955535828125 0.2740918125 0.5976857546875001 0.2844942046875 0.5982309203125 0.2880638859375 0.59646219375 0.6729523515625 0.61663334375 0.676522034375 0.6148646171875
0 0.8672325359374999 0.6248593312499999 0.8285322171875 0.600339371875 0.8286344359375001 0.5983889234374999 0.8101255890625 0.5866619859375 0.8066581265625 0.5864802640625 0.80329288125 0.58434809375 0.7894230265625 0.5836212062499999 0.7858533453125001 0.5853899328125001 0.7806010390625 0.5860925734375 0.7796810703125 0.6036466078125 0.7830463156249999 0.605778778125 0.782944096875 0.6077292265625001 0.7793744140625 0.609497953125 0.7788633218750001 0.61925019375 0.7736110171874999 0.6199528359375 0.770041334375 0.6217215609375 0.3643480859375 0.6004600796874999 0.360778403125 0.6022288062500001 0.3538434765625 0.6018653609375 0.35047823125 0.5997331906250001 0.340075840625 0.599188025 0.33650615781250004 0.6009567515625001 0.13886072968750002 0.59059859375 0.135291046875 0.59236731875 0.12835612031250002 0.592003875 0.1247864375 0.5937726015625 0.11785151093749999 0.5934091578125 0.10892730312500001 0.5978309734375 0.1075984609375 0.6231868015625001 0.1092810828125 0.6242528859375 0.11264632968749999 0.62638505625 0.8824232625 0.66672735625 0.887777784375 0.6640742671875 0.8890044093749999 0.6406688875000001 0.8856391640625001 0.6385367171875 0.8858436015625 0.6346358203125 0.8707 0.625041053125 0.8672325359374999 0.6248593312499999
0 0.46846624375 0.6704582578125 0.8949642750000001 0.692810071875 0.89853395625 0.691041346875 0.9037862609375 0.6903387046875 0.904706228125 0.6727846703125 0.9013409843750001 0.6706525 0.8997605796875 0.6676359671875 0.41084820468750005 0.6420131546875 0.407278521875 0.64378188125 0.3934086671875 0.6430549921875001 0.390043421875 0.640922821875 0.3831084953125 0.6405593781250001 0.3795388125 0.6423281046875 0.1194790375 0.6286989484375 0.11412451406249999 0.6313520390625 0.113306765625 0.646955625 0.11498938750000001 0.648021709375 0.11656979062499999 0.65103824375 0.1216176578125 0.6542364984375 0.1250851234375 0.654418221875 0.12865480468749999 0.6526494953124999 0.42338921718750006 0.6680958703125001 0.4269588984375 0.6663271453124999 0.4651009984375 0.6683260875 0.46846624375 0.6704582578125
0 0.7104651984375 0.76332890625 0.8560986734375 0.7709612328125 0.8594639171875 0.7730934031250001 0.8802686984375001 0.7741837359375 0.88383838125 0.772415009375 0.8890906875000001 0.77171236875 0.8900106546875 0.7541583328125 0.8935803375000001 0.7523896062500001 0.8937847734375 0.7484887109375 0.8904195296875 0.746356540625 0.8906239671874999 0.74245564375 0.8872587218750001 0.7403234734375 0.887360940625 0.738373025 0.8839956953125 0.7362408546875 0.8808348875 0.7302077875 0.8674761249999999 0.7197286578125001 0.86757834375 0.717778209375 0.8642131 0.7156460390625 0.8643153187499999 0.713695590625 0.8575848296874999 0.70943125 0.8544240203125 0.7033981828125 0.8443282859375 0.6970016718750001 0.8444305046875 0.6950512234375 0.8393826359375 0.6918529671875 0.8081754640625001 0.69021746875 0.8048102187499999 0.6880852984375 0.7146561625000001 0.683360525 0.709301640625 0.6860136140625 0.7089949843750001 0.6918649593749999 0.7123602296875 0.6939971296875 0.7119513546875 0.7017989234375 0.7153165984375 0.70393109375 0.7150099421875 0.7097824375 0.7183751890625001 0.7119146078125 0.7179663140625 0.7197164015624999 0.721331559375 0.7218485718750001 0.720513809375 0.7374521578125 0.7151592875 0.7401052484374999 0.6250052312500001 0.7353804734375 0.62143555 0.7371492 0.618070303125 0.7350170296874999 0.41695741093749994 0.72447715 0.413592165625 0.7223449796875 0.40665723906249995 0.7219815359374999 0.40308755781250005 0.7237502609375001 0.371880384375 0.7221147625000001 0.3685151375 0.7199825921875 0.1778046375 0.709987878125 0.1742349546875 0.7117566046875 0.1707674921875 0.7115748828124999 0.1674022453125 0.7094427125 0.1639347828125 0.709260990625 0.16036509999999998 0.7110297171875 0.15689763750000002 0.7108479953125 0.1535323921875 0.708715825 0.15006492656249998 0.7085341015625 0.1464952453125 0.710302828125 0.136092853125 0.7097576625 0.132727609375 0.7076254921875 0.11539029062499999 0.70671688125 0.111820609375 0.7084856078125 0.1083531453125 0.7083038859374999 0.1049879 0.706171715625 0.10141821718749999 0.7079404421875 0.09616591249999999 0.7086430828125 0.09555260156249999 0.720345771875 0.09723522343749999 0.7214118578125001 0.10039603125 0.727444925 0.3673907328125 0.7414375234375 0.3707559796875 0.74356969375 0.634283215625 0.757380571875 0.6376484625 0.7595127421875 0.703530271875 0.7629654609375 0.707099953125 0.761196734375 0.7104651984375 0.76332890625
0 0.54872103125 0.7313825890625 0.5522907125 0.7296138625 0.5556559578125 0.7317460328125 0.7151592875 0.7401052484374999 0.716944128125 0.739220884375 0.717250784375 0.733369540625 0.720820465625 0.7316008140625 0.717455221875 0.72946864375 0.7175574390625 0.7275181953125001 0.721127121875 0.72574946875 0.7177618765625 0.7236172984375 0.7183751890625001 0.7119146078125 0.7150099421875 0.7097824375 0.7154188171875 0.7019806453124999 0.708790546875 0.69576585625 0.7089949843750001 0.6918649593749999 0.7005818703125 0.6865345328125 0.691657665625 0.6909563484375 0.691555446875 0.692906796875 0.686200925 0.6955598859375 0.6723310703125 0.6948329984375 0.6687613859375 0.6966017250000001 0.6652939234375 0.6964200015625 0.661928678125 0.69428783125 0.6584612140625 0.6941061093750001 0.6548915328125 0.6958748359375 0.65142406875 0.6956931140625 0.6480588234375 0.69356094375 0.242365575 0.6722994609375 0.23879589218750003 0.6740681875 0.2249260375 0.6733412999999999 0.22156079375 0.6712091296875 0.2180933296875 0.67102740625 0.21452364687499997 0.6727961328125 0.20412125625000002 0.6722509671875 0.2007560109375 0.670118796875 0.1903536203125 0.6695736296875 0.1867839390625 0.67134235625 0.12436959218750002 0.6680713593750001 0.1172302265625 0.6716088124999999 0.11376276406250001 0.6714270890625 0.10305371562500001 0.67673326875 0.099586253125 0.6765515468750001 0.0835226828125 0.6845108140625 0.08270493281249999 0.7001144015625 0.0843875546875 0.7011804859375 0.094585509375 0.7056265484375001 0.5002787578125 0.72688803125 0.503644003125 0.7290202015625 0.5140463937499999 0.7295653671875 0.5176160765625 0.7277966421875 0.524551003125 0.7281600859374999 0.5279162484375 0.73029225625 0.54872103125 0.7313825890625
0 0.8091824093750001 0.37245186874999997 0.8125476562499999 0.37458403906250004 0.8120365625 0.38433628125 0.8154018078125 0.3864684515625 0.8147884953125001 0.3981711421875 0.8181537406249999 0.4003033125 0.817949303125 0.4042042078125 0.8213145468749999 0.40633637812499995 0.8207012359375 0.41803906875 0.8240664796875 0.4201712390625 0.8237598234375 0.42602258437499996 0.8271250703125 0.4281547546875 0.8270228515625 0.430105203125 0.8354359640625001 0.43543562812500003 0.8458383546875 0.4359807953125 0.850886221875 0.43917905 0.850784003125 0.4411294984375 0.8541492484375001 0.44326166875000006 0.8525137484374999 0.47446884218749996 0.8471592265625001 0.47712193125 0.8402243 0.4767584875 0.8366546156249999 0.4785272140625 0.833187153125 0.4783454921875 0.8278326296875 0.48099858125 0.8269126625000001 0.498552615625 0.8302779062500001 0.5006847859375 0.8287446265625 0.5299415109375001 0.8321098703124999 0.53207368125 0.831087684375 0.5515781640624999 0.8344529312500001 0.5537103343750001 0.8335329625 0.57126436875 0.8368982078125 0.5733965390625 0.8358760203125 0.5929010234375001 0.839241265625 0.59503319375 0.839036828125 0.5989340890625 0.842402071875 0.6010662609375 0.8455628796875001 0.6070993265625 0.8741674625 0.625222775 0.8776349281250001 0.625404496875 0.8826827937499999 0.628602753125 0.8825805765625001 0.6305532015625 0.8893110656250001 0.6348175421875 0.888493315625 0.650421128125 0.8918585625000001 0.6525532984375 0.89134746875 0.662305540625 0.904910665625 0.6688837734375 0.904706228125 0.6727846703125 0.909754096875 0.6759829265625 0.9444287328125001 0.677800146875 0.947998415625 0.6760314203125 0.9618682703125 0.676758309375 0.9654379515624999 0.6749895828125 0.9689054171875 0.6751713046875001 0.9742599406249999 0.672518215625 0.97640653125 0.6315588 0.9730412875000001 0.6294266296875 0.9743701296875 0.6040708015625 0.971004884375 0.60193863125 0.9724359453125 0.57463235625 0.9690707 0.572500184375 0.9701951062499999 0.5510452531250001 0.9668298609375 0.5489130828125 0.968056484375 0.525507703125 0.9646912406249999 0.5233755328125 0.9660200828125 0.4980197046875 0.9626548390625 0.495887534375 0.963677025 0.4763830515625 0.9603117781250001 0.47425088125 0.961538403125 0.4508455015625 0.9581731578125 0.44871333125 0.9590931265625 0.43115929687500004 0.95572788125 0.42902712656249997 0.9568522875 0.4075721953125 0.9534870421875 0.405440025 0.9544070093749999 0.3878859890625 0.9510417640625001 0.38575381875 0.95216616875 0.3642988875 0.9488009249999999 0.3621667171875 0.9504364234375 0.33095954375000003 0.947071178125 0.3288273734375 0.9484000218749999 0.3034715453125 0.9450347765625 0.301339375 0.94615918125 0.27988444375 0.9427939375 0.27775227343750003 0.94289615625 0.275801825 0.9378482874999999 0.2726035703125 0.927445896875 0.272058403125 0.9238762140624999 0.2738271296875 0.9030714328125 0.27273679687499996 0.89950175 0.2745055234375 0.8821644328125 0.2735969140625 0.8785947484375001 0.2753656390625 0.8647248953125001 0.2746387515625 0.8611552124999999 0.276407478125 0.8472853578124999 0.2756805890625 0.8365763109375 0.28098676875 0.8331088484375 0.2808050453125 0.8259694828124999 0.2843424984375 0.8154648718749999 0.28574778125 0.8029709859375 0.291938321875 0.8019487984375001 0.31144280625 0.798379115625 0.31321153125 0.797868021875 0.3229637734375 0.8012332671875001 0.32509594375 0.8011310500000001 0.3270463921875 0.797561365625 0.32881511875 0.797254709375 0.3346664625 0.7989373343749999 0.3357325484375 0.80061995625 0.3367986328125 0.80021108125 0.3446004265625 0.8035763265625 0.346732596875 0.8033718890625 0.35063349375 0.8067371328125 0.3527656640625 0.8064304765625 0.35861700937499996 0.809795721875 0.36074917968750003 0.8091824093750001 0.37245186874999997
0 0.3356485546875 0.9490451609375 0.3390137984375 0.95117733125 0.47077741875 0.9580827703124999 0.4741426640625 0.960214940625 0.5955038921875 0.9665752124999999 0.5988691359375 0.9687073828124999 0.65781601875 0.9717966578125001 0.6667402250000001 0.9673748421875 0.6674557546875 0.9537217046875 0.6640905109374999 0.9515895343749999 0.664908259375 0.935985946875 0.6632256375 0.9349198624999999 0.5904089 0.9311036984375001 0.5870436546875 0.9289715281250001 0.37552837031249997 0.9178864828125001 0.3721631265625 0.9157543125000001 0.17798516250000002 0.9055778765625 0.1762003203125 0.9064622390625001 0.174769259375 0.933768515625 0.1764518828125 0.9348346 0.1797149078125 0.93891721875 0.19705222656250002 0.9398258296875 0.20041747031249998 0.941958 0.20388493593749998 0.9421397218750001 0.20745461718749997 0.9403709953125 0.22132447187499998 0.941097884375 0.22468971718750003 0.9432300546875 0.3356485546875 0.9490451609375
0 0.6615534249999999 1 0.6628638859375 0.9749949140625 0.65781601875 0.9717966578125001 0.6542463359374999 0.9735653843750001 0.536352571875 0.967386834375 0.532987328125 0.9652546640624999 0.425495953125 0.9596212796874999 0.422130709375 0.9574891093750001 0.279964696875 0.9500385046875 0.276599453125 0.9479063343749999 0.182977934375 0.9429998375 0.1776234109375 0.9456529265625001 0.1763967875 0.96905830625 0.178079409375 0.9701243921874999 0.18144465468749998 0.9722565624999999 0.2057169 0.9735286171875 0.20908214531249997 0.9756607875000001 0.2194845359375 0.9762059531249999 0.22305421875000003 0.974437228125 0.2403915359375 0.9753458374999999 0.24375678125000003 0.9774780078124999 0.3477806921875 0.9829296703124999 0.3511459359375 0.985061840625 0.44823491875 0.9901500578125001 0.45160016406250003 0.9922822296874999 0.598864003125 1 0.6615534249999999 1
0 0.77629400625 1 0.7764724375000001 0.996595328125 0.7800421203125001 0.9948266015625 0.7805532140625 0.9850743609375 0.784122896875 0.983305634375 0.7848384265624999 0.969652496875 0.7884081093749999 0.9678837703125 0.7890214203125 0.9561810796874999 0.792591103125 0.9544123546875 0.7932044140625 0.9427096640625001 0.796774096875 0.9409409375 0.797387409375 0.9292382484375 0.8009570921875 0.9274695218750001 0.8015704046875 0.91576683125 0.8051400859375001 0.91399810625 0.8059578359374999 0.89839451875 0.8095275171875 0.89662579375 0.8101408296875 0.884923103125 0.8137105109375 0.8831543765625 0.8143238234375 0.8714516874999999 0.8178935062500001 0.8696829609375 0.8185068187500001 0.8579802703125001 0.8168241953125 0.8569141859375 0.744007459375 0.8530980218750001 0.74222261875 0.8539823859375 0.7418137437500001 0.861784178125 0.738244059375 0.8635529046875 0.7376307484375 0.8752555953125001 0.734061065625 0.8770243203125 0.7331410984375 0.89457835625 0.7295714156249999 0.8963470812500001 0.7287536671875 0.91195066875 0.725183984375 0.9137193953124999 0.7244684546875 0.9273725328125 0.7208987718750001 0.9291412593749999 0.720387678125 0.9388935 0.7168179953125 0.9406622265625 0.7161024640625 0.9543153656250001 0.7125327828125 0.956084090625 0.7118172515625 0.9697372296875001 0.7082475703125 0.97150595625 0.7075320390625001 0.9851590937499999 0.7039623578125 0.9869278203125 0.7034512640624999 0.9966800609375 0.69988158125 0.9984487874999999 0.6998002859375 1 0.77629400625 1
0 0.8562647140624999 1 0.8566329765624999 0.9929731421874999 0.8602026593750001 0.9912044171875 0.860815971875 0.9795017265625001 0.864385653125 0.977733 0.864896746875 0.967980759375 0.8684664281250001 0.9662120328125001 0.869079740625 0.9545093421875 0.8726494234375 0.9527406171875 0.873467171875 0.9371370296875 0.8770368562499999 0.9353683046875 0.8777523859375 0.921715165625 0.88132206875 0.9199464390625 0.8818331609375001 0.9101941984374999 0.88540284375 0.908425471875 0.8859139375 0.8986732296875 0.8894836187499999 0.8969045046874999 0.88989249375 0.8891027109375 0.893462175 0.8873339843749999 0.894279925 0.8717303984375 0.8978496078125 0.8699616718750001 0.8980540453125 0.866060775 0.8963714234375001 0.8649946906249999 0.8894364953125 0.8646312453125 0.88607125 0.862499075 0.8513966140625 0.8606818546874999 0.8480313687500001 0.858549684375 0.8445639046875 0.8583679625 0.8409942234375001 0.8601366890625 0.8236569046875 0.859228078125 0.8218720640624999 0.8601124406249999 0.8215654078125001 0.8659637859375 0.817995725 0.8677325124999999 0.8174846328125 0.8774847546875 0.8139149484375 0.8792534796875 0.81319941875 0.89290661875 0.8096297359375001 0.8946753453125 0.8090164234375001 0.9063780343750001 0.8054467421875 0.9081467609375 0.8046289921875 0.9237503468750001 0.8010593109374999 0.9255190734375001 0.8004459984375 0.9372217640624999 0.7968763156249999 0.9389904890624999 0.796160784375 0.9526436281249999 0.792591103125 0.9544123546875 0.792080009375 0.9641645953125 0.788510328125 0.9659333218749999 0.7876925781249999 0.9815369078125 0.784122896875 0.983305634375 0.783611803125 0.9930578765625 0.7800421203125001 0.9948266015625 0.7797709937499999 1 0.8562647140624999 1
0 0.6720555953125 0.8659515296875 0.6756252765624999 0.8641828046875 0.6722600328125 0.862050634375 0.67246446875 0.8581497375 0.6674166031250001 0.85495148125 0.6639491390625001 0.854769759375 0.66037945625 0.8565384859374999 0.5424856921875 0.8503599359375 0.5391204468749999 0.848227765625 0.3553448734375 0.8385964953125 0.351979628125 0.836464325 0.1786064453125 0.827378221875 0.1732519203125 0.8300313109375 0.1730474828125 0.8339322078125001 0.1694778015625 0.835700934375 0.1690689265625 0.8435027265624999 0.1707515484375 0.8445688125 0.17411679375 0.8467009828125001 0.2573359234375 0.8510623125000001 0.2607011671875 0.8531944828125001 0.5138260140625001 0.86646019375 0.517191259375 0.8685923640625001 0.6697596609375001 0.8765881343749999 0.6715445015625 0.875703771875 0.6720555953125 0.8659515296875
0 0.686939665625 0.9136709 0.6835744203125 0.9115387296874999 0.6837788578125 0.9076378328124999 0.6753657453125 0.9023074078125 0.6718982812500001 0.9021256859375001 0.66822638125 0.905844859375 0.661291453125 0.905481415625 0.6577217703125 0.9072501421875 0.50168590625 0.8990726484374999 0.49832066093750005 0.8969404781250001 0.494853196875 0.89675875625 0.491283515625 0.8985274828125001 0.418466778125 0.89471131875 0.4151015328125 0.8925791484375001 0.2555982046875 0.8842199328125 0.252232959375 0.8820877625 0.24876549531249997 0.8819060406249999 0.2451958140625 0.8836747671875 0.234793421875 0.8831296015625 0.231428178125 0.88099743125 0.20715593281250003 0.8797253765624999 0.2037906875 0.87759320625 0.1829859046875 0.8765028734375001 0.1796206609375 0.8743707031250001 0.1742661359375 0.8770237921874999 0.1740616984375 0.8809246890625 0.1704920171875 0.8826934156249999 0.1701853609375 0.888544759375 0.1718679828125 0.8896108453125 0.1751310109375 0.8936934640624999 0.254882675 0.8978730718750001 0.25824791875 0.9000052421875001 0.48363305624999997 0.9118171765625 0.48699830312500003 0.9139493468750001 0.6811762671875 0.9241257828125 0.686530790625 0.92147269375 0.686939665625 0.9136709
0 0.5938763625 0.9312854203125 0.708302665625 0.93728225 0.7136571875 0.9346291593749999 0.7140660624999999 0.9268273671875 0.71070081875 0.924695196875 0.7114163484375 0.9110420578125 0.7080511046875 0.9089098874999999 0.708562196875 0.8991576468750001 0.7051969515625001 0.8970254750000001 0.70570804375 0.887273234375 0.7023428 0.8851410640624999 0.702751675 0.8773392703124999 0.6993864296875001 0.8752071000000001 0.6978060265625 0.8721905671875 0.6906666609375 0.87572801875 0.687301415625 0.8735958484375 0.68541435625 0.8764306609375 0.681844675 0.8781993859374999 0.6810269250000001 0.8938029734375 0.6843921703125 0.89593514375 0.6838810765625001 0.905687384375 0.6872463203125 0.9078195546875 0.686530790625 0.92147269375 0.6811762671875 0.9241257828125 0.5008681562499999 0.914676234375 0.4975029109375 0.9125440640625 0.320662265625 0.9032762390625001 0.3172970203125 0.9011440687500001 0.3067924109375 0.9025493515624999 0.303427165625 0.9004171812499999 0.1751310109375 0.8936934640624999 0.17334616875 0.8945778265625 0.17293729375 0.9023796203125001 0.1746199171875 0.90344570625 0.17798516250000002 0.9055778765625 0.3686956625 0.9155725890624999 0.3720609078125 0.9177047593750001 0.580108728125 0.928608084375 0.5834739734375 0.9307402546875 0.5869414359375 0.9309219765625001 0.5905111187500001 0.92915325 0.5938763625 0.9312854203125
0 0.66037945625 0.8565384859374999 0.6639491390625001 0.854769759375 0.726363484375 0.85804075625 0.7281483265625 0.8571563937500001 0.7283527640624999 0.853255496875 0.7233048953125001 0.8500572421875001 0.6088785953125 0.8440604125 0.6055133500000001 0.8419282421875 0.446010021875 0.8335690281250001 0.44264477500000005 0.8314368578125 0.262336665625 0.821987309375 0.258971421875 0.8198551390625 0.1757522921875 0.8154938093749999 0.1738652328125 0.8183286203125 0.17029555000000002 0.820097346875 0.1719781734375 0.8211634328124999 0.1787086640625 0.8254277734375 0.2272531546875 0.8279718828125 0.2306184 0.8301040531250001 0.3831868015625 0.8380998234374999 0.3865520453125 0.84023199375 0.5841974750000001 0.8505901515625001 0.5875627203125 0.8527223218750001 0.66037945625 0.8565384859374999