0 0.32960272343749997 0.1878445359375 0.33735850625 0.18879682656250002 0.35215599062499997 0.1965171078125 0.3726000484375 0.2009951140625 0.3899827921875 0.20903282500000003 0.420529865625 0.21671911875 0.4404978703125 0.225074259375 0.45083891249999997 0.22634397968750003 0.4607039015625 0.231490834375 0.46845968281249994 0.2324431234375 0.47315415156249996 0.2369551171875 0.5288397515625001 0.2536314125 0.538704740625 0.258778265625 0.5692518140625 0.2664645609375 0.6068405890624999 0.2809188453125 0.6141203203125001 0.28574826875000003 0.65453238125 0.298581415625 0.667458684375 0.30016856718749996 0.6721531515625 0.304680559375 0.679908934375 0.30563284999999996 0.6871886640625 0.3104622734375 0.69752970625 0.31173199375 0.7123271890625 0.319452275 0.7301859875 0.32361285156249997 0.7301529609374999 0.345254515625 0.734149865625 0.34476137812499996 0.740510515625 0.3357034046875 0.7489803765625 0.33083999375 0.766872196875 0.3133589078125 0.792519803125 0.2968301109375 0.830650684375 0.26412393437500004 0.8410247515625 0.243751990625 0.8448331687499999 0.2127349234375 0.8387270578124999 0.20903349843750002 0.7719863375 0.196903184375 0.7543655671875 0.190804040625 0.7310982234375001 0.18794716875 0.7287509875 0.185691171875 0.651907253125 0.1703525703125 0.64956001875 0.1680965734375 0.6237074140625001 0.16492227343750002 0.6035013828125 0.1585056984375 0.564960503125 0.15180568125 0.5626132671875 0.149549684375 0.48835479375 0.1345285125 0.48600755937500006 0.132272515625 0.4653254765625 0.129733075 0.46297824062500004 0.127477078125 0.44746667812499996 0.1255724984375 0.4272606484375 0.1191559234375 0.40399330312500004 0.116299053125 0.38378727343749997 0.1098824796875 0.324802334375 0.0987044546875 0.3224551 0.0964484578125 0.3069435375 0.09454387656249999 0.28932276562500003 0.08844473281250001 0.24819662656250002 0.08142728593750001 0.24584939062500002 0.07917128906250001 0.20472324999999997 0.072153840625 0.202376015625 0.06989784375 0.186864453125 0.0679932640625 0.18262952187499998 0.07042496875000001 0.1795682109375 0.07398467187499999 0.1814393921875 0.08011780156250001 0.1788376203125 0.0906212046875 0.177630975 0.11113486875 0.18184939218750001 0.119523996875 0.1931095125 0.1346811140625 0.20860456093750002 0.1474065265625 0.24925465 0.1583011078125 0.25653437968750004 0.16313053125000002 0.2668754203125 0.1644002515625 0.29694644375 0.175963678125 0.3173905 0.1804416859375 0.32960272343749997 0.1878445359375
0 0.199651346875 0 0.19636898281249998 0.0012714281250000002 0.1892942515625 0.0161451015625 0.1852312953125 0.059921567187500004 0.18592886250000001 0.0649266984375 0.194620234375 0.0689455546875 0.2357463765625 0.0759630015625 0.25336714531250004 0.0820621453125 0.2740492296875 0.0846015859375 0.2763964625 0.0868575828125 0.332796140625 0.097718178125 0.335143375 0.099974175 0.355825459375 0.10251361562500001 0.35817269375 0.10476961250000001 0.43243116875 0.11979078437499999 0.45263719843750005 0.1262073578125 0.5167926578125 0.13802024375 0.5191398921875 0.1402762390625 0.5550955125 0.146658828125 0.557442746875 0.148914825 0.6112571640625 0.1594579890625 0.6136043984375 0.1617139859375 0.6342864828125 0.1642534265625 0.6366337171875001 0.1665094234375 0.6573158 0.1690488640625 0.6596630343750001 0.1713048609375 0.6777598578124999 0.1735268703125 0.6801070921875 0.1757828671875 0.6982039140625 0.17800487812500002 0.7005511484375 0.18026087500000001 0.7442625515625 0.18759575312500001 0.7466097859375 0.18985175 0.7621213484375 0.1917563296875 0.77974211875 0.1978554734375 0.8438975781250001 0.209668359375 0.8474184296875 0.2130523546875 0.8412462640625 0.25263425625 0.8539510531250001 0.24533914218750003 0.8833740499999999 0.2194349421875 0.9135111234375 0.1877150421875 0.9196667734374999 0.158953971875 0.9224900609375 0.157332834375 0.9255843984375 0.1321314671875 0.923237165625 0.1298754703125 0.924903346875 0.11630550312500001 0.9213824953125 0.11292150781250002 0.9032856734375001 0.1106994984375 0.9009384375 0.1084435015625 0.740890315625 0.0868242703125 0.738543084375 0.0845682734375 0.7253787546875 0.084919690625 0.7230315203125001 0.08266369375 0.6790820921875 0.0772673828125 0.6767348578125 0.0750113859375 0.6457117343750001 0.071202225 0.6433645 0.068946228125 0.514339503125 0.051136157812500006 0.51199226875 0.0488801609375 0.47062810156249996 0.0438012796875 0.468280865625 0.0415452828125 0.4424282625 0.038370982812499996 0.4400810296875 0.036114985937499997 0.4269166984375 0.0364664015625 0.42456946562500003 0.0342104046875 0.3806200375 0.028814093750000002 0.378272803125 0.026558096875 0.323982334375 0.019892065625 0.3216351 0.01763606875 0.2957824953125 0.014461768750000001 0.2934352609375 0.012205771875 0.2675826578125 0.009031470312500001 0.2652354234375 0.006775475 0.22180607187499998 0 0.199651346875 0
0 0.3684125484375 0 0.36772676249999997 0.0055852796875 0.3726592578125 0.00815870625 0.4553875921875 0.018316468750000002 0.4577348265625 0.020572465625 0.4657286328125 0.019586189062500002 0.4706611265625 0.022159615625 0.5740715453125 0.034856818750000004 0.577592396875 0.0382408140625 0.5754501624999999 0.055687914062499996 0.581556275 0.059389339062500004 0.656528828125 0.0685948109375 0.66382506875 0.062603403125 0.6678715125 0.029647768749999998 0.6622414531249999 0.0220692109375 0.50795643125 0 0.3684125484375 0
0 0.41247000624999997 0.2609887234375 0.44019379062499997 0.2702961546875 0.52734554375 0.30854614062499996 0.6224911015625 0.34580985000000003 0.6297708296875 0.3506392734375 0.645044365625 0.3544824203125 0.682395115625 0.370875271875 0.6901508984375 0.3718275625 0.6948453671875 0.37633955625 0.7042508171875 0.3745427109375 0.7228567171875 0.3512459234375 0.7299314484375 0.33637225000000004 0.731121578125 0.3266794171875 0.72266823125 0.3207219953125 0.6014320421875 0.2822225515625 0.5866345578125001 0.2745022703125 0.48560440156249995 0.2424194015625 0.4404978703125 0.225074259375 0.409950796875 0.217387965625 0.392568053125 0.2093502546875 0.372123996875 0.2048722484375 0.3648442640625 0.20004282343750002 0.3392296875 0.19492995625 0.33477324531249997 0.18847939687499998 0.28143487968750003 0.1740590984375 0.25653437968750004 0.16313053125000002 0.2461933375 0.1618608109375 0.22622533281249999 0.1535056703125 0.2107137703125 0.1516010890625 0.20270345 0.1634081984375 0.2026869359375 0.1742290296875 0.237928478125 0.1864273171875 0.280211721875 0.20539359531249998 0.28796750625 0.20634588593749997 0.3152152390625 0.21953045000000002 0.32555628125 0.2208001703125 0.3476334953125 0.23334987499999998 0.355389275 0.23430216406249998 0.36501623906249997 0.24138758437500002 0.380289775 0.2452307328125 0.41247000624999997 0.2609887234375
0 0.3445061296875 0.2801929046875 0.36471216093750003 0.2866094796875 0.38937463437500003 0.2994766140625 0.44434615624999996 0.321968609375 0.4565583796875 0.329371459375 0.47676441093750005 0.33578803281249997 0.508944640625 0.35154602343749997 0.541600921875 0.36342688125 0.558745640625 0.373403159375 0.5740191765625 0.37724630625 0.603614146875 0.3926868671875 0.623820178125 0.39910344062499997 0.6360324015625001 0.40650629218749995 0.643788184375 0.40745858124999995 0.665865396875 0.42000828593749995 0.7060394328124999 0.43478000000000006 0.7182516578125 0.44218285156250003 0.7234221796875 0.44281771093750005 0.727657109375 0.44038600624999996 0.73966433125 0.42808575937500004 0.7467390625 0.41321208593750003 0.74840524375 0.39964211875 0.7422991328124999 0.39594069374999996 0.7345433515625001 0.394988403125 0.657494615625 0.3599467046875 0.6271855687500001 0.35032184375000003 0.5999378328125 0.33713727968749996 0.5522460421875001 0.3194747078125 0.54003381875 0.3120718578125 0.5198277859375 0.3056552828125 0.47261204687499997 0.284115578125 0.40495225 0.25809786562500003 0.3976725203125 0.2532684421875 0.3899167390625 0.252316153125 0.33776850468749997 0.2282030203125 0.3074594578125 0.21857815937499997 0.2929 0.2089193125 0.2750412015625 0.2047587359375 0.262828978125 0.197355884375 0.24520820781250002 0.191256740625 0.2405137375 0.186744746875 0.2275874375 0.185157596875 0.22030770624999998 0.18032817343750002 0.209728640625 0.1809970203125 0.19865700625 0.19636383125 0.1953411546875 0.212682934375 0.1974503625 0.21687749687500002 0.2073153515625 0.22202435 0.227521384375 0.228440925 0.2521838578125 0.24130805937500002 0.28484014062499996 0.25318891718750003 0.30457011875 0.2634826234375 0.3123259 0.2644349140625 0.324538125 0.2718377640625 0.33229390468750003 0.2727900546875 0.3445061296875 0.2801929046875
0 0.3033469625 0.29481712187500003 0.34093573906249997 0.30927140625 0.34563020624999996 0.3137834 0.388151478125 0.3308111109375 0.400363703125 0.3382139609375 0.41305197812500005 0.341739678125 0.4351291921875 0.3542893828125 0.4677854734375 0.366170240625 0.5023129375 0.38418422812499997 0.5150012140625 0.3877099453125 0.5246281765624999 0.394795365625 0.562216953125 0.40924965 0.591811921875 0.42469021093750003 0.5995677046875 0.4256425015625 0.6390276625 0.44622991562500003 0.6766164375 0.46068420000000004 0.691175896875 0.47034304843749997 0.7012789125000001 0.473551334375 0.711160415625 0.46787735625 0.721772509375 0.445566846875 0.7133191625 0.4396094234375 0.68066288125 0.427728565625 0.66845065625 0.42032571562500004 0.6184116296875 0.400407146875 0.6061994078125 0.393004296875 0.5909258703125 0.38916114999999996 0.578713646875 0.3817583 0.5660253703125 0.3782325828125 0.4840441421875 0.34061745625 0.463838109375 0.3342008828125 0.42672538437499996 0.3158694640625 0.414037109375 0.312343746875 0.40182488593750004 0.304940896875 0.369168603125 0.2930600390625 0.3569563796875 0.28565718906250004 0.3320558796875 0.27472862187499997 0.3243000984375 0.27377633125 0.29211986875 0.258018340625 0.2770843578125 0.2522366265625 0.2589875359375 0.250014615625 0.25453109218750003 0.24356405625000002 0.2441900515625 0.2422943359375 0.2397336078125 0.23584377500000003 0.22963059375 0.23263548906249998 0.21928955 0.23136576718750002 0.21905152343749998 0.233304334375 0.22680730625 0.234256625 0.228916515625 0.23845118906249999 0.24019314687499999 0.2427874734375 0.23148526249999998 0.24958945 0.23617972968749998 0.25410144375 0.235703678125 0.2579785765625 0.23029513124999998 0.259282284375 0.2486134671875 0.270386559375 0.28126975 0.28226741718750004 0.3033469625 0.29481712187500003
0 0.45336496249999997 0.4194978171875 0.470985734375 0.4255969609375 0.50786043125 0.44586694531250004 0.5379314515625 0.45743037343750004 0.5997066515625 0.4886289265625 0.6123949265624999 0.4921546421875 0.64433713125 0.5098512000000001 0.6520929109375 0.5108034906250001 0.6567873796875 0.5153154843750001 0.6619579015625 0.5159503453125 0.688967609375 0.531073475 0.696723390625 0.532025765625 0.70990423125 0.5208535171875 0.7205163265625 0.4985430078125 0.7219444828125 0.4869116078125 0.7184236312500001 0.4835276125 0.695870365625 0.47485504062499995 0.6737931515625 0.46230533749999997 0.661104875 0.4587796203125 0.6564104078125 0.4542676265625 0.611541903125 0.43498391875 0.5943971828125 0.42500764062499996 0.5866414 0.42405535 0.5272134375 0.3951127953125 0.479759671875 0.3755116578125 0.462614953125 0.3655353796875 0.437476428125 0.3565453796875 0.39801646874999996 0.3359579640625 0.385328190625 0.332432246875 0.3557332234375 0.3169916859375 0.3181444484375 0.30253740156250003 0.300999728125 0.29256112500000003 0.2683434453125 0.2806802671875 0.25119872656250003 0.2707039890625 0.211024690625 0.25593227500000004 0.20372844843750001 0.2619236828125 0.20301437031249997 0.2677393828125 0.18723175625 0.2894150328125 0.1876912953125 0.29635873125 0.2017747 0.3098947125 0.20742127500000002 0.3066524390625 0.21517705468749998 0.3076047296875 0.28705526875 0.34201156875 0.31219379687500004 0.3510015703125 0.3293385140625 0.360977846875 0.3817247734375 0.3831524109375 0.401216728125 0.3953846859375 0.4139050046875 0.39891040312500003 0.45336496249999997 0.4194978171875
0 0.46075061406250006 0.5089553296875 0.4654450828125 0.5134673234375 0.470615603125 0.5141021828125 0.4851750609375 0.5237610312500001 0.49034558125 0.5243958906249999 0.5495355187500001 0.5552770125000001 0.5547060390625 0.5559118734374999 0.564333003125 0.56299729375 0.5894715296874999 0.57198729375 0.6089634828125 0.5842195671875 0.6437289734375 0.6002949890625 0.648423440625 0.6048069828125 0.6784944625 0.6163704109375 0.705504171875 0.631493540625 0.7158452125 0.6327632609375 0.7285500015624999 0.6254681468750001 0.737733940625 0.6147890375 0.7556587890625 0.5756662859375 0.7568489203125 0.565973453125 0.750980834375 0.5603334609374999 0.6964853640625 0.5339643328125 0.67886459375 0.5278651890625 0.6295396453125 0.5021309203125 0.611918875 0.49603177656249997 0.5402786859375001 0.4596863703125 0.5275904109375 0.456160653125 0.40638724843749996 0.3960195453125 0.388766478125 0.3899204015625 0.371621759375 0.379944125 0.3192354984375 0.357769559375 0.29715828437499997 0.34521985625 0.24970451875 0.3256187171875 0.24501005 0.3211067234375 0.232321775 0.31758100625 0.2201095515625 0.31017815625 0.20718324843749997 0.30859100625 0.2029483171875 0.3110227109375 0.1831522859375 0.34401233124999997 0.174206375 0.352752875 0.1713665765625 0.36519484375 0.1734757828125 0.36938940625 0.19085852812499998 0.3774271171875 0.195552996875 0.3819391109375 0.23548900781249998 0.3986493921875 0.2674312109375 0.41634595 0.28505198125 0.42244509375000006 0.31699418437500004 0.44014165156249996 0.366795184375 0.4619987859375 0.44312984218749996 0.5028561859375 0.46075061406250006 0.5089553296875
0 0.23120453749999997 0.4335435921875 0.2389603203125 0.43449588281249996 0.24858728281250003 0.441581303125 0.26362279375000003 0.44736301718749993 0.2979122328125 0.46731557187500006 0.315533003125 0.473414715625 0.362272690625 0.49883155312499994 0.37002847031249997 0.49978384374999996 0.4043179078125 0.5197363984375001 0.41207369062500004 0.5206886890625 0.4266331484375 0.5303475359375 0.43180366875000004 0.5309823953125 0.4660931078125 0.55093495 0.4985113640625 0.5647543749999999 0.513070821875 0.574413221875 0.5306915921875001 0.580512365625 0.555116040625 0.5953180671875 0.567804315625 0.598843784375 0.5922287640625 0.613649484375 0.61219676875 0.622004625 0.6241709671875 0.6313460421875 0.6366212171875001 0.6368103265625 0.6436629203125 0.6435783171875 0.6565892234375 0.6451654671875 0.6636309265625 0.6519334578125 0.6737339421875 0.65514174375 0.6796020265625 0.6607817359375 0.6753670984375 0.663213440625 0.6704346015625 0.6606400140625001 0.6676113171875 0.6622611515625 0.652099753125 0.6603565703125 0.651861728125 0.6622951375 0.6725438125000001 0.664834578125 0.6748910453125 0.667090575 0.6979203640625 0.6718860125 0.7087374578125 0.6692785984375 0.7188569859375 0.6616660546875 0.722156325 0.656167784375 0.722648890625 0.64146981875 0.6634589531249999 0.6105886968750001 0.65828843125 0.6099538359375 0.626346228125 0.5922572781250001 0.6162432124999999 0.5890489921875 0.6066162484375 0.581963571875 0.5791304890625 0.5707175734375001 0.5645710296875001 0.5610587265625 0.5345000093750001 0.5494952984375 0.5051430671875 0.532116171875 0.47765730624999997 0.5208701734375001 0.4630978484375 0.5112113265625 0.45040957031250006 0.507685609375 0.4407826078125 0.5006001890625 0.4083643515625 0.48678076406250004 0.3888723984375 0.474548490625 0.3712516265625 0.46844934687500006 0.351759675 0.456217071875 0.3465891546875 0.4555822125 0.33437692812500003 0.4481793625 0.3266211484375 0.447227071875 0.29726420625 0.42984794375 0.2845759296875 0.4263222265625 0.257566221875 0.411199096875 0.229842434375 0.401891665625 0.212935740625 0.389976821875 0.1927297109375 0.383560246875 0.18590951875 0.385674521875 0.1863690578125 0.39261822031250004 0.1882567546875 0.38793051875 0.19483891874999998 0.3877548109375 0.2030542390625 0.39565079999999997 0.197169640625 0.40083163906249997 0.195741484375 0.4124630390625 0.1992623359375 0.41584703437500004 0.2119506109375 0.4193727515625 0.21640705312500003 0.42582331250000005 0.22157757500000003 0.42645817187499996 0.23120453749999997 0.4335435921875
0 0.3866641109375 0.53527891875 0.39135858125 0.5397909125 0.42095355 0.5552314734375 0.4261240703125 0.5558663328125 0.43081854062499997 0.5603783265625 0.4409215546875 0.5635866140625 0.4604135078125 0.5758188875 0.465584028125 0.5764537484375001 0.5271212015625 0.6095908671875 0.5322917234375 0.6102257265625 0.536986190625 0.6147377203125 0.5520217015625 0.620519434375 0.5567161703125 0.625031428125 0.5717516812500001 0.6308131421875001 0.5912436343749999 0.643045415625 0.6065171703125001 0.6468885625 0.6196980125 0.6357163140625001 0.620412090625 0.6299006140625 0.6168912390625 0.62651661875 0.5823637749999999 0.60850263125 0.545013025 0.5921097796875 0.5353860625 0.585024359375 0.530215540625 0.5843895 0.49827333749999997 0.5666929421875 0.493102815625 0.56605808125 0.4736108625 0.5538258078125 0.451057596875 0.5451532375 0.4167681609375 0.5252006828125 0.41159763906249996 0.524565821875 0.3796554359375 0.5068692640625 0.3472371796875 0.493049840625 0.3425427109375 0.488537846875 0.3051919609375 0.4721449953125 0.2807675125 0.45733929375000004 0.2680792359375 0.45381357656250004 0.2436547890625 0.43900787656249995 0.2234487578125 0.432591303125 0.20160957031249999 0.41810303125 0.1811655125 0.413625025 0.17693058281250001 0.41605672968749996 0.1771520953125 0.42493899375 0.1938207609375 0.43879240468749997 0.20157654374999998 0.4397446953125 0.233280721875 0.4593798203125 0.23845124218749997 0.46001467968750004 0.2727406796875 0.479967234375 0.30515893437499997 0.493786659375 0.339448371875 0.5137392140625 0.3446188921875 0.5143740734375 0.381493590625 0.5346440578125 0.3866641109375 0.53527891875
0 0.4124506640625 0.581736546875 0.417621184375 0.58237140625 0.43218064375000004 0.5920302546875 0.43735116406249996 0.5926651140625 0.44697812812500004 0.599750534375 0.45708114375 0.6029588218749999 0.4716406015625 0.61261766875 0.4866761125 0.6183993828125 0.5209655484375 0.6383519375 0.5360010609375 0.6441336515625 0.5554930125 0.656365925 0.5606635328125 0.657000784375 0.5902585031250001 0.672441346875 0.594952971875 0.6769533390625 0.60012349375 0.6775882 0.6146829515625 0.6872470468749999 0.6198534718750001 0.6878819078125 0.6665931609375 0.7132987453124999 0.6743489406250001 0.7142510359375 0.6788218953125 0.7098807640625 0.686134653125 0.6930685234375 0.680266565625 0.6874285312499999 0.6602985609375 0.6790733906249999 0.6408066078125 0.6668411171875 0.5910056078125 0.6449839828124999 0.579031409375 0.635642565625 0.5639958984375 0.6298608515625 0.5593014296875001 0.6253488578125 0.554130909375 0.624713996875 0.5395714515625001 0.61505515 0.53440093125 0.614420290625 0.519841471875 0.60476144375 0.5146709515625 0.6041265828125 0.46299876875 0.5761363171875 0.45782824843750003 0.5755014578125001 0.32723614687499997 0.5063363625 0.32206562656250004 0.505701503125 0.29270868437500003 0.488322375 0.2875381625 0.48768751562499996 0.23586598125 0.45969724999999995 0.230695459375 0.4590623890625 0.2112035078125 0.44683011562499997 0.19875325625 0.44136583125 0.19334470937499998 0.44266953906250006 0.1829871546875 0.45222065 0.180861434375 0.45884691875000005 0.19048839687500002 0.4659323390625 0.20059141406249997 0.4691406265625 0.215150871875 0.4787994734375 0.22032139218750002 0.4794343328125 0.24967833437500003 0.4968134609375 0.2597813515625 0.5000217484375 0.26447581875 0.5045337421875 0.3779232 0.563722559375 0.3830937203125 0.56435741875 0.4124506640625 0.581736546875
0 0.364963871875 0.5837770718749999 0.3745908359375 0.5908624921875 0.37976135625 0.5914973531250001 0.38938832031250004 0.5985827734375 0.4093563265625 0.6069379140625 0.41405079375 0.6114499078125 0.508006221875 0.65840645 0.5127006890625 0.66291844375 0.517871209375 0.6635533046875 0.5744758890624999 0.694116996875 0.579646409375 0.69475185625 0.589273371875 0.7018372765625001 0.613935846875 0.7147044109375 0.61910636875 0.715339271875 0.6287333312500001 0.7224246921875 0.65363383125 0.7333532593750001 0.6681932890625 0.7430121062499999 0.673363809375 0.743646965625 0.7619106906249999 0.791907215625 0.7722517328125 0.7931769359375 0.7764866640625 0.7907452312500001 0.7807381046875 0.77749269375 0.7626577953125 0.7644498515625 0.4716406015625 0.61261766875 0.4669461328125 0.608105675 0.46177561093749997 0.6074708156249999 0.43735116406249996 0.5926651140625 0.43218064375000004 0.5920302546875 0.427486175 0.5875182609375 0.42231565312499997 0.5868833999999999 0.412688690625 0.5797979796875 0.40751816874999996 0.5791631203125001 0.3880262171875 0.5669308453124999 0.3680582109375 0.5585757046875 0.23488085 0.48909318125 0.2301863828125 0.4845811875 0.2250158609375 0.4839463265625 0.17569091406249998 0.458212059375 0.17052039218749998 0.4575771984375 0.160638890625 0.4632511765625 0.1580371171875 0.473754578125 0.17001131249999998 0.4830959953125 0.1751818328125 0.48373085624999995 0.2071240375 0.5014274140625 0.217227053125 0.5046357 0.239066240625 0.519123971875 0.2688992359375 0.5326259656250001 0.315400896875 0.5599813703125001 0.3255039125 0.5631896578125 0.35486085625 0.5805687859375 0.364963871875 0.5837770718749999
0 0.578899303125 0.7222092203125 0.584069825 0.7228440796875 0.623529784375 0.7434314953125 0.637851215625 0.755028909375 0.6430217375 0.7556637687500001 0.66016645625 0.765640046875 0.6681602625 0.7646537703125 0.6726332187499999 0.7602834984375 0.6759325578125 0.754785228125 0.6757110453124999 0.7459029625 0.64118358125 0.727888975 0.6360130609375 0.727254115625 0.6313185906250001 0.722742121875 0.6017236234375 0.7073015609375 0.596553103125 0.7066667 0.5819936421875 0.697007853125 0.576823121875 0.6963729937500001 0.5721286546875 0.6918610000000001 0.5570931421875 0.6860792859375 0.47089349687500004 0.6400750328125 0.4657229765625 0.639440171875 0.386803059375 0.59826534375 0.382108590625 0.59375335 0.3769380703125 0.5931184890625001 0.3673111078125 0.58603306875 0.35227559531249997 0.5802513546875 0.3475811265625 0.5757393625 0.3374781109375 0.572531075 0.3031886734375 0.5525785203125 0.298018153125 0.551943659375 0.2663139765625 0.5323085359374999 0.2611434546875 0.531673675 0.22685401718749998 0.5117211203124999 0.2167510015625 0.5085128343750001 0.2120565328125 0.5040008406250001 0.196782996875 0.5001576937500001 0.18360215468750002 0.5113299421875 0.18100038125 0.52183334375 0.18569485 0.5263453375 0.259682271875 0.5649467390625 0.26485279375 0.5655816 0.3017274921875 0.5858515843750001 0.32921325156250003 0.59709758125 0.3736057046875 0.6202584234375 0.378776225 0.6208932828125 0.42058341875 0.6437366953125 0.4480691796875 0.6549826921874999 0.578899303125 0.7222092203125
0 0.33387469375 0.6232512390625 0.3658168984375 0.640947796875 0.3785051734375 0.6444735140625 0.4078621171875 0.6618526421875 0.42055039218749996 0.665378359375 0.4548398296875 0.6853309125 0.4625956109375 0.686283203125 0.47222257343749996 0.6933686234375 0.5046408296875 0.7071880484374999 0.529065278125 0.7219937484375001 0.549271309375 0.7284103234375 0.596010996875 0.7538271609375 0.6084612468749999 0.7592914453125 0.6188022890625 0.760561165625 0.6232752453125 0.75619089375 0.626812609375 0.74875405625 0.623529784375 0.7434314953125 0.4457219453125 0.6527266953125 0.4156509234375 0.64116326875 0.401091465625 0.6315044203125 0.3834706953125 0.6254052765625 0.378776225 0.6208932828125 0.3289752265625 0.5990361484375 0.26485279375 0.5655816 0.2521645171875 0.5620558828125 0.2474700484375 0.5575438890625 0.2422995265625 0.556909028125 0.1929745796875 0.5311747609374999 0.1730065734375 0.5228196203125 0.16266553125 0.5215499 0.1553692890625 0.5275413078125 0.155590803125 0.5364235734375 0.16756500000000002 0.5457649906250001 0.18260051093750002 0.5515467046875 0.19715996875 0.5612055515625001 0.20491575156250003 0.5621578421875 0.21454271406249997 0.5692432625 0.2222984953125 0.5701955515625 0.2840736953125 0.6013941046875 0.29676196875 0.6049198203125 0.3063889328125 0.6120052421875 0.33387469375 0.6232512390625
0 0.675373940625 0.812766521875 0.6875861640625 0.820169371875 0.6979272062499999 0.8214390921874999 0.7024001609375 0.8170688203124999 0.7061755515625 0.8076934171874999 0.695612996875 0.79754143125 0.6831627484375 0.792077146875 0.681053540625 0.7878825843749999 0.6606094828125 0.7834045765625001 0.648635284375 0.774063159375 0.63853226875 0.7708548734375 0.6244488625 0.7573188921875 0.6188022890625 0.760561165625 0.6110465078125 0.759608875 0.5988342828125 0.752206025 0.5762810171875 0.7435334546875 0.5617215609375 0.73387460625 0.5192002890625 0.7168468953125 0.494775840625 0.70204119375 0.47950230468750005 0.698198046875 0.4748078359375 0.6936860546875 0.4501453609375 0.6808189203125 0.44497484062500003 0.6801840593749999 0.4254828875 0.6679517859375 0.4203123671875 0.667316925 0.3808524078125 0.6467295109375 0.340916396875 0.6300192296875 0.2817264609375 0.5991381078125 0.2641056890625 0.5930389640625 0.25941122031249997 0.5885269703125 0.22206047031249998 0.57213411875 0.217366 0.567622125 0.2121954796875 0.566987265625 0.1901182671875 0.5544375609375 0.15980921875 0.5448127 0.1525129765625 0.5508041078125 0.149911203125 0.561307509375 0.204168646875 0.5896152046875 0.2539696453125 0.611472340625 0.276046859375 0.6240220437499999 0.28121738125 0.6246569046875 0.40735303749999996 0.6873714390625 0.429906303125 0.696044009375 0.4519835171875 0.7085937140625 0.4968520234375 0.7278774218749999 0.6279201750000001 0.7931653828125 0.675373940625 0.812766521875
0 0.24849504687500001 0.656059375 0.28043724999999997 0.6737559328125 0.340341265625 0.6988213546875001 0.382386484375 0.7197261984375001 0.3950747625 0.723251915625 0.3997692296875 0.727763909375 0.46719100156250004 0.7557201890624999 0.479403225 0.7631230390625 0.4920915015625 0.7666487562500001 0.53672198125 0.78787103125 0.55199551875 0.791714178125 0.58652298125 0.809728165625 0.6165940015625 0.82129159375 0.6288062265625001 0.8286944437500001 0.6365620078124999 0.829646734375 0.66122448125 0.84251386875 0.6689802625 0.8434661578125 0.6889482671875 0.8518212984375 0.6931831984375 0.84938959375 0.7002579265625 0.8345159203125 0.6974511546875 0.8253162250000001 0.6770070968749999 0.82083821875 0.66996539375 0.8140702281250001 0.6549298828125 0.8082885140625 0.6478881796875 0.8015205234374999 0.6401323984375 0.8005682328124999 0.6305054343750001 0.7934828125 0.617817159375 0.7899570953125 0.6107754562500001 0.7831891062499999 0.573186678125 0.7687348203125 0.5684922109375 0.7642228281250001 0.4991992578125 0.73013341875 0.4940287375 0.7294985578125 0.48933426718749995 0.724986565625 0.4543307515625 0.7108497109374999 0.42732104218750006 0.6957265796875001 0.38738503125 0.6790162984375 0.37775806875 0.671930878125 0.34275455312499997 0.6577940234375 0.25866411562499997 0.615984334375 0.2386961109375 0.60762919375 0.23094032812499998 0.606676903125 0.221313365625 0.5995914828125 0.2083870625 0.5980043328125 0.2013453609375 0.5912363421875 0.1961748390625 0.59060148125 0.18161538125 0.580942634375 0.1738596 0.57999034375 0.1707982859375 0.5835500484375 0.1684510515625 0.5812940515625 0.153161003125 0.5882717359375 0.144436603125 0.6058945437500001 0.15147830625 0.612662534375 0.16416658281250002 0.6161882515625 0.20104128124999998 0.6364582359375001 0.2062118015625 0.6370930968749999 0.21090627187500002 0.6416050906249999 0.21607679218750003 0.64223995 0.22077125937500003 0.64675194375 0.2285270421875 0.647704234375 0.23580677187500002 0.6525336578125 0.24849504687500001 0.656059375
0 0.3463317875 0.778268603125 0.3665378171875 0.7846851765625 0.373817546875 0.7895146000000001 0.389091084375 0.793357746875 0.4337215625 0.8145800218750001 0.4414773453125 0.8155323125 0.483998615625 0.8325600234375001 0.521111340625 0.8508914421875 0.554005646875 0.8608337328125 0.566217871875 0.8682365828125 0.5814914078125 0.8720797296875 0.59370363125 0.8794825812499999 0.66653395 0.906135153125 0.6888491890624999 0.916746290625 0.694019709375 0.91738115 0.698254640625 0.9149494453125 0.71121396875 0.8948949328125 0.72019290625 0.864512725 0.7002414140625 0.845336753125 0.6941187890625 0.8524561593750001 0.6786072265625 0.850551578125 0.6290442515625 0.8267558765624999 0.591455475 0.8123015921875 0.5792432515625 0.8048987421874999 0.5665549765625 0.801373025 0.554342753125 0.793970175 0.5017184640625 0.7737341765625 0.4819884859375 0.76344046875 0.46930020937499994 0.7599147515625 0.45215549062499993 0.749938475 0.444399709375 0.748986184375 0.37745399062499996 0.717152771875 0.3398652140625 0.7026984875 0.3102702453125 0.6872579265625001 0.30251446249999997 0.6863056359375 0.290302240625 0.6789027859375001 0.28513171875 0.678267925 0.23815400625 0.6547896546875001 0.22546572812500001 0.6512639375 0.21325350625 0.6438610859375 0.2054977234375 0.642908796875 0.1932855015625 0.6355059468750001 0.175426703125 0.63134536875 0.1629599390625 0.6367019171875 0.14081667343749998 0.667435540625 0.1401025953125 0.673251240625 0.133979971875 0.6803706468749999 0.1344395078125 0.6873143453125 0.144066471875 0.6943997656249999 0.1842405109375 0.7091714812500001 0.2262857296875 0.730076325 0.25142425468749996 0.7390663265625 0.26856897343749997 0.749042603125 0.2789100140625 0.7503123234375 0.324016546875 0.7676574656249999 0.33129627500000003 0.7724868890625001 0.3390520578125 0.7734391796875 0.3463317875 0.778268603125
0 0.559315115625 0.9244550171875 0.5691801046875 0.929601871875 0.6020744125 0.9395441625000001 0.617585975 0.9414487421875 0.6255962953124999 0.929641634375 0.6282145828125001 0.9083173999999999 0.62164893125 0.8976722765625 0.6221249828125 0.89379514375 0.6162568984375 0.8881551515625 0.608501115625 0.8872028609375 0.5462498671875 0.8598814421875 0.518288053125 0.852512578125 0.5009053078125 0.8444748671875001 0.48280848593750003 0.8422528578125 0.47294349531249996 0.8371060031249999 0.4449816828125 0.8297371390625001 0.43253143281249995 0.82427285625 0.429724659375 0.8150731609375 0.42127131249999994 0.8091157390625 0.38392056406249997 0.7927228875 0.358544009375 0.785671453125 0.33129627500000003 0.7724868890625001 0.305919725 0.7654354546875 0.29863999531249996 0.76060603125 0.26105121875 0.7461517468750001 0.24295439531250002 0.7439297359375 0.2258096765625 0.733953459375 0.2206391546875 0.7333185984374999 0.2063177234375 0.721721184375 0.1853976140625 0.7211203109375 0.1670462515625 0.7316576984375 0.161161653125 0.7368385390625 0.1635088859375 0.7390945359375001 0.1538654109375 0.7428299468749999 0.1486948890625 0.7421950875000001 0.14680719375 0.7468827890624999 0.1359901 0.7494902015625 0.11786025 0.7689098546875 0.1143228859375 0.7763466921875 0.1138303203125 0.7910446578125 0.1260425453125 0.7984475078125 0.15165712343749999 0.803560375 0.21720771249999998 0.8253835234375 0.23013401406249998 0.8269706749999999 0.275478571875 0.8423772484375001 0.311196165625 0.8506984031249999 0.450053125 0.8952969906250001 0.5085620109375 0.9103521499999999 0.5311152765625 0.9190247203125 0.559315115625 0.9244550171875
0 0.3104490609375 0.8781557671875 0.3127962953125 0.8804117640625 0.42464354687499994 0.9098872203124999 0.49536465781250005 0.9323452296875001 0.52356449375 0.9377755265625 0.5562207765625 0.949656384375 0.5971088921875001 0.9586123984375 0.6375209546875 0.971445546875 0.65044725625 0.9730326968749999 0.66289750625 0.97849698125 0.67840906875 0.9804015609375 0.7136506093749999 0.9925998484375 0.717885540625 0.9901681437500001 0.7247222437499999 0.9772330374999999 0.7188706703125 0.9607722140625 0.6911964234375 0.9190022875 0.648913178125 0.9000360093750001 0.6287071484375 0.8936194359374999 0.6242341921875 0.89798970625 0.628452609375 0.906378834375 0.62512024375 0.9335187671874999 0.6215828796875 0.9409556046875001 0.6147626890625 0.9430698796874999 0.6124154546875 0.9408138828125001 0.5994891515624999 0.9392267328124999 0.574350625 0.93023673125 0.5640095828125 0.9289670109375001 0.551559334375 0.923502728125 0.5259447546875 0.918389859375 0.4806001984375 0.9029832843750001 0.4650886359375 0.9010787046875001 0.45522364687500005 0.8959318515625 0.44488260312500005 0.8946621312499999 0.3894350296875 0.87604726875 0.37909398906249997 0.8747775484375 0.3161286609375 0.8532718296875 0.3032023578125 0.8516846796875001 0.22496349218749997 0.8263358140625 0.2120371921875 0.8247486640625 0.1894839265625 0.8160760937499999 0.16645460781250002 0.8112806562499999 0.146486603125 0.802925515625 0.1260425453125 0.7984475078125 0.115923015625 0.806060053125 0.1126071640625 0.8223791546875001 0.11988689374999999 0.827208578125 0.13281319375 0.828795728125 0.1706399984375 0.841311446875 0.18615156093750002 0.8432160265625 0.23408137812500002 0.8589400312500001 0.25969595624999997 0.8640528984375001 0.27214620625 0.8695171828125 0.285072509375 0.8711043328124999 0.297522759375 0.8765686171875 0.3104490609375 0.8781557671875
0 0.3174247109375 0.9282070843750001 0.319771946875 0.9304630812499999 0.3456245515625 0.9336373828125 0.347971784375 0.9358933796875 0.4097800109375 0.9454502671875 0.41212724375 0.9477062640625 0.43022406718750006 0.9499282750000001 0.4325713015625 0.952184271875 0.5300971203125 0.9700623140625 0.5324443546875 0.9723183109375 0.5582969578125 0.9754926125000001 0.5606441921875 0.9777486078125 0.57615575625 0.9796531890625 0.58392805 0.9697846468750001 0.5851181796875 0.9600918140625 0.576664834375 0.9541343921875001 0.5663237921875 0.952864671875 0.541185265625 0.9438746703125 0.42933801562499996 0.9143992140625 0.409370009375 0.9060440734374999 0.39902896718749997 0.9047743531249999 0.3332403546875 0.8848897718750001 0.32031405 0.8833026203125 0.2444224203125 0.8602097515624999 0.2289108578125 0.8583051718749999 0.2063575921875 0.8496326015625 0.17815775312499998 0.8442023031250001 0.1631222421875 0.8384205890624999 0.1476106796875 0.8365160093749999 0.1452634453125 0.8342600125 0.1360960203125 0.834118290625 0.13561996875 0.8379954234375001 0.11725209375000001 0.8593536437499999 0.1150933453125 0.8876215765625 0.11744057968749999 0.8898775734375001 0.1381226625 0.8924170140625 0.1404698984375 0.8946730109375001 0.16632250312500002 0.8978473109375 0.18652853281249998 0.9042638843749999 0.2379957171875 0.9125510531250001 0.2708900234375 0.92249334375 0.2762985703125 0.9211896375 0.27864580625 0.923445634375 0.3174247109375 0.9282070843750001