0 0.0651033515625 0.6941153671875 0.0630302375 0.6907134234375001 0.06486099375 0.6871751546875 0.0642551 0.66982461875 0.062181985937499996 0.666422675 0.059516051562500005 0.5900803203125 0.0574429375 0.5866783765625 0.0550193625 0.5172762359374999 0.052946248437499996 0.5138742921875 0.0520979953125 0.4895835421875 0.050024882812500004 0.48618159843750003 0.0518556390625 0.482643328125 0.050401492187499994 0.44100204375 0.048328378125 0.43760009999999994 0.045904803125 0.368197959375 0.0438316890625 0.3647960140625 0.0426199 0.3300949453125 0.039510229687499995 0.3249920296875 0.0121831359375 0.3259463125 0.0094370015625 0.33125371718749996 0.010164075 0.352074359375 0.012237189062499999 0.355476303125 0.0104064328125 0.3590145734375 0.012479546875 0.3624165171875 0.014297228125 0.414468121875 0.0163703421875 0.4178700671875 0.0184303828125 0.47686188593749995 0.020503496875 0.48026383125 0.021715284374999998 0.5149649015625 0.0237883984375 0.5183668453125 0.0239095765625 0.5218369515625 0.0220788203125 0.5253752234375 0.022321178125 0.5323154359375 0.0243942921875 0.5357173796875 0.02681786875 0.6051195218750001 0.0288909828125 0.608521465625 0.0314357375 0.6813937140624999 0.033508851562500004 0.68479565625 0.035568890625 0.7437874765625 0.0376420046875 0.7471894203125 0.0382479 0.7645399562499999 0.0412363921875 0.7661727640625 0.043309506250000004 0.7695747078124999 0.044224884375 0.7678055734375 0.0451402625 0.7660364375000001 0.052948003125 0.7657637859374999 0.054778759375 0.762225515625 0.056730693750000005 0.762157353125 0.0603922078125 0.7550808124999999 0.06234414218749999 0.7550126484375 0.0669210328125 0.7461669750000001 0.0651033515625 0.6941153671875
0 0.08355824218749999 0.5510230218750001 0.080286415625 0.4573301328125 0.0782133015625 0.45392818906250004 0.07518383125 0.36717551406250004 0.0731107171875 0.36377356875 0.0710506765625 0.30478174999999996 0.06794100625 0.2996788328125 0.044517782812500004 0.300496790625 0.041771648437499996 0.305804196875 0.043346973437500005 0.3509155859375 0.0454200875 0.35431753125 0.047601306249999996 0.41677945781250003 0.0496744203125 0.42018140156249995 0.051734459375 0.479173221875 0.0538075734375 0.48257516562499997 0.05683704375 0.569327840625 0.058910157812499996 0.5727297859375 0.0615760921875 0.649072140625 0.06364920625 0.652474084375 0.065830425 0.7149360109375 0.0679035375 0.7183379546875 0.068751790625 0.7426287046875 0.0717402828125 0.7442615140625 0.073813396875 0.74766345625 0.0933327484375 0.7469818265625 0.0942481265625 0.7452126906250001 0.09412694687499999 0.7417425843750001 0.0959577046875 0.7382043125 0.095715346875 0.7312641 0.0936422328125 0.72786215625 0.0906127625 0.6411094796875 0.0885396484375 0.6377075359375 0.08563135625 0.5544249671875 0.08355824218749999 0.5510230218750001
0 0.1339598515625 0.7351400796875 0.13981565625 0.7349355906249999 0.140731034375 0.73316645625 0.140125140625 0.7158159203125 0.13805202656249999 0.7124139765625 0.136719059375 0.6742427984375 0.13464594531250001 0.6708408546875 0.12979879375 0.5320365734375 0.12772567968749998 0.5286346296875 0.1244538515625 0.4349417390625 0.1223807375 0.431539796875 0.1208054140625 0.3864284046875 0.11873229999999999 0.3830264609375 0.11739933281249999 0.3448552828125 0.1219762234375 0.3360096078125 0.12588009375 0.3358732828125 0.12771085 0.3323350109375 0.13356665625 0.33213052187500003 0.139974303125 0.3197465765625 0.138762515625 0.28504550625 0.13565284375 0.27994259062500004 0.133700909375 0.280010753125 0.1316277953125 0.276608809375 0.12382005468749999 0.2768814625 0.121746940625 0.27347951875 0.1041795234375 0.2740929859375 0.102106409375 0.270691040625 0.09820253906250001 0.2708273671875 0.0963717828125 0.2743656390625 0.09429866875000001 0.27096369375 0.07282738125 0.2717134875 0.070081246875 0.27702089375 0.0727471796875 0.3533632484375 0.07482029375 0.3567651921875 0.07772858593750001 0.4400477609375 0.0798017 0.4434497046875 0.082709990625 0.5267322734375 0.0847831046875 0.5301342171875 0.0881761125 0.6272972140624999 0.090249225 0.6306991578125001 0.0942481265625 0.7452126906250001 0.096321240625 0.748614634375 0.0965635984375 0.7555548484375 0.0976001546875 0.7572558218750001 0.101504025 0.7571194953125 0.10357713906249999 0.7605214390625 0.1044925171875 0.7587523046875 0.10735983125 0.7569150062500001 0.11102134374999999 0.749838465625 0.1129732796875 0.7497703015625 0.11480403593749999 0.7462320328125001 0.1167559703125 0.74616386875 0.12236941875 0.739019165625 0.1321290953125 0.73867835 0.1339598515625 0.7351400796875
0 0.1693352875 0.488963865625 0.1672621734375 0.4855619203125 0.1661715640625 0.45433095625000003 0.16409845 0.45092901249999995 0.1638560921875 0.44398879999999996 0.16568684843749998 0.44045052812499996 0.165202134375 0.42657010156249997 0.1631290203125 0.42316815625000004 0.16082662187500002 0.3572361234375 0.1587535078125 0.35383417968750003 0.15838997187499998 0.3434238578125 0.157353415625 0.3417228859375 0.151497609375 0.341927375 0.1494244953125 0.33852543125 0.14747255937499998 0.3385935953125 0.145641803125 0.3421318640625 0.14368986875 0.342200028125 0.14161675468749998 0.338798084375 0.12990514375 0.3392070625 0.1280743859375 0.34274533281249997 0.1260012734375 0.3393433890625 0.124170515625 0.3428816578125 0.1202666453125 0.343017984375 0.1193512671875 0.34478712031250003 0.12141130781250001 0.4037789390625 0.123484421875 0.4071808828125 0.12675625 0.5008737734375 0.12882936250000002 0.5042757171875001 0.1307682234375 0.5597974296875 0.1328413375 0.5631993734375 0.13538609375 0.636071621875 0.1374592078125 0.639473565625 0.1400039625 0.7123458140625 0.1420770765625 0.7157477578125 0.1426829703125 0.7330982921875 0.1437195265625 0.7347992640625 0.180806296875 0.733504165625 0.181721675 0.7317350312500001 0.18355243125 0.7281967609375 0.1833100734375 0.7212565468750001 0.181236959375 0.7178546031249999 0.17905574062500001 0.6553926765625 0.1769826265625 0.6519907328125 0.17395315625000002 0.56523805625 0.1718800421875 0.5618361125 0.1693352875 0.488963865625
0 0.194251878125 0.363017565625 0.19279773281249998 0.32137628125 0.1896880625 0.31627336562499997 0.185784190625 0.31640969218750004 0.18371107656250002 0.313007746875 0.164191725 0.3136893765625 0.161445590625 0.3189967828125 0.1616879484375 0.325936996875 0.1598571921875 0.3294752671875 0.1604630859375 0.3468258015625 0.1625362 0.350227746875 0.16568684843749998 0.44045052812499996 0.1677599625 0.4438524734375 0.16994118125 0.5063144 0.1720142953125 0.50971634375 0.1749225875 0.5929989124999999 0.1769957015625 0.59640085625 0.1792980984375 0.662332890625 0.1813712125 0.665734834375 0.183673609375 0.7316668671875 0.18678328125000002 0.7367697828125 0.1886140375 0.7332315140625 0.190565971875 0.73316335 0.1926390859375 0.73656529375 0.2141103734375 0.7358155 0.21502575156249998 0.734046365625 0.21272335468749998 0.66811433125 0.210650240625 0.6647123890625 0.20604544531250002 0.5328483203125 0.20397233125 0.5294463765625 0.20227582812499997 0.48086487812499995 0.2002027140625 0.477462934375 0.1963249921875 0.366419509375 0.194251878125 0.363017565625
0 0.220341034375 0.4385419625 0.21826792031250003 0.43514001875 0.21475373593749997 0.334506915625 0.212680621875 0.331104971875 0.2109841171875 0.282523471875 0.2089110046875 0.279121528125 0.20775326875000003 0.27395044999999996 0.1921377859375 0.2744957546875 0.1912224078125 0.2762648890625 0.19340362656250001 0.338726815625 0.195476740625 0.342128759375 0.1986273890625 0.43235154218750005 0.20070050312499998 0.43575348593749996 0.202881721875 0.4982154125 0.20495483593750002 0.5016173562499999 0.20798430625000003 0.5883700328125 0.2100574203125 0.5917719765625 0.21017860000000002 0.5952420843749999 0.20834784375 0.5987803546875 0.2088325578125 0.6126607828124999 0.21090567187499998 0.6160627265625 0.213692784375 0.6958751890625 0.2157658984375 0.6992771328125 0.2168565078125 0.7305080953124999 0.2199661796875 0.7356110109375 0.23362972499999998 0.73513386875 0.23454510312500002 0.733364734375 0.23637586093750002 0.7298264640625 0.2356487875 0.7090058234375001 0.2335756734375 0.7056038796874999 0.23066738125000003 0.622321309375 0.22859426875 0.6189193656249999 0.2255647984375 0.5321666890625 0.22349168437500003 0.5287647453125001 0.220341034375 0.4385419625
0 0.24830017031249998 0.3437584625 0.24622705625000002 0.34035651875 0.2442881953125 0.2848348078125 0.24221508125 0.2814328625 0.2410573453125 0.27626178437500004 0.213730253125 0.2772160671875 0.212814875 0.2789852015625 0.21705613281249997 0.40043894843750005 0.219129246875 0.40384089218749997 0.2228857890625 0.5114142109375 0.22495890312500003 0.5148161546875001 0.22798837343749997 0.60156883125 0.2300614875 0.604970775 0.2334544953125 0.702133771875 0.235527609375 0.7055357156250001 0.23393920937499998 0.7160141999999999 0.2360123234375 0.71941614375 0.2364970390625 0.733296571875 0.2375335953125 0.73499754375 0.2648606890625 0.7340432609375 0.2657760671875 0.732274125 0.2640795640625 0.6836926265625001 0.26200645 0.6802906828124999 0.255341615625 0.489434796875 0.25326850156249997 0.48603285312500005 0.2527837859375 0.472152425 0.2546145421875 0.468614153125 0.25254142812499997 0.465212209375 0.24830017031249998 0.3437584625
0 0.272705896875 0.3151114875 0.2718576453125 0.2908207375 0.26874797500000003 0.285717821875 0.2589882984375 0.2860586375 0.256915184375 0.28265669375 0.25496325 0.2827248578125 0.25313249375 0.2862631265625 0.2492286234375 0.286399453125 0.2464824875 0.2917068578125 0.2489060640625 0.361109 0.25097917812500004 0.36451094375 0.2588558015625 0.5900679 0.260928915625 0.59346984375 0.2612924515625 0.603880165625 0.2594616953125 0.607418434375 0.2595828734375 0.61088854375 0.2616559875 0.6142904875 0.2656548890625 0.72880401875 0.268764559375 0.733906934375 0.2726684296875 0.7337706078124999 0.27474154375 0.737172553125 0.290357025 0.7366272484375 0.29127240312499997 0.7348581140625 0.28618289375 0.5891136171875 0.2841097796875 0.5857116734375001 0.283867421875 0.578771459375 0.285698178125 0.5752331890625 0.2854558203125 0.568292975 0.28338270625 0.56489103125 0.2747790109375 0.31851343125 0.272705896875 0.3151114875
0 0.3032786703125 0.5190298453125 0.296977371875 0.3385842796875 0.29490425781249996 0.3351823359375 0.29466190000000003 0.328242121875 0.29649265625 0.3247038515625 0.2962502984375 0.31776363750000003 0.29417718437499996 0.31436169375 0.29393482656250003 0.3074214796875 0.295765584375 0.303883209375 0.294674975 0.2726522453125 0.291565303125 0.26754933125 0.2876614328125 0.26768565624999996 0.28558831875 0.26428371093749997 0.2837575625 0.2678219828125 0.27399788593749996 0.2681627984375 0.2732036875 0.2734020390625 0.27137293125 0.27694030937499997 0.272100003125 0.297760953125 0.27417311718750004 0.30116289687500003 0.27441547499999996 0.308103109375 0.27258471875 0.3116413796875 0.2728270765625 0.3185815953125 0.27490019062500004 0.3219835375 0.281565025 0.512839425 0.2836381390625 0.5162413703125 0.28497110625 0.554412546875 0.28314035 0.5579508171875001 0.28521346406250003 0.5613527609375 0.29018179375 0.70362715 0.29225490781249996 0.70702909375 0.2904241515625 0.7105673640625 0.290666509375 0.7175075765625001 0.29273962343750004 0.720909521875 0.2932243390625 0.7347899499999999 0.296334009375 0.739892865625 0.308045621875 0.7394838874999999 0.309082178125 0.741184859375 0.3094457140625 0.75159518125 0.310482271875 0.753296153125 0.313349584375 0.7514588546875001 0.31250133281250003 0.7271681046875 0.3143320890625 0.723629834375 0.31408973281249997 0.7166896203124999 0.31201661875000003 0.7132876765625 0.3058364984375 0.5363122171875 0.303763384375 0.532910275 0.305351784375 0.5224317890625 0.3032786703125 0.5190298453125
0 0.348024096875 0.3732822453125 0.3526009875 0.3644365703125 0.3510256640625 0.319325178125 0.35285642031250003 0.3157869078125 0.35164463125 0.2810858375 0.3485349609375 0.275982921875 0.31925593281250003 0.2770053671875 0.3165097984375 0.2823127734375 0.318448659375 0.3378344859375 0.3205217734375 0.3412364296875 0.32633835625 0.5078015671875 0.3284114703125 0.5112035109375 0.3336221578125 0.6604181140625001 0.33569527187500003 0.6638200578125 0.33872474218750004 0.750572734375 0.33976130000000004 0.75227370625 0.353424846875 0.7517965656250001 0.354340225 0.7500274296875 0.35617098125 0.746489159375 0.35338386875 0.666676696875 0.3513107546875 0.663274753125 0.3463424234375 0.521000365625 0.344269309375 0.517598421875 0.3396645140625 0.38573435312500004 0.3460721625 0.373350409375 0.348024096875 0.3732822453125
0 0.3813299296875 0.6274830734375 0.372726234375 0.3811054734375 0.3697377421875 0.379472665625 0.367664628125 0.376070721875 0.3500972109375 0.3766841890625 0.3482664546875 0.380222459375 0.344362584375 0.3803587859375 0.33978569375 0.3892044609375 0.3434210578125 0.49330767187499996 0.345494171875 0.49670961562500004 0.3509472171875 0.65286443125 0.35302033125 0.6562663765625001 0.356898053125 0.7673098015625001 0.3579346109375 0.7690107734375 0.36183848125 0.7688744468750001 0.3639115953125 0.772276390625 0.3853828828125 0.771526596875 0.38629826093749997 0.7697574625 0.38617708125 0.76628735625 0.3880078375 0.7627490859375 0.3843724734375 0.658645875 0.38229935937500004 0.65524393125 0.3819358234375 0.644833609375 0.3837665796875 0.6412953390625 0.38340304375 0.6308850171875 0.3813299296875 0.6274830734375
0 0.39173472187499997 0.47772316562499995 0.387857 0.36667974062500003 0.3857838859375 0.363277796875 0.3851779921875 0.3459272625 0.3841414359375 0.344226290625 0.3763336953125 0.3444989421875 0.373587559375 0.349806346875 0.3792829640625 0.5129013796875 0.381356078125 0.5163033234375 0.3849914421875 0.6204065328125 0.38706455625 0.6238084781250001 0.390942278125 0.734851903125 0.3940519484375 0.73995481875 0.403811625 0.739614003125 0.404727003125 0.73784486875 0.40387875156249997 0.7135541187500001 0.40570950781250004 0.7100158484375 0.40558832968749997 0.7065457421875 0.403515215625 0.7031437984375 0.3998798515625 0.5990405859375 0.3978067375 0.59563864375 0.3938078359375 0.4811251109375 0.39173472187499997 0.47772316562499995
0 0.4048185234375 0.34871573749999996 0.401708853125 0.3436128234375 0.3860933703125 0.344158128125 0.3851779921875 0.3459272625 0.38638978125 0.3806283328125 0.3884628953125 0.3840302765625 0.39331004687500004 0.5228345578125 0.3953831609375 0.5262365015625 0.398533809375 0.6164592843750001 0.40060692343750004 0.619861228125 0.404605825 0.7343747609375 0.40771549531250006 0.7394776765625 0.41058280937499997 0.7376403796875 0.4114981875 0.73587124375 0.4212578640625 0.7355304281249999 0.4221732421875 0.73376129375 0.41768962500000006 0.605367334375 0.4156165109375 0.6019653890625001 0.4110117171875 0.470101321875 0.408938603125 0.46669937812500006 0.4048185234375 0.34871573749999996
0 0.41896678437499996 0.36211902500000004 0.41823971249999997 0.34129838281249997 0.4172031546875 0.3395974109375 0.40549154375 0.34000639062500004 0.4046973453125 0.34524563124999996 0.4028665875 0.3487839015625 0.4049397015625 0.3521858453125 0.40905978125000003 0.47016948437500006 0.41113289531249997 0.47357142812499997 0.4161012265625 0.6158458171875 0.418174340625 0.6192477609375 0.42193088437500004 0.7268210796875 0.4240039984375 0.7302230234375 0.42516173437500004 0.735394103125 0.43492140937499996 0.7350532875 0.4358367875 0.7332841515624999 0.435109715625 0.712463509375 0.436940471875 0.7089252390625 0.436576934375 0.69851491875 0.4345038203125 0.6951129734375 0.4278389859375 0.5042570875 0.4257658734375 0.5008551437500001 0.4210398984375 0.36552096875 0.41896678437499996 0.36211902500000004
0 0.418360890625 0.34476849062500003 0.42043400468750003 0.348170434375 0.425523515625 0.493914928125 0.42759662968749995 0.49731687343750003 0.4337767484375 0.6742923328125 0.4358498625 0.6776942765625 0.4379099015625 0.7366860953125001 0.44089839375000006 0.7383189046874999 0.44297150781249994 0.7417208484375 0.46249086093749997 0.7410392171875 0.4634062390625 0.7392700828125001 0.46523699531249996 0.7357318125 0.45396736562499995 0.4130118578125 0.45189425156249996 0.4096099140625 0.44922831875 0.33326755937499997 0.446118646875 0.32816464375 0.422695425 0.3289826 0.41994929062499997 0.33429000468750003 0.418360890625 0.34476849062500003
0 0.4649946375 0.7287916 0.4670677515625 0.73219354375 0.46731010937499995 0.73913375625 0.46834666562500005 0.7408347281250001 0.4820102125 0.7403575859375 0.482925590625 0.7385884515625001 0.48475634687499997 0.7350501828125 0.4799091953125 0.5962459 0.47783608125 0.5928439562500001 0.46923238593749994 0.34646635625 0.4661227140625 0.341363440625 0.4524591671875 0.3418405828125 0.4515437890625 0.3436097171875 0.4649946375 0.7287916
0 0.4786843328125 0.6171347046875 0.48075744687500005 0.62053665 0.48475634687499997 0.7350501828125 0.48786601875 0.7401530968750001 0.49567375937499997 0.7398804453125 0.4965891375 0.7381113109374999 0.49841989375000006 0.7345730406250001 0.48848323125000004 0.4500242640625 0.48641011718750005 0.4466223203125 0.482774753125 0.3425191078125 0.47966508125 0.33741619375 0.471857340625 0.3376888453125 0.46911120625 0.34299625 0.4786843328125 0.6171347046875
0 0.506158753125 0.5084707796875 0.5040856390624999 0.505068834375 0.49548194375000004 0.2586912359375 0.4944453859375 0.2569902625 0.482733775 0.25739924062499997 0.48181839687499994 0.2591683765625 0.4843631515625 0.3320406234375 0.48253239531250003 0.33557889375 0.48847015625 0.5056141390625 0.4905432703125 0.509016084375 0.49914696562499994 0.7553936828125 0.5022566375 0.7604965984375001 0.5100643781249999 0.760223946875 0.51097975625 0.7584548125 0.5128105125 0.754916540625 0.511598725 0.7202154703125 0.51342948125 0.7166772015625 0.5097941171875 0.6125739890624999 0.507721003125 0.6091720453125 0.5068727515625 0.5848812953125 0.5087035078125 0.5813430265624999 0.506158753125 0.5084707796875
0 0.5248150234375 0.2871987796875 0.5033437359375 0.2879485734375 0.5005976015625 0.2932559796875 0.50071878125 0.2967260859375 0.49888802343750005 0.30026435625 0.5049469640625001 0.47376970781249994 0.5070200781249999 0.477171653125 0.5092012968749999 0.5396335796875 0.507370540625 0.5431718484375 0.5077340765625 0.55358216875 0.509807190625 0.5569841140625 0.5101707281250001 0.5673944343749999 0.508339971875 0.57093270625 0.5087035078125 0.5813430265624999 0.5107766218750001 0.58474496875 0.5110189796875 0.591685184375 0.5091882234375 0.5952234546875 0.5097941171875 0.6125739890624999 0.51186723125 0.6159759328125001 0.5100364749999999 0.6195142046875 0.5125812296875 0.6923864515625 0.51465434375 0.6957883953125 0.5150178796875 0.706198715625 0.5131871234375 0.7097369859375 0.51342948125 0.7166772015625 0.5155025953125 0.72007914375 0.5161084890625001 0.7374296796875 0.5192181609375 0.7425325968750001 0.5211700953125 0.7424644328125 0.523243209375 0.7458663765625 0.5349548203125 0.7454573984375 0.5358701984375001 0.7436882640625 0.5387375125 0.7418509656250001 0.541483646875 0.736543559375 0.5412412890625 0.7296033453125 0.539168175 0.7262014031249999 0.539046996875 0.72273129375 0.540877753125 0.719193025 0.52585158125 0.288899753125 0.5248150234375 0.2871987796875
0 0.5389632859375 0.300602065625 0.536890171875 0.297200121875 0.531034365625 0.29740461093750004 0.529203609375 0.30094288125 0.5263362953125 0.3027801796875 0.540877753125 0.719193025 0.5429508671875001 0.72259496875 0.5411201109375 0.7261332390625 0.541483646875 0.736543559375 0.5445933171874999 0.7416464765625 0.546545253125 0.7415783140625 0.5486183671875 0.7449802562500001 0.560329978125 0.744571278125 0.5612453562499999 0.74280214375 0.56490686875 0.735725603125 0.557151425 0.513638753125 0.5550783109374999 0.510236809375 0.5478075828125 0.3020303859375 0.5446979125 0.2969274703125 0.5427459765625 0.29699563281249997 0.5409152203125001 0.300533903125 0.5389632859375 0.300602065625
0 0.5515772 0.3540138296875 0.5518195578125 0.3609540421875 0.5499888015625001 0.3644923125 0.550231159375 0.3714325265625 0.5523042734375 0.3748344703125 0.56490686875 0.735725603125 0.5680165406250001 0.74082851875 0.583632021875 0.7402832140625 0.5845474 0.7385140781249999 0.5694000499999999 0.3047507 0.5662903781249999 0.29964778281250004 0.550674896875 0.3001930875 0.54975951875 0.301962221875 0.5500018765625 0.3089024375 0.5481711203125 0.3124407078125 0.5495040859375 0.3506118859375 0.5515772 0.3540138296875
0 0.6013450109375 0.38007060937500003 0.6031757671875 0.3765323375 0.6025698734375 0.3591818015625 0.600496759375 0.355779859375 0.6002544015625 0.3488396453125 0.6020851578124999 0.3453013734375 0.60160044375 0.3314209453125 0.5995273296875 0.3280190015625 0.5980731828125 0.28637771875 0.5970366265625 0.2846767453125 0.573613403125 0.2854947015625 0.57086726875 0.2908021078125 0.574139096875 0.3844949984375 0.572308340625 0.38803326875 0.57242951875 0.391503375 0.5745026328125 0.39490531875 0.5763203156250001 0.446956925 0.574489559375 0.45049519531250004 0.574974275 0.4643756234375 0.5770473890625001 0.46777756718749997 0.5771685671875 0.47124767343749996 0.5753378109375 0.47478594531249996 0.5771554937500001 0.52683755 0.5792286062499999 0.53023949375 0.57739785 0.5337777625 0.5780037453125 0.5511282984375 0.580076859375 0.55453024375 0.5782461015625 0.5580685125 0.578973175 0.5788891546875 0.5810462890625 0.5822910984375 0.58116746875 0.58576120625 0.5793367109374999 0.5892994765624999 0.5798214265625 0.6031799046875 0.581894540625 0.6065818484375 0.5820157203125 0.6100519546875 0.5801849625 0.613590225 0.5820026453125 0.66564183125 0.584075759375 0.669043775 0.5822450031249999 0.6725820453125 0.5828508968749999 0.6899325796875 0.5849240109375 0.693334525 0.5866205140625 0.7419160234375 0.587657071875 0.7436169953125 0.5915609421875 0.74348066875 0.59363405625 0.7468826125 0.6053456671874999 0.746473634375 0.6062610453125 0.7447045 0.6071764234375 0.7429353640625 0.61108029375 0.7427990390625 0.61187449375 0.7375597953125 0.61370525 0.734021525 0.6019509046875 0.39742114375000004 0.6037816609375 0.393882871875 0.6034181249999999 0.38347255156250004 0.6013450109375 0.38007060937500003
0 0.6045889359375 0.33305375625 0.6018428 0.3383611609375 0.6023275156250001 0.3522415890625 0.6044006296875 0.3556435328125 0.607308921875 0.4389261015625 0.605478165625 0.442464371875 0.6150512906250001 0.716602828125 0.613220534375 0.720141096875 0.6139476078125 0.740961740625 0.6149841640625 0.7426627125 0.640359321875 0.7417765921874999 0.6412747000000001 0.7400074578125 0.64310545625 0.7364691859375 0.6372888734375 0.5699040484375 0.6391196296875 0.5663657796875 0.632697153125 0.38245010625 0.634527909375 0.3789118359375 0.6330737640625 0.33727055156249997 0.6299640937500001 0.3321676359375 0.6045889359375 0.33305375625
0 0.635577540625 0.32502293125000004 0.63283140625 0.3303303359375 0.6361032343749999 0.4240232265625 0.634272478125 0.4275614984375 0.639846703125 0.587186421875 0.638015946875 0.590724690625 0.64310545625 0.7364691859375 0.6462151281249999 0.741572103125 0.667686415625 0.740822309375 0.66860179375 0.7390531734375 0.67226330625 0.7319766328124999 0.6686279421875 0.6278734234375001 0.6704586984375001 0.6243351515625 0.6653691875 0.47859065625 0.6671999453125 0.4750523875 0.662110434375 0.329307890625 0.6590007640625 0.324204975 0.635577540625 0.32502293125000004
0 0.695548765625 0.27949945625 0.6945122078125 0.277798484375 0.6652331796875 0.27882093124999996 0.6624870453125 0.2841283375 0.6626082234374999 0.28759844375 0.6607774671875 0.29113671406249997 0.6628505812500001 0.2945386578125 0.6629717609375 0.2980087640625 0.6611410046875 0.301547034375 0.661504540625 0.31195735468749997 0.6635776546875001 0.3153593 0.66600123125 0.384761440625 0.6641704749999999 0.38829970937499997 0.6699870578125 0.5548648484375 0.6681562999999999 0.55840311875 0.673003453125 0.6972074 0.671172696875 0.7007456703125 0.672384484375 0.7354467390625 0.67549415625 0.74054965625 0.7028212484374999 0.7395953734375 0.7037366265625 0.7378262390625 0.7055673828125 0.7342879671875 0.7048403109375 0.713467325 0.7066710671875 0.70992905625 0.7012180203125 0.5537742390625 0.7030487765625 0.55023596875 0.6985651609375 0.4218420078125 0.7003959171874999 0.41830373749999994 0.695548765625 0.27949945625
0 0.7565042484375 0.45803645625 0.754431134375 0.45463451250000003 0.753825240625 0.437283978125 0.7556559968750001 0.43374570625000003 0.7542018515625 0.3921044234375 0.7560326078124999 0.38856615156249996 0.754699640625 0.350394975 0.756530396875 0.34685670625 0.7544572828125 0.3434547625 0.7562880390625 0.33991649062499996 0.75362210625 0.2635741359375 0.7525855484374999 0.2618731640625 0.70378716875 0.263577240625 0.7019564125 0.2671155125 0.7000044765625 0.267183675 0.699210278125 0.2724229171875 0.6973795218750001 0.2759611859375 0.699803096875 0.34536332812500004 0.697972340625 0.3489015984375 0.7036677453125 0.511996628125 0.7018369890625 0.5155348984375 0.7091077171875 0.7237413218750001 0.7072769609375 0.727279590625 0.70751931875 0.7342198046874999 0.7147752171875 0.7461266078125 0.7577177921875 0.7446270203124999 0.7586331703125 0.7428578859375 0.7604639265625 0.739319615625 0.7581615296875001 0.6733875828125 0.7599922859375 0.6698493109375 0.755751028125 0.548395565625 0.757581784375 0.5448572953124999 0.7552793859375 0.4789252609375 0.7571101421875001 0.4753869921875 0.7565042484375 0.45803645625
0 0.7694276484375 0.49232854843749996 0.7712584046875001 0.48879027812500003 0.767017146875 0.36733653125 0.763907475 0.36223361718749997 0.7580516703125 0.36243810625 0.7553055343749999 0.36774551093749996 0.7565173234375 0.4024465796875 0.7546865671874999 0.4059848515625 0.7577160375 0.4927375265625 0.75588528125 0.496275796875 0.7590359296875 0.5864985796875 0.7572051734375 0.59003685 0.7608405375 0.6941400609375 0.75900978125 0.69767833125 0.7598580328125 0.7219690812499999 0.762967703125 0.727071996875 0.7727273796875 0.72673118125 0.7736427578125 0.724962046875 0.7754735140625 0.7214237765625 0.7749887984375 0.7075433484375 0.772915684375 0.7041414046875001 0.772673328125 0.6972011890625 0.774504084375 0.6936629203125 0.773413475 0.6624319562500001 0.7752442312500001 0.6588936875 0.7694276484375 0.49232854843749996
0 0.7884884343749999 0.3665867375 0.790319190625 0.36304846875 0.7878956140625 0.2936463265625 0.7847859421875001 0.28854341093749997 0.771122396875 0.28902055312499997 0.769291640625 0.29255882187500004 0.7614838984375 0.292831475 0.7569070078125 0.30167715156249997 0.7584823328125 0.3467885421875 0.761592003125 0.3518914578125 0.7635439390625 0.3518232953125 0.7666536093749999 0.3569262109375 0.7667747890625 0.36039631875 0.768847903125 0.36379826249999997 0.7692114390625 0.374208584375 0.7673806828124999 0.377746853125 0.7694537968749999 0.381148796875 0.769574975 0.38461890312499997 0.76774421875 0.3881571734375 0.7724701921875 0.5234913484375 0.7706394359375001 0.52702961875 0.7771830921875 0.7144153984375 0.7753523359375001 0.7179536703125 0.77559469375 0.7248938828125 0.7787043640625 0.7299967984375 0.7923679109374999 0.7295196578125 0.7932832890625 0.727750521875 0.7951140453125001 0.7242122531249999 0.792569290625 0.6513400046875 0.794400046875 0.647801734375 0.7911282187500001 0.55410884375 0.792958975 0.550570575 0.789687146875 0.45687768437500004 0.791517903125 0.4533394140625 0.7884884343749999 0.3665867375
0 0.817970596875 0.5392741328125 0.815789378125 0.47681220625 0.817620134375 0.47327393593749995 0.8151965578124999 0.403871796875 0.8170273140625 0.400333525 0.8144825593749999 0.32746127812500003 0.816313315625 0.32392300625 0.8137685609374999 0.251050759375 0.8127320046875001 0.2493497890625 0.78930878125 0.2501677453125 0.787478025 0.253706015625 0.785526090625 0.25377417812499997 0.7827799546875001 0.25908158281250004 0.7831434921875 0.2694919046875 0.78521660625 0.2728938484375 0.7854589640625 0.2798340625 0.787532078125 0.28323600625 0.7917733359375 0.404689753125 0.7899425796874999 0.40822802343750003 0.79297205 0.4949806984375 0.79114129375 0.49851896875 0.7932013328124999 0.5575107874999999 0.7913705765625 0.5610490593749999 0.7917341125 0.5714593796874999 0.7938072265625 0.5748613234375 0.7942919421875 0.5887417515625 0.7924611859375 0.592280021875 0.792824721875 0.6026903421875 0.7948978359375001 0.6060922859375 0.7930670796875 0.6096305578125001 0.7953694765625 0.675562590625 0.7935387203125 0.6791008609375 0.7936599 0.6825709671875 0.7957330140625001 0.6859729125 0.7939022578125 0.6895111828125 0.7952352234375 0.7276823593749999 0.8024911234375001 0.7395891640625 0.8044430578125 0.739521 0.806516171875 0.74292294375 0.8182277843750001 0.7425139656249999 0.8191431625 0.7407448296875 0.818658446875 0.7268644015625 0.8204892031250001 0.7233261328125 0.8173385546875 0.6331033484375 0.8191693109375 0.6295650796875 0.8163821984374999 0.5497526171875 0.8182129546875 0.5462143484374999 0.8161398406249999 0.542812403125 0.817970596875 0.5392741328125
0 0.8287258515625 0.4555144234375 0.8259387390624999 0.37570196093749997 0.8277694953125 0.372163690625 0.82569638125 0.368761746875 0.8275271375000001 0.3652234765625 0.8264365281250001 0.3339925125 0.8233268578124999 0.3288895984375 0.8174710515625 0.3290940875 0.8147249171875 0.3344014921875 0.8176332093750001 0.41768405937499997 0.8158024515625 0.42122233124999997 0.8173777765624999 0.46633372343749996 0.8155470203125 0.4698719921875 0.8176070609374999 0.5288638125 0.8157763031249999 0.5324020828125 0.818926953125 0.622624865625 0.8170961968749999 0.6261631359375001 0.8204892031250001 0.7233261328125 0.8215257593749999 0.7250271046875 0.8293335015625001 0.7247544515625 0.8302488796875 0.7229853171875 0.8301277 0.7195152109375 0.83195845625 0.715976940625 0.8288078078125001 0.6257541578125 0.8306385640625 0.6222158875 0.8279726296875 0.5458735328125 0.8298033859375 0.5423352609375 0.8268950953124999 0.4590526921875 0.8287258515625 0.4555144234375
0 0.8643715500000001 0.3569881640625 0.8610997218750001 0.263295275 0.8579900500000001 0.2581923578125 0.8384706984375001 0.2588739890625 0.8366399421875 0.262412259375 0.82492833125 0.26282123749999997 0.823097575 0.2663595078125 0.8211456390625 0.26642767031250003 0.8203514390625 0.2716669125 0.8185206828125 0.2752051828125 0.8187630406249999 0.282145396875 0.8208361546875 0.285547340625 0.8210785125 0.2924875546875 0.81924775625 0.29602582499999996 0.819732471875 0.3099062546875 0.8238787000000001 0.316710140625 0.8241210562499999 0.3236503546875 0.8261941703125 0.32705229999999996 0.82849656875 0.3929843328125 0.8266658124999999 0.396522603125 0.8290893875 0.46592474375000004 0.82725863125 0.46946301406249996 0.83040928125 0.559685796875 0.828578525 0.5632240671875001 0.8302750281250001 0.611805565625 0.831311584375 0.6135065375 0.8352154546874999 0.6133702109375 0.8413136187499999 0.6201059359375 0.8647368406249999 0.619287978125 0.86565221875 0.61751884375 0.8635921796874999 0.558527025 0.8654229359375 0.5549887546875001 0.8631205375000001 0.4890567203125 0.8649512953125 0.4855184515625 0.863012434375 0.42999673749999995 0.864843190625 0.4264584671875 0.8625407921875 0.360526434375 0.8643715500000001 0.3569881640625
0 0.90981965625 0.5951304515625 0.9116504125 0.59159218125 0.9101962671875 0.549950896875 0.9120270234375001 0.5464126265625 0.910209340625 0.494361021875 0.912040096875 0.49082275 0.9097377 0.42489071718750004 0.91156845625 0.421352446875 0.909750775 0.36930084218750003 0.9115815312500001 0.3657625703125 0.9102485640625 0.32759139375 0.9120793203125 0.324053125 0.9102616375 0.2720015171875 0.9120923937500001 0.26846324843749997 0.9119712156249999 0.264993140625 0.907703809375 0.2547191453125 0.90721909375 0.2408387171875 0.9041094218750001 0.2357358015625 0.867022653125 0.23703090000000002 0.8624457624999999 0.2458765765625 0.862566940625 0.2493466828125 0.8646400546875 0.25274862656249997 0.864761234375 0.25621873281249996 0.8629304781249999 0.259757003125 0.86305165625 0.2632271109375 0.8651247703125 0.2666290546875 0.8659730218749999 0.290919803125 0.8641422656250001 0.294458075 0.8666870203125001 0.36733032187500003 0.8648562640625 0.3708685921875 0.866310409375 0.41250987656250004 0.864479653125 0.41604814531249995 0.866660871875 0.47851007343749996 0.864830115625 0.48204834375 0.867011334375 0.5445102703125 0.8651805781249999 0.548048540625 0.867482975 0.6139805734375 0.86565221875 0.61751884375 0.867712259375 0.6765106640624999 0.8658815015625001 0.6800489328125 0.8678203625 0.7355706468750001 0.8688569203125001 0.73727161875 0.9039917546874999 0.7360446828125 0.9049071328125 0.7342755484375 0.9085686453124999 0.7271990078125 0.906629784375 0.6716772953125 0.91017011875 0.661130646875 0.9089583296875 0.626429578125 0.9049332812499999 0.623095796875 0.90780059375 0.6212584984375 0.910546728125 0.6159510921875 0.90981965625 0.5951304515625