0 0.025342312500000002 0.2790485078125 0.026857721875 0.2827328734375 0.025165090624999997 0.2965182375 0.026680500000000003 0.30020260468750004 0.02414155625 0.3208806484375 0.025656965625 0.324565015625 0.0231180203125 0.3452430609375 0.0246334296875 0.34892742656250003 0.0225176421875 0.36615913125 0.024033051562499998 0.369843496875 0.0214941078125 0.39052154375 0.023009517187500002 0.394205909375 0.020470571875 0.4148839546875 0.02198598125 0.41856832187500004 0.0202933515625 0.43235368437500005 0.021808760937499998 0.4360380515625 0.019269815625 0.456716096875 0.020785224999999997 0.4604004625 0.0186694375 0.4776321671875 0.020184846875000002 0.481316534375 0.017222745312500003 0.5054409203125 0.0187381546875 0.5091252859375001 0.017045525 0.52291065 0.018560934374999997 0.526595015625 0.016445146875 0.543826721875 0.017960556250000002 0.5475110875 0.0154216109375 0.5681891328125 0.016937020312500002 0.5718734984375 0.0143980765625 0.5925515453125 0.0159134859375 0.5962359109375 0.0137976984375 0.6134676156250001 0.015313107812499999 0.6171519812499999 0.0127741625 0.637830028125 0.014289571875 0.64151439375 0.012173784375 0.6587460984375 0.01368919375 0.6624304640625 0.01115025 0.683108509375 0.0126656578125 0.6867928765625 0.010973028125000001 0.700578240625 0.012488437500000001 0.70426260625 0.0103726515625 0.7214943109374999 0.011888059375 0.7251786765625 0.0097722734375 0.74241038125 0.0112876828125 0.746094746875 0.008748737500000001 0.76677279375 0.010264146875000001 0.770457159375 0.00941783125 0.777349840625 0.011690945312500001 0.7828763921874999 0.0310766125 0.785256653125 0.032257475 0.7836524953125 0.0334383375 0.7820483375 0.041192603125 0.7830004421875 0.043554328125 0.7797921265625 0.0454928953125 0.780030153125 0.0470969140625 0.7749796546875001 0.0494586375 0.771771340625 0.0507281109375 0.7614323171875 0.0492127015625 0.7577479515625 0.0525979609375 0.730177225 0.0510825515625 0.7264928578125 0.0531983390625 0.7092611546875001 0.051682929687500004 0.7055767875 0.05464503125 0.6814524015625001 0.053129621875 0.677768034375 0.055245409375 0.66053633125 0.05373 0.6568519625 0.056692103125000004 0.632727578125 0.055176693750000005 0.6290432109374999 0.05771563750000001 0.608365165625 0.056200228124999994 0.6046807984375 0.05916233125 0.5805564140625 0.057646921875 0.5768720468749999 0.0593395515625 0.5630866828125 0.057824142187500004 0.559402315625 0.06078624375 0.53527793125 0.059270834375000005 0.5315935640625 0.06096346406249999 0.5178082015625 0.059448054687499995 0.5141238328125 0.061563842187499995 0.4968921296875 0.0600484328125 0.4932077625 0.06258737812500001 0.47252971875 0.061071968750000004 0.46884534999999994 0.0640340703125 0.444720965625 0.0625186609375 0.4410366 0.06505760625 0.420358553125 0.063542196875 0.41667418749999996 0.065657984375 0.3994424828125 0.06414257500000001 0.3957581171875 0.06710467656249999 0.37163372968749997 0.0655892671875 0.3679493640625 0.0685513703125 0.343824978125 0.0670359609375 0.3401406109375 0.06957490468750001 0.3194625671875 0.0680594953125 0.3157782 0.07017528281249999 0.298546496875 0.06865987343749999 0.294862128125 0.0707756609375 0.277630425 0.0692602515625 0.27394605781250003 0.071799196875 0.2532680140625 0.0702837875 0.2495836453125 0.07239957500000001 0.2323519421875 0.070884165625 0.228667575 0.074269425 0.20109684843750003 0.072754015625 0.19741248125 0.075292959375 0.1767344375 0.07377755 0.1730500703125 0.0758933375 0.155818365625 0.074377928125 0.1521339984375 0.0760705578125 0.1383486359375 0.07455515 0.13466426874999998 0.0777631890625 0.124563271875 0.07624777968749999 0.12087890625 0.07667093593749999 0.117432565625 0.074397821875 0.111906015625 0.045319321875 0.108335625 0.044138459375 0.10993978125 0.025942690624999997 0.2581324359375 0.0274580984375 0.261816803125 0.025342312500000002 0.2790485078125
0 0.1167478828125 0.7205623546875 0.11523247343750001 0.7168779875 0.11777141875 0.6961999421875 0.116256009375 0.692515575 0.11879495312499999 0.67183753125 0.11727954375 0.6681531640625 0.1223574328125 0.626797075 0.12084202343749999 0.6231127078124999 0.12380412656249999 0.5989883218750001 0.1222887171875 0.5953039546875 0.1244045046875 0.5780722515625001 0.1228890953125 0.574387884375 0.125851196875 0.5502634984375 0.1243357875 0.54657913125 0.1294136765625 0.5052230421874999 0.1278982671875 0.501538675 0.1304372125 0.48086063125 0.12892180312499998 0.4771762625 0.131037590625 0.45994455937499995 0.12952218124999998 0.4562601921875 0.1312148109375 0.4424748296875 0.12969940156249998 0.4387904625 0.1360467625 0.3870953515625 0.1345313546875 0.38341098281249997 0.136647140625 0.36617927968749997 0.13513173125 0.3624949125 0.13936330624999999 0.32803150468750003 0.13784789687500001 0.3243471390625 0.139963684375 0.307115434375 0.138448275 0.3034310671875 0.14225669218749998 0.272414 0.1407412828125 0.2687296328125 0.14328022812500002 0.2480515890625 0.14176481875 0.244367221875 0.145150078125 0.21679649531249998 0.14363466875 0.213112128125 0.1444809828125 0.206219446875 0.1429655734375 0.2025350796875 0.14888977812499998 0.1542863078125 0.14737436875 0.1506019421875 0.14949015625 0.1333702359375 0.14679388437500002 0.1312900265625 0.145278475 0.1276056609375 0.14333990937500002 0.127367634375 0.1418245 0.12368326874999999 0.0836674984375 0.11654248593750001 0.0777631890625 0.124563271875 0.07522424375 0.14524131875 0.076739653125 0.148925684375 0.0750470234375 0.1627110484375 0.0765624328125 0.1663954140625 0.0736003296875 0.19051980156249998 0.07511573906249999 0.1942041671875 0.07342310937499999 0.20798953125000003 0.07493851875 0.211673896875 0.07282273125 0.2289056015625 0.07433814062500001 0.23258996718749997 0.071799196875 0.2532680140625 0.07331460625 0.2569523796875 0.070352503125 0.281076765625 0.07186791249999999 0.28476113281250004 0.0689058109375 0.3088855171875 0.0704212203125 0.312569884375 0.06915174843750001 0.3229089078125 0.07066715625 0.3265932734375 0.0677050546875 0.350717659375 0.0692204640625 0.35440202656249997 0.0662583625 0.37852641249999996 0.067773771875 0.3822107796875 0.0652348265625 0.4028888234375 0.0667502359375 0.40657319062499997 0.063788134375 0.4306975765625 0.06530354375 0.43438194374999994 0.0627645984375 0.45505998906249995 0.0642800078125 0.45874435468749997 0.06131790625 0.482868740625 0.0628333140625 0.48655310781249994 0.060717528124999996 0.5037848125 0.062232937499999995 0.507469178125 0.060117149999999994 0.5247008828124999 0.06163255937499999 0.5283852484375 0.0582473 0.555955975 0.059762709375 0.5596403421875 0.056800606249999996 0.583764728125 0.058316015624999995 0.5874490953125 0.05704654375 0.59778811875 0.058561953124999996 0.601472484375 0.05559984999999999 0.62559686875 0.057115259375000005 0.6292812375 0.054576315625 0.64995928125 0.056091725 0.6536436484375 0.053129621875 0.677768034375 0.05464503125 0.6814524015625001 0.052952401562499994 0.6952377640625 0.05446781093750001 0.69892213125 0.051505709375 0.7230465171875 0.05302111875 0.726730884375 0.0492127015625 0.7577479515625 0.0507281109375 0.7614323171875 0.0494586375 0.771771340625 0.0502163421875 0.7736135234375 0.07347914375 0.7764698359375 0.0746600046875 0.7748656796875 0.07584086718750001 0.7732615218750001 0.089410834375 0.7749277046875 0.0917725578125 0.7717193890625 0.099526825 0.7726714921875 0.110154584375 0.7582340765625 0.11057774218750001 0.7547877359374999 0.11293946562499999 0.751579421875 0.1167478828125 0.7205623546875
0 0.1338116125 0.6456949609375 0.1376200296875 0.6146778937499999 0.13610462031249998 0.6109935265625001 0.13906672343749998 0.586869140625 0.1375513140625 0.5831847734375 0.14135973125 0.55216770625 0.139844321875 0.548483340625 0.1428064234375 0.5243589546874999 0.1412910140625 0.5206745875000001 0.1446762734375 0.4931038609375 0.1431608640625 0.48941949375 0.1461229671875 0.46529510937499996 0.1446075578125 0.46161074218750003 0.148415975 0.430593675 0.146900565625 0.42690930781249997 0.14986266718750002 0.4027849234375 0.1483472578125 0.3991005546875 0.1517325171875 0.3715298296875 0.1502171078125 0.36784546093750004 0.1531792109375 0.3437210765625 0.15166380156249998 0.3400367109375 0.1542027453125 0.3193586640625 0.1526873359375 0.3156742984375 0.1556494390625 0.2915499109375 0.1541340296875 0.28786554531249997 0.157942446875 0.256848478125 0.1564270375 0.2531641109375 0.15896598125 0.23248606718749998 0.157450571875 0.2288016984375 0.161682146875 0.19433829062500002 0.1601667375 0.190653925 0.1631288390625 0.1665295390625 0.1616134296875 0.162845171875 0.164152375 0.14216712812500001 0.16263696562500002 0.1384827609375 0.16348328125 0.131590078125 0.1627255765625 0.1297478953125 0.151094175 0.1283197390625 0.1499133140625 0.129923896875 0.14737436875 0.1506019421875 0.14888977812499998 0.1542863078125 0.14635083437500002 0.174964353125 0.1478662421875 0.17864871875 0.1440578265625 0.20966578593750002 0.145573234375 0.2133501546875 0.143034290625 0.23402819843749997 0.1445497 0.237712565625 0.141587596875 0.2618369515625 0.14310300625 0.26552131874999996 0.1405640625 0.2861993625 0.142079471875 0.2898837296875 0.13911736875 0.314008115625 0.140632778125 0.31769248125 0.13682436250000002 0.34870955000000003 0.1383397703125 0.352393915625 0.1349545109375 0.3799646421875 0.1364699203125 0.383649009375 0.132661503125 0.4146660765625 0.1341769125 0.41835044374999997 0.1312148109375 0.4424748296875 0.13273022031249998 0.4461591953125 0.12976811875 0.47028358125 0.131283528125 0.4739679484375 0.129167740625 0.4911996515625 0.13068315 0.4948840203125 0.1281442046875 0.5155620640625 0.12965961406249998 0.51924643125 0.1254280390625 0.5537098390625 0.1269434484375 0.5573942062499999 0.123981346875 0.5815185921875 0.12549675625 0.5852029578125 0.122111496875 0.612773684375 0.12362690624999999 0.6164580515625 0.12066480312500001 0.6405824375 0.1221802125 0.6442668046875 0.1183717953125 0.6752838718749999 0.1198872046875 0.6789682375 0.1165019453125 0.706538965625 0.1180173546875 0.71022333125 0.115055253125 0.7343477171874999 0.1165706625 0.738032084375 0.1153011890625 0.7483711078125 0.11605889375 0.750213290625 0.125751728125 0.7514034203125 0.126932590625 0.7497992640625 0.1301406296875 0.7396982671875 0.1286252203125 0.7360139 0.1311641640625 0.7153358562500001 0.12964875468749998 0.7116514875 0.1343034875 0.6737417390625 0.132788078125 0.6700573734375 0.135327021875 0.6493793265625001 0.1338116125 0.6456949609375
0 0.1547126890625 0.6517595875 0.15852110625 0.6207425203125 0.157005696875 0.6170581546875 0.1599677984375 0.59293376875 0.158452390625 0.5892494015625 0.16226080625 0.558232334375 0.160745396875 0.5545479671875 0.1637075 0.5304235828125 0.162192090625 0.5267392140625 0.1660005078125 0.49572214687500005 0.1644850984375 0.49203778125 0.16787035781249998 0.4644670546875 0.1663549484375 0.46078268749999995 0.16974020781250002 0.4332119609375 0.1682247984375 0.42952759374999994 0.172033215625 0.3985105265625 0.17051780625 0.3948261609375 0.17432622343749998 0.36380909375 0.1728108140625 0.3601247265625 0.1761960734375 0.332554 0.1746806640625 0.3288696328125 0.17848908125000001 0.297852565625 0.176973671875 0.29416819843750003 0.18035893125 0.2665974734375 0.17884352187500002 0.2629131046875 0.18222878125 0.2353423796875 0.1807133734375 0.2316580109375 0.1840986328125 0.20408728593749997 0.1825832234375 0.20040291875 0.186391640625 0.1693858515625 0.18487623125 0.165701484375 0.1886846484375 0.1346844171875 0.1871692390625 0.1310000515625 0.18886186875 0.1172146875 0.1924044546875 0.112402215625 0.2020972875 0.113592346875 0.205639875 0.1087798734375 0.20606303124999997 0.10533353281249999 0.20227450781249998 0.09612261562499999 0.1673803078125 0.091838146875 0.1661994453125 0.0934423046875 0.1640836578125 0.1106740078125 0.1655990671875 0.11435837499999998 0.16263696562500002 0.1384827609375 0.164152375 0.14216712812500001 0.1611902734375 0.16629151250000002 0.1627056828125 0.1699758796875 0.1597435796875 0.194100265625 0.1612589890625 0.19778463125 0.157450571875 0.2288016984375 0.15896598125 0.23248606718749998 0.1564270375 0.2531641109375 0.157942446875 0.256848478125 0.1541340296875 0.28786554531249997 0.1556494390625 0.2915499109375 0.1522641796875 0.3191206390625 0.1537795875 0.3228050046875 0.15124064375 0.34348305 0.152756053125 0.3471674171875 0.14979395 0.371291803125 0.151309359375 0.37497617031249997 0.1475009421875 0.4059932375 0.14901635156249998 0.409677603125 0.14647740781250002 0.4303556484375 0.1479928171875 0.43404001562500005 0.1446075578125 0.46161074218750003 0.1461229671875 0.46529510937499996 0.143584021875 0.48597315312499995 0.14509943125 0.4896575203125 0.141714171875 0.517228246875 0.14322958125000002 0.5209126140625 0.139844321875 0.548483340625 0.14135973125 0.55216770625 0.13712815625000002 0.5866311140625 0.138643565625 0.5903154828125 0.13568146406249998 0.6144398671875 0.1371968734375 0.618124234375 0.1338116125 0.6456949609375 0.135327021875 0.6493793265625001 0.1332112359375 0.66661103125 0.13472664375 0.6702954 0.13091822656250002 0.7013124671875001 0.1324336359375 0.7049968328125 0.13031785 0.7222285375 0.13183325937499998 0.725912903125 0.1292943140625 0.7465909500000001 0.1308097234375 0.7502753156249999 0.1299634078125 0.757167996875 0.1326596796875 0.75924820625 0.1341750890625 0.7629325734375 0.138052221875 0.7634086265625 0.140413946875 0.7602003109375 0.1423525140625 0.7604383359375 0.143867921875 0.7641227046875 0.1469873515625 0.762756571875 0.149349075 0.7595482578125 0.147833665625 0.7558638906249999 0.152065240625 0.7214004828125 0.15054983125000002 0.7177161171875001 0.15435824843749998 0.68669905 0.1528428390625 0.68301468125 0.15622809843750002 0.65544395625 0.1547126890625 0.6517595875
0 0.17427557656249998 0.63667011875 0.1727601671875 0.6329857515625 0.176568584375 0.601968684375 0.175053175 0.59828431875 0.17928475 0.5638209109375001 0.177769340625 0.5601365421875 0.18157775781250002 0.529119475 0.1800623484375 0.525435109375 0.1851402375 0.48407901875 0.183624828125 0.48039465156250005 0.1874332453125 0.44937758437499997 0.1859178359375 0.44569321874999995 0.189726253125 0.41467615156250004 0.18821084375 0.410991784375 0.19244241875 0.3765283765625 0.190927009375 0.372844009375 0.195581740625 0.3349342609375 0.19406633125 0.33124989375 0.1987210640625 0.29334014375 0.1972056546875 0.289655778125 0.20186038593750003 0.2517460296875 0.2003449765625 0.2480616609375 0.20415339375000002 0.21704459375 0.202637984375 0.213360228125 0.20602324374999997 0.18578950156250001 0.20450783437500003 0.182105134375 0.20704677968750002 0.161427090625 0.2101662078125 0.160060959375 0.2125279328125 0.15685264375000002 0.2241593328125 0.1582808 0.22652105625000002 0.1550724859375 0.2555995578125 0.1586428765625 0.26150386718749996 0.150622090625 0.2636196546875 0.1333903859375 0.2621042453125 0.12970601875 0.262527403125 0.126259678125 0.26025428906250003 0.120733128125 0.1924044546875 0.112402215625 0.18886186875 0.1172146875 0.1871692390625 0.1310000515625 0.1886846484375 0.1346844171875 0.18487623125 0.165701484375 0.186391640625 0.1693858515625 0.1825832234375 0.20040291875 0.1840986328125 0.20408728593749997 0.1807133734375 0.2316580109375 0.18222878125 0.2353423796875 0.17884352187500002 0.2629131046875 0.18035893125 0.2665974734375 0.176973671875 0.29416819843750003 0.17848908125000001 0.297852565625 0.1746806640625 0.3288696328125 0.1761960734375 0.332554 0.17238765625000002 0.3635710671875 0.173903065625 0.36725543437499997 0.1700946484375 0.3982725015625 0.1716100578125 0.40195686718749996 0.1682247984375 0.42952759374999994 0.16974020781250002 0.4332119609375 0.1663549484375 0.46078268749999995 0.16787035781249998 0.4644670546875 0.16406194062499999 0.495484121875 0.16557735 0.4991684890625 0.162192090625 0.5267392140625 0.1637075 0.5304235828125 0.160322240625 0.5579943078125 0.16183765 0.5616786765625 0.1580292328125 0.59269574375 0.1595446421875 0.596380109375 0.1561593828125 0.6239508359375 0.157674790625 0.627635203125 0.15428953125 0.6552059296875 0.155804940625 0.658890296875 0.1528428390625 0.68301468125 0.15435824843749998 0.68669905 0.151396146875 0.7108234343750001 0.15291155625 0.7145078 0.1503726109375 0.735185846875 0.15188802031249998 0.7388702125 0.14892591875 0.7629945984375001 0.15119903125 0.7685211484375001 0.1589532984375 0.7694732531249999 0.1601341609375 0.7678690968749999 0.164857609375 0.761452465625 0.1678197109375 0.73732808125 0.1663043015625 0.7336437124999999 0.17011271875 0.7026266453125001 0.168597309375 0.6989422796875 0.17198256875 0.671371553125 0.170467159375 0.6676871859375 0.17427557656249998 0.63667011875
0 0.216569603125 0.6768461515624999 0.21505419374999998 0.6731617859375 0.21674682343749999 0.659376421875 0.2191085484375 0.6561681078125 0.2199548625 0.6492754265625 0.21843945312500002 0.6455910578124999 0.2218247125 0.6180203328125 0.22030930468749998 0.614335965625 0.22115561874999998 0.6074432843750001 0.2235173421875 0.6042349703125 0.22436365781249998 0.5973422875 0.2228482484375 0.5936579203125001 0.224540878125 0.5798725578124999 0.22302546875 0.576188190625 0.22852651562499998 0.5313857609375 0.22701110624999998 0.5277013937499999 0.23039636562500002 0.5001306671875 0.22888095625 0.4964463 0.23099674375 0.479214596875 0.229481334375 0.4755302296875 0.2341360671875 0.4376204796875 0.2326206578125 0.4339361140625 0.23685223125000002 0.39947270625 0.235336821875 0.39578833750000003 0.24083786875 0.35098590937499996 0.24319959375 0.34777759375 0.24658485312499998 0.3202068671875 0.24506944375 0.3165225 0.24972417500000002 0.2786127515625 0.248208765625 0.2749283859375 0.25057049062500003 0.27172006875 0.2509936484375 0.268273728125 0.24947823906250002 0.2645893625 0.25183996249999996 0.2613810484375 0.252686278125 0.254488365625 0.25859058749999997 0.2464675796875 0.262467721875 0.24694363125000002 0.26364858281250003 0.24533947500000003 0.2687264734375 0.203983384375 0.2672110640625 0.2002990171875 0.270173165625 0.17617463125 0.27447345625 0.1732043421875 0.275319771875 0.1663116625 0.2745620671875 0.1644694765625 0.2668078 0.1635173734375 0.265292390625 0.15983300625000002 0.23039819062500003 0.1555485375 0.22803646562500002 0.1587568515625 0.21446649843749999 0.15709066875 0.21210477499999997 0.1602989859375 0.2089853453125 0.16166511562500002 0.20517692968749998 0.192682184375 0.2066923390625 0.19636655 0.203307078125 0.2239372765625 0.20482248749999998 0.22762164375 0.20059091406250001 0.2620850515625 0.2021063234375 0.26576941718749997 0.1978747484375 0.3002328265625 0.1993901578125 0.30391719375 0.195581740625 0.3349342609375 0.19709715 0.3386186265625 0.1932887328125 0.36963569375 0.1948041421875 0.3733200609375 0.190995725 0.404337128125 0.192511134375 0.408021496875 0.18785640312500002 0.44593124375000004 0.1893718125 0.44961561093749997 0.1855633953125 0.480632678125 0.1870788046875 0.4843170453125 0.1832703875 0.5153341124999999 0.18478579687500002 0.5190184796875 0.1788615921875 0.5672672515625 0.1803770015625 0.5709516171875 0.176568584375 0.601968684375 0.17808399375 0.6056530515625 0.1730061046875 0.6470091421874999 0.1745215140625 0.6506935078125 0.170713096875 0.681710575 0.17222850625 0.6853949421875 0.1675737734375 0.7233046921875 0.16908918281250002 0.7269890578125 0.16612708125 0.75111344375 0.167642490625 0.7547978109375 0.1672193328125 0.7582441515625 0.164857609375 0.761452465625 0.16637301875 0.7651368328125 0.1659498609375 0.7685831750000001 0.169738384375 0.7777940906249999 0.17361551718749998 0.7782701421875 0.1751309265625 0.781954509375 0.1790080609375 0.7824305609375 0.180188921875 0.7808264046875 0.181369784375 0.7792222468750001 0.1910626171875 0.7804123765625001 0.195786065625 0.7739957484375 0.1977246328125 0.774233775 0.20126721875000003 0.7694213015625 0.2016903765625 0.7659749609375 0.2068369828125 0.7561119921875 0.216569603125 0.6768461515624999
0 0.26348943281250004 0.5671633484374999 0.2681441640625 0.5292536 0.26662875625 0.5255692328125 0.2721298015625 0.48076680312500003 0.27061439374999996 0.4770824359375 0.2748459671875 0.44261902812500004 0.2733305578125 0.4389346609375 0.27756213281250003 0.404471253125 0.27604672343750003 0.4007868859375 0.2807014546875 0.3628771375 0.2791860453125 0.3591927703125 0.2846870921875 0.31439034062500004 0.2831716828125 0.3107059734375 0.287826415625 0.2727962234375 0.28631100625 0.2691118578125 0.2913888953125 0.22775576718749999 0.2898734859375 0.2240714 0.2941050609375 0.18960799374999998 0.291831946875 0.18408144375 0.286016246875 0.183367365625 0.283654521875 0.1865756796875 0.272023121875 0.18514752343750002 0.270842259375 0.1867516796875 0.26703384375 0.21776874687499997 0.2685492515625 0.2214531140625 0.2638945203125 0.2593628640625 0.2654099296875 0.2630472296875 0.2620246703125 0.2906179578125 0.2635400796875 0.2943023234375 0.258885346875 0.332212071875 0.26040075625000003 0.3358964375 0.254899709375 0.38069886875000003 0.25641511875 0.3843832375 0.2521835453125 0.4188466453125 0.25369895468750003 0.4225310109375 0.24904422187500003 0.46044075937500006 0.25055963124999997 0.46412512812499995 0.2475975296875 0.48824951250000004 0.24911293906249998 0.49193387812499995 0.24318873437500002 0.5401826515625 0.24470414375 0.5438670171875 0.24089572656249997 0.574884084375 0.2424111359375 0.5785684515625 0.23775640468749998 0.6164782 0.2392718140625 0.6201625671875 0.23461708125 0.658072315625 0.23613249062500002 0.6617566828125 0.23063144375000003 0.7065591125 0.232146853125 0.7102434796875 0.227915278125 0.7447068890625 0.2294306875 0.7483912546875 0.2273149015625 0.765622959375 0.22807260624999998 0.7674651421875 0.24551970625 0.7696073765625 0.24670056875 0.7680032203125 0.2543174015625 0.7059690859375001 0.2528019921875 0.70228471875 0.258726196875 0.6540359484375 0.2572107875 0.6503515796875 0.26186551874999997 0.61244183125 0.2603501109375 0.608757465625 0.2650048421875 0.570847715625 0.26348943281250004 0.5671633484374999
0 0.2704263140625 0.6869572234375 0.2689109046875 0.68327285625 0.2748351078125 0.635024084375 0.2733197 0.6313397171874999 0.27797443125 0.5934299703125 0.276459021875 0.5897456015625 0.281113753125 0.5518358531249999 0.27959834375 0.5481514875 0.28382991875 0.5136880796875001 0.282314509375 0.5100037109375 0.2882387140625 0.461754940625 0.2867233046875 0.4580705734375 0.29391698125 0.3994827796875 0.29240157187500004 0.3957984125 0.29790261875 0.3509959828125 0.296387209375 0.347311615625 0.29977246874999997 0.31974088906250003 0.298257059375 0.316056521875 0.302488634375 0.281593115625 0.300973225 0.277908746875 0.306474271875 0.2331063171875 0.30495886250000004 0.22942195 0.3100367515625 0.1880658609375 0.3135793375 0.1832533875 0.3213336046875 0.1842054921875 0.323695328125 0.180997178125 0.3275724625 0.1814732296875 0.329087871875 0.185157596875 0.3310264375 0.185395621875 0.33338816250000003 0.1821873078125 0.3372652953125 0.1826633609375 0.34080788125 0.1778508890625 0.344193140625 0.1502801625 0.3434354359375 0.14843797812499998 0.322111203125 0.1458196921875 0.32059579375 0.14213532499999998 0.299271559375 0.1395170390625 0.29572897343750004 0.1443295109375 0.295305815625 0.14777585 0.296821225 0.1514602171875 0.2925896515625 0.1859236265625 0.2941050609375 0.18960799374999998 0.289450328125 0.22751774062500002 0.2909657375 0.231202109375 0.28631100625 0.2691118578125 0.287826415625 0.2727962234375 0.2831716828125 0.3107059734375 0.2846870921875 0.31439034062500004 0.27960920312500004 0.35574642968750003 0.2811246125 0.359430796875 0.27604672343750003 0.4007868859375 0.27756213281250003 0.404471253125 0.2720610859375 0.44927368437500004 0.2735764953125 0.45295805 0.2680754484375 0.49776048125 0.26959085781250003 0.5014448484375 0.26620559843749997 0.5290155750000001 0.26772100781249997 0.5326999406249999 0.26179680312500003 0.5809487125 0.2633122125 0.584633078125 0.259926953125 0.6122038062499999 0.2614423625 0.615888171875 0.255941315625 0.660690603125 0.257456725 0.66437496875 0.2523788359375 0.7057310593749999 0.25389424531250004 0.7094154265625 0.2496626703125 0.7438788328125 0.2511780796875 0.7475632015625 0.24694650468749998 0.782026609375 0.24921961874999998 0.787553159375 0.25040048125 0.7859490015625 0.2566393390625 0.7832167390625 0.2591782828125 0.7625386953125 0.2615400078125 0.7593303796875001 0.2628094796875 0.7489913578125 0.26517120312500003 0.7457830421875 0.26813330625 0.7216586578124999 0.26661789687500004 0.717974290625 0.2704263140625 0.6869572234375
0 0.3008140734375 0.5997326234375 0.2992986640625 0.59604825625 0.3056460265625 0.54435314375 0.3041306171875 0.5406687765625 0.31132429375 0.4820809828125 0.309808884375 0.478396615625 0.31573308906249997 0.4301478453125 0.3142176796875 0.42646347812499996 0.3209881984375 0.371322025 0.3194727890625 0.3676376578125 0.32582015000000003 0.315942546875 0.3243047421875 0.3122581796875 0.3302289453125 0.26400940781250004 0.3287135359375 0.260325040625 0.332521953125 0.2293079734375 0.3396071265625 0.2196830296875 0.342815165625 0.20958203437499998 0.34129975625000003 0.2058976671875 0.34299238593750003 0.1921123046875 0.34223468125 0.19027012031249999 0.3402961140625 0.1900320953125 0.3387807046875 0.1863477265625 0.323272171875 0.18444351875 0.32091044687500003 0.187651834375 0.3131561796875 0.18669972968749998 0.30961359375 0.19151220156249998 0.30749780625 0.2087439046875 0.309013215625 0.212428271875 0.30266585468749996 0.264123384375 0.3041812640625 0.26780775156250003 0.2999496890625 0.302271159375 0.30146509843749997 0.305955525 0.29765668125 0.33697259218750003 0.299172090625 0.340656959375 0.294940515625 0.37512036875 0.296455925 0.3788047359375 0.28968540625 0.43394618749999997 0.291200815625 0.4376305546875 0.284430296875 0.49277200781249997 0.28594570625000004 0.4964563734375 0.2800215015625 0.5447051468749999 0.2815369109375 0.5483895125 0.27772849375 0.5794065796875 0.27924390312499997 0.583090946875 0.2741660140625 0.6244470375 0.2756814234375 0.628131403125 0.26975721875 0.676380175 0.271272628125 0.680064540625 0.2649252671875 0.7317596546875 0.2664406765625 0.7354440203125 0.2655943609375 0.7423367015625 0.26786747499999997 0.747863253125 0.273683175 0.74857733125 0.2748640375 0.746973171875 0.2760449 0.745369015625 0.28379916562499996 0.74632111875 0.28734175156249997 0.7415086484375 0.2907270125 0.7139379203125 0.289211603125 0.7102535546875 0.2976747515625 0.6413267390625 0.2961593421875 0.6376423703125 0.3008140734375 0.5997326234375
0 0.307613521875 0.6565402578125 0.3060981125 0.6528558906249999 0.31286863125000003 0.5977144390625 0.31135322187500003 0.5940300703125 0.31685426875 0.5492276421875 0.315338859375 0.5455432734375 0.3212630640625 0.497294503125 0.3197476546875 0.49361013593749997 0.325671859375 0.445361365625 0.32415645 0.44167699843749997 0.3279648671875 0.41065993125 0.3264494578125 0.4069755625 0.33279681875 0.3552804515625 0.331281409375 0.351596084375 0.3350898265625 0.3205790171875 0.3335744171875 0.3168946515625 0.33780599218749996 0.28243124218750004 0.3362905828125 0.278746875 0.3422147875 0.2304981046875 0.339518515625 0.2284178953125 0.33800310625 0.22473352812499997 0.3360645390625 0.224495503125 0.332521953125 0.2293079734375 0.32829037968749997 0.26377138125 0.3298057875 0.26745575 0.3243047421875 0.3122581796875 0.32582015000000003 0.315942546875 0.319895946875 0.36419131875 0.32141135625 0.367875684375 0.3146408375 0.42301713750000003 0.31615624531250003 0.42670150468749996 0.3106552 0.4715039359375 0.3121706078125 0.4751883015625 0.309808884375 0.478396615625 0.31132429375 0.4820809828125 0.303707459375 0.5441151171875 0.30522286875 0.5477994859375 0.2992986640625 0.59604825625 0.3008140734375 0.5997326234375 0.29573618437500004 0.6410887125 0.29725159375 0.6447730796875 0.29048107500000003 0.6999145312499999 0.291996484375 0.7035989 0.28734175156249997 0.7415086484375 0.2888571609375 0.7451930140624999 0.289191709375 0.7504815390624999 0.291130275 0.7507195656250001 0.292645684375 0.7544039328125 0.293826546875 0.752799775 0.29854999531250004 0.7463831453124999 0.299396309375 0.7394904640625 0.2978809 0.735806096875 0.298727215625 0.7289134140625 0.3010889390625 0.7257051 0.30151209687499997 0.7222587593750001 0.2999966875 0.7185743921875 0.307613521875 0.6565402578125
0 0.3434625421875 0.6049691968750001 0.3419471328125 0.6012848296875 0.35125659531250003 0.5254653312500001 0.34974118593750003 0.521780965625 0.35651170625 0.4666395125 0.354996296875 0.4629551453125 0.3630362875 0.3974746703125 0.361520878125 0.3937903015625 0.3661756109375 0.3558805546875 0.3646602015625 0.35219618750000004 0.367021925 0.348987871875 0.36998402812500003 0.3248634875 0.36846861875000003 0.3211791203125 0.3688917765625 0.317732778125 0.3712535 0.3145244640625 0.36973809062499996 0.31084009687499997 0.374392821875 0.27293035 0.3728774125 0.26924598125 0.379224775 0.21755087031250003 0.377709365625 0.213866503125 0.3802483109375 0.1931884578125 0.38927205 0.183801540625 0.3901183640625 0.17690885781250001 0.3886029546875 0.173224490625 0.390295584375 0.159439128125 0.38802247031250003 0.153912578125 0.35118970312500003 0.1493900828125 0.3476471171875 0.1542025546875 0.3455313296875 0.1714342578125 0.3470467390625 0.1751186265625 0.3415456921875 0.21992105468749998 0.34306110156249997 0.2236054234375 0.336713740625 0.275300534375 0.33822915 0.2789849015625 0.332728103125 0.3237873328125 0.3342435125 0.3274716984375 0.33043509531250004 0.358488765625 0.3319505046875 0.362173134375 0.32687261562500003 0.40352922187500007 0.32838802500000003 0.4072135890625 0.32204066249999996 0.4589087015625 0.323556071875 0.46259306875000006 0.31763186718749997 0.5108418390625 0.31914727656249997 0.51452620625 0.31872411875 0.5179725484375 0.3163623953125 0.5211808625 0.31787780468750004 0.5248652296875 0.312799915625 0.56622131875 0.31431532500000003 0.5699056859375 0.30923743593749997 0.6112617765625 0.31075284375 0.6149461421875 0.304828640625 0.6631949140625 0.30634405 0.6668792796874999 0.29745774375 0.7392524375 0.2939151578125 0.744064909375 0.2923997484375 0.7403805421875 0.29046118125 0.7401425171875 0.2888571609375 0.7451930140624999 0.289614865625 0.747035196875 0.295430565625 0.7477492765625 0.2961882703125 0.749591459375 0.294072484375 0.7668231640625 0.296345596875 0.7723497140625 0.31766983125000003 0.7749680015625 0.31885069375 0.77336384375 0.3200315546875 0.7717596859375 0.32584725625 0.7724737640625 0.32702811718749997 0.7708696078124999 0.3295670625 0.7501915609375 0.328051653125 0.7465071953125 0.337784275 0.66724135625 0.336268865625 0.663556990625 0.3434625421875 0.6049691968750001
0 0.372324034375 0.7064652859375 0.372747190625 0.7030189453125 0.375108915625 0.69981063125 0.3763783875 0.6894716078124999 0.374862978125 0.6857872406250001 0.383326128125 0.6168604249999999 0.38181071875 0.6131760578125001 0.3936591265625 0.516678515625 0.3921437171875 0.51299415 0.4044152828125 0.413050265625 0.40289987343749994 0.4093658984375 0.4061079125 0.3992649015625 0.40459250312500006 0.39558053437499996 0.41347880937500003 0.323207378125 0.4119634 0.3195230109375 0.4191570765625 0.2609352171875 0.41764166718749995 0.25725085000000003 0.42441218750000004 0.20210939843750003 0.422896778125 0.19842503125 0.42256223125 0.19313650625 0.383790896875 0.1883759859375 0.38261003437499996 0.18998014218749998 0.3754163578125 0.2485679375 0.3769317671875 0.252252303125 0.3688917765625 0.317732778125 0.370407184375 0.321417146875 0.3619440359375 0.3903439625 0.3634594453125 0.394028328125 0.35541945468749997 0.45950880468750005 0.3569348625 0.463193171875 0.35228013125 0.50110291875 0.353795540625 0.5047872859375 0.34617870625 0.5668214203125 0.347694115625 0.5705057890624999 0.3392309671875 0.6394326046875001 0.3407463765625 0.6431169703124999 0.3335527 0.7017047640625 0.335068109375 0.70538913125 0.32702811718749997 0.7708696078124999 0.330816640625 0.7800805234375 0.352140875 0.7826988109374999 0.3533217359375 0.781094653125 0.3545025984375 0.7794904953125 0.3603182984375 0.780204575 0.366222609375 0.7721837859375 0.3725699703125 0.720488675 0.3710545609375 0.716804309375 0.3734162859375 0.71359599375 0.37383944375 0.7101496515625 0.372324034375 0.7064652859375
0 0.4089506515625 0.6165084234375 0.4074352421875 0.61282405625 0.4078584 0.609377715625 0.41022012500000005 0.6061694 0.41064328124999994 0.6027230593749999 0.409127871875 0.5990386921875 0.42563101249999996 0.46463140156250005 0.424115603125 0.460947034375 0.42538507656249996 0.45060801093749997 0.4277468 0.447399696875 0.4302857453125 0.426721653125 0.42877033593749997 0.42303728593749995 0.43807979843749995 0.3472177890625 0.4365643890625 0.343533421875 0.4389261140625 0.34032510625 0.4444271609375 0.295522675 0.4429117515625 0.291838309375 0.443758065625 0.284945628125 0.44611979062499996 0.2817373140625 0.44738926250000005 0.271398290625 0.445873853125 0.2677139234375 0.45137489999999997 0.22291149375 0.449859490625 0.2192271265625 0.45028264843750004 0.215780784375 0.44952494375 0.2139386015625 0.44370924375 0.2132245234375 0.442193834375 0.20954015625000003 0.43983211093749996 0.21274847187499998 0.43789354375 0.21251044531250002 0.43637813437500006 0.20882607812499998 0.4266853015625 0.20763594843750002 0.4231427140625 0.21244842031250002 0.4193342984375 0.24346548750000002 0.42084970625 0.2471498546875 0.4119634 0.3195230109375 0.41347880937500003 0.323207378125 0.4102707703125 0.333308375 0.41178617968750003 0.336992740625 0.40501566093749997 0.3921341953125 0.4065310703125 0.3958185609375 0.3976447640625 0.46819171875 0.3991601734375 0.471876084375 0.3978907015625 0.4822151078125 0.39552897656249997 0.48542342187500004 0.393836346875 0.4992087859375 0.39535175625 0.5028931531249999 0.3839265046875 0.5959443546875 0.3854419140625 0.5996287203125 0.3761324515625 0.6754482187499999 0.37764786093749997 0.679132584375 0.3755320734375 0.6963642890624999 0.3731703484375 0.6995726046875 0.3710545609375 0.716804309375 0.3725699703125 0.720488675 0.370208246875 0.7236969890625 0.37172365625000003 0.72738135625 0.36749208125 0.761844765625 0.3682497859375 0.7636869484375 0.37212691875 0.764163 0.373642328125 0.7678473671875 0.3794580296875 0.7685614453125 0.380638890625 0.7669572875 0.381819753125 0.76535313125 0.3895740203125 0.7663052359375 0.39075488125 0.764701078125 0.39287066875 0.7474693734375 0.39523239375 0.7442610578125 0.3960787078125 0.737368378125 0.3945632984375 0.7336840109375 0.4089506515625 0.6165084234375
0 0.4471722546875 0.3693239890625 0.44565684531249994 0.365639621875 0.45877472656249996 0.2588030578125 0.4572593171875 0.255118690625 0.45852878906249994 0.24477966874999998 0.457771084375 0.24293748437499998 0.4500168171875 0.24198538125 0.44883595625000006 0.24358953749999998 0.4365643890625 0.343533421875 0.43807979843749995 0.3472177890625 0.4236924453125 0.46439337500000005 0.42520785468750005 0.46807774375 0.424361540625 0.47497042343749996 0.421999815625 0.4781787390625 0.421576659375 0.481625078125 0.42309206875000005 0.485309446875 0.41420576249999996 0.5576826031250001 0.4157211703125 0.5613669703124999 0.4152980140625 0.5648133109375 0.4129362890625 0.568021625 0.41166681718750003 0.5783606484375 0.4131822265625 0.582045015625 0.3996411875 0.6923279203125 0.40115659687500005 0.6960122875 0.396501865625 0.7339220375 0.39877497968750003 0.7394485859375 0.40071354687499994 0.7396866125 0.40222895625 0.7433709796875 0.405348384375 0.7420048484375 0.40771010781249994 0.738796534375 0.40897958125 0.7284575109375 0.40746417187499995 0.72477314375 0.4239673125 0.590365853125 0.422451903125 0.5866814859375 0.4414939875 0.43159615 0.439978578125 0.4279117828125 0.4471722546875 0.3693239890625
0 0.4572593171875 0.255118690625 0.45852878906249994 0.24477966874999998 0.457771084375 0.24293748437499998 0.451955384375 0.24222340625 0.44841279843750004 0.247035878125 0.43614123281249995 0.3469797625 0.4376566421875 0.3506641296875 0.42073034375 0.4885177609375 0.422245753125 0.492202128125 0.411243659375 0.5818069890625 0.41275906874999996 0.58549135625 0.3975254015625 0.709559625 0.3990408109375 0.713243990625 0.3969250234375 0.7304756953125 0.39962129375 0.73255590625 0.40198301875000003 0.7293475890625001 0.4042561328125 0.734874140625 0.403832975 0.7383204812499999 0.4045906796875 0.740162665625 0.4057715421875 0.7385585078125 0.4239673125 0.590365853125 0.422451903125 0.5866814859375 0.4414939875 0.43159615 0.439978578125 0.4279117828125 0.4475954125 0.36587764843750004 0.44608000312499996 0.36219328281249996 0.45877472656249996 0.2588030578125 0.4572593171875 0.255118690625
0 0.4391322625 0.4348044640625 0.4475954125 0.36587764843750004 0.44608000312499996 0.36219328281249996 0.4484417265625 0.35898496562500004 0.44692631718750003 0.35530059999999997 0.45665893906250005 0.2760347609375 0.4551435296875 0.2723503953125 0.45852878906249994 0.24477966874999998 0.457771084375 0.24293748437499998 0.451955384375 0.24222340625 0.44841279843750004 0.247035878125 0.44037280624999997 0.3125163546875 0.44188821562499997 0.316200721875 0.44061874375 0.3265397421875 0.43825701875 0.3297480578125 0.43977242812500006 0.333432425 0.439349271875 0.33687876562499997 0.436987546875 0.3400870796875 0.43850295624999996 0.34377144843749996 0.42115350156250003 0.48507142031250006 0.42266891093750003 0.4887557875 0.411243659375 0.5818069890625 0.41275906874999996 0.58549135625 0.3975254015625 0.709559625 0.3990408109375 0.713243990625 0.39565554999999997 0.7408147171875 0.3964132546875 0.7426569015625 0.4061060890625 0.74384703125 0.40728695156250005 0.7422428734375 0.40982589531249997 0.7215648296875 0.4083104859375 0.7178804640625 0.425236784375 0.58002683125 0.42372137499999996 0.5763424625 0.4260830984375 0.5731341484375 0.4245676890625 0.56944978125 0.440647671875 0.4384888328125 0.4391322625 0.4348044640625
0 0.4735454484375 0.218637096875 0.47203003906249996 0.21495273125 0.472453196875 0.211506390625 0.4701800828125 0.20597984062500002 0.4643643828125 0.2052657625 0.460821796875 0.210078234375 0.4603986390625 0.21352457500000002 0.46191404843750006 0.217208940625 0.4576824734375 0.25167235 0.45919788281249996 0.2553567171875 0.44608000312499996 0.36219328281249996 0.4475954125 0.36587764843750004 0.4391322625 0.4348044640625 0.440647671875 0.4384888328125 0.4194898 0.610805871875 0.42100520937499997 0.6144902390625 0.4061946984375 0.7351121671875 0.40771010781249994 0.738796534375 0.40804465624999997 0.7440850578125 0.411164084375 0.7427189265624999 0.415464375 0.7397486375 0.4192727921875 0.7087315703125 0.4177573828125 0.7050472046875 0.43087526406250004 0.5982106390624999 0.4293598546875 0.594526271875 0.44586299531250007 0.46011898125000006 0.4443475859375 0.4564346140625 0.4735454484375 0.218637096875
0 0.49021495000000004 0.259165134375 0.48869954218749995 0.2554807671875 0.4891226984375 0.252034425 0.486849584375 0.246507875 0.4713410515625 0.24460366718749998 0.46779846562499994 0.2494161390625 0.44664059375000004 0.42173317812500005 0.4481560015625 0.425417546875 0.437153909375 0.5150224062500001 0.43866931875 0.518706775 0.4259745953125 0.6220969984375 0.4274900046875 0.625781365625 0.4156415953125 0.7222789078125 0.4171570046875 0.725963275 0.41631069062500003 0.73285595625 0.41706839531249995 0.734698140625 0.426761228125 0.7358882703125 0.42794209062500005 0.7342841124999999 0.429122953125 0.7326799546875 0.434938653125 0.7333940328125 0.4361195140625 0.731789875 0.45558475625000006 0.5732581984375 0.454069346875 0.5695738328125 0.47649669218749996 0.38691776875 0.4749812828125 0.383233403125 0.49021495000000004 0.259165134375
0 0.5007739921875001 0.2132345984375 0.4949582921875 0.21252052031250002 0.49344288281250004 0.20883615312499998 0.47793435000000006 0.20693194531249998 0.4743917640625 0.21174441718749998 0.4714296625 0.23586880156249998 0.473702775 0.241395353125 0.4756413421875 0.24163337812500002 0.4771567515625 0.2453177453125 0.486849584375 0.246507875 0.4891226984375 0.252034425 0.484044809375 0.29339051562499996 0.48556021875 0.2970748828125 0.48513706093750003 0.300521221875 0.4827753375 0.3037295390625 0.4823521796875 0.30717587968750004 0.4838675890625 0.3108602453125 0.46990339375 0.42458949218750003 0.471418803125 0.42827385937500007 0.4506840875 0.597144559375 0.45219949687499994 0.600828925 0.434426884375 0.7455752390625 0.4366999984375 0.7511017890625 0.44251569843749994 0.7518158671874999 0.4436965609375 0.750211709375 0.460622859375 0.612358078125 0.45910745000000003 0.6086737109375 0.4832274234375 0.4122322859375 0.48171201406249997 0.40854791874999996 0.504139359375 0.22589185625 0.50262395 0.2222074890625 0.50304710625 0.2187611484375 0.5007739921875001 0.2132345984375
0 0.4897302875 0.7278775578125 0.4920920125 0.7246692421875001 0.502247790625 0.6419570625000001 0.50073238125 0.638272696875 0.5036944828125 0.6141483109375 0.5060562078124999 0.6109399953125 0.5077488375 0.5971546328125 0.506233428125 0.5934702656249999 0.5079260578125 0.579684903125 0.51028778125 0.5764765875 0.5087723734375 0.572792221875 0.5185049937499999 0.49352638125 0.516989584375 0.489842015625 0.5339158828125 0.3519883828125 0.5324004734375001 0.3483040171875 0.5332467875 0.3414113359375 0.5356085125 0.3382030203125 0.534093103125 0.334518653125 0.5345162609375 0.3310723125 0.536877984375 0.32786399843749997 0.535362575 0.32417963125 0.5379015203125 0.3035015859375 0.54026324375 0.300293271875 0.538747834375 0.2966089046875 0.5590593921875 0.13118454531249998 0.5567862781249999 0.1256579953125 0.539339178125 0.12351576093750001 0.5326771625 0.12969436406249998 0.5268614625 0.1289802859375 0.5244997390624999 0.1321886 0.516745471875 0.131236496875 0.514383746875 0.1344448125 0.508568046875 0.133730734375 0.5073871859375 0.13533489062499998 0.5027324531249999 0.1732446390625 0.5042478625 0.17692900625000002 0.5008626031250001 0.2044997328125 0.5023780125 0.2081840984375 0.5019548546875 0.21163044062499997 0.5049856734375 0.2189991734375 0.5007540984375 0.25346258125 0.5022695078125 0.25714695 0.5018463515625 0.26059329062500003 0.504542621875 0.2626735 0.5068157359375001 0.26820005 0.5046999484375 0.285431753125 0.5062153578124999 0.289116121875 0.50113746875 0.330472209375 0.5034105828125 0.33599876093750003 0.51116485 0.336950865625 0.511499396875 0.3422393890625 0.51301480625 0.34592375625 0.5125916484374999 0.349370096875 0.5141070578125 0.3530544640625 0.498873390625 0.47712273281249995 0.5003887984375 0.4808071 0.49996564218749995 0.48425344062500003 0.49760391718749997 0.4874617546875 0.4963344453125 0.49780077812499995 0.4978498546875 0.50148514375 0.497426696875 0.504931484375 0.4950649734375 0.5081398 0.49337234375000005 0.5219251625 0.494887753125 0.52560953125 0.49319512187500003 0.53939489375 0.4908333984375 0.5426032078125 0.490410240625 0.5460495484375001 0.49192565000000005 0.549733915625 0.47372987968749997 0.6979265703124999 0.4752452890625 0.7016109375 0.4748221328125 0.705057278125 0.4724604078125 0.7082655921875001 0.47119093593750005 0.7186046140625 0.4727063453125 0.72228898125 0.4663589828125 0.77398409375 0.4671166875 0.775826278125 0.4806866546875 0.777492459375 0.48186751718750004 0.775888303125 0.48659096562500004 0.769471671875 0.48701412343749995 0.7660253328125 0.4854987140625 0.762340965625 0.4867681859375 0.7520019421875 0.489129909375 0.7487936281249999 0.49039938281250006 0.7384546046875 0.4888839734375 0.7347702390624999 0.4897302875 0.7278775578125
0 0.50534915 0.33623678749999997 0.503833740625 0.33255241875 0.5002911546875 0.3373648921875 0.4829416984375 0.478664865625 0.4844571078125 0.48234923125 0.4586445046875 0.692576021875 0.4601599140625 0.6962603875 0.45338939375000004 0.751401840625 0.45414709843749995 0.7532440234375 0.4657785 0.7546721796875 0.4669593609375 0.753068021875 0.5012351140625 0.4739144171875 0.4997197046875 0.4702300515625 0.514530215625 0.349608121875 0.51301480625 0.34592375625 0.512680259375 0.3406352328125 0.5107416921875 0.34039720625 0.5092262828125 0.3367128390625 0.50534915 0.33623678749999997
0 0.4859218703125 0.758894625 0.48819498437500003 0.7644211750000001 0.48937584687499996 0.7628170171875001 0.4917375703125 0.759608703125 0.4934302 0.745823340625 0.4919147921875 0.742138971875 0.49614636562500003 0.7076755640625 0.4953886609375 0.70583338125 0.4937846421875 0.710883878125 0.49142291718750003 0.7140921953125 0.4859218703125 0.758894625
0 0.5164579234375 0.54225120625 0.5177273953125 0.531912184375 0.5200891203125 0.52870386875 0.5260133234375 0.4804550984375 0.5244979140625 0.4767707296875 0.5268596390625 0.473562415625 0.54209330625 0.349494146875 0.540577896875 0.34580977968750004 0.5613126125 0.17693908125 0.5590394984375 0.17141253125 0.5551623640625001 0.17093647812499999 0.5539815031249999 0.1725406359375 0.527745740625 0.386213765625 0.52926115 0.3898981328125 0.51106538125 0.5380907859375 0.5125807890625 0.5417751546875 0.5003092234375 0.6417190374999999 0.5018246328125 0.645403403125 0.500132003125 0.6591887671875 0.4977702796875 0.66239708125 0.497347121875 0.6658434234375 0.49962023593750005 0.6713699734375 0.5008010984375 0.669765815625 0.507994775 0.611178021875 0.5103564984375 0.6079697078125 0.51077965625 0.6045233671875 0.509264246875 0.6008389984375 0.5143421359375 0.5594829109375 0.5167038609375 0.55627459375 0.5179733328125 0.5459355734375 0.5164579234375 0.54225120625
0 0.540498321875 0.5067217171875 0.542860046875 0.503513403125 0.543283203125 0.5000670625 0.54176779375 0.4963826953125 0.54388358125 0.479150990625 0.54624530625 0.4759426765625 0.5466684625 0.47249633593749996 0.5451530531250001 0.46881196875000003 0.5709656578125 0.2585851796875 0.5694502484374999 0.25490081249999996 0.5711428781250001 0.24111544999999998 0.573504603125 0.2379071359375 0.5743509171875 0.23101445312500002 0.5728355078125 0.22733008593749998 0.5838376015625 0.137725225 0.583079896875 0.1358830421875 0.5695099296875 0.134216859375 0.56714820625 0.1374251734375 0.563271071875 0.136949121875 0.5597284859375 0.14176159531250002 0.5571895421875 0.1624396390625 0.5602203593749999 0.1698083734375 0.559797203125 0.17325471406249998 0.5613126125 0.17693908125 0.549041046875 0.2768829640625 0.5505564546875 0.28056733125 0.5492869828125 0.290906353125 0.546925259375 0.29411466875 0.54607894375 0.30100735 0.547594353125 0.304691715625 0.4959691453125 0.72514529375 0.49748455468749997 0.7288296625 0.4951228296875 0.7320379765625 0.49300704375000004 0.7492696796875 0.494522453125 0.752954046875 0.49282982343750004 0.7667394109375001 0.4966183453125 0.775950328125 0.5063111796875 0.7771404578125 0.5074920421875 0.7755363 0.5098537656250001 0.7723279859375001 0.5369358421875 0.5517621734375 0.5354204328125001 0.5480778078124999 0.5371130625 0.53429244375 0.5394747859375 0.5310841296875 0.53989794375 0.5276377875 0.5383825343749999 0.523953421875 0.540498321875 0.5067217171875
0 0.5849877109375 0.368754109375 0.6163013609375 0.11372489062499999 0.6140282484374999 0.10819833906250001 0.5985197140625 0.10629413125 0.596157990625 0.1095024453125 0.5884037234374999 0.10855034062499999 0.5860419984374999 0.11175865625 0.582164865625 0.1112826046875 0.5798031421875 0.11449091874999999 0.5759260078125 0.11401486718750001 0.573564284375 0.11722318125 0.5677485843750001 0.116509103125 0.565386859375 0.1197174171875 0.5634482937499999 0.1194793921875 0.55990570625 0.12429186562500001 0.55948255 0.1277382046875 0.5609979593750001 0.131422571875 0.5613325062500001 0.1367110953125 0.5652096390625 0.1371871484375 0.5675713640625 0.1339788328125 0.583079896875 0.1358830421875 0.5838376015625 0.137725225 0.5825681296874999 0.1480642484375 0.5840835390625 0.1517486140625 0.5817218140625 0.154956928125 0.58129865625 0.1584032703125 0.582814065625 0.1620876375 0.5578477765625001 0.3654217453125 0.5593631859375 0.3691061109375 0.5589400296875 0.3725524515625 0.5565783046874999 0.3757607671875 0.554885675 0.38954613125000004 0.556401084375 0.393230496875 0.5098537656250001 0.7723279859375001 0.511369175 0.7760123515624999 0.5109460171875 0.77945869375 0.51321913125 0.78498524375 0.522911965625 0.7861753734375 0.5240928265625 0.7845712171875 0.530331684375 0.7818389546875 0.5396411484375 0.7060194562500001 0.5420028718750001 0.7028111421875 0.5404874625 0.6991267734375 0.5409106203125 0.695680434375 0.5432723453125 0.69247211875 0.5826259874999999 0.37196242343749997 0.5849877109375 0.368754109375
0 0.5999356546875 0.31111842031250003 0.6022973781250001 0.3079101046875 0.615415259375 0.201073540625 0.6177769828125 0.1978652265625 0.6211622421875 0.1702944984375 0.618465971875 0.1682142890625 0.6169505625 0.1645299234375 0.6150119953125001 0.164291896875 0.612650271875 0.1675002109375 0.6095308421875 0.16886634218750002 0.5879498125 0.3446297234375 0.5855880890625 0.3478380390625 0.550889178125 0.630437984375 0.5485274546875 0.6336462984375 0.5472579828125 0.643985321875 0.5487733921875 0.6476696890625 0.548350234375 0.6511160296875 0.545988509375 0.65432434375 0.5320243140625001 0.768053590625 0.5327820187500001 0.769895775 0.53859771875 0.7706098531250001 0.53977858125 0.7690056953125 0.5421403046875 0.76579738125 0.5565276578125 0.6486217921875 0.5588893828125 0.6454134781249999 0.5643904296875 0.6006110484375 0.5628750203124999 0.59692668125 0.5632981781249999 0.5934803390625001 0.5656599015625 0.590272025 0.5999356546875 0.31111842031250003
0 0.62026528125 0.45004820624999997 0.632536846875 0.3501043234375 0.634898571875 0.34689600781249996 0.6374375156250001 0.3262179640625 0.63592210625 0.322533596875 0.635587559375 0.317245071875 0.6317104265625 0.3167690203125 0.6301950171875 0.313084653125 0.62244075 0.31213255 0.620925340625 0.30844818281249997 0.6131710734375 0.307496078125 0.6116556640625 0.3038117125 0.6058399640625 0.303097634375 0.6022973781250001 0.3079101046875 0.5938342296875 0.3768369203125 0.5914725046875 0.38004523749999997 0.5432325578125 0.7729280875 0.5447479656249999 0.7766124546875 0.544324809375 0.7800587953125 0.5473556281249999 0.7874275296875 0.548024721875 0.798004578125 0.551055540625 0.8053733109375001 0.5506323828124999 0.8088196515625 0.5536632015625 0.8161883859374999 0.55324004375 0.8196347265625 0.5555131578125 0.8251612765624999 0.565205990625 0.8263514078125 0.566386853125 0.82474725 0.5735805296875001 0.76615945625 0.5759422546875 0.7629511421874999 0.5882138203125 0.6630072593749999 0.59057554375 0.6597989421875 0.60623236875 0.5322843328125 0.6085940937500001 0.52907601875 0.6179035578125001 0.45325652187500004 0.62026528125 0.45004820624999997
0 0.681916046875 0.3806554125 0.6842777703125 0.3774470984375 0.6923177609375 0.3119666234375 0.6946794859375001 0.3087583078125 0.6967952734375 0.291526603125 0.6952798640625 0.2878422375 0.6949453171875 0.2825537125 0.6891296171875 0.281839634375 0.6876142078124999 0.2781552671875 0.65853570625 0.27458487656249997 0.6570202968750001 0.270900509375 0.6473274640625 0.2697103796875 0.644965740625 0.27291869375 0.63527290625 0.2717285640625 0.6317303203125 0.2765410359375 0.6332457296875 0.280225403125 0.6323994140625 0.28711808437499997 0.6346725281250001 0.2926446359375 0.640488228125 0.29335871406249997 0.642849953125 0.2901503984375 0.64478851875 0.290388425 0.646303928125 0.29407279218750004 0.6501810625 0.29454884375 0.650515609375 0.2998373671875 0.65203101875 0.30352173437499996 0.6427215546875 0.37934123125 0.64035983125 0.382549546875 0.6310503671875 0.45836904375 0.6286886421875 0.461577359375 0.6109160296875 0.6063236734374999 0.6085543062500001 0.6095319875 0.594166953125 0.7267075765625 0.5956823625000001 0.7303919421875 0.5952592046875 0.7338382828125 0.59753231875 0.7393648328125 0.62661081875 0.7429352234375 0.62779168125 0.7413310656250001 0.632091971875 0.738360778125 0.6401319640625001 0.672880303125 0.6424936875 0.6696719890625 0.6518031515625 0.593852490625 0.654164875 0.5906441765625 0.66516696875 0.501039315625 0.66752869375 0.49783099999999997 0.681916046875 0.3806554125
0 0.648645759375 0.3310924609375 0.6494920734375 0.32419977968749997 0.6479766640625 0.3205154125 0.648399821875 0.317069071875 0.6507615453125 0.31386075625 0.651184703125 0.31041441718749996 0.647730728125 0.30649202343750004 0.648153884375 0.30304568125000003 0.650515609375 0.2998373671875 0.6482424953125 0.2943108171875 0.646303928125 0.29407279218750004 0.64478851875 0.290388425 0.63897281875 0.289674346875 0.637457409375 0.28598997812500004 0.631641709375 0.28527589999999997 0.6304608484374999 0.28688005781250003 0.629191375 0.29721908125 0.6307067843749999 0.300903446875 0.6294373125 0.31124247031249996 0.632133584375 0.3133226796875 0.6336489921874999 0.31700704687500003 0.635587559375 0.317245071875 0.6378606734375001 0.3227716234375 0.6365912015624999 0.3331106453125 0.6342294765625 0.3363189609375 0.6333831625 0.3432116421875 0.634898571875 0.34689600781249996 0.6336290984375 0.35723503125 0.631267375 0.3604433453125 0.6181494937500001 0.4672799109375 0.6157877703125 0.470488225 0.6090172515625001 0.5256296781249999 0.6066555265625 0.5288379937500001 0.6053860546875 0.539177015625 0.6069014640625 0.5428613828125 0.60647830625 0.5463077234375 0.6041165828125 0.5495160375 0.5893060718750001 0.670137965625 0.586944346875 0.6733462796875 0.5784811984375 0.742273096875 0.579238903125 0.7441152796875 0.5889317375 0.7453054109374999 0.5901125984375 0.743701253125 0.609577840625 0.5851695765625 0.611939565625 0.5819612609375 0.6267500765625 0.461339334375 0.6291118 0.45813101874999995 0.638844421875 0.3788651796875 0.6412061453125 0.375656865625 0.646284034375 0.334300775 0.648645759375 0.3310924609375
0 0.6655105515625 0.6585049125 0.6743968578125 0.5861317546875 0.67675858125 0.582923440625 0.6826827859375 0.5346746687499999 0.685044509375 0.5314663546875 0.69054555625 0.4866639234375 0.69290728125 0.48345560781249997 0.70221674375 0.4076361109375 0.7045784687500001 0.40442779531250006 0.7092332 0.366518046875 0.7065369296874999 0.36443783750000003 0.7050215203125 0.360753471875 0.6992058203125 0.36003939375 0.694236434375 0.3524326328125 0.6903593015625 0.35195658124999996 0.686816715625 0.35676905312499996 0.6796230390625 0.41535684687499996 0.6772613140625 0.4185651609375 0.664143434375 0.5254017265625001 0.661781709375 0.5286100421875 0.6528954031249999 0.6009831984375 0.6505336796875001 0.6041915125 0.6496873640625 0.6110841953125 0.6512027734375 0.6147685609375 0.6488410499999999 0.617976875 0.63572316875 0.724813440625 0.6333614437499999 0.7280217546875 0.6312456578125001 0.7452534609375 0.6335187703125 0.7507800109375 0.6432116046874999 0.751970140625 0.6443924671875 0.7503659828125 0.6475118953125001 0.7489998515625 0.65341620625 0.7409790640625 0.6555319921875 0.7237473609375 0.6578937171875 0.720539046875 0.661702134375 0.6895219796875 0.660186725 0.6858376125000001 0.6631488265625001 0.6617132265625 0.6655105515625 0.6585049125
0 0.696126178125 0.28094955625 0.6976415874999999 0.284633921875 0.691717384375 0.33288269375 0.689355659375 0.3360910078125 0.6880861875 0.34643003125 0.6903593015625 0.35195658124999996 0.694236434375 0.3524326328125 0.69575184375 0.356117 0.6996289765625 0.3565930515625 0.7011443859375001 0.3602774203125 0.7050215203125 0.360753471875 0.7065369296874999 0.36443783750000003 0.7096563578125 0.3630717078125 0.7117721453125 0.345840003125 0.7141338687500001 0.3426316875 0.72048123125 0.2909365765625 0.7182081171875 0.28541002656250003 0.70463815 0.28374384375 0.703122740625 0.280059475 0.6973070406249999 0.27934539687500004 0.696126178125 0.28094955625
0 0.7330457328125 0.621319315625 0.7398162515625 0.5661778609375 0.7421779749999999 0.562969546875 0.7481021796875 0.5147207765624999 0.750463903125 0.5115124625 0.75596495 0.46671003125 0.758326675 0.4635017171875 0.7655203515625 0.4049139234375 0.7678820749999999 0.4017056078125 0.7746525937500001 0.3465641546875 0.77701431875 0.343355840625 0.7842079953125001 0.284768046875 0.78656971875 0.28155973125 0.7912244515625 0.2436499828125 0.793586175 0.24044166718749999 0.7940093328125 0.236995328125 0.7924939234374999 0.2333109609375 0.7958791828125 0.20574023437500003 0.795121478125 0.20389805156250002 0.7369644765625 0.19675726875 0.734602753125 0.19996558281250001 0.7330873437500001 0.1962812171875 0.7311487765625 0.196043190625 0.728787053125 0.1992515046875 0.6919542859375001 0.19472900937499998 0.6895925609375 0.197937325 0.679899728125 0.19674719375 0.6782957078125 0.20179769374999998 0.6759339843750001 0.2050060078125 0.669163465625 0.260147459375 0.670678875 0.263831828125 0.671013421875 0.26912035156249997 0.6748905546875 0.269596403125 0.6764059640625 0.27328077031250003 0.6977301984375 0.27589905625 0.6992456078125 0.2795834234375 0.712815575 0.28124960625 0.7143309828125 0.2849339734375 0.7182081171875 0.28541002656250003 0.72048123125 0.2909365765625 0.708632821875 0.3874341171875 0.7062710984375 0.3906424328125 0.6961153203125 0.4733546125 0.6937535953125 0.4765629265625 0.6869830765625 0.53170438125 0.6846213515625 0.5349126953125001 0.6786971484375 0.583161465625 0.6763354234375 0.5863697812499999 0.6594091265625 0.7242234125 0.661682240625 0.7297499625 0.66362080625 0.7299879890625001 0.6674093296875 0.7391989062500001 0.6669861734375 0.742645246875 0.6783517421874999 0.7702779984375 0.680290309375 0.7705160249999999 0.6852596937500001 0.778122784375 0.7007682281250001 0.7800269921874999 0.7019490890625 0.7784228359375 0.70506851875 0.7770567046875 0.7086111046875 0.7722442328125 0.712419521875 0.741227165625 0.7147812453125 0.73801885 0.721974921875 0.6794310578125 0.724336646875 0.676222740625 0.7306840078125 0.6245276296875 0.7330457328125 0.621319315625
0 0.7561313125 0.6416453578125 0.7584930359375 0.63843704375 0.763570925 0.597080953125 0.76593265 0.5938726390625 0.7710105390625 0.5525165484375 0.7733722625 0.549308234375 0.778873309375 0.504505803125 0.7812350343750001 0.5012974890625 0.7871592390625 0.45304871875 0.7895209624999999 0.44984040312499995 0.79417569375 0.4119306546875 0.7965374187500001 0.4087223390625 0.80119215 0.370812590625 0.8035538750000001 0.36760427500000004 0.80820860625 0.329694528125 0.8105703296875 0.3264862125 0.8160713765625 0.2816837828125 0.8184331015625 0.2784754671875 0.8230878328125 0.24056571875000002 0.82081471875 0.23503916875000003 0.80336761875 0.23289693437499998 0.8010058953125 0.2361052484375 0.7951901953125 0.2353911703125 0.7940093328125 0.236995328125 0.7927398609375 0.24733434999999998 0.7903781359375001 0.25054266406250003 0.7848770890625001 0.2953450953125 0.782515365625 0.298553409375 0.775744846875 0.3536948640625 0.773383121875 0.356903178125 0.7657662875 0.41893731250000005 0.7634045640625 0.4221456265625 0.7566340453125 0.4772870796875 0.7542723203125 0.48049539531249996 0.7483481171874999 0.528744165625 0.7459863921875 0.5319524796875 0.7396390312500001 0.5836475921875001 0.73727730625 0.5868559078125 0.7309299453125 0.6385510187500001 0.7285682203125 0.6417593328125 0.7209513875 0.7037934671875 0.7185896625 0.7070017828124999 0.7122423015625 0.7586968953125 0.7098805765625 0.761905209375 0.7090342625 0.7687978906249999 0.7113073765625 0.7743244421875 0.721000209375 0.775514571875 0.7221810718749999 0.773910415625 0.723361934375 0.7723062578125 0.7330547671875001 0.7734963890625 0.736597353125 0.7686839156249999 0.7404057703125 0.7376668484375 0.7427674953125 0.7344585328125001 0.7486916984375 0.6862097625 0.7510534234375 0.6830014484375 0.7561313125 0.6416453578125
0 0.788841009375 0.6316684109375 0.7912027328125 0.628460096875 0.7954343078125 0.5939966890624999 0.79779603125 0.5907883734375 0.802873921875 0.549432284375 0.8052356453125 0.5462239703125 0.8090440624999999 0.515206903125 0.8114057859375 0.5119985875 0.8156373609375001 0.47753517968750003 0.817999084375 0.474326865625 0.8218075015625 0.4433097984375 0.8241692265625 0.44010148281249994 0.8288239578125 0.402191734375 0.8311856828125 0.39898341875 0.8358404140625 0.361073671875 0.8382021390625001 0.3578653546875 0.8424337124999999 0.323401946875 0.8447954375 0.3201936328125 0.84945016875 0.2822838828125 0.8518118921875001 0.27907556875 0.855620309375 0.2480585015625 0.8579820343750001 0.24485018749999998 0.8630599234374999 0.203494096875 0.86230221875 0.2016519140625 0.8196537515625 0.196415340625 0.8172920265625001 0.1996236546875 0.8037220609375 0.19795747187499999 0.8025411984374999 0.19956163124999998 0.801271725 0.209900653125 0.8043025437500001 0.21726938750000002 0.8038793875 0.220715728125 0.80918331875 0.2336110125 0.8227532859375 0.2352771953125 0.8250263999999999 0.24080374375 0.8233337703125001 0.2545891078125 0.8209720453125 0.257797421875 0.8224874546875001 0.26148178906249997 0.8201257312499999 0.2646901046875 0.8158941562500001 0.2991535125 0.8135324328125 0.3023618265625 0.8071850703125 0.3540569375 0.804823346875 0.35726525468750003 0.7988991421875 0.405514025 0.7965374187500001 0.4087223390625 0.79230584375 0.44318574687499995 0.7899441203124999 0.4463940625 0.7835967578125 0.49808917499999994 0.7812350343750001 0.5012974890625 0.7757339875 0.5460999203125 0.7733722625 0.549308234375 0.767448059375 0.5975570046875001 0.7650863343750001 0.6007653203125 0.760431603125 0.63867506875 0.7580698781249999 0.641883384375 0.7525688328125 0.6866858140625001 0.7502071078125 0.6898941296875 0.743859746875 0.741589240625 0.741498021875 0.74479755625 0.7385359203124999 0.7689219406250001 0.740809034375 0.7744484921875 0.7427476000000001 0.77468651875 0.744263009375 0.778370884375 0.7578329765625 0.7800370671875 0.7590138390625001 0.7784329109375 0.765252696875 0.7757006468750001 0.7669453265625 0.761915284375 0.76930705 0.75870696875 0.7752312546875 0.7104581984375 0.7775929781250001 0.7072498828125 0.781824553125 0.672786475 0.7841862765625 0.6695781609375 0.788841009375 0.6316684109375
0 0.8391352390625 0.6868199390624999 0.8414969640625 0.6836116234375 0.8461516953125001 0.645701875 0.8485134203125 0.642493559375 0.85274499375 0.6080301515625 0.8551067187499999 0.6048218375000001 0.8584919781250001 0.5772511109375 0.8608537015625 0.5740427968749999 0.8650852765625 0.5395793890625 0.867447 0.5363710734375 0.871678575 0.501907665625 0.8740402984375001 0.49869935156249995 0.8782718734375001 0.46423594375 0.880633596875 0.461027628125 0.884865171875 0.42656421875 0.8872268953125 0.42335590468750006 0.8910353125 0.3923388375 0.8933970375 0.3891305234375 0.8976286109375 0.354667115625 0.8999903359375001 0.35145879999999996 0.903798753125 0.3204417328125 0.9061604765625001 0.31723341875 0.9112383656249999 0.2758773296875 0.9104806609375 0.2740351453125 0.906603528125 0.2735590921875 0.90508811875 0.2698747265625 0.860501084375 0.2644001265625 0.8589856749999999 0.26071575937499997 0.857047109375 0.260477734375 0.8535045218749999 0.26529020625 0.8509655781250001 0.2859682515625 0.848603853125 0.289176565625 0.8439491218749999 0.3270863140625 0.8415873984375001 0.3302946296875 0.8369326656249999 0.368204378125 0.8345709421875 0.3714126921875 0.8307625249999999 0.40242975937500003 0.8284008 0.405638075 0.8233229109375 0.4469941640625 0.8209611875 0.450202478125 0.817575928125 0.47777320625 0.8152142031249999 0.48098152031249997 0.8109826296874999 0.5154449296875 0.8086209046875 0.51865324375 0.8048124874999999 0.5496703109375 0.8024507640625 0.552878625 0.79779603125 0.5907883734375 0.7954343078125 0.5939966890624999 0.7912027328125 0.628460096875 0.788841009375 0.6316684109375 0.7837631203125001 0.6730245015625 0.7814013953125001 0.6762328156249999 0.7759003484375 0.721035246875 0.773538625 0.7242435609375 0.7718459953125001 0.738028925 0.77563451875 0.7472398421875 0.777573084375 0.74747786875 0.780603903125 0.7548466015625 0.7825424703125 0.755084628125 0.7855732890625 0.7624533609374999 0.78751185625 0.7626913859375 0.7905426734375001 0.7700601218750001 0.792481240625 0.770298146875 0.7974506265625 0.7779049062500001 0.812959159375 0.7798091140625 0.814140021875 0.7782049578125 0.815320884375 0.7766008 0.82307515 0.7775529046874999 0.8242560125 0.7759487468749999 0.8255254843750001 0.765609725 0.8278872093749999 0.762401409375 0.8329650984375 0.7210453203125 0.835326821875 0.71783700625 0.8391352390625 0.6868199390624999
0 0.860991134375 0.6370290359374999 0.8633528593750001 0.6338207203125 0.868007590625 0.595910971875 0.8703693140625001 0.59270265625 0.8737545750000001 0.5651319296875 0.8761162984374999 0.561923615625 0.8799247156250001 0.5309065484375 0.8822864390625 0.5276982343750001 0.8860948562500001 0.4966811671875 0.88845658125 0.49347285156250004 0.8922649968749999 0.462455784375 0.894626721875 0.45924746875 0.89801198125 0.43167674375000004 0.9003737062500001 0.42846842812499997 0.904182121875 0.3974513609375 0.9065438468749999 0.394243046875 0.9099291062500001 0.36667231875 0.9122908296875 0.3634640046875 0.9160992468750001 0.3324469375 0.918460971875 0.3292386234375 0.9222693890624999 0.29822155625 0.9246311125 0.29501324218749997 0.928016371875 0.267442515625 0.9303780968750001 0.26423420000000003 0.9337633562500001 0.2366634734375 0.9330056515624999 0.234821290625 0.8612786828125 0.2260143265625 0.8600978218750001 0.2276184828125 0.8562894046875 0.2586355515625 0.85856251875 0.2641621 0.9109038187499999 0.2705888046875 0.9131769328124999 0.27611535625 0.9123306187500001 0.2830080359375 0.90996889375 0.28621635156249997 0.9057373203125 0.3206797578125 0.9033755953125 0.323888075 0.8991440203125001 0.3583514828125 0.8967822968749999 0.361559796875 0.8929738796875 0.3925768640625 0.8906121562499999 0.395785178125 0.8868037390625 0.4268022453125 0.8844420140624999 0.43001056093749995 0.8797872828125 0.467920309375 0.8774255578125001 0.47112862343749995 0.8736171421875 0.502145690625 0.8712554171875 0.5053540062499999 0.867447 0.5363710734375 0.8650852765625 0.5395793890625 0.8608537015625 0.5740427968749999 0.8584919781250001 0.5772511109375 0.8546835609375 0.608268178125 0.8523218359375001 0.6114764921875 0.8485134203125 0.642493559375 0.8461516953125001 0.645701875 0.8414969640625 0.6836116234375 0.8391352390625 0.6868199390624999 0.8340573499999999 0.728176028125 0.8316956265625001 0.7313843421875 0.828310365625 0.7589550703125 0.8305834796875 0.76448161875 0.8337029093749999 0.7631154890625 0.8399417671875 0.7603832265625 0.8424807109374999 0.73970518125 0.8448424359375 0.736496865625 0.8482276953125 0.708926140625 0.8505894187499999 0.705717825 0.8552441515625 0.6678080765625001 0.857605875 0.6645997625 0.860991134375 0.6370290359374999
0 0.8912306031250001 0.679223253125 0.893592328125 0.6760149375 0.8965544296875001 0.651890553125 0.898916153125 0.6486822375 0.9018782562500001 0.624557853125 0.9042399796874999 0.6213495375 0.9076252390624999 0.5937788109375 0.9099869640625 0.5905704968750001 0.9129490656250001 0.5664461109375 0.915310790625 0.563237796875 0.91869605 0.5356670703125 0.9210577734375001 0.5324587546874999 0.9240198765625 0.50833436875 0.9263816 0.5051260546874999 0.929766859375 0.47755532812499996 0.9321285828124999 0.4743470125 0.9355138437500001 0.4467762859375 0.9378755671875 0.443567971875 0.9408376687500001 0.4194435859375 0.94319939375 0.41623527187500003 0.9461614953125 0.3921108859375 0.9485232203124999 0.38890257031250003 0.9519084796874999 0.3613318453125 0.954270203125 0.3581235296875 0.9576554625 0.33055280468750003 0.9600171874999999 0.3273444890625 0.9629792890625 0.30322010312500003 0.9653410140625001 0.3000117890625 0.9683031156249999 0.275887403125 0.9706648390625 0.2726790890625 0.9744732562499999 0.241662021875 0.97683498125 0.23845370625 0.980220240625 0.21088297968749997 0.9825819640625 0.207674665625 0.983005121875 0.20422832343750003 0.9807320078125 0.1987017734375 0.955530640625 0.195607434375 0.9531689171875 0.19881575 0.92215185 0.1950073328125 0.9197901249999999 0.1982156484375 0.8887730578124999 0.19440723124999998 0.8864113343750001 0.1976155453125 0.8689642328125 0.1954733109375 0.865421646875 0.20028578281249998 0.8633058609375001 0.21751748593750003 0.8670943828125001 0.2267284046875 0.90392715 0.23125089999999998 0.9062888750000001 0.22804258593750001 0.917920275 0.22947074218750002 0.919435684375 0.23315510781249998 0.9330056515624999 0.234821290625 0.9337633562500001 0.2366634734375 0.9286854671875 0.2780195640625 0.9263237421875001 0.281227878125 0.923361640625 0.30535226249999997 0.9209999156249999 0.3085605796875 0.9176146562499999 0.33613130468749997 0.9152529328125001 0.3393396203125 0.9118676734375001 0.3669103453125 0.9095059484375 0.3701186609375 0.905274375 0.40458206875 0.90291265 0.407790384375 0.8991042328125 0.4388074515625 0.896742509375 0.442015765625 0.89335725 0.4695864921875 0.8909955249999999 0.47279480625000003 0.887610265625 0.5003655328125001 0.8852485421875 0.503573846875 0.8814401249999999 0.534590915625 0.8790784 0.5377992296875 0.8748468265625 0.5722626390625 0.8724851015624999 0.575470953125 0.8690998421874999 0.6030416796875 0.8667381187500001 0.60624999375 0.8633528593750001 0.6338207203125 0.860991134375 0.6370290359374999 0.8571827171875 0.668046103125 0.85482099375 0.6712544171875 0.8493199468749999 0.716056846875 0.8469582234375 0.7192651624999999 0.8435729625 0.7468358890625 0.8412112390625 0.7500442031250001 0.8399417671875 0.7603832265625 0.8452456984375001 0.7732785109375 0.847184265625 0.7735165359375 0.8521536515625 0.7811232953125 0.8676621843750001 0.7830275046875 0.8688430468749999 0.781423346875 0.8731433375 0.7784530578125 0.873989653125 0.7715603765625 0.8763513765625 0.7683520609375 0.8801597937500001 0.73733499375 0.8825215171874999 0.7341266796875 0.8850604625 0.7134486359375 0.8874221859375 0.7102403203125001 0.8912306031250001 0.679223253125
0 0.3703058921875 0.867139196875 0.3728448359375 0.846461153125 0.37208713125 0.8446189687500001 0.358517165625 0.8429527875 0.356155440625 0.8461611015624999 0.35227830781249997 0.8456850484375 0.348735721875 0.8504975203124999 0.3453504609375 0.878068246875 0.34416959999999996 0.8796724046875 0.3364153328125 0.8787203 0.3297533171875 0.8848989046875 0.3161833515625 0.883232721875 0.3146679421875 0.8795483562499999 0.3123062171875 0.8827566703124999 0.3064905171875 0.8820425921874999 0.3049751078125 0.878358225 0.24875667343750002 0.8714554703124999 0.2472412640625 0.8677711015625 0.1774528625 0.8592021640624999 0.1759374546875 0.855517796875 0.169698596875 0.858250059375 0.1681831875 0.8545656921875 0.1197190203125 0.8486150406249999 0.11820361093750001 0.844930675 0.11432647656249999 0.844454621875 0.1084221671875 0.8524754078125 0.1041905921875 0.8869388171875 0.10646370624999998 0.8924653671874999 0.1704364078125 0.9003202281249999 0.1719518171875 0.9040045937500001 0.25531018437499997 0.9142397140625 0.25682559375 0.91792408125 0.342122528125 0.9283972281249999 0.3436379375 0.9320815953125001 0.3459996625 0.9288732796874999 0.3479382296875 0.9291113062499999 0.3494536375 0.932795675 0.3525730671875 0.93142954375 0.35375392968749997 0.9298253843750001 0.3595696296875 0.9305394625 0.3611736484375 0.925488965625 0.36353537343750003 0.92228065 0.36649747499999996 0.8981562640625 0.3688591984375 0.89494795 0.3718213015625 0.8708235656250001 0.3703058921875 0.867139196875
0 0.246749390625 0.839724325 0.2443876671875 0.8429326390625 0.1959234984375 0.8369819875 0.193561775 0.8401903015625001 0.17417610781249998 0.8378100406250001 0.17181438437500002 0.8410183546875001 0.12722735000000002 0.8355437562500001 0.12486562500000001 0.8387520703125 0.1171113578125 0.8377999656249999 0.11593049687500001 0.8394041250000001 0.11626504374999999 0.8446926484375 0.1375892765625 0.8473109359375 0.1391046859375 0.8509953015624999 0.17981458749999998 0.8559938484374999 0.181329996875 0.859678215625 0.26662693125 0.8701513625 0.268142340625 0.8738357296875 0.3321150421875 0.881690590625 0.33329590468750003 0.88008643125 0.335657628125 0.8768781171875 0.3394660453125 0.8458610500000001 0.338708340625 0.8440188671875 0.32901550625 0.8428287359375 0.3266537828125 0.8460370515625 0.2820667484375 0.8405624515625 0.279705025 0.8437707671875 0.246749390625 0.839724325
0 0.779875128125 0.86495350625 0.7822368515625 0.8617451921875 0.7830831671875 0.8548525093749999 0.7815677578125 0.8511681421875 0.782414071875 0.8442754625 0.7801409578125 0.8387489109375 0.7626938578125 0.8366066765625 0.760332134375 0.8398149921875 0.7448235999999999 0.8379107828125001 0.7424618765625 0.8411190984375001 0.7211376421875 0.8385008109375001 0.71877591875 0.8417091250000001 0.7013288171875 0.839566890625 0.69896709375 0.8427752046875 0.67570429375 0.8399188921875 0.67334256875 0.8431272062499999 0.6500797687500001 0.84027089375 0.6477180453125 0.8434792109375 0.62445524375 0.840622896875 0.6220935203125 0.8438312124999999 0.6007692859375 0.841212925 0.5984075625 0.8444212390624999 0.588714728125 0.843231109375 0.5875338671875 0.8448352671875 0.5882029609375 0.855412315625 0.590476075 0.8609388656249999 0.5924146421875001 0.8611768906249999 0.594776365625 0.8579685765624999 0.5967149328125 0.858206603125 0.5982303421874999 0.8618909703125001 0.5994112031250001 0.8602868125 0.600592065625 0.8586826546875 0.6587490671875 0.8658234374999999 0.661110790625 0.862615121875 0.7192677921875 0.8697559046875 0.721629515625 0.866547590625 0.775909384375 0.8732123203125 0.7794519703125 0.8683998468749999 0.779875128125 0.86495350625