0 0.10002013125 0.2701500234375 0.104401284375 0.26349498125 0.10634965156250001 0.263631225 0.10805580937499999 0.26723123125 0.11195254375000001 0.2675037171875 0.115238409375 0.2625124375 0.11596504062499999 0.25212114375 0.120103984375 0.2489298671875 0.12058840468750001 0.2420023375 0.1163230109375 0.2330023203125 0.11437464374999999 0.232866078125 0.1126684875 0.22926606875000002 0.1087717515625 0.22899358281249999 0.1070655953125 0.2253935765625 0.10122049375 0.22498484687500003 0.0995143359375 0.2213848390625 0.0897725 0.2207036234375 0.08806634218750001 0.2171036171875 0.086117975 0.216967375 0.083927396875 0.2202948953125 0.0585986234375 0.218523734375 0.05531275625 0.223515015625 0.042475628125 0.4070945109375 0.04028505 0.41042203125 0.018001732812499997 0.7290883265625 0.015811154687500002 0.732415846875 0.015084524999999998 0.7428071390625 0.0167906828125 0.746407146875 0.016064053124999998 0.7567984390625 0.013873475 0.760125959375 0.013146845312499999 0.7705172515625 0.014853003125 0.774117259375 0.014610792187499999 0.7775810234375 0.012420215625 0.7809085437500001 0.01217800625 0.7843723078125 0.0138841625 0.787972315625 0.013157532812500001 0.7983636062499999 0.0140106125 0.8001636109374999 0.0432361203125 0.80220725625 0.044331409375000005 0.800543496875 0.0460268796875 0.7762971484375 0.04821745625 0.7729696265625 0.06614099531249999 0.5166510875 0.068331571875 0.513323565625 0.0848018515625 0.27778761093750004 0.086992428125 0.2744600875 0.08832992656250001 0.2693325640625 0.10002013125 0.2701500234375
0 0.103916865625 0.270422509375 0.1019684984375 0.270286265625 0.0997779203125 0.27361378593749996 0.097829553125 0.27347754375 0.0961233953125 0.26987753593749997 0.08832992656250001 0.2693325640625 0.0850440609375 0.2743238453125 0.06930041249999999 0.49946850937500004 0.067109834375 0.50279603125 0.04821745625 0.7729696265625 0.0460268796875 0.7762971484375 0.0438469890625 0.8074710250000001 0.046406225 0.8128710359375001 0.07173500000000001 0.814642196875 0.0728302890625 0.8129784359375 0.081065428125 0.6952104578125 0.08325600625 0.6918829359374999 0.099726284375 0.45634698125 0.1019168609375 0.453019459375 0.1142695703125 0.2763674921875 0.11341649218750001 0.27456748750000004 0.10562302187499999 0.274022515625 0.103916865625 0.270422509375
0 0.1022659453125 0.7280192515625 0.10250815625000001 0.7245554875 0.1008019984375 0.7209554812500001 0.10104420781250001 0.7174917171875 0.10323478593749999 0.7141641953125 0.12527589374999998 0.398961665625 0.1274664703125 0.39563414531249996 0.129161940625 0.3713877953125 0.13135251875 0.368060275 0.1357122984375 0.305712521875 0.137902875 0.3023850015625 0.140567184375 0.264283596875 0.1380079484375 0.2588835859375 0.13605958125 0.2587473421875 0.134353425 0.2551473359375 0.11876648593750001 0.254057390625 0.11767119687500001 0.2557211515625 0.117186778125 0.2626486796875 0.11499619999999999 0.2659762 0.1007058109375 0.4703382796875 0.09851523437500001 0.4736658 0.083740425 0.684955409375 0.0815498484375 0.6882829296875 0.0813076375 0.6917466937500001 0.0830137953125 0.6953467 0.08180274531250001 0.7126655203125 0.07961216875 0.7159930421875 0.0793699578125 0.71945680625 0.081076115625 0.7230568125 0.08034948593749999 0.73344810625 0.0781589078125 0.7367756265625001 0.0728302890625 0.8129784359375 0.074536446875 0.8165784421875 0.075147315625 0.821842209375 0.08683751875 0.8226596687500001 0.0879328078125 0.8209959078125 0.0909764625 0.8194683906250001 0.09426232968750001 0.8144771109375 0.09910652812500001 0.745201828125 0.10129710624999999 0.7418743078125 0.101539315625 0.7384105437499999 0.09983315937500001 0.7348105375 0.10007536875 0.7313467734375 0.1022659453125 0.7280192515625
0 0.12775143125 0.503555803125 0.1268983515625 0.5017558 0.1258030640625 0.5034195609375 0.12665614218750001 0.5052195640625 0.12775143125 0.503555803125
0 0.1295644625 0.7856193671875 0.1321236984375 0.7910193765625 0.143813903125 0.7918368359375 0.14490919062500002 0.790173075 0.14709976875 0.7868455546875001 0.177618225 0.3504112828125 0.1750589890625 0.34501127187499997 0.165317153125 0.34433005625 0.1620312875 0.3493213375 0.161062446875 0.36317639375 0.1588718703125 0.3665039140625 0.1295644625 0.7856193671875
0 0.17360753125 0.6877588265625 0.1719013734375 0.6841588203125 0.17238579375000002 0.6772312921875 0.1745763703125 0.673903771875 0.177482890625 0.632338603125 0.1757767328125 0.628738596875 0.176261153125 0.6218110671875 0.1784517296875 0.6184835468750001 0.18474918906249999 0.52842568125 0.1830430328125 0.5248256734375001 0.184011871875 0.5109706171874999 0.18620245 0.5076430968750001 0.1934687484375 0.403730175 0.1956593265625 0.400402653125 0.19638595625 0.3900113609375 0.1985765328125 0.386683840625 0.20002979375000002 0.36590125625000003 0.2022203703125 0.3625737359375 0.2036736296875 0.34179115000000004 0.2082969953125 0.3316723453125 0.21314119374999999 0.2623970640625 0.21143503749999998 0.25879705625 0.21167724687499997 0.2553332921875 0.205705696875 0.2427332671875 0.1901187578125 0.24164332187499998 0.1890234703125 0.2433070828125 0.187328 0.26755343125 0.18513742187499999 0.270880953125 0.17859775312499998 0.36440258281250004 0.176407175 0.367730103125 0.144435459375 0.824946959375 0.1469946953125 0.8303469703124999 0.15673653125 0.8310281859374999 0.1578318203125 0.829364425 0.1619707640625 0.826173146875 0.16269739375 0.8157818562499999 0.16488797187499998 0.8124543328125 0.167310071875 0.77781669375 0.1656039140625 0.7742166859374999 0.166572753125 0.7603616296875 0.16876333125 0.7570341093749999 0.17360753125 0.6877588265625
0 0.2091002375 0.8381705140625 0.212386103125 0.8331792328125 0.2191679828125 0.7361938375 0.2213585609375 0.7328663171875001 0.2480016578125 0.3518522703125 0.24544242187499998 0.346452259375 0.2395973203125 0.3460435296875 0.23789116250000003 0.3424435234375 0.216459121875 0.3409448484375 0.21475296562500001 0.3373448421875 0.206959496875 0.3367998703125 0.2036736296875 0.34179115000000004 0.1922897609375 0.5045880625 0.190099184375 0.5079155828124999 0.177504265625 0.6880313140625 0.1753136875 0.6913588359375 0.1644142390625 0.84722821875 0.167215684375 0.8491644656249999 0.1689218421875 0.852764471875 0.178663678125 0.8534456875 0.1797589671875 0.8517819265625001 0.18085425625 0.8501181671875001 0.192544459375 0.850935625 0.1947350375 0.8476081046875 0.1966834046875 0.8477443484375 0.19887398125 0.844416825 0.20082234843750002 0.84455306875 0.20301292656249997 0.8412255484375001 0.2091002375 0.8381705140625
0 0.2874854859375 0.43118867187500004 0.2896760625 0.42786115 0.2901604828125 0.420933621875 0.28845432656250003 0.41733361562500004 0.289665375 0.40001479531250006 0.291855953125 0.3966872734375 0.29014979531249996 0.3930872671875 0.2913608453125 0.375768446875 0.29355142343749996 0.3724409265625 0.2940358421875 0.365513396875 0.29232968593750003 0.361913390625 0.30008040468749997 0.25107294062499996 0.298374246875 0.2474729328125 0.2986164578125 0.24400917031249997 0.296057221875 0.23860915781249997 0.2687800796875 0.23670175468750002 0.2665895015625 0.24002927500000001 0.2626927671875 0.2397567890625 0.2594069015625 0.244748071875 0.258680271875 0.2551393625 0.2564896953125 0.258466884375 0.2206426171875 0.7711039656249999 0.21845204062499998 0.7744314859375 0.2179676203125 0.7813590140625 0.219673778125 0.7849590203125001 0.2187049375 0.7988140765625 0.21651436093749998 0.8021416 0.21627215 0.8056053625 0.2179783078125 0.8092053703125 0.2165250484375 0.829987953125 0.21737812656250002 0.8317879578125 0.2310166984375 0.832741659375 0.23272285468749998 0.8363416671874999 0.24051632500000003 0.836886640625 0.2416116125 0.8352228796875 0.2427069015625 0.8335591171875001 0.2543971046875 0.8343765765625 0.262064125 0.8227302546875 0.288222803125 0.44864373593750007 0.2865166453125 0.4450437265625 0.2887072234375 0.44171620625 0.287001065625 0.43811619999999996 0.2874854859375 0.43118867187500004
0 0.2949939953125 0.3238119859375 0.29670015312500003 0.3274119921875 0.262064125 0.8227302546875 0.2646233609375 0.8281302640625 0.276313565625 0.8289477234374999 0.2774088546875 0.8272839624999999 0.3188267609375 0.23498030781249998 0.3160253140625 0.23304406093750002 0.31431915625 0.2294440546875 0.30652568750000003 0.22889908281250002 0.303239821875 0.2338903625 0.3029976125 0.23735412656250002 0.300807034375 0.24068164687500002 0.2949939953125 0.3238119859375
0 0.33857401875000004 0.2885716859375 0.33930064843749996 0.2781803953125 0.341491225 0.27485287187499996 0.3417334359375 0.271389109375 0.3389319890625 0.2694528625 0.33722583125 0.26585285625 0.31969052656249997 0.2646266671875 0.3164046609375 0.2696179484375 0.2975122828125 0.5397915453125 0.2992184390625 0.543391553125 0.279841640625 0.8204926765625 0.2806947203125 0.8222926812500001 0.298230025 0.8235188703125 0.29932531406249996 0.8218551078124999 0.301515890625 0.8185275875 0.33615191875 0.3232093265625 0.3344457609375 0.31960931875 0.3354146015625 0.3057542625 0.337605178125 0.3024267421875 0.33808959843749997 0.295499215625 0.33638344062500003 0.29189920625 0.33857401875000004 0.2885716859375
0 0.3634183734375 0.297270375 0.36560895000000004 0.293942853125 0.365851159375 0.29047908906250003 0.36414500312500003 0.28687908281249996 0.3648716328125 0.276487790625 0.3640185546875 0.2746877859375 0.3581734515625 0.2742790578125 0.3564672953125 0.27067905 0.35062219375 0.2702703203125 0.34843161562499997 0.2735978421875 0.3425865140625 0.2731891125 0.33930064843749996 0.2781803953125 0.3390584375 0.2816441578125 0.3368678609375 0.28497167968750003 0.3344457609375 0.31960931875 0.33615191875 0.3232093265625 0.3359097078125 0.32667309218749996 0.33371913124999997 0.3300006125 0.3354252890625 0.33360061875 0.30078926093749997 0.8289188796875001 0.303348496875 0.8343188906250001 0.313090334375 0.8350001062500001 0.314796490625 0.8386001125 0.3225899609375 0.8391450859375 0.3236852484375 0.837481325 0.32782419375 0.8342900468750001 0.3375125921875 0.695739484375 0.33580643593750004 0.692139478125 0.33653306562499996 0.6817481859375001 0.3387236421875 0.6784206640625 0.353256240625 0.47059482187499996 0.351550084375 0.46699481406250004 0.3634183734375 0.297270375
0 0.3665172671875 0.7569396078125 0.3656641875 0.7551396031250001 0.36347361093749997 0.758467125 0.3626205328125 0.7566671203124999 0.374488821875 0.58694268125 0.375584109375 0.585278921875 0.3764371890625 0.5870789249999999 0.374499509375 0.6147890375 0.3753525875 0.616589040625 0.3764478765625 0.61492528125 0.400911084375 0.265085109375 0.4000580046875 0.26328510625 0.37667759843750004 0.2616501890625 0.37448702031250003 0.2649777109375 0.372538653125 0.2648414671875 0.367062209375 0.27316026875 0.3336372328125 0.7511597109375 0.33144665624999997 0.75448723125 0.33072002500000003 0.7648785234375 0.3324261828125 0.76847853125 0.3287930328125 0.820434990625 0.32660245625 0.8237625124999999 0.32636024531249996 0.8272262765624999 0.328066403125 0.8308262843750001 0.32782419375 0.8342900468750001 0.33062563906250003 0.83622629375 0.33233179687500003 0.8398263015625 0.3518154703125 0.8411887328125 0.35291075781250003 0.839524971875 0.3572919125 0.83286993125 0.36165169218750004 0.770522178125 0.36274698125 0.7688584171875 0.363600059375 0.7706584203125 0.36287342968749997 0.7810497125 0.3637265078125 0.7828497171875 0.364821796875 0.78118595625 0.3665172671875 0.7569396078125
0 0.372625953125 0.8095772828125 0.3731103734375 0.8026497562499999 0.37530095 0.799322234375 0.37772305 0.76468459375 0.37601689375 0.7610845859375 0.3794078328125 0.7125918890625 0.3815984109375 0.70926436875 0.379892253125 0.7056643625000001 0.3813455125 0.6848817765625 0.383536090625 0.68155425625 0.3818299328125 0.67795425 0.3830409828125 0.6606354296875 0.38523155937500003 0.6573079093749999 0.386442609375 0.6399890874999999 0.38473645312500004 0.6363890796875 0.3869270296875 0.633061559375 0.414054546875 0.245119984375 0.41320146874999997 0.24331998124999998 0.4073563671875 0.24291125156249999 0.406261078125 0.2445750125 0.403838978125 0.2792126515625 0.40164840156250003 0.282540175 0.3931710515625 0.403771915625 0.39487720937500004 0.4073719234375 0.383977759375 0.56324130625 0.3817871828125 0.5665688265625 0.38349334062499996 0.570168834375 0.38228229062499997 0.5874876546875 0.38009171249999996 0.590815175 0.37960729375 0.597742703125 0.38131345 0.6013427109375 0.3801024 0.61866153125 0.37791182343749996 0.6219890515625 0.3776696125 0.6254528171875 0.37937577031249997 0.6290528234375 0.37840693124999997 0.6429078796875001 0.376216353125 0.6462354 0.36677016406249996 0.7813222 0.3645795875 0.7846497203125 0.3638529578125 0.7950410109375 0.359471803125 0.8016960546874999 0.357049703125 0.83633369375 0.35790278125 0.8381336984375001 0.35899807031250003 0.8364699375000001 0.3620417265625 0.8349424203125 0.3644745125 0.8281511359374999 0.367886828125 0.8353511499999999 0.37117269375 0.8303598687499999 0.3716571140625 0.8234323390625 0.373847690625 0.82010481875 0.3743321109375 0.8131772921874999 0.372625953125 0.8095772828125
0 0.41137955000000004 0.255375034375 0.3895806515625 0.5671138 0.387390075 0.5704413203125 0.3890962328125 0.5740413265625001 0.3878851828125 0.5913601468749999 0.3856946046875 0.59468766875 0.38545239531250003 0.5981514328124999 0.3871585515625 0.601751440625 0.386431921875 0.6121427328125 0.3842413453125 0.615470253125 0.38327250468749996 0.629325309375 0.3849786625 0.6329253171875 0.3844942421875 0.6398528437500001 0.382303665625 0.6431803656249999 0.38133482500000004 0.6570354218750001 0.3830409828125 0.6606354296875 0.382798771875 0.66409919375 0.3806081953125 0.6674267140625 0.3793971453125 0.684745534375 0.381103303125 0.6883455421875 0.3808610921875 0.6918093062499999 0.378670515625 0.6951368265625 0.377459465625 0.712455646875 0.3791656234375 0.716055653125 0.3789234125 0.71951941875 0.3767328359375 0.7228469390625001 0.3755217859375 0.7401657593750001 0.37722794375 0.743765765625 0.37698573281250003 0.7472295296875 0.37479515625 0.7505570515625 0.372615265625 0.781730928125 0.371519978125 0.7833946890625 0.3698138203125 0.7797946812500001 0.36871853125 0.7814584421874999 0.3653275921875 0.8299511390625 0.3661806703125 0.8317511421875 0.372025771875 0.832159871875 0.3737319296875 0.835759878125 0.37957703125000003 0.8361686078125 0.3806723203125 0.8345048484375001 0.42039475625 0.266447540625 0.422585334375 0.26312002031250004 0.423796384375 0.2458012 0.4229433046875 0.244001196875 0.41320146874999997 0.24331998124999998 0.40991560312499997 0.2483112625 0.4096733921875 0.2517750265625 0.41137955000000004 0.255375034375
0 0.33282330312499997 0.2168151859375 0.3717906484375 0.2195400484375 0.373981225 0.21621252656249998 0.377877959375 0.21648501250000002 0.3789732484375 0.2148212515625 0.371295540625 0.1986212203125 0.3693471734375 0.1984849765625 0.36764101562499996 0.19488497031250002 0.36374428124999997 0.194612484375 0.362038125 0.1910124765625 0.359847546875 0.194339996875 0.3150351 0.19120640625000002 0.312844521875 0.1945339265625 0.27777391093750003 0.19208155 0.275583334375 0.1954090734375 0.22882251875 0.1921392375 0.2266319421875 0.195466759375 0.18961296249999998 0.1928781390625 0.1874223859375 0.196205659375 0.1581968765625 0.1941620140625 0.1560063 0.197489534375 0.11314221875 0.1944921859375 0.10766577656250001 0.2028109890625 0.11022501250000001 0.20821099843750002 0.1121733796875 0.20834724218749998 0.1138795359375 0.2119472484375 0.13531157656249998 0.2134459234375 0.1375021546875 0.210118403125 0.18426296874999998 0.21338823750000002 0.1859691265625 0.21698824375 0.1898658609375 0.2172607296875 0.19096115 0.21559697031249997 0.1920564375 0.21393320937500002 0.213488478125 0.215431884375 0.21567905468749998 0.2121043625 0.21762742343750002 0.21224060625000002 0.2193335796875 0.2158406125 0.2215241578125 0.21251309218749997 0.33063272499999996 0.22014270625000001 0.33282330312499997 0.2168151859375
0 0.29629943124999997 0.23514539375000001 0.2980055890625 0.2387454015625 0.3045773203125 0.2287628390625 0.3182158921875 0.229716540625 0.3199220484375 0.2333165484375 0.32187041562499996 0.233452790625 0.32528273125 0.2406528046875 0.3272310984375 0.24078904687499997 0.3306434125 0.2479890625 0.33259177968750003 0.24812530625 0.33429793750000003 0.25172531249999996 0.3362463046875 0.25186155625 0.3416069859375 0.25919781249999996 0.3474520890625 0.2596065421875 0.3491582453125 0.26320655 0.355003346875 0.2636152796875 0.3567095046875 0.2672152859375 0.3645029734375 0.26776025937500003 0.36888412812500004 0.261105215625 0.37667759843750004 0.2616501890625 0.378868175 0.25832266875 0.3925067453125 0.2592763703125 0.394212903125 0.2628763765625 0.39640348125 0.25954885625 0.3981096375 0.26314886249999997 0.4000580046875 0.26328510625 0.4033438703125 0.25829382500000003 0.40382829062500003 0.25136629843749997 0.40601886875000004 0.248038775 0.4043127109375 0.24443876874999998 0.405039340625 0.23404747656249997 0.4033331828125 0.23044746875 0.40357539375 0.22698370625000003 0.40101615781250005 0.22158369531250002 0.389325953125 0.2207662359375 0.38761979687500003 0.21716622812500003 0.36423938906250003 0.21553131093750003 0.3620488125 0.2188588328125 0.340616771875 0.217360159375 0.3389106140625 0.21376015 0.336962246875 0.2136239078125 0.3347716703125 0.2169514296875 0.3211330984375 0.215997728125 0.3194269421875 0.21239771875 0.3077367375 0.21158026093750001 0.3055461609375 0.21490778281249998 0.21202453124999998 0.2083681140625 0.20983395312500003 0.211695634375 0.1572280375 0.2080170703125 0.1555218796875 0.2044170625 0.1535735125 0.2042808203125 0.151382934375 0.207608340625 0.128002528125 0.2059734234375 0.12629637031250002 0.20237341562500002 0.12045126875 0.2019646875 0.11607011406250001 0.20861972812500001 0.11302645781250001 0.2101472453125 0.11278424843749998 0.21361100937500002 0.1144904046875 0.2172110171875 0.1140059859375 0.2241385453125 0.11485906406249999 0.2259385484375 0.120704165625 0.226347278125 0.1224103234375 0.22994728437499998 0.132152159375 0.2306285 0.13385831718750002 0.23422850781250001 0.2078962734375 0.239405746875 0.20960243125 0.243005753125 0.213499165625 0.24327823906249998 0.21520532343749998 0.246878246875 0.2229987921875 0.24742321875 0.22470495000000001 0.2510232265625 0.228601684375 0.2512957125 0.230307840625 0.2548957203125 0.23225620781249998 0.2550319640625 0.23737468125 0.265831984375 0.23932304843750002 0.26596822656249997 0.24468372968750002 0.2733044859375 0.2524771984375 0.27384945781250003 0.2535724875 0.2721856984375 0.2557630640625 0.268858175 0.257216325 0.24807559218750003 0.2594069015625 0.244748071875 0.2596491125 0.2412843078125 0.262934978125 0.236293025 0.27072844687500003 0.23683799687499998 0.27291902343749996 0.2335104765625 0.29629943124999997 0.23514539375000001
0 0.2638931296875 0.1945916140625 0.2660837078125 0.1912640921875 0.305051053125 0.1939889546875 0.3072416296875 0.1906614328125 0.3501057109375 0.19365878281249999 0.3522962875 0.1903312609375 0.3639864921875 0.19114872031250002 0.3656926484375 0.1947487265625 0.3695893828125 0.19502121249999999 0.3747078546875 0.2058212359375 0.3766562234375 0.20595747812499998 0.3820169046875 0.21329373437500002 0.383965271875 0.21342997812500003 0.3853027703125 0.2083024546875 0.3639758046875 0.1633023640625 0.3620274375 0.1631661203125 0.358615121875 0.1559661078125 0.32159614375 0.1533774875 0.3194055671875 0.156705009375 0.241470875 0.151255284375 0.23928029843749998 0.15458280468750002 0.1555005046875 0.1487243515625 0.153309928125 0.152051871875 0.08901380625000001 0.1475558484375 0.0868232296875 0.150883371875 0.0837795734375 0.1524108890625 0.0835373640625 0.1558746515625 0.0747750546875 0.1691847359375 0.0745328453125 0.1726485 0.070151690625 0.179303540625 0.0727109265625 0.184703553125 0.07465929375 0.1848397953125 0.080019975 0.192176053125 0.093658546875 0.1931297546875 0.095364703125 0.1967297609375 0.098408359375 0.19520224375 0.09950364843750001 0.19353848437500001 0.11314221875 0.1944921859375 0.115332796875 0.191164665625 0.1757321828125 0.1953882015625 0.177922759375 0.19206068125 0.218838471875 0.1949217859375 0.22102905 0.19159426562499998 0.2638931296875 0.1945916140625
0 0.3806723203125 0.8345048484375001 0.38323155625 0.8399048578125001 0.4027152296875 0.8412672890625 0.40381051718750005 0.8396035296875001 0.40794946249999997 0.8364122515625001 0.4476718984375 0.26835494375 0.4468188203125 0.26655494062499996 0.4390253515625 0.26600996875 0.43731919374999995 0.2624099609375 0.423680621875 0.261456259375 0.42039475625 0.266447540625 0.3806723203125 0.8345048484375001
0 0.44828456875 0.595583684375 0.4465784109375 0.5919836765625 0.44682062031249997 0.5885199125 0.4490111984375 0.5851923921875 0.45022224843750003 0.567873571875 0.448516090625 0.5642735640625001 0.44948493125000005 0.5504185078125 0.4516755078125 0.5470909875000001 0.45215992812500005 0.540163459375 0.4504537703125 0.536563453125 0.4511804 0.526172159375 0.453370978125 0.5228446390625 0.4540976078125 0.512453346875 0.45239145000000003 0.508853340625 0.452633659375 0.5053895765624999 0.4548242375 0.5020620546875 0.46669252656250004 0.3323376140625 0.46498636875 0.3287376078125 0.467176946875 0.3254100875 0.467661365625 0.318482559375 0.465955209375 0.3148825515625 0.4666818390625 0.3044912609375 0.46887241562500004 0.3011637375 0.467166259375 0.29756373125 0.4707994078125 0.2456072703125 0.4679979625 0.24367102499999999 0.46629180468750003 0.2400710171875 0.45265323437499994 0.239117315625 0.44936736875000005 0.244108596875 0.4086760921875 0.826020959375 0.406485515625 0.8293484796874999 0.40904474999999996 0.8347484906249999 0.4246316890625 0.8358384359375 0.425726978125 0.8341746750000001 0.429865921875 0.830983396875 0.4315613921875 0.8067370484374999 0.43375196875000005 0.803409528125 0.43544743906249994 0.7791631796875 0.43374128125 0.775563171875 0.44560957031250004 0.6058387328125 0.44780014843749993 0.6025112125 0.44828456875 0.595583684375
0 0.4788564625 0.298381190625 0.4760550171875 0.29644494374999997 0.47434885937500004 0.2928449359375 0.47215828281250005 0.2961724578125 0.4702099140625 0.2960362140625 0.4669240484375 0.3010274953125 0.42938150156250005 0.8379109250000001 0.43023458124999997 0.8397109296874999 0.43607968281250004 0.8401196578125001 0.43717497187500004 0.8384558984374999 0.43936554843750003 0.8351283781250001 0.4706106359375 0.3883028125 0.4728012125 0.3849752921875 0.4730434234375 0.381511528125 0.471337265625 0.37791152031249997 0.472548315625 0.3605927 0.47473889375 0.3572651796875 0.4788564625 0.298381190625
0 0.49399104375 0.3899377296875 0.49143180781250007 0.3845377203125 0.47584486875 0.383447775 0.4703684265625 0.39176657656249997 0.44057659843749997 0.8178095578125 0.4414296765625 0.8196095609375 0.46286171718749997 0.821108234375 0.46395700624999997 0.8194444750000001 0.4661475828125 0.816116953125 0.4886731109375 0.4939868953125 0.48696695468750006 0.4903868875 0.4920533640625 0.41764784375 0.494243940625 0.414320321875 0.49448615 0.41085655781249997 0.49277999375 0.40725654999999994 0.49399104375 0.3899377296875
0 0.4925484703125 0.43856667031249996 0.4923062609375 0.442030434375 0.49011568437499997 0.44535795624999996 0.48454485468749997 0.5250245296875 0.4862510109375 0.5286245359375 0.46638979375 0.8126531890625 0.4689490296875 0.8180531984374999 0.48648433437499994 0.8192793875 0.48757962343749994 0.8176156265625 0.49171856875 0.81442435 0.519814925 0.4126277171875 0.5172556890625 0.40722770781250006 0.49582365 0.4057290328125 0.49448615 0.41085655781249997 0.49229557343749997 0.4141840796875 0.49084231406249995 0.43496666250000005 0.4925484703125 0.43856667031249996
0 0.5293466140625 0.5003117640625 0.531052771875 0.503911771875 0.5308105609375 0.5073755359375001 0.528619984375 0.5107030578125 0.5283777749999999 0.514166821875 0.53008393125 0.517766828125 0.5085272437499999 0.8260418296875001 0.5110864796875 0.831441840625 0.5461570906250001 0.8338942156250001 0.5472523796875 0.8322304562499999 0.551633534375 0.8255754140624999 0.5647128718750001 0.6385321546875 0.563006715625 0.634932146875 0.5823835140625 0.3578310234375 0.5781181203125 0.3488310046875 0.5449958765625 0.346514871875 0.5395194328125 0.35483367499999996 0.5293466140625 0.5003117640625
0 0.6174220625 0.27674433125000003 0.6196126390625001 0.27341681093750003 0.6179064828125 0.269816803125 0.622508471875 0.20400528750000002 0.62165539375 0.2022052828125 0.5982749859375 0.2005703640625 0.5969374875 0.205697890625 0.594746909375 0.2090254109375 0.585785140625 0.33718468125 0.5835945640625 0.3405122015625 0.582141303125 0.3612947875 0.5838474609375 0.36489479375 0.5664083421874999 0.6142858062500001 0.5681145 0.6178858125 0.55673063125 0.780682725 0.5584367875 0.78428273125 0.5523815390625 0.8708768328125001 0.5540876953125 0.874476840625 0.5536032765625001 0.88140436875 0.5561625125 0.886804378125 0.5736978171875 0.8880305671875 0.57479310625 0.8863668062500001 0.5769836828125 0.8830392859374999 0.577468103125 0.8761117578125001 0.57965868125 0.8727842359375 0.5818385703125 0.841610359375 0.5801324125 0.838010353125 0.6167061203124999 0.3149819796875 0.6149999625 0.311381971875 0.6174220625 0.27674433125000003
0 0.6253099171875001 0.2059415328125 0.6242146296875 0.20760529375 0.623730209375 0.214532821875 0.6215396328125 0.2178603421875 0.6188753218749999 0.255961746875 0.6205814796875 0.2595617546875 0.58207009375 0.8103002390625 0.58377625 0.8139002484375 0.5832918296875 0.820827775 0.581101253125 0.824155296875 0.5789213640625 0.8553291734374999 0.5806275203125 0.8589291812500001 0.57965868125 0.8727842359375 0.580511759375 0.8745842406250001 0.5941503296875 0.8755379421875 0.59524561875 0.87387418125 0.62891280625 0.392410978125 0.6272066484375001 0.38881096875 0.627933278125 0.378419678125 0.63012385625 0.37509215625 0.6284176984375 0.3714921484375 0.6393171468750001 0.215622765625 0.6350517546875001 0.2066227484375 0.6253099171875001 0.2059415328125
0 0.6680796124999999 0.2802866515625 0.6655203765625 0.2748866421875 0.638243234375 0.2729792390625 0.6369057359375 0.2781067625 0.6347151578125 0.2814342828125 0.626722228125 0.3957384984375 0.6284283859375 0.3993385046875 0.626248496875 0.43051238124999996 0.6240579187499999 0.43383990156249996 0.6209091890625 0.47886883593749996 0.622615346875 0.48246884218749997 0.6218887171875 0.492860134375 0.6196981390625 0.4961876546875 0.6194559296875 0.49965141874999996 0.6211620859375 0.503251428125 0.6158334671875 0.5794542375 0.613642890625 0.5827817578125 0.615349046875 0.5863817640625 0.6146224171875 0.5967730578125 0.612431840625 0.600100578125 0.611220790625 0.6174193984375 0.6129269468749999 0.6210194046875 0.6122003171875 0.631410696875 0.610009740625 0.63473821875 0.6095253203125 0.641665746875 0.611231478125 0.645265753125 0.610020428125 0.6625845734375 0.60782985 0.6659120953125 0.6095360078125001 0.6695121015625001 0.6083249578125 0.6868309218750001 0.60613438125 0.69015844375 0.6056499609375 0.697085971875 0.6073561171875 0.700685978125 0.601543078125 0.7838163171875 0.5993525015625 0.7871438375 0.599110290625 0.7906076015625 0.6008164484375 0.7942076078125 0.5964566687499999 0.8565553609375 0.5990159046875 0.8619553718749999 0.6107061078125 0.86277283125 0.611801396875 0.8611090703125001 0.6128966859375 0.859445309375 0.6284836234375 0.8605352546875 0.631769490625 0.8555439734375 0.6591392171875 0.46413863437499997 0.6574330609375 0.46053862656250005 0.669543559375 0.28735042499999996 0.6678374015624999 0.28375041562500003 0.6680796124999999 0.2802866515625
0 0.66866910625 0.229857709375 0.6675738171875001 0.23152146875000001 0.664667296875 0.2730866390625 0.66746874375 0.275022884375 0.6700279796874999 0.2804228953125 0.663488309375 0.373944525 0.6651944671875001 0.37754453125 0.662287946875 0.4191097015625 0.6631410265625 0.4209097046875 0.6670377609375 0.421182190625 0.6681330484375 0.41951843125000005 0.6692283375 0.4178546703125 0.67702180625 0.41839964218750003 0.6781170953125 0.41673588281249996 0.689985384375 0.24701144375 0.6921759609375 0.243683921875 0.69266038125 0.23675639375 0.6901011453125 0.23135638281249998 0.66866910625 0.229857709375
0 0.6733904578125001 0.792321075 0.6716843 0.7887210687499999 0.6719265109375 0.7852573031250001 0.6741170875 0.7819297828125 0.6753281375 0.7646109625 0.67362198125 0.76101095625 0.6743486109375 0.7506196625 0.672642453125 0.74701965625 0.6770236078125 0.740364615625 0.6801723375 0.69533568125 0.6784661796875 0.6917356734375 0.678708390625 0.6882719093749999 0.6808989671875 0.6849443890625 0.685258746875 0.6225966359374999 0.6835525890625 0.6189966296875 0.6845214296875 0.6051415734375001 0.68671200625 0.6018140515625 0.68792305625 0.5844952328125 0.6862169 0.5808952234375 0.686459109375 0.577431459375 0.6886496859375 0.5741039390625 0.688891896875 0.5706401750000001 0.6871857390625 0.5670401671875 0.68791236875 0.5566488765625001 0.690102946875 0.55332135625 0.6910717859375 0.5394662984374999 0.6893656296875 0.535866290625 0.6898500484375 0.5289387640625 0.6920406265625 0.5256112421875 0.708026484375 0.2970028140625 0.706320328125 0.2934028078125 0.7072891671875 0.27954775 0.7094797453125 0.2762202296875 0.7097219546875 0.2727564671875 0.708015796875 0.26915645781249997 0.7082580078125 0.26569269375000004 0.710448584375 0.2623651734375 0.7121440546875 0.238118825 0.70958481875 0.2327188140625 0.6998429828125 0.2320375984375 0.6921759609375 0.243683921875 0.6807920921874999 0.4064808328125 0.68249825 0.4100808390625 0.6817716203125 0.4204721328125 0.683477778125 0.42407213906249996 0.6781491578125001 0.5002749484375 0.67595858125 0.50360246875 0.6776647375 0.507202478125 0.6766958984375 0.521057534375 0.6784020546875 0.524657540625 0.676211478125 0.5279850609375 0.6750004281249999 0.54530388125 0.6767065859375 0.5489038890625 0.67232543125 0.55555893125 0.6720832203125 0.5590226953124999 0.6737893781250001 0.5626227015625 0.6733049578125 0.56955023125 0.67111438125 0.5728777515625 0.6728205390625 0.5764777578125 0.672578328125 0.579941521875 0.6703877515625 0.58326904375 0.66748123125 0.6248342124999999 0.6652906546875 0.6281617328125 0.6669968109375 0.631761740625 0.6657857609375 0.6490805609375 0.663595184375 0.65240808125 0.6585087749999999 0.7251471281249999 0.6602149328125 0.728747134375 0.6580243546875 0.7320746546875 0.657539934375 0.739002184375 0.6592460921875001 0.742602190625 0.6590038828125 0.7460659546875 0.6568133046875 0.749393475 0.6565710953125 0.7528572390625 0.6582772515624999 0.7564572468749999 0.656086675 0.7597847671875 0.6548756250000001 0.7771035875 0.6565817828125 0.7807035953125 0.6560973625 0.7876311234375 0.6539067859375 0.79095864375 0.649789215625 0.849842634375 0.6514953734375 0.8534426406250001 0.6512531625 0.8569064046875001 0.6538123984374999 0.8623064140625001 0.6616058687499999 0.8628513874999999 0.663312025 0.8664513953125 0.6644073140625 0.864787634375 0.6665978906250001 0.8614601125 0.66877778125 0.8302862359375001 0.6709683578125001 0.8269587156249999 0.671452778125 0.8200311890625 0.6697466203125 0.8164311796874999 0.6709576703125 0.799112359375 0.6731482484375 0.7957848390625 0.6733904578125001 0.792321075
0 0.6838482375 0.7547646421875001 0.6850592875 0.737445821875 0.6872498640625 0.7341183015625 0.6882187046875 0.7202632453125 0.6856594687500001 0.714863234375 0.683468890625 0.7181907562500001 0.6826158125 0.7163907515625 0.6848063890625 0.71306323125 0.6850486 0.7095994671875 0.68918754375 0.7064081890625 0.6920940640625 0.6648430203125 0.69038790625 0.6612430125000001 0.6908723265625001 0.6543154859375 0.693062903125 0.6509879640625 0.694273953125 0.6336691437499999 0.6925677968749999 0.6300691359374999 0.69281000625 0.626605371875 0.6950005828125 0.6232778515625 0.6954850031250001 0.616350325 0.6937788453125 0.612750315625 0.6959694234375 0.6094227953125 0.692557109375 0.60222278125 0.6969382625 0.5955677390624999 0.6971804734375 0.592103975 0.6954743156250001 0.58850396875 0.6962009453125 0.5781126750000001 0.6944947890625001 0.57451266875 0.6966853656249999 0.5711851484375 0.6974119953125 0.56079385625 0.6957058390624999 0.5571938484375 0.697896415625 0.553866328125 0.698138625 0.5504025625 0.6964324687500001 0.5468025562500001 0.6966746781250001 0.5433387921875 0.6988652562500001 0.540011271875 0.7153355343750001 0.304475315625 0.7144824562500001 0.3026753109375 0.708637353125 0.30226658125 0.707542065625 0.30393034375 0.6687884687500001 0.8581325921875 0.669641546875 0.8599325953125 0.67353828125 0.86020508125 0.6746335703125 0.858541321875 0.676824146875 0.8552138015624999 0.6814261375 0.789402284375 0.6836167140625 0.7860747625 0.6819105578125 0.7824747546874999 0.6831216062500001 0.765155934375 0.6853121843750001 0.7618284140625 0.68555439375 0.7583646500000001 0.6838482375 0.7547646421875001
0 0.734566309375 0.28145515468750004 0.7328601515625001 0.277855146875 0.7347978328125 0.250145034375 0.7339447531250001 0.24834503125000001 0.7203061828124999 0.24739132968750002 0.7170203171875 0.2523826109375 0.71435600625 0.29048401562500004 0.7160621640625 0.2940840234375 0.699349675 0.5330837421875 0.7010558328125 0.53668375 0.70008699375 0.55053880625 0.7017931500000001 0.5541388140625 0.6887138109375 0.7411820734375001 0.69041996875 0.74478208125 0.688966709375 0.7655646640625 0.68677613125 0.7688921843750001 0.68314298125 0.8208486468749999 0.6848491390625 0.824448653125 0.6846069296875 0.8279124171875001 0.6824163515625 0.8312399375 0.6814475125 0.8450949953125001 0.6831536687499999 0.8486950015625 0.682911459375 0.8521587671875 0.6857129046875 0.8540950125 0.6874190625 0.8576950203125 0.6971608984375 0.8583762359374999 0.6982561875 0.8567124749999999 0.700446765625 0.8533849546875001 0.7111040046875 0.7009793359375001 0.709397846875 0.697379328125 0.7190862453125 0.5588287656250001 0.7173800890625001 0.555228759375 0.726826278125 0.4201419609375 0.7251201203125001 0.41654195312500003 0.734566309375 0.28145515468750004
0 0.7786735015625 0.35067274843749996 0.7769673453125 0.3470727421875 0.78423364375 0.2431598203125 0.783380565625 0.241359815625 0.7463615875 0.238771196875 0.744171009375 0.24209871718749998 0.7422226421875 0.241962475 0.7378414875 0.24861751718749997 0.7347978328125 0.250145034375 0.7365039890625 0.2537450421875 0.7362617796875 0.25720880468749996 0.7340712015624999 0.260536328125 0.735777359375 0.264136334375 0.7263311703124999 0.3992231328125 0.728037328125 0.40282314062499996 0.72584675 0.40615066093749996 0.725604540625 0.409614425 0.7273106984375 0.41321443125 0.71810671875 0.5448374671875 0.7198128765625 0.5484374734374999 0.7176222984375 0.55176499375 0.7173800890625001 0.555228759375 0.7190862453125 0.5588287656250001 0.710608896875 0.6800605078124999 0.712315053125 0.683660515625 0.700446765625 0.8533849546875001 0.702152921875 0.8569849609375 0.7019107124999999 0.860448725 0.7047121578125 0.862384971875 0.7098306296875 0.87318499375 0.7429528734375 0.8755011265625001 0.7440481625 0.8738373671874999 0.7481871078125 0.8706460890625 0.7506092062499999 0.836008446875 0.74890305 0.832408440625 0.7585914484375 0.693857878125 0.7568852921875 0.6902578703125 0.7673003203125 0.541316015625 0.7655941625 0.5377160078125 0.7786735015625 0.35067274843749996
0 0.8077957390625 0.7181827843749999 0.80608958125 0.714582775 0.8063317906249999 0.7111190125 0.8085223687499999 0.707791490625 0.808764578125 0.704327728125 0.8070584203125 0.70072771875 0.8080272609374999 0.6868726640625 0.8102178375 0.6835451421875 0.81094446875 0.6731538515625 0.8092383109375 0.6695538421875 0.8114288875 0.666226321875 0.8116710984375001 0.6627625578125 0.809964940625 0.6591625515625 0.8102071499999999 0.6556987875 0.8123977281249999 0.652371265625 0.8126399375 0.6489075015625 0.8109337812499999 0.6453074953125 0.8215910203125001 0.4929018765625 0.8198848625 0.48930186875 0.8295732609375 0.35075130625 0.8278671046875001 0.3471513 0.838766553125 0.1912819171875 0.8362073171875 0.18588190468750002 0.8323105828124999 0.18560941875 0.830604425 0.1820094109375 0.8247593234374999 0.1816006828125 0.8225687468749999 0.184928203125 0.8128269093749999 0.1842469875 0.8106363328124999 0.187574509375 0.808687965625 0.1874382671875 0.8054021 0.192429546875 0.80467546875 0.202820840625 0.7970084484375 0.2144671625 0.79506008125 0.21433091875 0.7906789265625 0.2209859625 0.788730559375 0.22084971874999998 0.7843494046874999 0.227504759375 0.7824010375 0.2273685171875 0.779115171875 0.2323598 0.78191661875 0.23429604531249998 0.7844758546875 0.23969605624999998 0.7835070140625 0.2535511125 0.785213171875 0.25715111875 0.770196153125 0.47190449218749997 0.7719023109375 0.4755044984375 0.76148728125 0.624446353125 0.7631934390625 0.6280463609375 0.7518095687499999 0.7908432703125 0.7535157265625 0.7944432796875 0.7496403671875 0.849863503125 0.75305268125 0.8570635187500001 0.7528104718749999 0.8605272828125001 0.7556119171875 0.8624635296875001 0.7573180749999999 0.8660635359375 0.7592664421875 0.8661997781249999 0.7626787562499999 0.87339979375 0.7646271234375 0.8735360375000001 0.76998780625 0.8808722937500001 0.773884540625 0.8811447796874999 0.7755906984375 0.8847447875000001 0.7911776359375 0.8858347312499999 0.792272925 0.8841709718749999 0.7983602359375 0.8811159375000001 0.80005570625 0.8568695875 0.79834955 0.85326958125 0.798591759375 0.8498058171875 0.8007823359374999 0.8464782968750001 0.8019933859374999 0.8291594765625 0.8002872296874999 0.8255594687500001 0.8077957390625 0.7181827843749999
0 0.3394413859375 0.9621479890625 0.34114754375 0.9657479953125 0.3433381203125 0.962420475 0.34723485468750004 0.9626929609375001 0.3489410125 0.9662929671875 0.36452795 0.9673829125 0.366718528125 0.9640553921875 0.4134793421875 0.9673252265625001 0.4156699203125 0.96399770625 0.4195666546875 0.9642701921875 0.4212728125 0.9678701984375 0.42346338906250003 0.964542678125 0.44489542968749995 0.9660413531250001 0.44708600625 0.9627138328125 0.5191755953125 0.9677548265624999 0.5224614625 0.9627635453125001 0.522703671875 0.95929978125 0.5248942484375 0.9559722609374999 0.5253786687499999 0.9490447328125 0.5236725125 0.945444725 0.525125771875 0.924662140625 0.5225665359375 0.91926213125 0.5186698015625 0.91898964375 0.5164792234375 0.9223171656250001 0.35281637187500003 0.91087274375 0.3511102140625 0.9072727359374999 0.3452651125 0.9068640078125 0.3430745359375 0.9101915281249999 0.3391778015625 0.9099190421875001 0.33747164375 0.9063190343749999 0.3316265421875 0.90591030625 0.32943596406250003 0.9092378265625 0.3216424953125 0.908692853125 0.3199363375 0.9050928468749999 0.316039603125 0.9048203609375 0.3138490265625 0.90814788125 0.308003925 0.9077391515625 0.3062977671875 0.9041391453125 0.208879403125 0.8973269890625 0.20340295937500003 0.905645790625 0.20316074999999997 0.9091095546875 0.198537384375 0.9192283609375 0.19732633593749999 0.9365471812499999 0.1951357578125 0.9398747015625 0.196841915625 0.9434747109374999 0.1963574953125 0.9504022375 0.19891673125 0.9558022484375 0.2008650984375 0.9559384906249999 0.20257125625 0.9595385000000001 0.2162098265625 0.9604922015625 0.21840040468750002 0.9571646796875 0.2339873421875 0.9582546234375 0.2356935 0.9618546328124999 0.239590234375 0.96212711875 0.2406855234375 0.9604633578125 0.2417808109375 0.958799596875 0.286593259375 0.9619331875 0.2887838359375 0.9586056671875 0.29657730625 0.959150640625 0.29828346250000004 0.9627506468749999 0.3333540734375 0.9652030234375 0.3355446515625 0.9618755015625 0.3394413859375 0.9621479890625
0 0.841382828125 0.9798436484374999 0.8468592718749999 0.971524846875 0.8478281109375001 0.957669790625 0.846121953125 0.95406978125 0.84709079375 0.9402147265625 0.8453846359374999 0.9366147187499999 0.845626846875 0.9331509546874999 0.8430676109374999 0.9277509453125001 0.83137740625 0.9269334859375 0.8291868296875 0.93026100625 0.747355403125 0.9245387953125 0.7451648265624999 0.9278663171874999 0.6652817671875 0.9222803484375 0.663091190625 0.92560786875 0.5948983359375 0.9208393609375 0.5927077578125 0.9241668828125 0.549843678125 0.9211695343749999 0.5465578125 0.9261608156250001 0.5446201312500001 0.953870928125 0.5463262890625 0.957470934375 0.5460840796875 0.9609346984375 0.548643315625 0.9663347109375 0.622681271875 0.9715119484375 0.6237765609375 0.9698481875 0.62487185 0.9681844265624999 0.7671026609375 0.9781301734375001 0.7692932390625 0.974802653125 0.77124160625 0.9749388968750001 0.7729477625000001 0.978538903125 0.7768444984375 0.9788113890625001 0.779035075 0.9754838687499999 0.841382828125 0.9798436484374999