0 0 0.8624505109375 0.0016770437499999998 0.865416025 0.001356003125 0.8715418375 0.005670303125 0.8825175578125 0.038827925 0.8842552749999999 0.0462163140625 0.8738928671874999 0.04458690625 0.8676648359374999 0.0480744 0.8570979890625001 0.050759292187500006 0.861845678125 0.05027773125 0.8710343984375 0.0536970671875 0.8804275546874999 0.05321550781249999 0.8896162750000001 0.05663484375 0.89900943125 0.05631380312499999 0.9051352453125 0.064529 0.916315403125 0.12994927812499998 0.9182082734374999 0.13612166406249998 0.9123891171875 0.1406162265625 0.8266277328125 0.1388262984375 0.8234626078125 0.1409372671875 0.82050191875 0.14173986875 0.8051873859375 0.139949940625 0.8020222609375001 0.14717334531249998 0.6641914640625 0.1453834171875 0.6610263390625 0.15659562031250002 0.40976577968749994 0.1548056921875 0.4066006546875 0.158979215625 0.32696508281250003 0.1571892875 0.32379995781250004 0.1591155296875 0.287045078125 0.1473204765625 0.2695346703125 0.1323589703125 0.25646529687499997 0.0640932796875 0.25288764218750004 0.05897637812499999 0.2572264546875 0.06255623437499999 0.26355670625 0.061340229687500004 0.26809995625 0.0595503015625 0.26493483125 0.05369895625 0.264628175 0.051909028125 0.26146305000000003 0.0441072359375 0.26105417656249996 0.041996267187500005 0.2640148625 0.0380953703125 0.2638104265625 0.036305442187499995 0.2606453015625 0.024602753124999998 0.26003198906249997 0.0214363 0.2644730203125 0.020152139062499998 0.2889762734375 0.0219420671875 0.2921413984375 0.019213225 0.3442108109375 0.021003153125 0.3473759359375 0.0168296296875 0.4270115078125 0.0186195578125 0.43017663125 0.006283714062499999 0.7028775390625001 0.0080736421875 0.7060426625 0.0058263609374999996 0.7489233546875 0.007616289062499999 0.75208848125 0.0055295265625 0.7919062671875 0.0034185578124999996 0.7948669546875 0 0.8600969359375 0 0.8624505109375
0 0.240264890625 0.604572484375 0.2454015359375 0.5065594734375 0.2436116078125 0.5033943484375001 0.2484272109375 0.4115071515625 0.2466372828125 0.40834202499999994 0.2490692921875 0.39925552343750004 0.2472793640625 0.3960903984375 0.25048976562499997 0.334832265625 0.24869983750000002 0.33166714218750004 0.2499839984375 0.30716388906250003 0.2399788734375 0.29281860625 0.22501736718749998 0.27974923125 0.221116471875 0.27954479375 0.21558616718749998 0.273112325 0.1785276484375 0.2711701703125 0.17673772031249999 0.26800504531249997 0.15528278906249998 0.2668806390625 0.15016588749999998 0.2712194515625 0.154801228125 0.276069359375 0.1626953859375 0.2933753296875 0.160423896875 0.299398925 0.159781815625 0.31165055 0.16157174531250001 0.314815675 0.1609296640625 0.32706730156249997 0.1627195921875 0.33023242656249996 0.1595091890625 0.391490559375 0.1612991171875 0.394655684375 0.1590276296875 0.400679278125 0.1608175578125 0.40384440312500003 0.1535941515625 0.5416752 0.1553840796875 0.5448403265625 0.1532731109375 0.5478010140625 0.152309990625 0.566178453125 0.15409991875 0.5693435796874999 0.1489632734375 0.6673565906250001 0.150753203125 0.670521715625 0.14401135625 0.7991637921875 0.145801284375 0.8023289171875 0.1414672421875 0.8850273953125001 0.14325717031250002 0.8881925203125001 0.1422940484375 0.9065699593750001 0.145552865625 0.9190260234375 0.1500276859375 0.9269388359375 0.15392858125 0.9271432734375 0.155718509375 0.9303084 0.1908265796875 0.9321483359375 0.1929375484375 0.9291876468750001 0.1968384453125 0.929392084375 0.1986283734375 0.9325572109375001 0.2055352015625 0.9313835218750001 0.22609516875 0.9309253640625 0.22926162187500002 0.9264843328125 0.23517666093749998 0.7762996906249999 0.23338673281250003 0.773134565625 0.23549769999999998 0.770173878125 0.23370777187499997 0.7670087515625 0.24205481875 0.607737609375 0.240264890625 0.604572484375
0 0.3157629140625 0.73138193125 0.3181949234375 0.72229543125 0.3164049953125 0.7191303062500001 0.3244067953125 0.529127878125 0.3226168671875 0.525962753125 0.32502466874999997 0.4800191546875 0.323234740625 0.476854028125 0.3254820234375 0.4339733359375 0.3236920953125 0.4308082125 0.3293103 0.3236064796875 0.3275203703125 0.3204413546875 0.32800193125 0.31125263593749997 0.3253170390625 0.30650494687499996 0.3203606578125 0.3077808546875 0.3188236140625 0.31844991875 0.30322002656249997 0.31763216875 0.301109059375 0.32059285625 0.29647371875 0.31574295 0.3014300984375 0.31446704375 0.302646103125 0.3099237921875 0.2953258703125 0.30032619843749997 0.2984923234375 0.295885165625 0.3002822515625 0.2990502921875 0.3062941171875 0.296294040625 0.3098739734375 0.30262429218750003 0.3121454609375 0.296600696875 0.31572531718749997 0.302930946875 0.3199472546875 0.297009571875 0.32774904843749997 0.2974184453125 0.3289650515625 0.29287519687499997 0.3271751234375 0.2897100703125 0.3292860921875 0.2867493828125 0.33008869375 0.27143485 0.328298765625 0.268269725 0.328780325 0.2590810046875 0.3260954328125 0.2543333171875 0.32219453593749997 0.2541288796875 0.319028084375 0.2585699125 0.3208180125 0.2617350359375 0.315540590625 0.26913675625 0.3078993171875 0.2656649765625 0.3071648734375 0.26101950625 0.312281775 0.2566806921875 0.316182671875 0.2568851296875 0.317398675 0.2523418796875 0.3145532640625 0.2506570984375 0.31049184687500003 0.2535155671875 0.30870191875 0.2503504421875 0.304801021875 0.25014600625 0.30269005312499997 0.2531066921875 0.2948882609375 0.25269781875 0.2952093 0.2465720046875 0.30090012499999996 0.24994156875 0.304066578125 0.2455005359375 0.3013816859375 0.24075284843750003 0.29748078906250003 0.2405484109375 0.291950484375 0.2341159421875 0.26464420781250003 0.23268487968749998 0.26512576875 0.2234961609375 0.22806725 0.22155400625000002 0.227011765625 0.22303435 0.2341714796875 0.23569485 0.23352939843749998 0.2479464765625 0.23125790937500001 0.253970071875 0.23394280156249997 0.25871775937499997 0.23800421875 0.255859290625 0.24027570781250002 0.2498356953125 0.24759594062499998 0.2594332890625 0.2516573578125 0.256574821875 0.2588170703125 0.269235321875 0.2646684140625 0.269541978125 0.26735330625 0.274289665625 0.2613414421875 0.27704591562499997 0.264026334375 0.2817936046875 0.266137303125 0.278832915625 0.2700382 0.279037353125 0.2745130203125 0.28695016562500003 0.274031459375 0.2961388859375 0.27070448593749996 0.303642825 0.26696410937500004 0.30037548125 0.2627421734375 0.3062968578125 0.260791725 0.3061946390625 0.25737238906250004 0.29680148125 0.25436645625 0.29817960625 0.2559958640625 0.3044076390625 0.263316096875 0.3140052328125 0.2553537828125 0.3166592640625 0.2535880625 0.3503512375 0.255377990625 0.3535163625 0.24992030625 0.4576551859375 0.251710234375 0.4608203125 0.2494387453125 0.46684390625 0.2512286734375 0.47000903125000004 0.25010503281249996 0.4914493765625 0.24783354375000002 0.497472971875 0.24962347187499997 0.5006380984375001 0.240794865625 0.6690979593749999 0.24258479375 0.6722630859375001 0.2384112703125 0.7518986562500001 0.2402011984375 0.7550637828125 0.2377933953125 0.80100738125 0.2395833234375 0.8041725062499999 0.2391017640625 0.8133612265625001 0.2408916921875 0.8165263515625 0.237199728125 0.886973203125 0.23898965625000002 0.890138328125 0.23738445625 0.9207673937499999 0.239174384375 0.92393251875 0.23885334375 0.9300583328125 0.2490189890625 0.9413407078124999 0.25291988593750003 0.9415451453125 0.25470981406250004 0.9447102718749999 0.26551753906250003 0.9437410203125 0.2958297484375 0.9437939562500001 0.29794071718750004 0.94083326875 0.305742509375 0.94124214375 0.3089089625 0.9368011109375001 0.31549028749999997 0.8112219406250001 0.31370035937499996 0.8080568156249999 0.3175528421875 0.7345470578125 0.3157629140625 0.73138193125
0 0.40296362812500003 0.858804690625 0.4068161109375 0.7852949328125 0.40502618281249997 0.7821298078125001 0.4100023078125 0.687179703125 0.4082123796875 0.684014578125 0.40981758125 0.6533855125 0.408027653125 0.6502203875 0.41236169531250005 0.567521909375 0.41057176718750005 0.5643567828125 0.41284325624999996 0.558333190625 0.41121384843750003 0.5521051578125 0.41364585781249996 0.5430186578125 0.41185592968750007 0.53985353125 0.41442425156249996 0.490847025 0.41263432343749995 0.4876819 0.42033928906250007 0.34066238437499996 0.42245025781249995 0.337701696875 0.424055459375 0.30707263125 0.42226553125 0.3039075046875 0.42692061406250004 0.2150832140625 0.42244579375 0.2071704015625 0.3990404140625 0.20594377656249999 0.3972504859375 0.2027786515625 0.3933495890625 0.20257421406249998 0.3879798046875 0.1930788375 0.3782275640625 0.1925677453125 0.372055178125 0.1983869015625 0.3704257703125 0.1921588703125 0.36067352812500003 0.1916477765625 0.3585625609375 0.194608465625 0.3468598703125 0.19399515312499999 0.3447489015625 0.196955840625 0.3388975578125 0.196649184375 0.33678658906250003 0.19960987187499998 0.3153316578125 0.1984854671875 0.304110528125 0.1886834359375 0.290617909375 0.1849049984375 0.2850876046875 0.1784725296875 0.2696445390625 0.1745918734375 0.266317565625 0.1820958125 0.2667551765625 0.2297241921875 0.2921110046875 0.231053034375 0.29959175781249997 0.237587721875 0.305443103125 0.23789437812499997 0.3204046078125 0.2509637546875 0.3310518140625 0.2530574109375 0.3299281734375 0.27449775625 0.33171810156250003 0.27766288125 0.328989259375 0.32973229375 0.3307791875 0.3328974203125 0.3270872234375 0.4033442703125 0.3288771515625 0.40650939687500004 0.3240857546875 0.5352536906250001 0.3258756828125 0.5384188171875001 0.3210600796875 0.6303060140625 0.3228500078125 0.6334711390625001 0.3207390390625 0.636431828125 0.3225289671875 0.639596953125 0.3189975234375 0.706980896875 0.3207874515625 0.7101460234375 0.31835544374999997 0.719232525 0.320145371875 0.72239765 0.3159718484375 0.8020332218749999 0.3177617765625 0.8051983453125 0.3151692484375 0.8173477546875001 0.3169591765625 0.8205128796875 0.3116620109375 0.921588796875 0.3134519390625 0.9247539218749999 0.31297037968749997 0.9339426421875 0.31955616875000004 0.9388947671875 0.384976446875 0.9407876390625001 0.39789514062500003 0.9368577 0.40106159375 0.93241666875 0.401382634375 0.92629085625 0.4034936015625 0.9233301671874999 0.4039751625 0.914141446875 0.402185234375 0.9109763234375 0.40475355625000004 0.8619698171874999 0.40296362812500003 0.858804690625
0 0.510910925 0.40376410468749996 0.5203816140625 0.22305261562499998 0.5176967218749999 0.21830492812500002 0.5118453765625001 0.21799827187499998 0.5100554484375001 0.214833146875 0.50599403125 0.217691615625 0.5022536546875 0.21442427187500002 0.4786877546875 0.2162605546875 0.4768978265625 0.2130954296875 0.46714558593750005 0.2125843359375 0.46535565781250005 0.2094192125 0.4575538640625 0.2090103375 0.4557639359375 0.20584521093750002 0.449912590625 0.2055385546875 0.4481226625 0.2023734296875 0.432679596875 0.198492775 0.42951314375000005 0.20293380625 0.42373441874999995 0.31319844375 0.42552434687499996 0.31636356875 0.41653521875 0.4878863375 0.4183251484375 0.49105146250000004 0.41621417968749996 0.4940121515625 0.41800410781249997 0.49717727656250005 0.41527526562499995 0.5492466874999999 0.41706519374999995 0.5524118140625001 0.41128646875 0.66267645 0.41307639687500003 0.6658415765625 0.4066797984375 0.8252149375 0.40846972656249997 0.8283800640625 0.4059014046875 0.8773865687500001 0.40769133281250003 0.88055169375 0.4065676921875 0.9019920406249999 0.4083576203125 0.9051571656249999 0.40707345781250004 0.9296604187499999 0.410332275 0.94211648125 0.4148070953125 0.9500292937499999 0.4187079921875 0.95023373125 0.4204979203125 0.9533988578124999 0.4683641640625 0.9543717624999999 0.4811223375 0.953504728125 0.48867124687499996 0.9400794156250001 0.49380789218750004 0.8420664046875 0.49201796406250004 0.838901278125 0.50502009375 0.5908058453125 0.503230165625 0.5876407203125 0.5127008531249999 0.4069292296875 0.510910925 0.40376410468749996
0 0.5439717203125001 0.25807343125000004 0.5458979609375 0.221318553125 0.54321306875 0.2165708640625 0.537361725 0.21626420781250003 0.535571796875 0.21309908437499997 0.5297204515625 0.212792428125 0.5279305234375 0.2096273015625 0.5067966312500001 0.202377084375 0.5050067031250001 0.1992119578125 0.4952544625 0.1987008640625 0.48777370937500003 0.19216617656249999 0.4780214671875 0.19165508281250002 0.4762315390625 0.1884899578125 0.47038019531249997 0.188183303125 0.46859026718749996 0.18501817812500002 0.43738309375 0.1833826796875 0.43405612031249996 0.1908866171875 0.44032086875000004 0.20196455625 0.44422176562500004 0.2021689921875 0.44601169374999994 0.2053341171875 0.4538134875 0.20574299218749997 0.455603415625 0.20890811875 0.469256553125 0.20962364843749998 0.47104648125 0.21278877343749997 0.5178572406249999 0.21524202187500002 0.5205421328125001 0.21998971093750003 0.5121950859375 0.379260853125 0.513985015625 0.3824259765625 0.5135034546874999 0.3916146984375 0.5113924859375001 0.39457538593749997 0.5131824140625 0.39774051093749996 0.503230165625 0.5876407203125 0.50502009375 0.5908058453125 0.5027486062500001 0.5968294390625 0.5021065250000001 0.6090810656250001 0.5038964531250001 0.6122461921875 0.492339003125 0.832775465625 0.49412893125 0.835940590625 0.49185744375 0.8419641859375 0.493647371875 0.8451293109375 0.4888317671875 0.9370165078125 0.49151665937500005 0.9417641968750001 0.5101261781249999 0.9412038203125 0.512237146875 0.9382431312499999 0.5236340765625 0.7207767640625 0.5218441484375 0.7176116390625 0.5241156375 0.7115880453125001 0.5245971968750001 0.7023993234375 0.52280726875 0.6992342 0.5457616484375001 0.26123855625000003 0.5439717203125001 0.25807343125000004
0 0.5448647953125 0.8754553734374999 0.577771421875 0.2475595234375 0.57524705 0.23974892812499998 0.5637048796874999 0.236072709375 0.5619149515624999 0.232907584375 0.5560636062500001 0.23260092812500002 0.5542736781250001 0.22943580312499998 0.548422334375 0.229129146875 0.5313148359375 0.53690015 0.5331047640625 0.5400652765625 0.5160896296875 0.8647333734375 0.5178795578125001 0.8678985000000001 0.514027075 0.9414082578125 0.5186624156249999 0.9462581640625001 0.5392223828125 0.94580000625 0.5413333515625001 0.9428393187499999 0.54325959375 0.9060844390625 0.5453705624999999 0.9031237515624999 0.543741153125 0.8968957203125001 0.54406219375 0.8907699062500001 0.5461731624999999 0.88780921875 0.5466547234375 0.8786205 0.5448647953125 0.8754553734374999
0 0.5997563265625 0.313209403125 0.5979663984375 0.310044278125 0.5978740359375 0.29314718281249996 0.578530071875 0.289062090625 0.5753636203125 0.2935031203125 0.5729558171875 0.3394467203125 0.5747457453125 0.3426118453125 0.5724742578125 0.34863544062499996 0.574103665625 0.354863471875 0.5726589843750001 0.38242963125 0.570548015625 0.38539031874999996 0.5660534515625 0.471151703125 0.5678433796875 0.474316828125 0.5543596890625 0.7316009828125 0.5522487203125 0.7345616703125 0.5540386484375001 0.737726796875 0.5517913671875 0.7806074890625 0.5496803984375 0.7835681765625 0.5482357171875 0.8111343359375001 0.5500256453125 0.8142994609375 0.5479388843749999 0.854117246875 0.545827915625 0.8570779343750001 0.54761784375 0.8602430609375 0.5455310812499999 0.9000608453125001 0.5434201140625 0.9030215343749999 0.5430990734375001 0.909147346875 0.5448890015625001 0.9123124718750001 0.5434443203125 0.93987863125 0.5461292125 0.9446263187499999 0.5498695890625 0.9478936625 0.5665286593750001 0.9472310687500001 0.568639628125 0.94427038125 0.5745788734375 0.8309428359375 0.5727889453125 0.8277777109375 0.573109984375 0.8216518984375 0.575220953125 0.818691209375 0.57554199375 0.812565396875 0.573752065625 0.809400271875 0.5997563265625 0.313209403125
0 0.5914092796875 0.47248054687499996 0.5907671999999999 0.484732171875 0.5925571281249999 0.4878972984375 0.5922360875 0.49402311250000003 0.59012511875 0.4969837984375 0.5894830390625 0.509235425 0.5912729671875 0.5124005515625 0.5907914062499999 0.5215892703125 0.5886804375 0.5245499578125 0.5881988781249999 0.533738678125 0.5899888062499999 0.536903803125 0.568639628125 0.94427038125 0.5731144484375 0.95218319375 0.57896579375 0.9524898500000001 0.580755721875 0.9556549750000001 0.599365240625 0.9550945984375 0.6034266578125 0.9522361281249999 0.636333284375 0.324340278125 0.6336483921875 0.319592590625 0.600651290625 0.3147919671875 0.5920513609375 0.46022891875000005 0.5938412890625 0.46339404531249995 0.5935202484375 0.46951985937499996 0.5914092796875 0.47248054687499996
0 0.6580302828125 0.6940356609375 0.6760085375 0.3509901234375 0.6713731968750001 0.346140215625 0.66162095625 0.3456291234375 0.6598310281249999 0.34246399843750003 0.646338409375 0.338685559375 0.6425980328125 0.3354182171875 0.640968625 0.329190184375 0.6390181765625 0.329087965625 0.6374811328125001 0.339757028125 0.6353701640625 0.3427177171875 0.6234916734375 0.56937280625 0.6252816015625 0.5725379312500001 0.6230101140625 0.578561525 0.6222075125 0.593876059375 0.623997440625 0.5970411828125 0.621886471875 0.6000018703125 0.62076283125 0.6214422171875 0.622552759375 0.6246073421875 0.6204417906249999 0.6275680312499999 0.6053528984375001 0.91548125 0.6071428265625001 0.918646375 0.6055376265625 0.9492754421875 0.6157032703125 0.9605578171875001 0.64406503125 0.960508534375 0.646176 0.9575478468749999 0.6578939703125 0.7339556640625 0.6561040421875 0.7307905406249999 0.6583755296875 0.7247669453125 0.65917813125 0.7094524125 0.657388203125 0.7062872875 0.6596596906250001 0.7002636921875001 0.6580302828125 0.6940356609375
0 0.699004978125 0.47197675937500005 0.69721505 0.468811634375 0.6993260171875 0.46585094531250004 0.701252259375 0.42909606718750004 0.69946233125 0.4259309421875 0.7001044109375 0.41367931562500004 0.7023759 0.40765572031249997 0.700585971875 0.40449059531250003 0.7033148140625001 0.352421184375 0.6872978234375 0.3408321515625 0.67949603125 0.34042327656250004 0.677706103125 0.33725815312499996 0.6738052062500001 0.337053715625 0.6625840765625 0.3272516828125 0.6547822828125 0.326842809375 0.6529923546874999 0.3236776828125 0.6471410109375 0.3233710265625 0.6453510828125 0.3202059015625 0.6355988406249999 0.319694809375 0.605192378125 0.91854415625 0.60698230625 0.9217092828125001 0.6055376265625 0.9492754421875 0.60822251875 0.9540231296874999 0.615863790625 0.9574949109374999 0.61765371875 0.9606600359374999 0.6410590984375 0.9618866593750001 0.6431700671875 0.9589259718750001 0.6470709640625001 0.959130409375 0.6488608921875 0.962295534375 0.658613134375 0.9628066265624999 0.6604030625 0.9659717531249999 0.6712107875 0.9650025031249999 0.67332175625 0.9620418140625 0.691139490625 0.6220591828125001 0.6893495625 0.6188940578125 0.69146053125 0.6159333703125001 0.696597175 0.5179203593749999 0.6948072468750001 0.5147552328125 0.696894009375 0.4749374484375 0.699004978125 0.47197675937500005
0 0.7331696703125 0.39851993750000003 0.7256889171875 0.3919852484375 0.7198375718750001 0.39167859374999997 0.71235681875 0.38514390625 0.7065054734375 0.38483725 0.7033390203125001 0.38927828125 0.6781373609375 0.8701546171875 0.6799272890625 0.8733197421875 0.6783220875 0.9039488078125 0.6762111187500001 0.9069094953124999 0.6755690375000001 0.919161121875 0.6773589656250001 0.9223262468750001 0.6752479984375 0.9252869359375 0.675753765625 0.9529553140625 0.6736427968750001 0.955916 0.6761671687499999 0.9637265953125 0.680068065625 0.9639310328124999 0.68185799375 0.967096159375 0.7063188578124999 0.9668424390625001 0.7103802734375 0.96398396875 0.7383107765625 0.431038221875 0.7365208484375 0.42787309687499997 0.7371629296875 0.4156214703125 0.7392738984375 0.41266078281249996 0.7374839703125 0.40949565625 0.7370705656250001 0.398724375 0.7331696703125 0.39851993750000003
0 0.7708460609375 0.3513533671875 0.7630442687500001 0.35094449375000003 0.7612543390625001 0.34777936875000004 0.75735344375 0.34757493125 0.723712371875 0.9708253125 0.7283477125 0.9756752203125 0.7450067828125 0.975012625 0.7498223875 0.8831254265625 0.75193335625 0.8801647390625 0.7528964765625 0.8617872984374999 0.7511065484375 0.858622175 0.751588109375 0.8494334546875001 0.7536990765625 0.8464727671875 0.7790612578125 0.362533525 0.7708460609375 0.3513533671875
0 0.7594644109375001 0.3446142421875 0.756297959375 0.349055275 0.7568718828125001 0.3567636515625 0.7744259171875 0.35768361875 0.777110809375 0.36243130625000003 0.7767897703125 0.36855711874999997 0.7785796984375 0.37172224374999996 0.7599593625 0.727019409375 0.75784839375 0.729980096875 0.749501346875 0.889251240625 0.747390378125 0.8922119281249999 0.7490197859375 0.8984399609375 0.74837770625 0.9106915859375 0.7462667374999999 0.9136522749999999 0.7446615359375001 0.944281340625 0.7464514640625 0.9474464656249999 0.745809384375 0.959698090625 0.743698415625 0.9626587796875 0.7432168546875 0.9718475 0.766622234375 0.9730741234375 0.7990473015624999 0.3543669921875 0.796362409375 0.3496193046875 0.7807588234375 0.34880155468749996 0.7786478546875 0.3517622421875 0.7708460609375 0.3513533671875 0.7690561328125 0.34818824375 0.7632047875 0.3478815875 0.7594644109375001 0.3446142421875
0 0.7719193984375 0.87199820625 0.76980843125 0.87495889375 0.765955946875 0.9484686531250001 0.7683198 0.9593421531249999 0.779127525 0.958372903125 0.8109105109374999 0.351917396875 0.8062751718750001 0.34706749062500003 0.798473378125 0.346658615625 0.7757718828125 0.7984884484375 0.7736609140625 0.8014491359375 0.7728583140625 0.81676366875 0.7746482421875001 0.8199287937499999 0.7719193984375 0.87199820625
0 0.8355318953124999 0.3486007703125 0.83179151875 0.3453334265625 0.825940175 0.3450267703125 0.8241502468749999 0.341861646875 0.816348453125 0.341452771875 0.814558525 0.3382876453125 0.8048062828125 0.3377765515625 0.803590278125 0.342319803125 0.8109105109374999 0.351917396875 0.7833010484375 0.87873733125 0.7850909765625 0.88190245625 0.7846094171875 0.8910911765625 0.7824984484375 0.8940518640624999 0.78412785625 0.900279896875 0.78204109375 0.9400976828125 0.77976960625 0.9461212765625 0.781559534375 0.9492864015625001 0.7810779734375 0.9584751218750001 0.783762865625 0.9632228093749999 0.791564659375 0.963631684375 0.7933545875 0.966796809375 0.8041623124999999 0.965827559375 0.8082237296875 0.9629690890625 0.8236336625 0.66893005625 0.821843734375 0.66576493125 0.8364510671875 0.38704043125 0.8346611390625001 0.38387530625 0.8372536671875 0.3717258984375 0.8354637390624999 0.3685607734375 0.8355318953124999 0.3486007703125
0 0.8746771750000001 0.3107251390625 0.872887246875 0.3075600140625 0.8650854546875 0.3071511390625 0.8632955250000001 0.303986015625 0.85744418125 0.303679359375 0.8556542531250001 0.3005142328125 0.8459020109375001 0.3000031390625 0.8441120828124999 0.2968380140625 0.8382607375 0.29653135937499997 0.836470809375 0.293366234375 0.8286690171875 0.292957359375 0.8268790890625001 0.2897922328125 0.8190772953125001 0.2893833578125 0.8172873671875 0.286218234375 0.807535125 0.28570714062499997 0.805745196875 0.2825420140625 0.7883516828125 0.278559140625 0.7865617546875 0.275394015625 0.7787599609375 0.274985140625 0.7769700328125 0.2718200140625 0.7691682390625 0.271411140625 0.767057271875 0.2743718296875 0.7592554781249999 0.2739629546875 0.757144509375 0.2769236421875 0.7534041328125001 0.2736562984375 0.7397509953125 0.27294076718750004 0.736424021875 0.28044470625 0.737732390625 0.29279855 0.7501695234375 0.2980573328125 0.7537493796875 0.30438758125 0.755699828125 0.3044898 0.7626990203124999 0.3202132078125 0.77456223125 0.31776361406250003 0.7820429843750001 0.324298303125 0.7898447765625 0.3247071765625 0.7914741859375 0.33093520781249997 0.7955356015625 0.3280767390625 0.7973255296875 0.3312418640625 0.8031768749999999 0.33154852031250004 0.810657628125 0.3380832078125 0.8204098703125 0.33859430156250003 0.8278906218750001 0.3451289890625 0.8337419671875 0.3454356453125 0.8364268593749999 0.3501833328125 0.8357847796875 0.362434959375 0.8375747078125 0.36560008437499997 0.8266593390624999 0.5738777328125 0.8284492671875 0.5770428578125 0.826177778125 0.583066453125 0.8278071859375 0.5892944859375 0.8255356968750001 0.595318078125 0.8271651062500001 0.6015461109375 0.8248936171875 0.60756970625 0.826523025 0.6137977375 0.8242515359375 0.61982133125 0.8260414640624999 0.6229864578125001 0.8257204249999999 0.629112271875 0.82360945625 0.6320729593750001 0.8252388640625 0.638300990625 0.8083842499999999 0.9599061828125001 0.8146489984375 0.9709841203125 0.84691165625 0.971139275 0.8490226249999999 0.9681785875 0.8700507609375 0.566937825 0.8682608328124999 0.5637726984375 0.8706928421875 0.554686196875 0.8689029140625 0.5515210734375 0.8812629640624999 0.315677265625 0.878578071875 0.31092957656250003 0.8746771750000001 0.3107251390625
0 0.8866990156250001 0.9210120187499999 0.8875016171875 0.9056974859375 0.8896125843749999 0.9027367984374999 0.8900941453125 0.8935480765625 0.8883042171875 0.8903829515625 0.893922421875 0.7831812218749999 0.8921324937499999 0.7800160968750001 0.9126790703125 0.38796405312500004 0.9110496625 0.3817360203125 0.906414321875 0.3768861140625 0.9025134250000001 0.37668167656249996 0.900723496875 0.37351655156249997 0.8929217046875 0.3731076765625 0.8911317765625 0.3699425515625 0.8813795343749999 0.369431459375 0.87821308125 0.373872490625 0.8778920421875 0.379998303125 0.8796819703125 0.383163428125 0.8642720374999999 0.6772024609375 0.866061965625 0.6803675874999999 0.863975203125 0.720185371875 0.861864234375 0.7231460609375 0.8636541624999999 0.7263111859375 0.8626910421874999 0.744688625 0.8605800734375 0.7476493140625 0.8623700015625 0.7508144375 0.859641159375 0.8028838515625001 0.8575301906250001 0.8058445390625 0.8591595999999999 0.8120725703125 0.8568881109375001 0.8180961640625 0.8488621046875 0.97124149375 0.851546996875 0.9759891828124999 0.8554478937500001 0.9761936203125 0.8609781984374999 0.9826260890625 0.8815381656250001 0.98216793125 0.8818592046875 0.97604211875 0.8839701734375 0.9730814296875 0.8849332953125 0.9547039906249999 0.8831433656250001 0.951538865625 0.8854148546875 0.945515271875 0.8836249265625 0.9423501453125 0.884588046875 0.92397270625 0.8866990156250001 0.9210120187499999
0 0.9449461921875001 0.5186505015625 0.9431562625 0.515485378125 0.9497375890624999 0.3899062078125 0.9479476609375 0.38674108125 0.953565865625 0.2795393515625 0.9517759375000001 0.2763742265625 0.9538869046875 0.2734135375 0.9520969765625 0.2702484125 0.9524180171875001 0.2641225984375 0.947943196875 0.2562097859375 0.9420918515625001 0.2559031296875 0.9403019234375 0.25273800468749996 0.9285992343749999 0.25212469375 0.92680930625 0.24895956875 0.915106615625 0.24834625625 0.9133166875000001 0.2451811296875 0.8881213796875 0.24078938125 0.8863314515624999 0.23762425468749998 0.8785296578124999 0.23721538125000002 0.8767397296875 0.23405025625000003 0.8630865921875 0.23333472500000002 0.8612966640625 0.23016960000000003 0.8476435265625 0.2294540703125 0.8458535984375001 0.22628894375000003 0.8282995625 0.2253689765625 0.826509634375 0.2222038515625 0.7816493234374999 0.219852821875 0.7795383546875 0.22281350937500002 0.767835665625 0.22220019687499998 0.7661381 0.23593216875 0.7679280281249999 0.2390972921875 0.7666438671875 0.2636005453125 0.7711186875 0.271513359375 0.7808709296874999 0.2720244515625 0.7883516828125 0.278559140625 0.7981039234375 0.279070234375 0.799893853125 0.2822353578125 0.8076956453124999 0.2826442328125 0.8094855734375 0.285809359375 0.8172873671875 0.286218234375 0.8190772953125001 0.2893833578125 0.8288295375000001 0.28989445156250004 0.830619465625 0.293059578125 0.8384212578125 0.293468453125 0.8402111859374999 0.296633578125 0.8556542531250001 0.3005142328125 0.85744418125 0.303679359375 0.8652459734375 0.304088234375 0.8670359015625 0.30725335781249996 0.87678814375 0.3077644515625 0.8814234843750001 0.31261435937500004 0.8804603640625001 0.33099179843750004 0.8822502921875 0.33415692343750003 0.879978803125 0.3401805171875 0.88176873125 0.34334564218749997 0.880645090625 0.3647859890625 0.8872308796875 0.36973811562500003 0.90462439375 0.3737209890625 0.9128395906250001 0.3849011453125 0.907702946875 0.48291415625 0.909492875 0.48607928281249996 0.8915146203125 0.829124821875 0.8933045484375001 0.8322899453125 0.8864021828125 0.9639949296875001 0.913708459375 0.9654259906249999 0.9200413640624999 0.9565439265625001 0.9324014140625 0.7207001187500001 0.9345123828125 0.71773943125 0.9418963093749999 0.5768457265625 0.94010638125 0.573680603125 0.9404274203125 0.5675547890625 0.9425383890625 0.5645941015625 0.9449461921875001 0.5186505015625