0 0.1424409375 0 0.1404072140625 0.019349578125 0.15036874375 0.02727016875 0.156673515625 0.02596894375 0.16704335937499998 0.0300046828125 0.1621616609375 0.0324374203125 0.1530107375 0.0314756203125 0.1434514984375 0.034398670312500004 0.134300575 0.03343686875 0.1247413359375 0.0363599203125 0.11864072031249999 0.03571871875 0.10704593437500001 0.0433375328125 0.101731825 0.108569090625 0.1072199671875 0.1150375671875 0.19262859375000002 0.12401437500000001 0.19588305781249998 0.12239255 0.198729209375 0.1246555765625 0.21398075 0.12625857812500002 0.21723521406250001 0.12463675156250001 0.354499075 0.139063765625 0.3577535390625 0.13744194062499998 0.6080829546875 0.1617887390625 0.61133741875 0.16016691249999998 0.6906454281250001 0.1685025203125 0.6938998921875 0.1668806953125 0.7305035890625 0.1707278984375 0.7486073046875 0.159865434375 0.7624417921875 0.14560843125 0.76958729375 0.0776235359375 0.765522225 0.07228657187500001 0.75901329375 0.075530221875 0.7545399125000001 0.074078109375 0.7577943765625 0.0724562828125 0.7584068484375 0.06662900625 0.7616613125 0.06500718125 0.762477940625 0.057237478125 0.7596317906250001 0.054974453125 0.7600401046874999 0.051089601562499996 0.7632945703125 0.049467776562499996 0.7645195124999999 0.0378132234375 0.7602502875 0.034418684375 0.7358478234375 0.0318538828125 0.73259335625 0.0334757078125 0.6807381218749999 0.028025503125 0.67748365625 0.029647328125 0.5981756484375 0.021311720312499997 0.5949211828125 0.0229335453125 0.36060800937500004 0 0.1424409375 0
0 0.4091643140625 0.2351479484375 0.5067741703124999 0.24540715781250003 0.5100286359374999 0.2437853328125 0.601537875 0.253403340625 0.604792340625 0.251781515625 0.6137391078125 0.2546857421875 0.6169935734374999 0.2530639171875 0.6779997343749999 0.259475921875 0.6812541984375 0.257854096875 0.7056566625 0.2604189 0.7205059125 0.2511782609375 0.7343404015624999 0.23692125625 0.734748715625 0.23303640625000002 0.7414618046875 0.2278503296875 0.745340790625 0.19094424375000002 0.7485952546875 0.18932241875 0.7508409828125 0.16795573749999998 0.746775915625 0.162618771875 0.741690059375 0.1669939359375 0.7239946578125 0.17397155 0.7180981984375 0.1713879234375 0.7058969671875001 0.170105521875 0.702642503125 0.171727346875 0.6904412703125 0.170444946875 0.68718680625 0.172066771875 0.6261806453125 0.16565476562499998 0.6229261796875 0.167276590625 0.6170297203125 0.164692965625 0.6137752562500001 0.16631479062500001 0.4765113953125 0.15188777656250002 0.4732569296875 0.1535096015625 0.4704107796875 0.1512465765625 0.45210893125 0.149322975 0.44885446562500003 0.1509448 0.351244609375 0.140685590625 0.34799014375000004 0.142307415625 0.21987720781250003 0.128842203125 0.2166227421875 0.13046402968749998 0.13426442656249998 0.12180782187500001 0.1310099609375 0.123429646875 0.11270811249999999 0.1215060453125 0.10009856718750001 0.12410849531249998 0.0919624046875 0.12816305781249998 0.091554090625 0.132047909375 0.0882996234375 0.13366973437500002 0.0846247953125 0.1686333953125 0.087470946875 0.17089642031250002 0.0870626328125 0.174781271875 0.0838081671875 0.176403096875 0.084618771875 0.1833618875 0.084000275 0.20391765624999997 0.0882695 0.20731219374999998 0.2379387515625 0.2210791828125 0.24119321562499998 0.2194573578125 0.244039365625 0.2217203828125 0.2472938328125 0.2200985578125 0.4059098484375 0.2367697734375 0.4091643140625 0.2351479484375
0 0.27857739375 0.3039058109375 0.28752415937500003 0.3068100375 0.290778625 0.3051882125 0.480101878125 0.3231230046875 0.48335634375 0.32150117968749997 0.5291109640625 0.3263101828125 0.5323654296875 0.3246883578125 0.5750697406249999 0.3291767625 0.57832420625 0.32755493750000003 0.6850849875 0.338775946875 0.6883394515625 0.337154121875 0.6974903765625 0.338115921875 0.702372075 0.335683184375 0.7013573125 0.3306668203125 0.6907833125 0.32857350625000004 0.6924165703125 0.3130341015625 0.6895704203124999 0.31077107656249997 0.694656275 0.3063959125 0.695671034375 0.3114122765625 0.70014441875 0.31286439062500004 0.710111971875 0.3060564890625 0.7143811984374999 0.30945102812499997 0.7111267328124999 0.311072853125 0.7135645703125 0.3172207296875 0.7070556390625 0.3204643796875 0.7129520984375 0.32304800624999996 0.7064431671875 0.3262916578125 0.7121354703125 0.330817709375 0.711318840625 0.3385874109375 0.7157922234375 0.340039525 0.719046690625 0.33841769843749997 0.721892840625 0.340680725 0.73714438125 0.3422837265625 0.7403988453125 0.3406619015625 0.74954976875 0.3416237015625 0.7544314671875 0.33919096406250004 0.7548397812500001 0.3353061125 0.7505705546875 0.3319115734375 0.747316090625 0.3335334 0.7402007125 0.327875834375 0.7440676484375001 0.3204267328125 0.748745190625 0.3199364203125 0.752810259375 0.32527338437500003 0.7524019453124999 0.3291582359375 0.756875328125 0.3306103484375 0.7587067171874999 0.32785701093749997 0.756064725 0.323651559375 0.7593191890625001 0.322029734375 0.7597275031249999 0.31814488281250003 0.756881353125 0.3158818578125 0.75769798125 0.3081121546875 0.7637985984375 0.3087533546875 0.7601358171875 0.31426003125 0.7644050453125 0.3176545703125 0.7692867421875 0.3152218328125 0.76969505625 0.31133698125 0.77640814375 0.3061509046875 0.77926634375 0.278956946875 0.7884172671874999 0.2799187484375 0.792296253125 0.24301266250000003 0.790873178125 0.24188115 0.77785531875 0.24836845 0.7656540859375001 0.24708605 0.7597576265625 0.2445024234375 0.7548759296875 0.24693516093749998 0.7575179234375 0.2511406125 0.7634143828125 0.25372423906249997 0.7534468296875 0.26053214062499996 0.7560888234375 0.26473759218750004 0.7430709625 0.2712248921875 0.7424584921874999 0.27705216875 0.73757679375 0.2794849078125 0.7351389578124999 0.2733370296875 0.730257259375 0.27576976875 0.7331034109375001 0.27803279375 0.732695096875 0.28191764531249996 0.7245589328125 0.2859722078125 0.715408009375 0.28501040781250003 0.708088475 0.28129526875 0.7115470968750001 0.2777310171875 0.7058547953125001 0.273204965625 0.7060589515625 0.271262540625 0.715618190625 0.268339490625 0.714399271875 0.2652655515625 0.7080944984374999 0.2665667765625 0.6981269453125 0.273374678125 0.6958932671875 0.265284375 0.6623398796875 0.261757771875 0.6590854125 0.263379596875 0.5553749421874999 0.2524791875 0.5521204749999999 0.2541010125 0.5462240171875 0.25151738749999997 0.5429695515625 0.2531392125 0.521617396875 0.25089500937500003 0.5157209375 0.248311384375 0.512466471875 0.24993320937500002 0.34469953124999997 0.23230019375 0.341445065625 0.23392201875000002 0.2621370578125 0.2255864109375 0.2588825921875 0.2272082359375 0.2131279734375 0.22239923125 0.20987350624999998 0.22402105625000002 0.20072258281250002 0.22305925625 0.19746811875 0.22468108125000003 0.1273110328125 0.21730727500000002 0.12405656875 0.2189291 0.0935534890625 0.215723096875 0.0902990234375 0.217344921875 0.0841984078125 0.216703721875 0.072399465625 0.22626496093749998 0.0719911515625 0.23014981250000002 0.068736684375 0.2317716375 0.069138975 0.242615278125 0.06749969375 0.272883175 0.07034584375 0.2751462015625 0.069529215625 0.28291590312500003 0.07379844218750001 0.2863104421875 0.1988610703125 0.2994550546875 0.202115534375 0.29783322968750003 0.2753229265625 0.3055276359375 0.27857739375 0.3039058109375
0 0.1467655296875 0.3843182265625 0.219972921875 0.392012634375 0.22322738593749997 0.3903908078125 0.31778693593749996 0.4003294171875 0.32104140000000003 0.39870759218749996 0.3515444796875 0.4019135953125 0.3547989453125 0.4002917703125 0.43715726093749996 0.40894797812499994 0.44041172656249994 0.407326153125 0.446308184375 0.409909778125 0.45261295781250005 0.408608553125 0.46155972500000003 0.4115127796875 0.464814190625 0.40989095468750003 0.51361911875 0.415020559375 0.5168735843750001 0.413398734375 0.66328836875 0.4287875484375 0.6661345187500001 0.4310505734375 0.6966376000000001 0.43425657656250005 0.6998920656250001 0.4326347515625 0.788350996875 0.441932159375 0.796487159375 0.43787759687500005 0.7989370453125 0.4145684890625 0.8021915109375 0.4129466640625 0.8025998265625001 0.4090618140625 0.812363221875 0.4041963375 0.81338400625 0.394484209375 0.8078958625 0.3880157328125 0.8142006359374999 0.3867145078125 0.815221421875 0.3770023796875 0.81237526875 0.374739353125 0.8136002124999999 0.3630848 0.8107540625 0.3608217734375 0.8113665343750001 0.354994496875 0.8085203828124999 0.352731471875 0.8107661125 0.331364790625 0.8211419781249999 0.3206720375 0.8256213859375 0.307395659375 0.8323344734375 0.3022095828125 0.8370180390625 0.28699077812499996 0.8296985046875 0.28327563906250003 0.7821124953124999 0.2812199734375 0.779458453125 0.30647150624999997 0.7725412078125 0.31360000781249997 0.7719287359375 0.319427284375 0.758094246875 0.3336842875 0.7554462281250001 0.344207328125 0.7340940734375 0.3419631265625 0.73083960625 0.3435849515625 0.678984371875 0.338134746875 0.6757299046874999 0.339756571875 0.605572821875 0.332382765625 0.60231835625 0.334004590625 0.4740012625 0.32248180312499997 0.470746796875 0.3241036296875 0.3792375578125 0.3144856203125 0.3759830921875 0.3161074453125 0.37313694062499997 0.31384442031250004 0.3698824765625 0.3154662453125 0.3027757 0.3084130390625 0.299521234375 0.3100348640625 0.2905744671875 0.30713063749999997 0.287320003125 0.3087524625 0.20801199375 0.3004168546875 0.2047575296875 0.3020386796875 0.1927604546875 0.29881385312500003 0.1895059890625 0.30043567968749996 0.0888458234375 0.28985586875 0.085591359375 0.2914776953125 0.0764404359375 0.29051589375 0.0711504234375 0.2968334828125 0.0658363140625 0.362065040625 0.069084753125 0.37517170625 0.0733539796875 0.3785662453125 0.0794545953125 0.3792074453125 0.082300746875 0.381470471875 0.0914516703125 0.382432271875 0.094706134375 0.380810446875 0.1435110640625 0.3859400515625 0.1467655296875 0.3843182265625
0 0.5955329734375 0.5159325703125 0.7755011453125 0.5348479875 0.78038284375 0.53241525 0.780995315625 0.5265879734375 0.7842497796875 0.524966146875 0.7816077875 0.5207606953125 0.7850664093749999 0.5171964453125 0.7844659875 0.4935667375 0.7877204515625 0.4919449125 0.7887412375 0.482232784375 0.7919957015625 0.480610959375 0.7928123312500001 0.47284125625 0.796066796875 0.47121943125000004 0.79667926875 0.4653921546875 0.7999337328125 0.46377032968750004 0.8046172968749999 0.44855152499999995 0.800348071875 0.44515698593749997 0.6905369828125 0.43361537656250004 0.68728251875 0.4352372015625 0.5164652703125 0.4172835859375 0.5132108046875 0.4189054109375 0.510364653125 0.41664238437499995 0.5071101890625 0.41826420937500003 0.45525495312500003 0.4128140046875 0.4520004875 0.4144358296875 0.3421894 0.4028942203125 0.3389349328125 0.40451604531249996 0.1801147609375 0.38978725625 0.17686029375 0.39140908125 0.128055365625 0.3862794765625 0.12480090156250001 0.3879013015625 0.10344874531249999 0.38565710000000003 0.10019427968750001 0.387278925 0.07579181562500001 0.384714121875 0.0631822703125 0.387316571875 0.0550461078125 0.3913711359375 0.05463779375 0.3952559875 0.0513833265625 0.3968778125 0.0479066296875 0.44462753906249997 0.0481047640625 0.45741360468750003 0.0611165984375 0.4656547953125 0.1587264546875 0.4759140046875 0.161980921875 0.4742921796875 0.40905587031249996 0.500260803125 0.41231033437500003 0.49863897812499997 0.5922785078125 0.5175543953124999 0.5955329734375 0.5159325703125
0 0.7392937140625 0.5565729171875 0.775897409375 0.5604201203125 0.7807791078124999 0.5579873828124999 0.7813915796875001 0.5521601046875 0.7846460453125 0.5505382796875 0.785258515625 0.544711003125 0.7885129828124999 0.543089178125 0.796859325 0.5223636968750001 0.8001137921874999 0.520741871875 0.801134578125 0.51102974375 0.8080518234375 0.5039012421875 0.8090726078125 0.4941891140625 0.8123270734375 0.4925672890625 0.81293954375 0.4867400125 0.816194009375 0.4851181875 0.8194605234375001 0.45403937812499995 0.8121409890625 0.4503242390625 0.8007503609375 0.456000628125 0.8003420468750001 0.459885478125 0.7970875828125 0.46150730468749995 0.7962709546875 0.46927700625 0.7930164875 0.47089883125 0.7915873875 0.4844958109375 0.7883329234375 0.4861176359375 0.7834331515625 0.53273585 0.778551453125 0.5351685875000001 0.6199354375 0.518497371875 0.6166809734375 0.5201191984375 0.607530046875 0.5191573968750001 0.604683896875 0.5168943703125 0.6014294328124999 0.5185161968750001 0.41231033437500003 0.49863897812499997 0.40905587031249996 0.500260803125 0.40315941093749996 0.497677178125 0.3909581796875 0.4963947765625 0.38770371406250004 0.49801660156249994 0.1680815359375 0.47493338124999995 0.164827071875 0.47655520625000003 0.1589306125 0.47397157968750003 0.1556761484375 0.4755934046875 0.0641669078125 0.46597539687499995 0.059285209375 0.468408134375 0.058870870312500004 0.48702147656249994 0.061717021875 0.48928450312500005 0.278288890625 0.5120471234374999 0.28154335625 0.5104252984375 0.28743981406249997 0.5130089250000001 0.2965907390625 0.513970725 0.29984520312499996 0.5123489 0.7360392499999999 0.5581947421875 0.7392937140625 0.5565729171875
0 0.12271113281249998 0.52515349375 0.748024275 0.590876553125 0.7559562796875 0.588764415625 0.7602315328125 0.5774304625 0.763485996875 0.5758086359375 0.76409846875 0.569981359375 0.7673529328125 0.5683595343750001 0.7679654046875 0.5625322578125 0.46151152812499996 0.529340715625 0.4582570625 0.530962540625 0.1349244140625 0.4969789109375 0.1316699484375 0.4986007359375 0.05846255625 0.490906328125 0.0533767015625 0.49528149218750006 0.052758206249999995 0.5158372609375 0.05560435625 0.5181002859375 0.092208053125 0.521947490625 0.095054203125 0.524210515625 0.1013589765625 0.522909290625 0.10745959375 0.5235504921875 0.11030574374999999 0.5258135171875 0.1194566671875 0.52677531875 0.12271113281249998 0.52515349375
0 0.6813137640625 0.6093954796875 0.6845682296875 0.607773653125 0.7014470015625001 0.6085657421875 0.70653888125 0.5894620875000001 0.7022696546875 0.5860675484375 0.656515034375 0.58125854375 0.6532605703125001 0.5828803687499999 0.6473641109375 0.5802967437500001 0.6410593375 0.5815979671875 0.613606565625 0.578712565625 0.6107604156249999 0.5764495390625 0.525351790625 0.56747273125 0.5220973250000001 0.5690945562499999 0.26587145156249997 0.5421641328125 0.26302530156250004 0.53990110625 0.2597708359375 0.5415229312500001 0.2170665234375 0.537034528125 0.21422037343749997 0.5347715015625 0.18676759999999998 0.5318860984375 0.18351313593750002 0.533507925 0.14385913125 0.5293401203125 0.14101298125 0.5270770953125 0.13775851562500002 0.5286989203125 0.09810451249999999 0.524531115625 0.0952583609375 0.522268090625 0.08915774374999999 0.5216268890625 0.0859032796875 0.5232487156250001 0.0584505078125 0.5203633125 0.053568809375000005 0.52279605 0.0501101875 0.5263603015625 0.0499000046875 0.54303121875 0.052746156249999995 0.5452942453125 0.165607553125 0.5571564546875 0.16886201875 0.5555346296875 0.1749626328125 0.55617583125 0.1778087859375 0.55843885625 0.1839094 0.5590800578125 0.187163865625 0.5574582312499999 0.6813137640625 0.6093954796875
0 0.522697746875 0.5927242640625 0.510496515625 0.5914418625 0.50724205 0.5930636875 0.5011414328125 0.5924224875 0.49829528281249996 0.5901594609374999 0.48609405156249996 0.5888770609375 0.4828395859375 0.5904988859375 0.4736886625 0.5895370843750001 0.47084251093749996 0.587274059375 0.4616915875 0.5863122578125 0.458437121875 0.5879340828124999 0.052746156249999995 0.5452942453125 0.0446099921875 0.5493488078125 0.043997521875 0.555176084375 0.04074305625 0.556797909375 0.0403287171875 0.575411253125 0.0429707125 0.5796167046875 0.6682838531249999 0.6453397640625 0.6731655515625 0.6429070265625 0.67968653125 0.6102063921875 0.5348989796875 0.594006665625 0.5316445140625 0.595628490625 0.525543896875 0.5949872890625 0.522697746875 0.5927242640625
0 0.2979595921875 0.6476586656250001 0.6395940890625 0.6835658984374999 0.64467994375 0.6791907359375 0.6457007296875 0.6694786078125 0.6489551953125 0.6678567828124999 0.653434603125 0.654580403125 0.6568932249999999 0.6510161531249999 0.6631979984374999 0.649714928125 0.66340215625 0.6477725015625 0.6528281578125 0.6456791875000001 0.6499820046875 0.6434161625 0.4242592125 0.619691740625 0.421004746875 0.6213135656250001 0.4151082890625 0.618729940625 0.3998567484375 0.6171269390624999 0.3966022828125 0.6187487640625 0.3937561328125 0.6164857375 0.3724039765625 0.6142415359375 0.3691495125 0.6158633609375 0.36630336093750004 0.6136003359375 0.0795744078125 0.5834639078125 0.0763199421875 0.5850857328125 0.0458168625 0.5818797296875 0.0340179203125 0.5914409703125 0.0325827953125 0.6197664406250001 0.0354289453125 0.6220294671875 0.25810143124999996 0.6454332875000001 0.261355896875 0.6438114625 0.26725235468749997 0.6463950890625 0.2825038953125 0.647998090625 0.2857583609375 0.6463762656250001 0.29165481875 0.648959890625 0.2979595921875 0.6476586656250001
0 0.5175697203125 0.700198871875 0.520824184375 0.6985770453125 0.5236703359375 0.700840071875 0.56027403125 0.7046872750000001 0.563528496875 0.70306545 0.5757297296874999 0.7043478515625 0.5816261890625001 0.7069314765625 0.584880653125 0.7053096515624999 0.6367358890625 0.7107598562499999 0.649147303125 0.6953713406250001 0.6499639328125 0.6876016375 0.653218396875 0.6859798125000001 0.6536267109375 0.6820949625 0.6640025781250001 0.671402209375 0.66481920625 0.66363250625 0.668073671875 0.6620106812500001 0.66868614375 0.6561834046875 0.671940609375 0.6545615796875001 0.67296139375 0.6448494515625 0.0765241 0.5831433078125 0.073269634375 0.5847651328125 0.0458168625 0.5818797296875 0.0409351640625 0.58431246875 0.037068228125000005 0.5917615703125 0.0338137640625 0.5933833953125001 0.031363878125 0.616692503125 0.034210028125 0.618955528125 0.0338017140625 0.6228403796875 0.0305472484375 0.6244622046875 0.0295264625 0.6341743328125 0.026271996875 0.6357961578125 0.026674285937499997 0.6466397984375 0.029520437500000003 0.648902825 0.3681046265625 0.68448945625 0.37135909218749996 0.6828676312499999 0.3742052421875 0.6851306578125 0.47181509843749997 0.6953898671875 0.47506956562499997 0.6937680421875 0.51472356875 0.6979358453125 0.5175697203125 0.700198871875
0 0.5891378296875 0.738161175 0.596055075 0.7310326734375 0.596667546875 0.7252053968750001 0.603584790625 0.71807689375 0.6041972609374999 0.7122496171875 0.5999280359375 0.7088550796875001 0.12102967812500001 0.6585208328125 0.1177752140625 0.660142659375 0.0872721328125 0.65693665625 0.0844259828125 0.6546736296875 0.07222475 0.6533912281250001 0.0689702859375 0.6550130546874999 0.0661241328125 0.652750028125 0.0384672046875 0.6518070515625001 0.0356210546875 0.649544025 0.027689048437500002 0.6516561624999999 0.027280734374999997 0.6555410140625 0.02402626875 0.6571628390625001 0.0229994578125 0.681603459375 0.0256414515625 0.6858089109375001 0.5563950453125 0.7415933609375001 0.5596495109374999 0.7399715359375 0.57185074375 0.7412539375 0.57469689375 0.7435169625 0.577951359375 0.7418951375 0.5887295156250001 0.7420460265625 0.5891378296875 0.738161175
0 0.6342679296875 0.7782544390624999 0.6350845578125 0.7704847375 0.6383390234374999 0.7688629125 0.6387473375 0.7649780609375 0.0181117359375 0.6987646890625 0.0130258796875 0.7031398531249999 0.0128157 0.7198107703125001 0.1043249390625 0.7294287781250001 0.10717108906249999 0.7316918046875001 0.1254729390625 0.73361540625 0.128727403125 0.73199358125 0.137878328125 0.73295538125 0.140724478125 0.7352184078125 0.6226731453125 0.785873253125 0.6342679296875 0.7782544390624999
0 0.6415934890625 0.7672410875 0.6373242625 0.7638465484375 0.6295964125 0.7640162593750001 0.6277589984375 0.781498090625 0.6228773015625 0.783930828125 0.6167766859375 0.783289628125 0.6135222203125 0.784911453125 0.259686490625 0.74772181875 0.256840340625 0.74545879375 0.09822432343750001 0.7287875781250001 0.0953781734375 0.726524553125 0.0890734 0.7278257781249999 0.07687216875 0.7265433765625 0.074026015625 0.72428035 0.0435229359375 0.7210743468749999 0.0402684703125 0.7226961734375 0.0280672390625 0.721413771875 0.0252210875 0.7191507453125 0.0160701640625 0.7181889453125 0.013620278125 0.7414980515625 0.629782496875 0.8062593109374999 0.63466419375 0.8038265718750001 0.6362974515625 0.7882871671875 0.6334513015625001 0.7860241421875 0.6342679296875 0.7782544390624999 0.6375223937500001 0.7766326140625 0.638134865625 0.7708053375 0.6415934890625 0.7672410875
0 0.1142804421875 0.7520778609375001 0.1114342921875 0.7498148359375 0.0382269 0.742120428125 0.0272445859375 0.743911965625 0.027646874999999998 0.75475560625 0.6316078609375 0.8182344640625001 0.6366937171875 0.8138593000000001 0.6375103453125 0.8060895984374999 0.187487834375 0.75977226875 0.184641684375 0.7575092421875 0.16939014375 0.755906240625 0.1661356796875 0.7575280656250001 0.1142804421875 0.7520778609375001
0 0.633631359375 0.842995684375 0.63708998125 0.8394314328125001 0.637702453125 0.8336041562500001 0.6409569171875 0.8319823312500001 0.641773546875 0.8242126296875 0.6450280125 0.8225908046875 0.6460487984375 0.8128786765625 0.6415754140625001 0.8114265625 0.6316078609375 0.8182344640625001 0.106954884375 0.7630912140625 0.10370041875 0.7647130390625 0.09454949375 0.7637512390625 0.09170334375 0.7614882125 0.0853985703125 0.7627894375000001 0.045744565625 0.7586216343750001 0.03984810625 0.7560380078125 0.0365936421875 0.7576598328124999 0.02744271875 0.7566980328125 0.0225610203125 0.7591307703125 0.021744390625000002 0.766900471875 0.0184899265625 0.7685222984375 0.018892215625 0.7793659390625 0.0215342109375 0.7835713906249999 0.31436377968749996 0.81434901875 0.3176182453125 0.8127271921875 0.5951962734375 0.84190181875 0.5984507375 0.84027999375 0.6104478140625 0.8435048203125 0.613702278125 0.8418829953125 0.633631359375 0.842995684375
0 0.6694063781249999 0.8840695734375 0.6726608421875 0.8824477484375001 0.673477471875 0.874678046875 0.6767319359374999 0.873056221875 0.6773444078125 0.86722894375 0.6805988734375 0.8656071187500001 0.681619659375 0.855894990625 0.6848741234375 0.854273165625 0.6854865953125 0.8484458890625 0.6887410593750001 0.8468240640625 0.6895576890624999 0.8390543609375 0.6928121546875 0.8374325359375 0.6936287828125 0.8296628343749999 0.6968832484374999 0.8280410093749999 0.697904034375 0.81832888125 0.7011585 0.81670705625 0.706046221875 0.7995458265625001 0.7093006859375001 0.797924 0.710117315625 0.7901542984375001 0.71337178125 0.7885324734375 0.7141884093749999 0.7807627703125 0.7113422578125 0.7784997453125 0.7121588859375 0.7707300421875 0.7093127359375 0.7684670171875 0.7127713578125 0.764902765625 0.7142004578125001 0.7513057859375001 0.7068809234375 0.747590646875 0.694475534375 0.7482506718749999 0.6885730515625 0.7603955375 0.682064121875 0.7636391890625001 0.6818599640625 0.7655816140625 0.6657917953125 0.7717483140625 0.6676171609375 0.78372346875 0.660699915625 0.7908519703125 0.6598832859375 0.798621671875 0.6535785140625 0.799922896875 0.6562205078125001 0.8041283484375 0.65296604375 0.805750175 0.652353571875 0.8115774515625 0.6454363265625 0.818705953125 0.6444155406250001 0.82841808125 0.6374982953125 0.8355465828125 0.636885825 0.8413738593750001 0.632004128125 0.8438065968749999 0.6198028953125 0.8425241953124999 0.6165484296875 0.8441460218750001 0.409127484375 0.8223452015625 0.4058730203125 0.8239670265625 0.3999765609375 0.8213834 0.3936717875 0.822684625 0.3877753296875 0.820101 0.38147055625 0.8214022249999999 0.375574096875 0.8188185984375 0.3692693234375 0.8201198234374999 0.36337286562500004 0.817536196875 0.3601183984375 0.819158021875 0.3540177828125 0.8185168218750001 0.35117163281249997 0.8162537953125 0.344866859375 0.8175550203125 0.02458451875 0.783891990625 0.013193890625 0.789568378125 0.011350451562499999 0.8217787015625 0.0141966015625 0.8240417265625 0.4137869515625 0.8660403656250001 0.4170414171875 0.8644185390624999 0.42598818437499997 0.8673227656250001 0.42924264843750004 0.8657009406249999 0.664116365625 0.8903871625 0.6689980640625001 0.887954425 0.6694063781249999 0.8840695734375
0 0 0.855935621875 0.0046253140625 0.8564217609375 0.007471465625 0.8586847875 0.0257733125 0.8606083890624999 0.029027778124999997 0.8589865640625 0.0349242375 0.8615701890624999 0.038178703125000005 0.8599483640625 0.05648055 0.861871965625 0.059326701562499994 0.8641349921874999 0.074578240625 0.86573799375 0.0774243921875 0.86800101875 0.0865753171875 0.8689628203125 0.08982978124999999 0.8673409953125001 0.1965905625 0.8785620046875 0.1998450265625 0.8769401796875 0.5902844515625 0.9179770171875001 0.596589225 0.9166757921875 0.60167508125 0.9123006281249999 0.6020833953125 0.9084157765624999 0.605337859375 0.9067939515625 0.6061544890625 0.8990242500000001 0.609408953125 0.8974024249999999 0.6104297390625 0.887690296875 0.6061605140624999 0.8842957578125 0.600059896875 0.8836545578124999 0.5968054328125 0.8852763828124999 0.3039758640625 0.8544987546874999 0.300721396875 0.8561205796875001 0.26106739375 0.8519527765625 0.2582212421875 0.8496897499999999 0.254966778125 0.8513115750000001 0.2366649296875 0.8493879734374999 0.233818778125 0.8471249484375001 0.2305643140625 0.8487467734375 0.17870907656249999 0.8432965687499999 0.1758629265625 0.8410335421875 0.169558153125 0.8423347671875 0.16366169531250002 0.839751140625 0.01114629375 0.8237211265625 0.0062645953125 0.8261538640625 0.0058562812499999995 0.830038715625 0 0.8345628812499999 0 0.855935621875
0 0.4580883734375 0.9433603156249999 0.4613428375 0.9417384906249999 0.5864054656250001 0.954883103125 0.58965993125 0.9532612781250001 0.6964207124999999 0.9644822874999999 0.6996751765625 0.9628604624999999 0.702521328125 0.9651234890625 0.70577579375 0.9635016625 0.7118764093750001 0.9641428640624999 0.720012571875 0.9600883 0.7206250437499999 0.9542610234375 0.723879509375 0.9526391984375 0.7251044515625 0.9409846453125 0.728358915625 0.9393628203125 0.729583859375 0.927708265625 0.732838325 0.926086440625 0.7385426749999999 0.9011555093749999 0.7417971421875 0.8995336828125 0.7426137703125 0.8917639812499999 0.7458682343749999 0.8901421562499999 0.747297334375 0.8765451765625001 0.7505518 0.8749233515625001 0.7519809000000001 0.8613263718749999 0.755235365625 0.859704546875 0.7570727796875001 0.8422227171875001 0.7603272453125001 0.8406008921874999 0.7650228593749999 0.795925103125 0.762176709375 0.793662078125 0.7634016515625001 0.7820075234375 0.74977734375 0.779593609375 0.7465228796875001 0.7812154359375 0.722120415625 0.7786506328125 0.713984253125 0.7827051968750001 0.7129634671875 0.7924173234375 0.706046221875 0.7995458265625001 0.7050254359375 0.8092579531249999 0.701770971875 0.8108797796875 0.7009543421875 0.8186494812499999 0.6976998765625 0.8202713062500001 0.6968832484374999 0.8280410093749999 0.6936287828125 0.8296628343749999 0.692607996875 0.8393749625 0.68935353125 0.8409967875 0.6885369031249999 0.8487664890625 0.6852824375 0.850388315625 0.6805988734375 0.8656071187500001 0.6773444078125 0.86722894375 0.676527778125 0.8749986468750001 0.6732733140625 0.876620471875 0.672252528125 0.8863326 0.6671666734375 0.8907077640625 0.648864825 0.8887841625 0.6456103609375 0.8904059875 0.6397139015625 0.8878223609375 0.6364594375 0.8894441859375 0.6151072796875 0.887199984375 0.6098172671875 0.8935175734374999 0.6049295453125 0.9106788031249999 0.5933347609374999 0.9182976171874999 0.49572490468749997 0.9080384078125 0.4924704375 0.9096602328125 0.150835940625 0.873753 0.1475814765625 0.8753748265624999 0.0164182328125 0.8615890140625 0.013560031249999998 0.888782971875 0.022098484374999998 0.8955720484375 0.2569722015625 0.920258271875 0.2598183515625 0.9225212968750001 0.400132521875 0.9372689109375001 0.4033869859375 0.9356470859374999 0.409487603125 0.9362882859375 0.412333753125 0.9385513124999999 0.4580883734375 0.9433603156249999