0 0.1361964765625 0.9390993203125 0.13795659062500001 0.933538153125 0.13738113125 0.9170591421875001 0.139141246875 0.9114979765625 0.137990328125 0.8785399546875 0.1397504421875 0.8729787890624999 0.138407703125 0.8345277640625 0.14016781875 0.8289665968750001 0.13920871875000002 0.801501578125 0.14096883437500002 0.7959404125 0.140393375 0.779461403125 0.142153490625 0.7739002359375 0.14100257031250002 0.7409422140624999 0.1427626859375 0.7353810484375 0.1418035859375 0.7079160296875 0.1435637015625 0.7023548640625 0.142796421875 0.6803828484375 0.1445565375 0.6748216828125 0.1435974375 0.6473566640625 0.145357553125 0.6417954984375001 0.14420663281249999 0.608837478125 0.1459667484375 0.603276309375 0.144624009375 0.5648252859375 0.146384125 0.55926411875 0.1461923046875 0.553771115625 0.1479524203125 0.5482099484375 0.1477606 0.5427169453125 0.14561684531250002 0.5372921046875 0.145425025 0.5317991015625 0.14718514062500002 0.526237934375 0.14660968125 0.5097589234375 0.1483697953125 0.5041977578125 0.14760251562499999 0.48222574218750003 0.14936263125 0.476664578125 0.1485953515625 0.4546925625 0.15035546718749998 0.4491313953125 0.1492045484375 0.41617337499999996 0.1509646625 0.41061220781249996 0.149430103125 0.3666681796875 0.152950334375 0.355545846875 0.152374875 0.33906683593750003 0.154134990625 0.33350566875 0.15336771093749998 0.31153365625 0.155127825 0.3059724875 0.1547441859375 0.29498648125 0.1565043015625 0.2894253140625 0.15535338125 0.25646729375 0.157113496875 0.2509061265625 0.1563462171875 0.2289341125 0.1581063328125 0.223372946875 0.1571472328125 0.195907928125 0.1589073484375 0.1903467625 0.1583318890625 0.17386775000000002 0.1600920046875 0.16830658437499998 0.158941084375 0.1353485640625 0.16070120000000002 0.12978739687500002 0.160317559375 0.1188013890625 0.1571019265625 0.110664128125 0.1551499921875 0.1107322921875 0.1530062375 0.10530745156250002 0.1491023671875 0.10544377812500001 0.1469586109375 0.10001893749999999 0.1313431296875 0.1005642421875 0.129199375 0.0951394015625 0.11748776406250001 0.09554837968749999 0.11660770625000001 0.09832896249999999 0.1169913453125 0.1093149703125 0.11523122968749999 0.1148761375 0.11619032968750001 0.142341153125 0.11443021406250001 0.14790232187500002 0.1159647734375 0.19184635 0.1142046578125 0.1974075171875 0.11554739843749999 0.235858540625 0.11378728281249999 0.2414197078125 0.11493820156250001 0.27437772968749996 0.1131780875 0.2799388953125 0.1141371859375 0.3074039125 0.1123770703125 0.3129650796875 0.11333617031250001 0.340430096875 0.11157605468750001 0.34599126562500004 0.1125351546875 0.37345628125 0.1107750390625 0.3790174484375 0.11192595937500001 0.41197547031250004 0.11016584375 0.4175366359375 0.1113167625 0.4504946578125 0.10955664843749999 0.45605582343749995 0.11051574687500001 0.48352084062499995 0.1087556328125 0.489082009375 0.10971473125 0.516547025 0.107954615625 0.5221081937500001 0.10929735625 0.5605592171875 0.107537240625 0.566120384375 0.1083045203125 0.5880923984375 0.1065444046875 0.5936535640625 0.1075035046875 0.6211185828125 0.1057433890625 0.6266797484375 0.10651066875 0.6486517625 0.10475055312499999 0.6542129296875 0.10609329218750001 0.6926639531250001 0.10433317812500001 0.698225121875 0.1056759171875 0.736676146875 0.1039158015625 0.7422373125 0.104299440625 0.7532233203125 0.1025393265625 0.7587844859375 0.10330660625000002 0.7807565015625 0.10154649062500001 0.7863176671875001 0.102697409375 0.8192756890625 0.1009372953125 0.8248368546875 0.10208821406249999 0.857794875 0.10032809843749999 0.86335604375 0.1012871984375 0.8908210593750001 0.0995270828125 0.896382228125 0.10048618281249999 0.9238472453125001 0.0987260671875 0.9294084109374999 0.0998769859375 0.9623664328125001 0.098116871875 0.9679275984375 0.09869233125 0.9844066109374999 0.1019079640625 0.9925438703125 0.1097157046875 0.9922712171875 0.111859459375 0.9976960578125 0.1216191359375 0.9973552421875 0.12249919375 0.9945746609375 0.1233792515625 0.9917940765625 0.13118699218750002 0.9915214234375 0.13294710781250002 0.9859602578125 0.13489904218749998 0.9858920937500001 0.13577909999999999 0.9831115125000001 0.1355872796875 0.9776185078124999 0.1373473953125 0.972057340625 0.1361964765625 0.9390993203125
0 0.09375700625 1 0.09429204218750001 0.9983095265624999 0.09624397812499999 0.9982413625 0.0988841515625 0.9898996140625 0.0973495921875 0.9459555843749999 0.0991097078125 0.9403944187500001 0.098534246875 0.9239154078125 0.10029436249999998 0.918354240625 0.09914344375 0.8853962203125001 0.1009035578125 0.879835053125 0.09956081875 0.841384028125 0.101320934375 0.8358228625 0.10017001562500001 0.802864840625 0.1019301296875 0.7973036734375001 0.1007792109375 0.764345653125 0.1025393265625 0.7587844859375 0.10138840625000001 0.7258264640625 0.10314852187500001 0.7202652984375 0.1029567015625 0.7147722953125 0.1047168171875 0.709211128125 0.1035658984375 0.67625310625 0.1053260125 0.670691940625 0.10455873281250001 0.648719925 0.10631884843749999 0.6431587609375 0.1053597484375 0.6156937421875 0.1071198640625 0.6101325765625 0.10616076562500001 0.5826675578125 0.1079208796875 0.577106390625 0.10696178125 0.5496413734375001 0.10872189531250001 0.5440802062500001 0.1075709765625 0.511122184375 0.10933109218749999 0.50556101875 0.108180171875 0.47260299687499996 0.1099402875 0.46704183125 0.1089811875 0.4395768125 0.110741303125 0.434015646875 0.1099740234375 0.4120436328125 0.1117341390625 0.406482465625 0.1107750390625 0.3790174484375 0.1125351546875 0.37345628125 0.11138423593749999 0.340498259375 0.11314435 0.33493709374999997 0.11199343125000001 0.30197907343749997 0.11375354687499999 0.29641790625 0.112794446875 0.26895288906250003 0.1145545625 0.26339172187500004 0.11340364218750001 0.2304337 0.11516375781249999 0.224872534375 0.11382101874999999 0.1864215078125 0.11558113437499999 0.18086034374999999 0.11481385468750001 0.158888328125 0.11159822187499999 0.1507510671875 0.10379048125000001 0.1510237203125 0.10164672500000001 0.14559887968750002 0.0899351140625 0.1460078578125 0.08905505625 0.1487884421875 0.0898223359375 0.1707604546875 0.088062221875 0.176321621875 0.08921314062499999 0.20927964375000002 0.08745302499999999 0.214840809375 0.0882203046875 0.23681282499999998 0.0864601890625 0.24237399062499998 0.087611109375 0.2753320125 0.08585099375000001 0.28089317812500003 0.087385553125 0.32483720781250003 0.0856254375 0.3303983734375 0.08677635781250001 0.36335639531249997 0.08501624218750001 0.3689175609375 0.08635898125 0.40736858593749997 0.08459886562499999 0.41292975312499997 0.0857497859375 0.445887775 0.0839896703125 0.451448940625 0.08514058906250001 0.4844069609375 0.083380475 0.489968128125 0.084915034375 0.53391215625 0.08315491875 0.5394733234375 0.08430583750000001 0.5724313453125001 0.082545721875 0.5779925109375 0.08408028125 0.6219365390625 0.0823201671875 0.62749770625 0.08366290625 0.66594873125 0.081902790625 0.671509896875 0.08305370937499999 0.70446791875 0.0812935953125 0.7100290859375 0.0824445140625 0.74298710625 0.0806843984375 0.7485482734375 0.0820271390625 0.7869992984375 0.0802670234375 0.7925604640625 0.0816097625 0.8310114890625 0.079849646875 0.8365726562500001 0.0811923859375 0.8750236812500001 0.079432271875 0.8805848468749999 0.0807750109375 0.919035871875 0.0790148953125 0.9245970390625 0.0805494546875 0.9685410671874999 0.07878933906249999 0.9741022328125 0.079693709375 1 0.09375700625 1
0 0.079693709375 1 0.0791729796875 0.9850882406249999 0.08093309374999999 0.9795270734375 0.079398534375 0.9355830453125 0.08115865 0.930021878125 0.0798159109375 0.8915708531250001 0.0815760265625 0.8860096875 0.0802332875 0.8475586625 0.0819934015625 0.8419974968749999 0.0806506625 0.803546471875 0.082410778125 0.7979853046875001 0.0810680390625 0.7595342796875 0.0828281546875 0.7539731140625 0.08167723437499999 0.7210150921875 0.08343735 0.715453925 0.0820946109375 0.6770029 0.08385472656250001 0.671441734375 0.0825119859375 0.632990709375 0.08427210156250001 0.6274295421875 0.082353903125 0.5724995078124999 0.0841140171875 0.5669383421874999 0.08315491875 0.5394733234375 0.084915034375 0.53391215625 0.083380475 0.489968128125 0.08514058906250001 0.4844069609375 0.0839896703125 0.451448940625 0.0857497859375 0.445887775 0.084407046875 0.40743675 0.0861671609375 0.4018755828125 0.084824421875 0.3634245578125 0.0865845375 0.35786339218749996 0.0852417984375 0.3194123671875 0.08700191406249999 0.3138512 0.0854673546875 0.269907171875 0.08722746875000001 0.2643460046875 0.08530927031249999 0.20941596875 0.08423739218750001 0.20670354999999999 0.0764296515625 0.2069762015625 0.07554959375 0.20975678437499998 0.0763168734375 0.2317287984375 0.0745567578125 0.237289965625 0.0758994984375 0.275740990625 0.0741393828125 0.2813021578125 0.0756739421875 0.3252461859375 0.07391382656249999 0.33080735156249996 0.07525656562500001 0.3692583765625 0.07349645 0.37481954375000004 0.074839190625 0.41327056874999996 0.07307907500000001 0.418831734375 0.074613634375 0.4627757625 0.07285351875 0.4683369296875 0.0741962578125 0.5067879546875 0.0724361421875 0.5123491203125 0.07397070156249999 0.55629315 0.0722105859375 0.561854315625 0.0735533265625 0.6003053421875 0.07179321093749999 0.60586650625 0.07313595 0.6443175328125 0.071375834375 0.6498786984375 0.072718575 0.688329725 0.070958459375 0.6938908890625 0.07249301875 0.73783491875 0.070732903125 0.7433960859375001 0.0720756421875 0.7818471109375 0.0703155265625 0.7874082765625 0.0718500859375 0.8313523046875 0.0700899703125 0.8369134718750001 0.07162452968750001 0.8808575 0.069864415625 0.886418665625 0.07159079375 0.9358556968749999 0.0698306796875 0.941416865625 0.0715570578125 0.9908538968749999 0.0697969421875 0.9964150640625 0.06992213124999999 1 0.079693709375 1
0 0.164324584375 0.9051188531250001 0.1660847 0.8995576843749999 0.165509240625 0.8830786749999999 0.16726935625 0.8775175093750001 0.16631025625 0.8500524921875 0.168070371875 0.8444913234375001 0.167111271875 0.8170263078125 0.1688713875 0.8114651390625 0.16810410781250001 0.7894931265625 0.16986422343750002 0.783931959375 0.1692887625 0.7674529484375 0.171048878125 0.76189178125 0.17008977812499998 0.7344267656250001 0.17184989374999998 0.7288655984375 0.1710826140625 0.706893584375 0.1728427296875 0.7013324171875001 0.17207545 0.6793604015625 0.173835565625 0.6737992359375 0.1730682859375 0.651827221875 0.17482840156249999 0.6462660546875 0.174061121875 0.6242940406249999 0.17582123593750001 0.618732875 0.1752457765625 0.6022538640625 0.1770058921875 0.5966926984375001 0.1758549734375 0.5637346765625 0.1776150875 0.558173509375 0.1768478078125 0.5362014953124999 0.1786079234375 0.5306403296875 0.17784064375 0.5086683140625 0.179600759375 0.5031071484375 0.17883347968750002 0.48113513281250003 0.18059359531250002 0.47557396875 0.1796344953125 0.44810895000000006 0.1813946109375 0.44254778281249996 0.18062733125 0.42057576875 0.182387446875 0.41501460156250003 0.18162016718750001 0.3930425875 0.18338028281250002 0.387481421875 0.182613003125 0.36550940781249996 0.1843731171875 0.35994824062499997 0.18341401875000002 0.33248322343750003 0.1851741328125 0.32692205625000004 0.184406853125 0.3049500421875 0.18616696875 0.2993888765625 0.18539968906249998 0.2774168625 0.1871598046875 0.2718556953125 0.186392525 0.24988368125 0.18815264062499998 0.2443225140625 0.1873853609375 0.22235049999999998 0.1891454765625 0.21678933281249999 0.188378196875 0.19481731875 0.1901383125 0.189256153125 0.189754671875 0.178270146875 0.1865390390625 0.1701328859375 0.18263516875000002 0.1702692109375 0.181563290625 0.167556790625 0.1824433484375 0.1647762078125 0.18634721875 0.16463988125 0.188107334375 0.159078715625 0.1920112046875 0.1589423890625 0.194651378125 0.1506006390625 0.19426773749999998 0.13961463125 0.19602785312499998 0.134053465625 0.1958360328125 0.1285604609375 0.19476415625000001 0.1258480421875 0.19086028593749998 0.1259843671875 0.18871653125 0.120559528125 0.184812659375 0.120695853125 0.18266890468750002 0.1152710125 0.172909228125 0.11561182656249999 0.17076547343749998 0.1101869875 0.16490966875 0.1103914765625 0.1640296109375 0.11317206093750001 0.1642214296875 0.11866506406249999 0.162461315625 0.1242262296875 0.1628449546875 0.1352122375 0.16108483906249998 0.140773403125 0.16185211875 0.1627454171875 0.1600920046875 0.16830658437499998 0.16066746406250001 0.18478559375 0.1589073484375 0.1903467625 0.1600582671875 0.223304784375 0.158298153125 0.22886594843750002 0.15925725156249998 0.2563309671875 0.1574971375 0.2618921328125 0.158072596875 0.2783711453125 0.15631248125 0.2839323109375 0.156887940625 0.3004113234375 0.155127825 0.3059724875 0.15608692500000002 0.33343750625 0.154326809375 0.338998671875 0.1550940890625 0.3609706875 0.15333397499999998 0.36653185312500003 0.1542930734375 0.39399687031249997 0.1525329578125 0.3995580390625 0.1540675171875 0.44350206718749996 0.152307403125 0.4490632328125 0.15269104218750001 0.4600492390625 0.1509309265625 0.46561040625 0.1518900265625 0.49307542499999996 0.1501299109375 0.498636590625 0.1507053703125 0.5151156 0.14894525625 0.52067676875 0.14990435468750002 0.5481417859375 0.148144240625 0.553702953125 0.1491033390625 0.5811679703125 0.14734322500000002 0.5867291359375 0.14811050312500001 0.6087011515625 0.1463503890625 0.6142623171875 0.1473094875 0.6417273359375 0.14554937343750002 0.6472885015625 0.1467002921875 0.680246521875 0.1449401765625 0.685807690625 0.14589927656249999 0.7132727062499999 0.1441391609375 0.7188338734374999 0.144906440625 0.7408058890625 0.143146325 0.7463670546875 0.143529965625 0.7573530609375 0.14176985 0.762914228125 0.1431125890625 0.8013652531250001 0.141352475 0.8069264203125 0.142119753125 0.828898434375 0.14035963906249999 0.8344596 0.14131873749999999 0.86192461875 0.1395586234375 0.8674857843750001 0.14032590312499998 0.8894577984375 0.13856578749999998 0.895018965625 0.1399085265625 0.9334699890625 0.13814841093750002 0.9390311578125001 0.13929933125 0.9719891781250001 0.1425149640625 0.9801264390625001 0.146418834375 0.9799901125 0.1485625890625 0.985414953125 0.1563703296875 0.9851423 0.1572503875 0.98236171875 0.1581304453125 0.9795811343749999 0.1600823796875 0.979512971875 0.162722553125 0.9711712203125 0.1623389140625 0.9601852140625 0.164099028125 0.954624046875 0.1633317484375 0.9326520328125 0.1650918640625 0.9270908656250001 0.164324584375 0.9051188531250001
0 0.20611623906249998 0.8706612437500001 0.2078763546875 0.8651000765625 0.20691725625 0.837635059375 0.2086773703125 0.8320738921874999 0.207718271875 0.8046088765625001 0.2094783859375 0.7990477078125 0.2092865671875 0.7935547046875 0.21104668124999998 0.7879935375 0.2100875828125 0.7605285203125 0.2118476984375 0.754967353125 0.21108041875 0.7329953406249999 0.21284053281249998 0.7274341734374999 0.211881434375 0.69996915625 0.2136415484375 0.6944079890625 0.21287426874999998 0.672435975 0.214634384375 0.6668748078125 0.214058925 0.6503957984375 0.215819040625 0.6448346296875 0.2150517609375 0.6228626171875 0.2168118765625 0.61730145 0.216044596875 0.5953294375 0.2178047109375 0.58976826875 0.2170374328125 0.5677962562500001 0.218797546875 0.5622350890625001 0.2180302671875 0.540263075 0.2197903828125 0.5347019078125 0.219023103125 0.5127298921875 0.22078321875 0.5071687265625 0.2200159390625 0.48519671249999996 0.2217760546875 0.47963554531249997 0.21947421562499997 0.413719503125 0.22123433124999997 0.4081583375 0.219699771875 0.364214309375 0.22145988593750002 0.3586531421875 0.221076246875 0.347667134375 0.2228363625 0.34210596875 0.22206908281249998 0.3201339546875 0.2238291984375 0.3145727875 0.22306191874999998 0.2926007734375 0.2248220328125 0.28703960624999997 0.2246302140625 0.281546603125 0.22815044375000001 0.2704242703125 0.227958625 0.26493126718750004 0.2297187390625 0.2593701 0.22952692031250002 0.25387709531249997 0.2304069765625 0.2510965140625 0.2362627828125 0.250892025 0.23890295625000002 0.24255027343750002 0.238519315625 0.2315642671875 0.24027943125 0.2260031 0.2400876109375 0.220510096875 0.23472822343750002 0.206947996875 0.230824353125 0.20708432187499998 0.2286805984375 0.2016594828125 0.2267286625 0.2017276453125 0.2245849078125 0.19630280312499998 0.22068103749999998 0.1964391296875 0.2185372828125 0.1910142890625 0.210729540625 0.1912869421875 0.2085857859375 0.1858621015625 0.1988261109375 0.18620291718749998 0.1966823546875 0.1807780765625 0.192778484375 0.180914403125 0.1901383125 0.189256153125 0.1905219515625 0.20024215937499998 0.1887618359375 0.20580332656250003 0.18933729531250001 0.22228233749999998 0.18757718125 0.22784350312499999 0.18834446093749999 0.2498155171875 0.1865843453125 0.255376684375 0.1875434453125 0.2828417015625 0.1857833296875 0.28840286875 0.186550609375 0.31037488281250003 0.18479049375 0.31593605 0.1855577734375 0.3379080625 0.1837976578125 0.34346923125 0.1845649375 0.36544124375 0.182804821875 0.37100241093749997 0.18357210156249998 0.3929744234375 0.1818119859375 0.3985355921875 0.182579265625 0.42050760625 0.1808191515625 0.426068771875 0.18158643125 0.4480407875 0.179826315625 0.453601953125 0.18059359531250002 0.47557396875 0.17883347968750002 0.48113513281250003 0.1797925796875 0.5086001515625 0.1780324640625 0.5141613171875 0.1786079234375 0.5306403296875 0.1768478078125 0.5362014953124999 0.1776150875 0.558173509375 0.1758549734375 0.5637346765625 0.176814071875 0.5911996937499999 0.17505395625 0.5967608609374999 0.17601305625000002 0.6242258781250001 0.17425294062500002 0.6297870453125001 0.1750202203125 0.651759059375 0.17326010625 0.6573202265625 0.17421920468750002 0.68478524375 0.17245908906250002 0.690346409375 0.17303455 0.7068254203125 0.171274434375 0.7123865875 0.1720417140625 0.7343586015625 0.1702815984375 0.73991976875 0.171048878125 0.76189178125 0.1692887625 0.7674529484375 0.17005604218749998 0.7894249624999999 0.1682959265625 0.7949861296875 0.1692550265625 0.822451146875 0.1674949109375 0.8280123140625 0.16902947031249999 0.8719563421875 0.16726935625 0.8775175093750001 0.1676529953125 0.888503515625 0.1658928796875 0.8940646828125001 0.166660159375 0.9160366968749999 0.16490004375 0.9215978625 0.16528368437500002 0.9325838703124999 0.16352356875000001 0.9381450375 0.16467448906249998 0.9711030578125 0.165746365625 0.9738154781249999 0.1696502359375 0.9736791531250001 0.1717939921875 0.9791039921875001 0.20107302031250002 0.9780815468749999 0.2019530765625 0.9753009625000001 0.2037131921875 0.9697397953125 0.2029459125 0.9477677828125 0.204706028125 0.9422066140625001 0.20432238906250003 0.9312206078124999 0.20608250312499998 0.9256594421875001 0.20512340468749998 0.8981944234375 0.20688351875 0.8926332578125 0.20611623906249998 0.8706612437500001
0 0.2180196703125 0.87574526875 0.2215399015625 0.8646229359375001 0.2203889828125 0.8316649140625 0.222149096875 0.8261037484375 0.2215736375 0.8096247359375001 0.223333753125 0.804063571875 0.22275829374999997 0.787584559375 0.2245184078125 0.7820233937500001 0.2239429484375 0.76554438125 0.22570306406250001 0.7599832156249999 0.22474396406250002 0.7325181984375 0.22650407968750003 0.7269570328125 0.22554497968749998 0.6994920140625001 0.22730509531249998 0.6939308484375 0.2263459953125 0.6664658296875 0.2281061109375 0.6609046625 0.22753065156250002 0.6444256515625 0.22929076718750002 0.6388644859375 0.228139846875 0.6059064656250001 0.2298999625 0.6003452968749999 0.22932450312500002 0.5838662875 0.23108461875000003 0.5783051203125 0.23031733906250001 0.55633310625 0.23207745468750002 0.550771940625 0.231310175 0.5287999265625001 0.2330702890625 0.5232387593750001 0.23211119062500002 0.49577374062499996 0.2338713046875 0.490212575 0.23329584531249997 0.473733565625 0.23505596093749997 0.468172396875 0.23428868125000002 0.446200384375 0.23604879687500002 0.4406392171875 0.2354733375 0.42416020625 0.2372334515625 0.4185990390625 0.236274353125 0.3911340203125 0.23803446718750002 0.38557285625 0.23707536875000002 0.3581078375 0.23883548437500002 0.352546671875 0.2382600234375 0.336067659375 0.2400201390625 0.33050649375 0.239252859375 0.3085344796875 0.241012975 0.3029733125 0.2402456953125 0.2810012984375 0.2420058109375 0.2754401328125 0.24162217031250002 0.2644541265625 0.24055029375 0.2617417046875 0.2366464234375 0.26187803125000003 0.23450266718749999 0.256453190625 0.2325507328125 0.2565213546875 0.22815044375000001 0.2704242703125 0.22872590312500002 0.28690328125 0.2269657890625 0.292464446875 0.22773306875000002 0.3144364625 0.22597295312500001 0.319997628125 0.2265484125 0.33647663906249997 0.224788296875 0.34203780625 0.2253637578125 0.3585168171875 0.2236036421875 0.3640779828125 0.2241791015625 0.3805569921875 0.2224189859375 0.3861181609375 0.22356990625 0.41907618125 0.221809790625 0.424637346875 0.22296070937499998 0.45759536875 0.22120059531249997 0.4631565359375 0.2223515140625 0.49611455624999995 0.2205913984375 0.5016757234375 0.22116685781249998 0.518154734375 0.21940674375000002 0.5237159015625 0.22017402343749998 0.5456879140625001 0.21841390781249997 0.5512490828125001 0.2199484671875 0.5951931109374999 0.2181883515625 0.600754275 0.21857199062500002 0.6117402843749999 0.2168118765625 0.61730145 0.21738733593749998 0.6337804609375 0.21562722031249998 0.6393416281250001 0.2162026796875 0.6558206375 0.21444256562500003 0.6613818046875 0.21520984531249998 0.68335381875 0.21344972968749998 0.688914984375 0.214408828125 0.716380003125 0.21264871406250002 0.72194116875 0.21341599375000003 0.743913184375 0.21165587812500003 0.7494743500000001 0.21242315781249999 0.771446365625 0.21066304218749998 0.77700753125 0.21162214218750003 0.8044725500000001 0.20986202656250003 0.8100337140624999 0.2104374859375 0.8265127265625001 0.2086773703125 0.8320738921874999 0.20925283125 0.8485529046875 0.207492715625 0.8541140687500001 0.2082599953125 0.876086084375 0.2064998796875 0.88164725 0.2074589796875 0.9091122687500001 0.20569886406250001 0.9146734343749999 0.20646614375 0.93664545 0.204706028125 0.9422066140625001 0.20528148750000003 0.9586856265625 0.206353365625 0.9613980468750001 0.2161130421875 0.9610572312500001 0.2169930984375 0.9582766484375 0.2187532140625 0.9527154812499999 0.2185613953125 0.947222478125 0.220321509375 0.9416613093749999 0.220129690625 0.9361683078124999 0.217985934375 0.9307434671875001 0.217794115625 0.9252504625 0.2195542296875 0.9196892968749999 0.2180196703125 0.87574526875
0 0.2471068796875 0.86922981875 0.2461477796875 0.8417648015625 0.24790789531250002 0.8362036343750001 0.247140615625 0.8142316203125001 0.24890073125 0.808670453125 0.24794163125000002 0.7812054359375 0.24970174687500002 0.7756442703124999 0.2491262859375 0.7591652578125 0.25088640156249997 0.7536040921875 0.249927303125 0.7261390750000001 0.2516874171875 0.7205779078125001 0.251303778125 0.7095919 0.25306389375 0.7040307343750001 0.2522966140625 0.6820587203125 0.254056728125 0.676497553125 0.25367308906249997 0.665511546875 0.25543320468749997 0.6599503796875 0.254282284375 0.6269923578125 0.2560424 0.6214311921875 0.25546694062499997 0.60495218125 0.25722705625 0.5993910140625001 0.25626795625 0.571925996875 0.258028071875 0.56636483125 0.2574526125 0.5498858203125 0.2592127265625 0.544324653125 0.25825362812499997 0.5168596359375 0.2600137421875 0.51129846875 0.25905464375 0.4838334515625 0.2608147578125 0.478272284375 0.259855659375 0.4508072671875 0.261615775 0.4452461 0.2610403140625 0.42876709062499996 0.2628004296875 0.423205921875 0.2618413296875 0.39574090625 0.2636014453125 0.3901797375 0.26302598593750004 0.373700728125 0.26478610156250004 0.3681395609375 0.26363518125 0.335181540625 0.265395296875 0.3296203734375 0.26481983750000004 0.3131413640625 0.266579953125 0.307580196875 0.26581267343750004 0.2856081828125 0.2675727875 0.280047015625 0.266997328125 0.26356800625 0.26875744375 0.25800683750000003 0.26779834375 0.230541821875 0.269558459375 0.22498065312499999 0.2680239 0.181036625 0.269784015625 0.175475459375 0.26920855625 0.1589964484375 0.2709686703125 0.15343528281250002 0.2702013921875 0.13146326875 0.26912951406249996 0.1287508484375 0.26756121875 0.1398050171875 0.2636573484375 0.13994134375 0.262777290625 0.142721928125 0.26335275 0.1592009375 0.2596407 0.1648302671875 0.2600243390625 0.17581627500000002 0.2582642234375 0.181377440625 0.259031503125 0.20334945468750001 0.2572713890625 0.208910621875 0.2582304875 0.236375640625 0.2564703734375 0.24193680624999997 0.2568540125 0.2529228125 0.255093896875 0.2584839796875 0.25566935625 0.274962990625 0.2539092421875 0.2805241578125 0.2550601609375 0.3134821796875 0.2533000453125 0.3190433453125 0.2542591453125 0.3465083625 0.2524990296875 0.3520695296875 0.253074490625 0.36854854062500003 0.251314375 0.37410970625 0.2520816546875 0.396081721875 0.2503215390625 0.4016428875 0.2508969984375 0.4181218984375 0.24913688281250002 0.42368306406249995 0.250287803125 0.45664108593749997 0.24852768749999998 0.4622022515625 0.24910314687500001 0.4786812625 0.24734303125 0.48424242968750003 0.24811031093749997 0.50621444375 0.246350196875 0.511775609375 0.2471174765625 0.533747625 0.2453573609375 0.539308790625 0.2463164609375 0.566773809375 0.2445563453125 0.572334975 0.245323625 0.594306990625 0.24356350937500001 0.59986815625 0.24413896875000002 0.6163471671874999 0.24237885312500002 0.6219083328125 0.24314613281250003 0.643880346875 0.24138601875000001 0.6494415140625 0.24234511718750001 0.67690653125 0.2405850015625 0.6824677 0.24135228125000002 0.7044397124999999 0.2395921671875 0.7100008796874999 0.24035944687500002 0.73197289375 0.23859933125000002 0.7375340609375 0.23936661093749997 0.7595060734375 0.23760649531250003 0.765067240625 0.23856559531250002 0.7925322578125 0.23680547968750001 0.798093425 0.2373809390625 0.8145724359375001 0.2356208234375 0.8201336031249999 0.236196284375 0.8366126125 0.23443616875 0.8421737796875 0.235011628125 0.858652790625 0.2332515125 0.8642139578125001 0.23382697187499998 0.8806929671875 0.23206685781249997 0.8862541343749999 0.23283413749999998 0.9082261484374999 0.23107402187499998 0.913787315625 0.23164948124999998 0.9302663250000001 0.23379323593749998 0.9356911671875 0.23398505625000002 0.9411841687500001 0.23720068906249997 0.9493214296874999 0.241104559375 0.949185103125 0.24198461718750003 0.946404521875 0.241792796875 0.940911515625 0.2435529125 0.9353503515625 0.24297745312500002 0.9188713390625001 0.24473756875000002 0.9133101734375 0.24416210781249997 0.8968311625000001 0.24592222343749998 0.891269996875 0.2453467640625 0.8747909859374999 0.2471068796875 0.86922981875
0 0.261154065625 0.8797386843749999 0.26291418125 0.8741775171875 0.2621469015625 0.852205503125 0.2639070171875 0.8466443375000001 0.2623724578125 0.802700309375 0.264132571875 0.7971391421875 0.262981653125 0.7641811203125 0.26474176875 0.758619953125 0.2639744890625 0.7366479406249999 0.2657346046875 0.7310867734375 0.26496732500000003 0.709114759375 0.26672743906249996 0.7035535921875 0.2661519796875 0.68707458125 0.2679120953125 0.681513415625 0.2673366359375 0.6650344046875001 0.26909675 0.6594732390625 0.26813765156249997 0.6320082203124999 0.26989776718749997 0.6264470531249999 0.2691304875 0.604475040625 0.2708906015625 0.598913871875 0.26993150312499997 0.57144885625 0.2716916171875 0.5658876890625 0.2705406984375 0.5329296671875 0.2723008140625 0.5273685015625 0.271533534375 0.5053964859375 0.27329365 0.4998353203125 0.272910009375 0.4888493140625 0.274670125 0.483288146875 0.273711025 0.45582312812500003 0.275471140625 0.45026196250000006 0.2747038609375 0.4282899484375 0.2764639765625 0.42272878125 0.275696696875 0.4007567671875 0.2774568125 0.3951956015625 0.27668953281249997 0.3732235859375 0.278449646875 0.36766242031249996 0.27787418750000004 0.35118340937500003 0.27963430312500004 0.34562224218750004 0.278675203125 0.318157225 0.28043531875 0.312596059375 0.27947621875 0.285131040625 0.281236334375 0.279569875 0.28066087500000003 0.2630908640625 0.28242099062500003 0.257529696875 0.2816537109375 0.23555768281249997 0.2834138265625 0.22999651718749997 0.28226290625 0.1970384953125 0.284023021875 0.191477328125 0.2834475625 0.17499831875 0.2852076765625 0.16943714999999998 0.2836731171875 0.125493121875 0.28045748593750003 0.1173558625 0.276553615625 0.1174921890625 0.2721533265625 0.13139510625 0.2727287859375 0.147874115625 0.2709686703125 0.15343528281250002 0.2719277703125 0.1809002984375 0.2701676546875 0.1864614671875 0.27112675468749997 0.21392648281249999 0.26936663906249997 0.2194876515625 0.270517559375 0.252445671875 0.26875744375 0.25800683750000003 0.2695247234375 0.279978853125 0.2677646078125 0.28554001875 0.2687237078125 0.3130050375 0.2669635921875 0.318566203125 0.267730871875 0.34053821875 0.26597075625 0.34609938281249997 0.26692985625 0.37356440156250004 0.265169740625 0.37912556875000003 0.2657452 0.39560457968749996 0.26398508593750003 0.401165746875 0.26475236562500004 0.42313775937500003 0.26299225000000004 0.42869892812500004 0.2637595296875 0.45067094062499996 0.2619994140625 0.45623210781249995 0.26276669375 0.4782041203125 0.261006578125 0.4837652890625 0.261965678125 0.5112303046875 0.26020556250000004 0.5167914734375 0.26116466250000003 0.5442564890625 0.25940454687500003 0.5498176578125 0.260363646875 0.577282675 0.25860353125 0.582843840625 0.25937081093750003 0.60481585625 0.2576106953125 0.610377021875 0.2581861546875 0.6268560328125 0.25642604062499996 0.6324171984375 0.2573851390625 0.6598822171875 0.25562502343750004 0.6654433828124999 0.256392303125 0.687415396875 0.25463218906249996 0.6929765640625 0.25539946874999997 0.714948578125 0.25363935312499997 0.72050974375 0.2544066328125 0.742481759375 0.2526465171875 0.748042925 0.253413796875 0.7700149406250001 0.25165368125 0.7755761062500001 0.25261278125 0.803041125 0.25085266562499997 0.8086022906249999 0.251428125 0.8250813015625 0.24966801093750002 0.83064246875 0.2502434703125 0.8471214796875 0.2484833546875 0.85268264375 0.249250634375 0.8746546593750001 0.24749051875 0.880215825 0.24768233906249998 0.8857088296875 0.24592222343749998 0.891269996875 0.246689503125 0.9132420109374999 0.24492938749999998 0.9188031765625 0.245313028125 0.9297891828125 0.2435529125 0.9353503515625 0.2439365515625 0.9463363578124999 0.24715218437500003 0.9544736171875 0.2480322421875 0.9516930359375 0.25243253125 0.93779011875 0.2563364015625 0.9376537921875 0.25721645937500004 0.934873209375 0.2570246390625 0.9293802046874999 0.2605448703125 0.918257871875 0.259777590625 0.8962858578124999 0.2615377046875 0.8907246921875001 0.261154065625 0.8797386843749999
0 0.2736666921875 0.8463035218750001 0.2754268078125 0.8407423546875 0.2742758890625 0.8077843328125001 0.276036003125 0.80222316875 0.27546054375 0.78574415625 0.277220659375 0.780182990625 0.2750769046875 0.77475815 0.27683701875 0.7691969828125 0.276261559375 0.752717971875 0.278021675 0.74715680625 0.27706257500000003 0.7196917875 0.278822690625 0.7141306203125 0.27843905156250004 0.7031446140625001 0.28019916562499997 0.6975834484375001 0.27866460625 0.6536394203125 0.280424721875 0.648078253125 0.2796574421875 0.6261062390625 0.2814175578125 0.620545071875 0.2804584578125 0.5930800546875 0.2822185734375 0.5875188875 0.28145129375 0.5655468734375 0.283211409375 0.5599857078125 0.282252309375 0.5325206890625 0.284012425 0.5269595234375 0.283436965625 0.5104805109375 0.28519708125 0.5049193453124999 0.28423798125 0.4774543265625 0.285998096875 0.47189316249999996 0.2852308171875 0.44992114687500007 0.28699093124999997 0.44435998125 0.2860318328125 0.41689496249999997 0.2877919484375 0.4113337953125 0.28702466875 0.38936178125 0.2887847828125 0.383800615625 0.28801750312499996 0.36182860156249996 0.28977761874999997 0.35626743437499997 0.2890103390625 0.33429542031250004 0.29077045468749996 0.32873425312500004 0.28981135468749997 0.3012692359375 0.29157147031249997 0.2957080703125 0.2906123703125 0.2682430515625 0.2923724859375 0.2626818859375 0.2914133859375 0.23521686718749998 0.2931735015625 0.22965570156249998 0.292406221875 0.20768368593750003 0.2941663375 0.20212252031250003 0.2928235984375 0.1636714953125 0.2945837140625 0.158110328125 0.29136808125 0.1499730671875 0.28746421093749996 0.15010939375000001 0.2848240375 0.15845114375 0.2852076765625 0.16943714999999998 0.2834475625 0.17499831875 0.28421484218750004 0.19697033125000002 0.28245472656250004 0.2025314984375 0.2834138265625 0.22999651718749997 0.2816537109375 0.23555768281249997 0.282612809375 0.2630227015625 0.2808526953125 0.2685838671875 0.28142815468750004 0.28506287812500003 0.27966803906250004 0.29062404375 0.28043531875 0.312596059375 0.278675203125 0.318157225 0.27963430312500004 0.34562224218750004 0.27787418750000004 0.35118340937500003 0.278449646875 0.36766242031249996 0.27668953281249997 0.3732235859375 0.2774568125 0.3951956015625 0.275696696875 0.4007567671875 0.27665579687499997 0.4282217859375 0.27489568124999997 0.43378295 0.2758547796875 0.46124796874999996 0.27409466562499996 0.46680913593750006 0.274670125 0.483288146875 0.272910009375 0.4888493140625 0.27348546875 0.5053283234375 0.2717253546875 0.5108894890625 0.272684453125 0.5383545078124999 0.2709243375 0.543915675 0.2716916171875 0.5658876890625 0.26993150312499997 0.57144885625 0.2706987828125 0.5934208703125 0.2689386671875 0.5989820359375 0.2700895859375 0.6319400578125001 0.268329471875 0.6375012250000001 0.26909675 0.6594732390625 0.2673366359375 0.6650344046875001 0.268103915625 0.68700641875 0.2663438 0.6925675859375 0.2673029 0.7200326031250001 0.265542784375 0.7255937703125 0.2665018828125 0.7530587875 0.26474176875 0.758619953125 0.2655090484375 0.78059196875 0.2637489328125 0.786153134375 0.2647080328125 0.813618153125 0.2629479171875 0.8191793203125 0.2639070171875 0.8466443375000001 0.2621469015625 0.852205503125 0.2632978203125 0.885163525 0.2615377046875 0.8907246921875001 0.26211316562500003 0.907203703125 0.26035305000000003 0.9127648687500001 0.26073668906249997 0.923750875 0.263952321875 0.9318881359375 0.2678561921875 0.9317518109374999 0.26873625 0.9289712265625001 0.270496365625 0.923410059375 0.26992090625 0.9069310500000001 0.271681021875 0.901369884375 0.27129738125 0.8903838765625001 0.273057496875 0.884822709375 0.27209839687500004 0.8573576921875 0.27385851250000004 0.8517965249999999 0.2736666921875 0.8463035218750001
0 0.2951379796875 0.8455537281250001 0.2968980953125 0.8399925609375 0.2963226359375 0.82351355 0.29808275 0.817952384375 0.2967400109375 0.779501359375 0.29850012656249997 0.77394019375 0.297732846875 0.751968178125 0.2994929625 0.7464070109375001 0.2987256828125 0.7244349984375 0.3004857984375 0.7188738296875 0.2995266984375 0.6914088140625 0.3012868140625 0.6858476453125 0.30013589375 0.652889625 0.301896009375 0.6473284593749999 0.3011287296875 0.62535644375 0.3028888453125 0.619795278125 0.302121565625 0.5978232625000001 0.30388168125 0.5922620984375 0.3027307609375 0.5593040765625 0.30449087656249996 0.553742909375 0.3033399578125 0.5207848890625 0.305100071875 0.515223721875 0.3043327921875 0.49325170781249994 0.3060929078125 0.48769054062499995 0.3051338078125 0.4602255234375 0.3068939234375 0.45466435625 0.305934825 0.4271993390625 0.3076949390625 0.421638171875 0.3065440203125 0.38868015 0.3083041359375 0.3831189859375 0.30753685625 0.3611469703125 0.309296971875 0.3555858046875 0.3087215109375 0.33910679374999997 0.3104816265625 0.3335456265625 0.3095225265625 0.30608060937500003 0.3112826421875 0.30051944062499997 0.3101317234375 0.267561421875 0.3090598453125 0.264849 0.2934443640625 0.26539430468749997 0.29256430624999996 0.26817488906250003 0.293139765625 0.2846538984375 0.29137965 0.290215065625 0.292722390625 0.32866609062499996 0.290962275 0.33422725625 0.2919213734375 0.361692275 0.290161259375 0.3672534421875 0.291312178125 0.4002114625 0.2895520625 0.4057726296875 0.2903193421875 0.42774464375 0.2885592265625 0.433305809375 0.2895183265625 0.460770828125 0.2877582109375 0.46633199375 0.28871731093749997 0.49379701249999997 0.28695719531249997 0.49935817812499994 0.288108115625 0.5323162 0.286348 0.5378773671875 0.2871152796875 0.55984938125 0.2853551640625 0.5654105484375 0.2863142640625 0.592875565625 0.2845541484375 0.59843673125 0.28570506875 0.631394753125 0.283944953125 0.6369559203125 0.28509587187499996 0.669913940625 0.28333575624999996 0.67547510625 0.28429485625 0.702940125 0.282534740625 0.7085012921875 0.28387748125 0.746952315625 0.282117365625 0.7525134828125 0.2834601046875 0.7909645078125 0.2816999890625 0.7965256734375 0.28246726875 0.8184976890625 0.280707153125 0.8240588546875 0.28204989375 0.8625098796874999 0.280289778125 0.868071046875 0.2806734171875 0.8790570531249999 0.2789133015625 0.8846182203125 0.279105121875 0.8901112250000001 0.27734500624999997 0.8956723890625 0.2781122859375 0.9176444046875 0.28132791875 0.925781665625 0.2910875953125 0.92544085 0.291967653125 0.922660265625 0.2954878828125 0.9115379328125 0.294720603125 0.8895659203124999 0.29043309375000004 0.8787162374999999 0.290049453125 0.86773023125 0.29180956875 0.862169065625 0.2916177484375 0.8566760609375 0.29532980000000003 0.85104673125 0.2951379796875 0.8455537281250001
0 0.3156501671875 0.8173389171875 0.3174102828125 0.8117777500000001 0.3164511828125 0.78431273125 0.31821129843749996 0.778751565625 0.31725219843749997 0.7512865468750001 0.31901231406249997 0.74572538125 0.3180532140625 0.7182603624999999 0.3198133296875 0.7126991968749999 0.31904604999999997 0.6907271828125 0.320806165625 0.685166015625 0.319847065625 0.6577009984375 0.32160718125 0.65213983125 0.3208399015625 0.6301678171875 0.3226000171875 0.62460665 0.32144909843749997 0.59164863125 0.3232092125 0.5860874625 0.3222501140625 0.5586224453125 0.324010228125 0.553061278125 0.32285930937499996 0.5201032578125 0.32461942499999996 0.5145420921875 0.3234685046875 0.48158407031249995 0.3252286203125 0.4760229015625 0.3242695203125 0.4485578859375 0.3260296359375 0.44299671875 0.32526235625 0.4210247046875 0.327022471875 0.4154635375 0.326063371875 0.38799851875 0.3278234875 0.3824373546875 0.3268643875 0.3549723359375 0.328624503125 0.3494111703125 0.32747358437499996 0.3164531484375 0.3292336984375 0.31089198125 0.3280827796875 0.2779339609375 0.3298428953125 0.27237279375 0.32926743593749996 0.25589378281249997 0.3301474921875 0.2531132 0.332099428125 0.2530450375 0.33385954375 0.24748387031250002 0.335811478125 0.24741570781250002 0.3384516515625 0.23907395625 0.3378761921875 0.22259494531250001 0.334660559375 0.21445768593749998 0.33270862343749996 0.21452584843750003 0.33056486875 0.209101009375 0.3247090625 0.20930549843750001 0.32256530781250004 0.2038806578125 0.3147575671875 0.204153309375 0.31387750937500003 0.2069338921875 0.3140693296875 0.2124268953125 0.3123092140625 0.2179880640625 0.31307649375 0.23996007656249999 0.311316378125 0.24552124375 0.3126591171875 0.28397226875000003 0.31089900312499996 0.289533434375 0.3118581015625 0.31699845312499997 0.3100979875 0.32255961875 0.310673446875 0.33903863125 0.30891333125 0.3445997953125 0.3096806109375 0.3665718109375 0.3079204953125 0.3721329765625 0.308687775 0.3941049921875 0.306927659375 0.3996661578125 0.307886759375 0.4271311765625 0.30612664375 0.43269234218749997 0.3072775640625 0.4656503625 0.3055174484375 0.47121153125 0.3064765484375 0.4986765484375 0.3047164328125 0.5042377140625 0.3054837125 0.5262097296875 0.303723596875 0.5317708953125 0.304682696875 0.5592359140625 0.30292258125 0.5647970796874999 0.30388168125 0.5922620984375 0.302121565625 0.5978232625000001 0.3028888453125 0.619795278125 0.3011287296875 0.62535644375 0.30227965 0.658314465625 0.300519534375 0.6638756328125 0.3014786328125 0.69134065 0.29971851875 0.6969018171875 0.30067761718749997 0.7243668359375001 0.298917503125 0.7299280015625 0.2994929625 0.7464070109375001 0.297732846875 0.751968178125 0.29888376562499996 0.7849262 0.2971236515625 0.790487365625 0.29808275 0.817952384375 0.2963226359375 0.82351355 0.297281734375 0.8509785671874999 0.2955216203125 0.8565397359375 0.2966725390625 0.8894977562499999 0.2949124234375 0.895058921875 0.29510424375 0.9005519265625 0.29831987656250003 0.9086891859374999 0.3100314875 0.9082802078125001 0.3109115453125 0.905499625 0.3126716609375 0.8999384593749999 0.312479840625 0.8944454546875 0.31423995625 0.8888842890624999 0.313856315625 0.87789828125 0.31561643125 0.8723371140625 0.31465733125 0.8448720984375001 0.316417446875 0.8393109296875 0.3156501671875 0.8173389171875
0 0.3371214546875 0.8165891234375 0.3388815703125 0.81102795625 0.338114290625 0.7890559421875001 0.33987440625 0.7834947750000001 0.33910712656249997 0.761522759375 0.3408672421875 0.75596159375 0.34009996249999996 0.7339895796875 0.3418600765625 0.7284284140625 0.340900978125 0.7009633953125001 0.3426610921875 0.6954022296875 0.3418938125 0.6734302140625 0.343653928125 0.6678690484375001 0.3426948296875 0.6404040296875 0.34445494375 0.634842865625 0.3434958453125 0.607377846875 0.34525595937500003 0.6018166796875 0.344105040625 0.568858659375 0.34586515625 0.5632974921875 0.34490605625000004 0.5358324734375 0.34666617187500004 0.5302713078125 0.345707071875 0.5028062890625 0.3474671875 0.4972451234375 0.3463162671875 0.4642871015625 0.34807638281250003 0.45872593437500003 0.3471172828125 0.4312609171875 0.3488773984375 0.42569975156249995 0.3473428390625 0.3817557234375 0.3491029546875 0.37619455625 0.348335675 0.3542225421875 0.350095790625 0.3486613765625 0.3493285109375 0.3266893609375 0.3510886265625 0.3211281953125 0.34993770625 0.2881701734375 0.351697821875 0.28260900625 0.3511223625 0.266129996875 0.34790672968749997 0.2579927359375 0.3400989890625 0.2582653875 0.33795523437499997 0.252840546875 0.332099428125 0.2530450375 0.32945925468750004 0.2613867875 0.330226534375 0.2833588 0.32846641875000004 0.2889199671875 0.329809159375 0.3273709921875 0.32804904375 0.3329321578125 0.3288163234375 0.35490417343749997 0.3270562078125 0.3604653390625 0.32839894687500004 0.39891636406250003 0.32663883125000004 0.40447753124999997 0.3274061109375 0.4264495453125 0.325645996875 0.4320107109375 0.32660509531250004 0.45947572968749995 0.32484498125 0.4650368953125 0.3258040796875 0.49250191406250005 0.3240439640625 0.4980630796875 0.32481124375000003 0.5200350953124999 0.3230511296875 0.5255962609375 0.3242020484375 0.5585542828125 0.3224419328125 0.56411545 0.3232092125 0.5860874625 0.32144909843749997 0.59164863125 0.3226000171875 0.62460665 0.3208399015625 0.6301678171875 0.32179900156249996 0.6576328359375 0.32003888593749996 0.6631940015625 0.32118980625 0.6961520234374999 0.319429690625 0.7017131890625 0.32000514999999996 0.7181922000000001 0.31824503437499996 0.7237533671875 0.3193959546875 0.7567113875 0.3176358390625 0.7622725546875 0.31821129843749996 0.778751565625 0.3164511828125 0.78431273125 0.317793921875 0.82276375625 0.3160338078125 0.8283249234375001 0.31680108749999997 0.8502969359374999 0.315040971875 0.8558581046875 0.316000071875 0.8833231218750001 0.31423995625 0.8888842890624999 0.3144317765625 0.894377290625 0.3176474078125 0.9025145515625 0.3235032140625 0.9023100625 0.32564696875 0.9077349031249999 0.3265270265625 0.9049543203124999 0.327407084375 0.9021737375000001 0.3293590203125 0.9021055734375001 0.331119134375 0.8965444078125 0.3330710703125 0.8964762437499999 0.33747135781250004 0.8825733281250001 0.33651225937499996 0.8551083109375 0.33827237499999996 0.8495471421874999 0.3371214546875 0.8165891234375
0 0.3678106953125 0.7440213046874999 0.369570809375 0.7384601375 0.3682280703125 0.7000091125 0.3699881859375 0.694447946875 0.3690290859375 0.666982928125 0.3707892015625 0.6614217609375 0.3696382828125 0.628463740625 0.371398396875 0.6229025734375 0.3700556578125 0.5844515484375 0.3718157734375 0.5788903828125 0.370473034375 0.5404393578125 0.3722331484375 0.534878190625 0.370698590625 0.4909341625 0.3724587046875 0.48537299687499996 0.37130778593749997 0.45241497500000005 0.37306790156249997 0.44685380781250006 0.37134152187499997 0.39741677656249996 0.37310163749999997 0.3918556109375 0.3721425375 0.36439059218750003 0.373902653125 0.35882942500000004 0.3725599140625 0.3203784015625 0.374320028125 0.31481723437500003 0.372210009375 0.2543941953125 0.37113813281249997 0.251681775 0.369186196875 0.2517499390625 0.3670424421875 0.2463250984375 0.35533083125 0.2467340765625 0.35445077343750003 0.249514659375 0.3546425921875 0.2550076625 0.352882478125 0.2605688296875 0.3534579375 0.277047840625 0.351697821875 0.28260900625 0.3528487421875 0.315567028125 0.3510886265625 0.3211281953125 0.352431365625 0.3595792203125 0.35067125 0.3651403859375 0.3514385296875 0.3871124 0.3496784140625 0.3926735671875 0.34987023437500003 0.3981665703125 0.3520139890625 0.40359141093749995 0.350253875 0.4091525765625 0.350829334375 0.42563158906250004 0.34906921875 0.43119275312500005 0.3504119578125 0.46964377968750004 0.3486518421875 0.4752049453125 0.34980276250000003 0.5081629671875 0.34804264687500003 0.5137241343750001 0.349001746875 0.5411891515625 0.34724163125 0.54675031875 0.34820073125 0.5742153359375 0.346440615625 0.5797765015625 0.347591534375 0.6127345234375 0.3458314203125 0.618295690625 0.34659870000000004 0.6402677031249999 0.34483858437500003 0.645828871875 0.345797684375 0.6732938875000001 0.34403756875 0.67885505625 0.34480484843750003 0.7008270703124999 0.34304473281250003 0.7063882359375 0.34381201250000004 0.7283602515625 0.34205189687500004 0.7339214171874999 0.34301099687500003 0.7613864343750001 0.34125088125 0.7669476015625001 0.34220998125 0.79441261875 0.340449865625 0.7999737859375 0.341600784375 0.8329318062500001 0.3398406703125 0.8384929734375 0.3413752296875 0.8824370015625 0.3445908609375 0.8905742625 0.36020634375 0.8900289578124999 0.3610864015625 0.8872483750000001 0.366366746875 0.870564875 0.365407646875 0.8430998578125 0.3671677625 0.837538690625 0.3662086625 0.8100736734374999 0.367968778125 0.8045125046875 0.3672014984375 0.7825404921875 0.3689616140625 0.776979325 0.3678106953125 0.7440213046874999
0 0.3856036671875 0.6939026421875 0.3873637828125 0.688341475 0.3852537640625 0.6279184359375 0.3870138796875 0.62235726875 0.385862959375 0.5893992484374999 0.387623075 0.5838380812499999 0.3862803359375 0.5453870578125 0.38804045 0.5398258890625 0.38688953125 0.50686786875 0.388649646875 0.5013067015625 0.3869232671875 0.4518696703125 0.3886833828125 0.44630850312500003 0.38734064375 0.40785747812500006 0.389100759375 0.40229631250000003 0.3873743796875 0.35285928125 0.3891344953125 0.3472981140625 0.387408115625 0.29786108125 0.38916823125 0.2922999171875 0.38801731093749997 0.2593418953125 0.384801678125 0.25120463437499996 0.375042003125 0.25154544843750004 0.3741619453125 0.25432603125000003 0.37454558437499996 0.2653120390625 0.3727854703125 0.27087320625 0.374320028125 0.31481723437500003 0.3725599140625 0.3203784015625 0.373902653125 0.35882942500000004 0.3721425375 0.36439059218750003 0.37348527656249997 0.40284161718749995 0.37172516093749997 0.40840278281250003 0.37306790156249997 0.44685380781250006 0.37130778593749997 0.45241497500000005 0.372650525 0.490866 0.370890409375 0.496427165625 0.37242496875 0.54037119375 0.37066485312499997 0.5459323625 0.37200759375 0.5843833859374999 0.370247478125 0.5899445531249999 0.37159021718749996 0.6283955765625 0.36983010156249996 0.6339567453125 0.371172840625 0.6724077687500001 0.3694127265625 0.6779689359375001 0.37056364531249997 0.71092695625 0.36880352968749996 0.716488121875 0.36995445 0.74944614375 0.368194334375 0.7550073109375 0.3695370734375 0.7934583359375 0.36777695781249997 0.799019503125 0.3691196984375 0.8374705265625 0.3673595828125 0.8430316953125001 0.36870232187499996 0.8814827187500001 0.3697742 0.8841951390625 0.371726134375 0.8841269765625 0.37386988906249996 0.8895518156250001 0.38167763125 0.8892791640625 0.3825576890625 0.88649858125 0.3862697390625 0.8808692499999999 0.38511881875 0.847911228125 0.386878934375 0.8423500640625001 0.3849607359375 0.787420028125 0.38672085156249997 0.7818588609375 0.384994471875 0.7324218296875 0.38675458749999997 0.7268606625 0.3856036671875 0.6939026421875
0 0.395938803125 0.7100408359375 0.39769891875 0.7044796703125 0.396164359375 0.6605356421875 0.397924475 0.6549744750000001 0.39638991562500003 0.611030446875 0.39815003125000004 0.6054692796875 0.396615471875 0.5615252515625 0.3983755859375 0.5559640859375 0.3962655671875 0.49554104531250004 0.3980256828125 0.4899798796875 0.396299303125 0.4405428484375 0.39805941875 0.43498168125000003 0.39652485937500004 0.391037653125 0.39828497500000004 0.3854764859375 0.396750415625 0.34153245781249997 0.39851053125 0.3359712921875 0.396016871875 0.2645622453125 0.3977769875 0.2590010796875 0.39758516718750003 0.253508075 0.396513290625 0.2507956546875 0.3887055484375 0.2510683078125 0.3878254921875 0.253848890625 0.38936004999999996 0.29779291875 0.38759993593750003 0.3033540859375 0.388942675 0.34180510937499997 0.387182559375 0.347366278125 0.389100759375 0.40229631250000003 0.38734064375 0.40785747812500006 0.389067021875 0.45729451093750006 0.3873069078125 0.46285567656250004 0.3888414671875 0.5067997046875 0.3870813515625 0.5123608734375 0.3886159109375 0.5563049015625 0.3868557953125 0.5618660671875 0.38819853437499996 0.6003170921875001 0.38643841874999996 0.6058782593750001 0.38816479843749996 0.655315290625 0.3864046828125 0.66087645625 0.38813106249999996 0.7103134890625 0.386370946875 0.7158746546875 0.38790550625 0.7598186828125 0.386145390625 0.7653798515625 0.388063590625 0.8203098859375 0.386303475 0.825871053125 0.3882216734375 0.8808010875000001 0.3892935515625 0.8835135078125 0.393197421875 0.8833771828125 0.3940774796875 0.8805965984374999 0.3958375953125 0.87503543125 0.3948784953125 0.8475704140625 0.3966386109375 0.8420092484374999 0.395487690625 0.8090512265625 0.39724780625 0.8034900593750001 0.3960968875 0.7705320390625 0.3978570015625 0.764970871875 0.395938803125 0.7100408359375
0 0.408485165625 0.621607475 0.41024528125000004 0.6160463093749999 0.4081352625 0.5556232703124999 0.409895378125 0.5500621031249999 0.40778535937499993 0.4896390640625 0.40954547343750003 0.48407789843750004 0.4074354546875 0.423654859375 0.4091955703125 0.41809369218750003 0.40670191093749997 0.346684646875 0.4084620265625 0.341123478125 0.4053929078125 0.25323542187500003 0.40432103125 0.250523003125 0.398465225 0.2507274921875 0.39758516718750003 0.253508075 0.3981606265625 0.2699870859375 0.39640051249999997 0.27554825312500003 0.39851053125 0.3359712921875 0.396750415625 0.34153245781249997 0.398860434375 0.401955496875 0.39710031875 0.4075166640625 0.398634878125 0.4514606921875 0.3968747640625 0.4570218578125 0.39821750312500004 0.4954728828125 0.39645738750000004 0.50103405 0.39818376718750004 0.55047108125 0.39642365156250003 0.5560322484375 0.39815003125000004 0.6054692796875 0.39638991562500003 0.611030446875 0.39849993437500003 0.671453484375 0.39673981875000003 0.677014653125 0.39884983749999997 0.737437690625 0.39708972343750004 0.7429988578125 0.3991997421875 0.8034218953125001 0.3974396265625 0.8089830640625 0.399741465625 0.87489910625 0.4008133421875 0.8776115265625 0.4066691484375 0.8774070375 0.40754920625 0.8746264531250001 0.41126125625 0.8689971234374999 0.40895941718750006 0.80308108125 0.4107195328125 0.797519915625 0.4095686140625 0.76456189375 0.411328728125 0.7590007265625001 0.409218709375 0.6985776875 0.41097882500000005 0.693016521875 0.408485165625 0.621607475
0 0.41667654687500005 0.63232083125 0.4184366625 0.6267596625 0.4165184625 0.5718296281249999 0.41827857812499997 0.5662684609374999 0.41578492031250003 0.494859415625 0.41754503437499996 0.48929824843749997 0.41601047500000005 0.4453542203125 0.417770590625 0.4397930546875 0.41297509374999997 0.302467965625 0.41473520781250006 0.2969067984375 0.411666090625 0.2090187421875 0.41059421250000006 0.206306321875 0.40864227656249996 0.2063744859375 0.4060021046875 0.21471623593750003 0.4075366640625 0.2586602640625 0.40577654843750005 0.26422143125 0.4088456671875 0.35210948750000004 0.40708555156250004 0.357670653125 0.40996285 0.44006570624999997 0.408202734375 0.44562687343749996 0.4099291140625 0.49506390468749994 0.4081689984375 0.5006250703124999 0.4106626578125 0.5720341171875 0.4089025421875 0.577595284375 0.41101256093750005 0.638018321875 0.4092524453125 0.643579490625 0.4121297453125 0.72597454375 0.4103696296875 0.731535709375 0.41267146875 0.797451753125 0.41091135312500005 0.8030129171875 0.4128295515625 0.8579429546874999 0.41106943749999997 0.8635041203125 0.416428825 0.8770662218749999 0.41730888281249995 0.8742856375000001 0.419068996875 0.868724471875 0.41810989843749996 0.8412594546875001 0.4198700125 0.8356982875 0.417568175 0.7697822453125001 0.4193282890625 0.7642210781250001 0.4177937296875 0.72027705 0.41955384531249995 0.7147158828125 0.41667654687500005 0.63232083125
0 0.42435994062500004 0.5165587781250001 0.4261200546875 0.5109976109375001 0.42247547656249995 0.40663054374999996 0.4242355921875 0.40106937656249997 0.42039919374999996 0.2912093078125 0.4193273171875 0.2884968859375 0.41756720156249993 0.294058053125 0.41561526562499995 0.294126215625 0.41473520781250006 0.2969067984375 0.41550248749999996 0.3188788125 0.4137423734375 0.3244399796875 0.4160442125 0.390356021875 0.414284096875 0.3959171890625 0.416969575 0.4728192375 0.41520945937500003 0.4783804046875 0.41751129843749996 0.5442964484374999 0.4157511828125 0.5498576125 0.41824484218749997 0.621266659375 0.4164847265625 0.6268278265625 0.4189783859375 0.698236871875 0.41721827031250003 0.7037980390625 0.419362025 0.7092228796875 0.4176019109375 0.7147840453125001 0.42009556875 0.7861930921875 0.4183354546875 0.7917542578125001 0.4208291125 0.8631633046875 0.4240447453125 0.8713005656249999 0.42599668125 0.871232403125 0.4268767390625 0.86845181875 0.4305887890625 0.8628224890625 0.42943786875 0.82986446875 0.43119798437499995 0.8243033015625001 0.42774522656249997 0.7254292390625 0.4295053421875 0.719868071875 0.426244403125 0.6264870109375 0.42800451875 0.62092584375 0.42435994062500004 0.5165587781250001
0 0.5495652515625 0.21245275000000002 0.5513253671875 0.20689158437500002 0.58255633125 0.205800975 0.5843164453125 0.2002398078125 0.6116435390625 0.19928552500000002 0.6134036546875 0.19372435937500002 0.6153555890625 0.1936561953125 0.6171157046875 0.1880950296875 0.619259459375 0.19351986875 0.6290191359375 0.19317905468750002 0.6307792515624999 0.1876178875 0.6444427968750001 0.18714074687499999 0.6462029125 0.181579578125 0.6501067828125 0.18144325156250002 0.650986840625 0.1786626703125 0.65041138125 0.162183659375 0.649339503125 0.1594712390625 0.6473875687499999 0.1595394015625 0.6452438140625001 0.1541145609375 0.627676396875 0.1547280296875 0.62591628125 0.16028919531250002 0.6044449937499999 0.1610389890625 0.602684878125 0.16660015625 0.6005411234375 0.161175315625 0.5987810078125 0.1667364828125 0.5753577859375001 0.1675544390625 0.5735976703125 0.1731156046875 0.546270578125 0.1740698890625 0.5445104625 0.1796310546875 0.5210872390625 0.1804490125 0.519327125 0.186010178125 0.4880961609375 0.1871007875 0.48633604531249996 0.19266195625 0.45315314687499997 0.193820728125 0.45139303125 0.19938189374999998 0.42016206875 0.200472503125 0.41840195312499995 0.2060336703125 0.41645001875 0.2061018328125 0.41430626249999997 0.20067699218750001 0.412546146875 0.206238159375 0.41059421250000006 0.206306321875 0.4097141546875 0.2090869046875 0.41009779375 0.2200729109375 0.41224154999999996 0.22549775312499998 0.4124333703125 0.23099075624999998 0.41564900156249995 0.2391280171875 0.41955287343750003 0.2389916921875 0.42043292968749996 0.2362111078125 0.4213129875 0.23343052343749998 0.4623036265625 0.2319990984375 0.46406374218749996 0.2264379328125 0.4933427703125 0.2254154859375 0.49510288593749996 0.2198543203125 0.5243819140625 0.21883187343750002 0.5261420296875 0.21327070781250002 0.5495652515625 0.21245275000000002
0 0.433419809375 0.38424955 0.4351799234375 0.378688384375 0.4303844265625 0.2413632953125 0.42931254843750005 0.2386508765625 0.4215048078125 0.238923528125 0.42062475 0.2417041109375 0.422159309375 0.2856481390625 0.42039919374999996 0.2912093078125 0.424043771875 0.3955763734375 0.42228365781250005 0.401137540625 0.4261200546875 0.5109976109375001 0.42435994062500004 0.5165587781250001 0.42838815781250006 0.631911853125 0.4266280421875 0.6374730171875 0.43046444062500006 0.7473330890625001 0.4287043265625 0.7528942546875 0.43254072343749994 0.8627543265625001 0.43361260156250003 0.8654667453125 0.44142034218750004 0.8651940937499999 0.4423004 0.8624135109375001 0.44406051562500004 0.8568523453125 0.44156685625 0.7854432984375 0.44332697187500003 0.77988213125 0.43949057343750003 0.6700220609375 0.4412506890625 0.6644608937500001 0.4370306515625 0.5436148171874999 0.438790765625 0.5380536499999999 0.433419809375 0.38424955
0 0.453029771875 0.5540555203124999 0.4495770140625 0.4551814546875 0.45133712968750006 0.44962028906249996 0.44404797343749997 0.2408861546875 0.44297609531250004 0.23817373437499997 0.43321641875 0.23851455000000002 0.4323363609375 0.2412951328125 0.433103640625 0.26326714687499997 0.4313435265625 0.26882831406249996 0.43690630312499995 0.428125415625 0.4351461875 0.4336865828125 0.44013350625000003 0.576504675 0.43837339062499997 0.582065840625 0.442593428125 0.70291191875 0.4408333125 0.7084730859375 0.4446697109375 0.8183331562499999 0.44290959531249996 0.8238943234375 0.44329323593750003 0.8348803296874999 0.44543699062500003 0.840305171875 0.44601245 0.8567841812499999 0.447084328125 0.8594966015625 0.45684400468749997 0.8591557859375 0.4577240625 0.856375203125 0.45948417656249996 0.8508140359375 0.45699051874999996 0.779404990625 0.458750634375 0.7738438234375 0.45395513593750003 0.636518734375 0.4557152515625 0.63095756875 0.45341341249999995 0.5650415265625 0.45126965781250006 0.5596166859375 0.453029771875 0.5540555203124999
0 0.45771151874999993 0.24040901250000002 0.4544958859375 0.2322717515625 0.44864008125000004 0.232476240625 0.4442397921875 0.2463791578125 0.45133712968750006 0.44962028906249996 0.4495770140625 0.4551814546875 0.45629071093749995 0.6474365796875 0.4545305953125 0.6529977453125 0.4600933734375 0.8122948484375 0.4583332578125 0.8178560156250001 0.45948417656249996 0.8508140359375 0.462699809375 0.858951296875 0.47050755000000005 0.85867864375 0.4713876078125 0.8558980609375 0.4731477234375 0.8503368953124999 0.4710377046875 0.7899138546875 0.47279782031249995 0.7843526890625 0.4674268625 0.630548590625 0.46918697812500004 0.6249874234374999 0.4607469015625 0.3832952671875 0.4625070171875 0.3777341015625 0.45771151874999993 0.24040901250000002
0 0.4623036265625 0.2319990984375 0.45839975624999996 0.232135425 0.45751970000000003 0.234916009375 0.46634341562500004 0.487594171875 0.4645833 0.4931553375 0.4667270546875 0.498580178125 0.467494334375 0.5205521937500001 0.46573421875000004 0.526113359375 0.474366115625 0.77329851875 0.472606 0.7788596859375 0.47452419843750004 0.8337897203125 0.4766679546875 0.8392145624999999 0.47705159375 0.85020056875 0.47812347187500004 0.8529129890625 0.48983508281250004 0.852504009375 0.490715140625 0.849723428125 0.48879694218749997 0.7947933921875 0.49055705625 0.789232225 0.47233416562499997 0.2673968890625 0.47409428125 0.2618357234375 0.4733270015625 0.23986370781250002 0.4679676125 0.22630160625 0.46406374218749996 0.2264379328125 0.4623036265625 0.2319990984375
0 0.48679872812499997 0.23389356249999999 0.48572685 0.2311811421875 0.4837749140625 0.2312493046875 0.481631159375 0.2258244640625 0.47772728906250006 0.225960790625 0.4759671734375 0.23152195781249998 0.4740152390625 0.2315901203125 0.47313518125 0.23437070468750001 0.4863707546875 0.6133879484375 0.48461063906249996 0.618949115625 0.4922834359375 0.8386692578125 0.49549906874999994 0.8468065171875001 0.5013548734375 0.846602028125 0.5022349312500001 0.8438214437499999 0.5057551625000001 0.8326991109374999 0.48791591093750003 0.3218497828125 0.4896760265625 0.316288615625 0.48948420625000005 0.3107956125 0.48734045156250005 0.305370771875 0.4869568109375 0.2943847640625 0.48871692656250004 0.2888236 0.48679872812499997 0.23389356249999999
0 0.4960060828125 0.49755773281250004 0.49424596718749997 0.5031188984375 0.4963897234375 0.508543740625 0.4965815421875 0.51403674375 0.494821428125 0.5195979109375 0.4969651828125 0.52502275 0.497348821875 0.5360087578125 0.49558870781250003 0.541569925 0.49654780625 0.5690349421875001 0.4986915625 0.5744597828125 0.496931446875 0.5800209484375001 0.5057551625000001 0.8326991109374999 0.5089707953125 0.8408363718749999 0.5148265999999999 0.8406318828125 0.5157066578125 0.8378513 0.516586715625 0.8350707171874999 0.52439445625 0.8347980640625 0.5252745140624999 0.8320174796875 0.5041743249999999 0.22778709218749998 0.503102446875 0.2250746703125 0.48748696562499994 0.225619975 0.48660690781250004 0.22840055937499998 0.4960060828125 0.49755773281250004
0 0.52722645 0.8319493171874999 0.5282983265625 0.8346617375 0.543913809375 0.834116434375 0.5447938671875 0.83133585 0.54655398125 0.8257746828125001 0.5256456109375 0.22703729843749998 0.5224299796875 0.2189000375 0.5107183671875 0.219309015625 0.508958253125 0.22487018124999997 0.5070063171875 0.2249383453125 0.506126259375 0.227718928125 0.52722645 0.8319493171874999
0 0.55724961875 0.5724148890625 0.5590097328125 0.5668537234375 0.558242453125 0.5448817078125 0.5560986984375 0.5394568703125 0.5449731437499999 0.2208626640625 0.5417575109375 0.21272540312500002 0.5399973953125 0.21828656875000002 0.528285784375 0.21869554687499998 0.5256456109375 0.22703729843749998 0.5390730046875001 0.6115475453125 0.5412167609375 0.6169723859375 0.5417922203125001 0.6334513953124999 0.5400321046875 0.6390125640625001 0.540223925 0.6445055671875 0.5423676796875 0.6499304078125 0.5485059171875 0.8257065203125 0.5495777953125 0.828418940625 0.5651932765625001 0.8278736359375 0.566073334375 0.825093053125 0.56783345 0.8195318859375 0.5603524734375 0.6053047484375 0.5582087171875 0.5998799078125 0.5580168984375 0.5943869046875 0.5597770125 0.5888257359375 0.55958519375 0.583332734375 0.5574414375 0.57790789375 0.55724961875 0.5724148890625
0 0.5515171875 0.21238458750000003 0.549757071875 0.21794575312500003 0.5478051359375 0.21801391718750002 0.5469250796875 0.2207945015625 0.5636134109375 0.6986858078125 0.565757165625 0.7041106484374999 0.569785384375 0.8194637234375 0.5708572625 0.8221761437499999 0.58647274375 0.8216308390625 0.5873528015625 0.8188502546875001 0.5891129171875 0.8132890890625 0.5822073999999999 0.6155409609375 0.5800636453125 0.6101161203125 0.56644443125 0.22011287031250001 0.565372553125 0.2174004484375 0.56342061875 0.2174686125 0.5612768625 0.21204377187499998 0.5515171875 0.21238458750000003
0 0.5690846046875 0.21177112031249998 0.56644443125 0.22011287031250001 0.5681708109375 0.26954990156249997 0.570314565625 0.2749747421875 0.5705063859374999 0.2804677453125 0.5687462703125 0.2860289125 0.5714317484375 0.3629309609375 0.5735755046875 0.36835580156250003 0.5877701765625 0.7748380640625 0.590985809375 0.782975325 0.6007454859375 0.782634509375 0.60162554375 0.7798539250000001 0.6025056015625 0.7770733437499999 0.6064094718749999 0.7769370171875 0.6072895296875 0.7741564328125 0.5984658140625 0.5214782703124999 0.5963220578125 0.5160534296875 0.5857719640625 0.21393823437499998 0.5847000859375 0.21122581562499998 0.5690846046875 0.21177112031249998
0 0.5979799921875 0.1997626671875 0.5962198765625 0.2053238328125 0.5884121359375001 0.2055964859375 0.587532078125 0.20837706875 0.5907930171875 0.3017581296875 0.5890329015625 0.3073192953125 0.5911429203125 0.36774233437500004 0.5932866765625 0.37316717499999996 0.6057549703125 0.7302124046875 0.607898725 0.7356372453125 0.6092414640625 0.7740882703125 0.6103133421875 0.776800690625 0.62007301875 0.776459875 0.6209530765625 0.7736792921875 0.6218331328125 0.7708987078125 0.6276889390625 0.77069421875 0.628568996875 0.7679136359375 0.6210880203125 0.5536864984375 0.6189442656249999 0.5482616578124999 0.60705143125 0.20769543906250001 0.6038357984375 0.199558178125 0.5979799921875 0.1997626671875
0 0.609691603125 0.1993536875 0.6088115453125 0.20213427031250003 0.60938700625 0.21861328281249998 0.607626890625 0.22417444843749998 0.613956946875 0.405443565625 0.616100703125 0.4108684046875 0.628568996875 0.7679136359375 0.629640875 0.7706260546875 0.64525635625 0.77008075 0.6461364140625 0.7673001687500001 0.64965664375 0.7561778359375 0.649464825 0.7506848296874999 0.64732106875 0.7452599906249999 0.6381137140625001 0.4815958203125 0.6359699578125 0.47617098125 0.6263789625 0.20152080312499998 0.6253070859375 0.19880838437499998 0.609691603125 0.1993536875
0 0.6489674328125 0.288727228125 0.645898315625 0.200839171875 0.6448264375 0.198126753125 0.6428745015625 0.198194915625 0.640730746875 0.192770075 0.63292300625 0.193042728125 0.631162890625 0.19860389375 0.62921095625 0.1986720578125 0.6283308984375 0.20145264062499998 0.64712925 0.7397669875 0.6492730046874999 0.7451918265625 0.6498484640625 0.7616708390625 0.653064096875 0.7698080984375 0.6569679671875 0.769671771875 0.6578480250000001 0.7668911890625 0.6587280828125001 0.7641106062499999 0.6665358234375 0.763837953125 0.66741588125 0.7610573703125 0.666840421875 0.7445783593749999 0.6686005359375 0.73901719375 0.66645678125 0.7335923531249999 0.6511111890625 0.2941520703125 0.6489674328125 0.288727228125
0 0.6478502500000001 0.200771009375 0.6620449234375 0.607253271875 0.664188678125 0.6126781109375 0.66879235625 0.7445101968750001 0.6709361109375 0.7499350359375 0.6713197515625 0.7609210453124999 0.674535384375 0.7690583046875 0.67648731875 0.7689901406249999 0.6807748296875 0.7798398234375 0.682726765625 0.7797716609374999 0.6848705203125001 0.7851965 0.6868224546875 0.7851283375 0.691109965625 0.79597801875 0.6950138359375 0.7958416921875 0.69589389375 0.7930611078124999 0.687070178125 0.5403829453125 0.684926421875 0.5349581062500001 0.67284176875 0.1888988828125 0.671769890625 0.18618646249999998 0.6639621499999999 0.186459115625 0.662202034375 0.19202028124999998 0.6504904234375 0.19242926093749999 0.6478502500000001 0.200771009375
0 0.6966486296875 0.1990669328125 0.695576753125 0.1963545125 0.6936248171875 0.1964226765625 0.6914810625000001 0.1909978359375 0.6778175156249999 0.1914749765625 0.6751773437499999 0.1998167265625 0.692249315625 0.6886940421875 0.6943930703125 0.69411888125 0.6980376484375 0.79848595 0.6991095265625 0.8011983687500001 0.718628878125 0.8005167375 0.7195089359375 0.7977361562499999 0.7230291671875 0.7866138234375 0.7222618875 0.7646418078125 0.72011813125 0.7592169671875 0.7105271359375 0.484566790625 0.70838338125 0.47914195 0.699176025 0.21547778125 0.6970322703125 0.21005293906250003 0.6966486296875 0.1990669328125
0 0.727304134375 0.1814973125 0.7240885015625 0.1733600515625 0.7104249546875 0.17383719375 0.7086648390625 0.17939835937499998 0.702809034375 0.17960284843750002 0.7001688609375 0.1879446 0.7199263124999999 0.7537239640625 0.7220700671875 0.7591488046875 0.7232209859375 0.7921068250000001 0.7253647421875 0.7975316671875 0.7255565609375 0.8030246703125 0.7266284390625 0.8057370890625 0.7285803734375 0.8056689265625 0.7307241296875 0.8110937671875 0.7326760640625001 0.8110256031249999 0.7348198203125 0.8164504453125 0.7484833656250001 0.8159733031249999 0.7493634234375001 0.8131927203125 0.7511235390625 0.807631553125 0.750356259375 0.785659540625 0.7521163750000001 0.7800983718750001 0.7482799765625 0.6702383000000001 0.746136221875 0.6648134625 0.7330924671875 0.291289221875 0.7309487125 0.2858643796875 0.727304134375 0.1814973125
0 0.765914865625 0.5596284375 0.7526792921875 0.1806111921875 0.749463659375 0.17247393125 0.7338481781249999 0.1730192359375 0.7320880625 0.178580403125 0.7301361265625 0.178648565625 0.72925606875 0.18142914999999998 0.7365452265625 0.390163284375 0.7386889812499999 0.395588125 0.752691834375 0.7965773828125 0.7548355890625 0.8020022234375 0.755027409375 0.8074952265625001 0.7560992875 0.8102076468750001 0.758051221875 0.8101394828125 0.760194978125 0.8155643250000001 0.7621469125 0.8154961625 0.7630269703125 0.812715578125 0.763907028125 0.80993499375 0.7756186390625001 0.8095260156249999 0.776498696875 0.8067454328125001 0.7763068765625001 0.8012524296875 0.7780669921875 0.7956912640625 0.7759232375 0.790266421875 0.7680586203125 0.5650532765625 0.765914865625 0.5596284375
0 0.8137878828125 0.47546114375000004 0.8155479984375 0.46989997656250004 0.8134042421875 0.4644751375 0.8028541468749999 0.162359940625 0.8007103921875001 0.156935103125 0.8005185718750001 0.15144209687500002 0.7973029390625 0.1433048375 0.769975846875 0.14425912031250002 0.76821573125 0.1498202875 0.75260025 0.1503655921875 0.750840134375 0.1559267578125 0.7488882 0.155994921875 0.7480081421875 0.15877550625 0.7483917812499999 0.1697615125 0.7526792921875 0.1806111921875 0.762845746875 0.4717403796875 0.7649895015625 0.47716522031249997 0.7741968578125 0.740829390625 0.7763406125000001 0.7462542296875 0.7780669921875 0.7956912640625 0.7834263796875 0.8092533640624999 0.78733025 0.8091170375000001 0.7894740062500001 0.8145418796874999 0.812897228125 0.8137239218750001 0.8137772859375 0.8109433375 0.8146573437500001 0.8081627546875 0.82441701875 0.8078219390625 0.8288173078125001 0.7939190234375 0.8263236484375 0.7225099765625 0.82417989375 0.7170851359375 0.8161234578125001 0.4863789875 0.8139797015625 0.480954146875 0.8137878828125 0.47546114375000004
0 0.8677537765625001 0 0.8666809796875 0.0033895515625 0.8569213031249999 0.0037303671875 0.8551611890625 0.009291534375 0.8414976421875 0.0097686765625 0.8397375265625 0.015329842187500001 0.828025915625 0.015738821875 0.8262658 0.0212999875 0.8126022531249999 0.0217771296875 0.8108421390625 0.0273382953125 0.7991305265624999 0.027747273437499997 0.7973704125000001 0.033308440625000005 0.7856588 0.03371741875 0.7838986859375 0.0392785859375 0.7721870734375 0.0396875640625 0.770426959375 0.0452487296875 0.7587153468750001 0.045657709375 0.7569552328125 0.051218875 0.74719555625 0.051559690625 0.745435440625 0.0571208578125 0.7317718953125001 0.057598 0.7300117796875 0.0631591671875 0.720252103125 0.06349998125 0.7184919875 0.0690611484375 0.7067803765625 0.0694701265625 0.7050202609375 0.07503129375 0.6894047796875 0.0755765984375 0.6876446640625 0.08113776406249999 0.6778849890624999 0.0814785796875 0.6761248734375 0.0870397453125 0.6624613265625 0.0875168875 0.6607012109375 0.0930780546875 0.6509415359374999 0.09341886875 0.6491814203125 0.0989800359375 0.647229484375 0.0990481984375 0.6454693687499999 0.1046093671875 0.643517434375 0.10467752968749999 0.6408772609375 0.11301927812499998 0.6410690812500001 0.11851228437500001 0.639308965625 0.12407344843749998 0.63969260625 0.13505945625 0.6418363609375 0.140484296875 0.6420281812499999 0.1459773 0.6431000578125 0.148689721875 0.647003928125 0.1485533953125 0.6502195609375 0.15669065468750001 0.65041138125 0.162183659375 0.6525551359375 0.1676084984375 0.6529387765625 0.17859450625 0.6540106531250001 0.1813069265625 0.6559625890625 0.18123876249999998 0.656842646875 0.1784581796875 0.6577227046874999 0.175677596875 0.661626575 0.1755412703125 0.663386690625 0.169980103125 0.679002171875 0.1694347984375 0.6807622875 0.1638736328125 0.688570028125 0.1636009796875 0.69033014375 0.1580398140625 0.698137884375 0.1577671609375 0.699898 0.1522059953125 0.707705740625 0.15193334218750001 0.7094658546875 0.14637217656249998 0.7211774671875 0.1459631984375 0.72293758125 0.14040203125 0.7307453234375 0.1401293796875 0.7325054375 0.1345682109375 0.746168984375 0.1340910703125 0.7479291 0.12852990312499998 0.7596407109375 0.128120925 0.7614008265625001 0.12255975781249999 0.7731124375 0.12215077968750002 0.774872553125 0.11658961406249999 0.7846322296875 0.1162487984375 0.78639234375 0.11068763125 0.8000558906249999 0.11021049062499999 0.8018160062499999 0.1046493234375 0.8154795531250001 0.1041721828125 0.8172396671875 0.09861101562499999 0.8269993437500001 0.0982702 0.8287594593750001 0.09270903281250001 0.8404710703125 0.0923000546875 0.8422311859375 0.0867388875 0.853942796875 0.086329909375 0.8557029125 0.08076874218749999 0.8752222640625 0.0800871125 0.8769823796875 0.0745259453125 0.8847901203124999 0.07425329375 0.8865502359375 0.0686921265625 0.8963099124999999 0.06835131093749999 0.8980700265625 0.0627901453125 0.9039258328124999 0.06258565625 0.90656600625 0.0542439046875 0.9057987265625 0.0322718921875 0.9036549703125001 0.02684705 0.9027174515624999 0 0.8677537765625001 0
0 0.561886059375 0.173524584375 0.5636461749999999 0.16796341718750002 0.565598109375 0.1678952546875 0.5677418640624999 0.1733200953125 0.5696938 0.17325193125 0.571453915625 0.16769076562500002 0.60073294375 0.16666831875000002 0.602493059375 0.16110715312499999 0.620060475 0.160493684375 0.621820590625 0.15493251875 0.6237725265625 0.15486435468749998 0.6246525843749999 0.152083771875 0.6223507453125 0.0861677296875 0.623230803125 0.0833871453125 0.626446434375 0.09152440625 0.6246863203124999 0.09708557343749999 0.625069959375 0.1080715796875 0.6272137140625 0.1134964203125 0.6275973546875 0.1244824265625 0.6286692328125 0.1271948484375 0.632573103125 0.127058521875 0.6334531609375 0.1242779375 0.6319186015625 0.080333909375 0.62870296875 0.07219665 0.620895228125 0.0724693015625 0.6191351125 0.07803046875 0.6074235015625 0.078439446875 0.6056633859375 0.0840006140625 0.5822401625 0.0848185703125 0.5804800484375 0.0903797375 0.5453452140625 0.091606671875 0.5435850984374999 0.09716783906250001 0.5240657468750001 0.09784947031249999 0.52230563125 0.1034106359375 0.5184017609375 0.10354696249999999 0.517521703125 0.10632754687499998 0.5207373359374999 0.11446480781249999 0.5285450765624999 0.11419215468749999 0.5317607093750001 0.122329415625 0.5319525296875 0.1278224171875 0.5310724718750001 0.1306030015625 0.5232647312500001 0.1308756546875 0.5188644421874999 0.14477857031250002 0.5190562625 0.150271575 0.5181762046875 0.15305215781249998 0.5171043265625 0.15033973750000001 0.51556976875 0.10639570937500001 0.5144978906250001 0.10368328906249999 0.5125459546875 0.10375145156250001 0.5104021999999999 0.0983266109375 0.508642084375 0.10388777812500001 0.4949785390625 0.10436491875000001 0.4932184234375 0.10992608749999999 0.4912664875 0.10999425 0.48912273281249996 0.10456940781249999 0.487170796875 0.104637571875 0.48541068281250005 0.1101987390625 0.45222778437500005 0.1113575125 0.45046766875 0.11691867812500001 0.442659928125 0.11719133125 0.440516171875 0.11176649062499999 0.43856423749999995 0.111834653125 0.4359240640625 0.12017640156250001 0.437074984375 0.1531344234375 0.4392187390625 0.1585592640625 0.44036965781250004 0.1915172859375 0.4414415359375 0.19422970625 0.4492492765625 0.1939570546875 0.45081757187499993 0.1829028828125 0.45315314687499997 0.193820728125 0.45510508281249995 0.193752565625 0.4572488375 0.1991774046875 0.4581288953125 0.19639682187500002 0.459008953125 0.1936162390625 0.49023991562499997 0.1925256296875 0.49200003125 0.18696446093750002 0.515423253125 0.1861465046875 0.51718336875 0.1805853375 0.5406065921875001 0.17976738125 0.5423667062499999 0.1742062140625 0.561886059375 0.173524584375
0 0.8389037484375 0.579078415625 0.8383282875000001 0.56259940625 0.840088403125 0.5570382406250001 0.8377865640625 0.49112219687499997 0.8356428093750001 0.48569735625000005 0.8348755296875 0.46372534375 0.8366356453125 0.458164175 0.834491890625 0.4527393359375 0.8233663359375001 0.13414513125 0.8212225796875 0.12872029062499998 0.8210307609375 0.1232272875 0.8227908749999999 0.11766611874999999 0.82259905625 0.1121731171875 0.8193834234375 0.10403585625 0.803767940625 0.1045811609375 0.7976075375 0.12404524374999999 0.7977993578125 0.12953824687499998 0.7960392421875 0.13509941406249998 0.7981829968749999 0.14052425468750002 0.7983748171875 0.1460172578125 0.8024705078125001 0.151373934375 0.8036214265625 0.18433195625 0.8057651828125 0.189756796875 0.820151675 0.6017320625 0.82229543125 0.6071569015625 0.8288173078125001 0.7939190234375 0.832032940625 0.8020562828125 0.8378887453124999 0.80185179375 0.838768803125 0.7990712109375 0.8396488609375 0.7962906265624999 0.8474566015624999 0.796017975 0.848336659375 0.7932373921875 0.8418147828125001 0.606475271875 0.8396710281249999 0.60105043125 0.8414311421875 0.5954892640625 0.841047503125 0.5845032578125 0.8389037484375 0.579078415625
0 0.8505816234375001 0.6336676375 0.8352360296875 0.194227353125 0.8330922749999999 0.1888025125 0.8321331750000001 0.1613374953125 0.8289175421874999 0.1532002359375 0.825013671875 0.1533365609375 0.824133615625 0.1561171453125 0.8396710281249999 0.60105043125 0.8418147828125001 0.606475271875 0.8464184609375 0.73830735625 0.8474903375 0.7410197765625 0.8483703953124999 0.7382391937499999 0.849250453125 0.7354586109375 0.8531543234375001 0.735322284375 0.855794496875 0.726980534375 0.8536507421874999 0.72155569375 0.8528834625 0.699583678125 0.8546435765625 0.6940225125 0.8527253781249999 0.639092478125 0.8505816234375001 0.6336676375
0 0.8330132328125 0.15855691249999998 0.8321331750000001 0.1613374953125 0.8409568921874999 0.41401565781249994 0.8431006468750001 0.4194405 0.85499348125 0.7600067187499999 0.8560653578125 0.7627191375 0.8697289046875 0.762241996875 0.8706089625000001 0.7594614140625 0.872369078125 0.753900246875 0.866230840625 0.5781241328125 0.8640870859374999 0.5726992937500001 0.8543042703125 0.29255611406250004 0.8521605156250001 0.2871312734375 0.8477486578125 0.160792190625 0.8466767796875001 0.1580797703125 0.8330132328125 0.15855691249999998
0 0.87320285625 0.19015167187499998 0.871250921875 0.1902198359375 0.8691071671874999 0.18479499531250002 0.8673470515625 0.1903561625 0.8634431812500001 0.1904924875 0.861299425 0.1850676484375 0.8573955546875001 0.1852039734375 0.855635440625 0.190765140625 0.8517315703125 0.19090146562500002 0.849091396875 0.1992432171875 0.8512014156250001 0.25966625468750004 0.8533451703124999 0.26509109531249997 0.8575652093749999 0.3859371734375 0.8597089640625001 0.3913620140625 0.8579488484375 0.3969231796875 0.8600926031249999 0.40234802031249994 0.8681490406249999 0.6330541703125 0.8702927953125 0.638479009375 0.8745128328125 0.7593250874999999 0.8798722203124999 0.7728871890625 0.8818241562500001 0.7728190265625 0.8839679109375 0.7782438671875 0.8976314578125001 0.777766725 0.898511515625 0.774986140625 0.9002716312500001 0.769424975 0.8981278749999999 0.764000134375 0.89275691875 0.610196034375 0.8906131625 0.60477119375 0.8846667453125001 0.434488084375 0.882522990625 0.4290632453125 0.874274734375 0.1928640921875 0.87320285625 0.19015167187499998
0 0.8973143171875 0.181060128125 0.8951705625 0.1756352875 0.8942114625 0.14817027031250002 0.893139584375 0.14545785 0.8677644265625 0.1463439703125 0.8660043125 0.1519051375 0.8581965703125001 0.15217778906249999 0.8555563984375001 0.1605195375 0.8559400374999999 0.171505546875 0.854179921875 0.1770667125 0.8595393109374999 0.1906288140625 0.8673470515625 0.1903561625 0.8691071671874999 0.18479499531250002 0.8710591015625001 0.1847268328125 0.874274734375 0.1928640921875 0.8807966109375001 0.3796262125 0.8829403671874999 0.385051053125 0.8902295234375 0.5937851875 0.8923732781249999 0.599210028125 0.897552415625 0.747521125 0.8996961703125 0.7529459640625 0.9004634499999999 0.774917978125 0.901535328125 0.7776303984374999 0.907391134375 0.777425909375 0.9095348890625001 0.7828507499999999 0.91539069375 0.7826462609375 0.9162707515624999 0.779865678125 0.917150809375 0.77708509375 0.9191027453125 0.77701693125 0.92174291875 0.76867518125 0.921359278125 0.7576891734375 0.9192155234375001 0.7522643343750001 0.9094327078125 0.47212115312499997 0.907288953125 0.4666963125 0.8973143171875 0.181060128125
0 0.8942114625 0.14817027031250002 0.8959378421874999 0.197607303125 0.8980815968750001 0.20303214218750001 0.907480771875 0.472189315625 0.909624528125 0.47761415625000003 0.9197909828125 0.76874334375 0.9230066156250001 0.7768806046875001 0.9288624203125 0.776676115625 0.9297424781249999 0.77389553125 0.9184251046874999 0.4498083234375 0.9162813484375001 0.44438348281250006 0.9109103921875 0.290579384375 0.9087666359375 0.28515454375 0.9039711390624999 0.1478294546875 0.90075550625 0.1396921953125 0.8968516359375001 0.13982852031249998 0.8942114625 0.14817027031250002
0 0.9443525828125001 0.1849172171875 0.9422088265624999 0.17949237812500002 0.9400988078125 0.11906933906249999 0.9390269296874999 0.11635691875000001 0.9273153187500001 0.11676589687500001 0.925555203125 0.1223270625 0.9196993984375 0.122531553125 0.9179392828124999 0.12809271875 0.9101315421875 0.128365371875 0.9066113109374999 0.13948770625 0.9046593765625 0.13955586874999998 0.9037793187500001 0.14233645156250002 0.9066566171874999 0.22473150468749997 0.9088003718750001 0.23015634375 0.91551406875 0.42241146875 0.917657825 0.42783630937500006 0.91784964375 0.4333293125 0.9160895296874999 0.438890478125 0.9162813484375001 0.44438348281250006 0.9184251046874999 0.4498083234375 0.9278242796875 0.718965496875 0.929968034375 0.7243903375 0.93150259375 0.768334365625 0.9347182265624999 0.7764716265625 0.9386220968749999 0.7763353000000001 0.9407658515625 0.781760140625 0.9446697234375 0.7816238140625 0.946813478125 0.7870486546875 0.9546212187500001 0.7867760015624999 0.9567649734374999 0.7922008421875 0.9587169093749999 0.7921326796875 0.9595969671875 0.789352096875 0.960477025 0.7865715125 0.9682847656250001 0.7862988609375 0.9691648234375 0.7835182765625001 0.9672466234374999 0.7285882421875 0.9651028687500001 0.7231634015624999 0.9551282328124999 0.43752721718750004 0.9529844781250001 0.4321023765625 0.9443525828125001 0.1849172171875