0 0.137466440625 0.0828667 0.142728525 0.08538365 0.17552597812499998 0.08883080156249999 0.1807880640625 0.0913477515625 0.21905175937500002 0.095369428125 0.22431384375 0.0978863796875 0.2516450546875 0.10075900468750001 0.256907140625 0.10327595625 0.273305865625 0.10499953125000001 0.27856795 0.1075164828125 0.31136540468749996 0.11096363437500001 0.3166274890625 0.113480584375 0.3439587 0.11635321093749999 0.3492207859375 0.1188701609375 0.3710857546875 0.12116826249999998 0.3763478390625 0.1236852125 0.40367905156250006 0.1265578390625 0.408941134375 0.1290747890625 0.4417385875 0.132521940625 0.44700067343749994 0.1350388921875 0.4852643671875 0.13906056875 0.4905264546875 0.14157751875 0.49599269375 0.14215204374999998 0.50125478125 0.1446689953125 0.5067210234374999 0.1452435203125 0.5123914218750001 0.1438756203125 0.5178576640625 0.1444501453125 0.5231197484375001 0.14696709531250002 0.5395184765625001 0.148690671875 0.5447805609375 0.151207621875 0.5666455312500001 0.1535057234375 0.5719076140625 0.1560226734375 0.5937725828125 0.158320775 0.59903466875 0.160837725 0.631832121875 0.1642848765625 0.63709420625 0.1668018265625 0.68082414375 0.171398028125 0.6913483125 0.17643192968750002 0.7077470406249999 0.17815550625 0.713009125 0.18067245625 0.73487409375 0.1829705578125 0.7401361796875 0.1854875078125 0.7510686640625 0.186636559375 0.7563307484374999 0.189153509375 0.7891282015625001 0.1926006609375 0.7943902875 0.1951176109375 0.8162552562500001 0.1974157125 0.8215173390625001 0.1999326625 0.8488485515624999 0.2028052890625 0.8541106359375 0.205322240625 0.8705093625 0.207045815625 0.8757714484375001 0.2095627671875 0.9085689 0.2130099171875 0.9138309859374999 0.21552686875 0.9247634703125 0.21667591874999997 0.9332690703125 0.21462406875 0.9334732265625 0.21268164218750002 0.9391436265625 0.2113137421875 0.9395519406249999 0.207428890625 0.9452223390625001 0.206060990625 0.946855596875 0.1905215859375 0.9525259953124999 0.18915368593749998 0.9537509390625001 0.17749913281250002 0.951119896875 0.17624065625000002 0.9401874109374999 0.17509160625 0.9349253265625 0.17257465624999999 0.9075941171874999 0.16970202968749998 0.9023320296874999 0.16718507968750002 0.8586020937500001 0.1625888765625 0.8533400078125 0.1600719265625 0.8150763124999999 0.15605025 0.809814228125 0.1535333 0.777016775 0.1500861484375 0.771754690625 0.147569196875 0.7444234796875 0.144696571875 0.73916139375 0.1421796203125 0.711830184375 0.1393069953125 0.706568096875 0.13679004374999998 0.6792368875 0.1339174171875 0.673974803125 0.1314004671875 0.64117735 0.127953315625 0.6359152640625 0.125436365625 0.6031178109375 0.1219892140625 0.5978557265625 0.11947226250000001 0.5705245171875 0.11659963749999999 0.5652624296875 0.1140826859375 0.5379312203125 0.11121006093750001 0.5326691343750001 0.10869310937500001 0.494405440625 0.10467143281249999 0.48914335312499996 0.10215448281249999 0.46727838593750004 0.09985638125 0.46201630156249995 0.09733943125 0.43468508906250003 0.09446680468749999 0.42942300468749994 0.09194985312500001 0.4075580375 0.089651753125 0.40229594999999996 0.0871348015625 0.36403225625 0.0831131265625 0.3587701703125 0.080596175 0.320506475 0.0765744984375 0.315244390625 0.0740575484375 0.30431190625000004 0.07290849687499999 0.299049821875 0.070391546875 0.2771848515625 0.0680934453125 0.2719227671875 0.06557649531250001 0.23912531406249998 0.062129343749999996 0.233863228125 0.059612392187499995 0.2010657765625 0.0561652421875 0.195803690625 0.053648290625 0.16847248125 0.050775665625 0.16321039375 0.0482587140625 0.135879184375 0.0453860875 0.13061709999999999 0.0428691375 0.097819646875 0.0394219859375 0.0925575609375 0.036905035937500004 0.076158834375 0.035181459375 0.0676532359375 0.0372333109375 0.0668366078125 0.0450030125 0.0611662078125 0.0463709125 0.06014542187500001 0.056083040625000004 0.06277646406250001 0.05734151562499999 0.0654075078125 0.058599992187500005 0.064590878125 0.06636969375 0.0698529640625 0.0688866453125 0.06964880625 0.07082907031249999 0.0722798484375 0.0720875453125 0.0777460921875 0.07266207031250001 0.08300817656250001 0.075179021875 0.11580562812499999 0.0786261734375 0.12106771406250001 0.08114312343749999 0.137466440625 0.0828667
0 0.1741428796875 0.0494077640625 0.1794049640625 0.05192471562499999 0.217668659375 0.055946392187500006 0.2229307453125 0.0584633421875 0.2557281984375 0.06191049375 0.26099028281250003 0.0644274453125 0.29378773593749996 0.0678745953125 0.299049821875 0.070391546875 0.331847275 0.0738386984375 0.337109359375 0.0763556484375 0.3425756015625 0.0769301734375 0.3478376859375 0.079447125 0.3806351390625 0.08289427656250001 0.385897225 0.0854112265625 0.40776219375 0.087709328125 0.41302427656249996 0.090226278125 0.4403554890625 0.0930989046875 0.44561757343749997 0.0956158546875 0.47294878437500004 0.09848848125000001 0.4782108703125 0.10100543125000001 0.50554208125 0.1038780578125 0.510804165625 0.1063950078125 0.54360161875 0.109842159375 0.5488637046875 0.11235911093749999 0.5816611578125 0.11580626249999999 0.5869232421875 0.1183232125 0.614254453125 0.1211958390625 0.6195165375 0.12371278906250001 0.64138150625 0.12601089062499998 0.646643590625 0.128527840625 0.673974803125 0.1314004671875 0.6792368875 0.1339174171875 0.712034340625 0.13736456875 0.717296425 0.1398815203125 0.7500938781250001 0.14332867031250002 0.7553559640625 0.145845621875 0.7826871734374999 0.14871824843749998 0.7879492609375001 0.1512351984375 0.8207467140625001 0.15468235 0.826008796875 0.1571993 0.86427249375 0.1612209765625 0.8695345765625 0.16373792812500002 0.891399546875 0.166036028125 0.8999051453125 0.163984178125 0.9007217750000001 0.15621447500000002 0.9063921734375 0.15484657500000001 0.9076171171875 0.143192021875 0.9049860734375 0.14193354687499998 0.88312110625 0.1396354453125 0.8778590203125001 0.1371184953125 0.8450615671874999 0.13367134375 0.8397994828125 0.1311543921875 0.8179345124999999 0.1288562921875 0.8126724281250001 0.12633934062500002 0.779874975 0.12289219062500001 0.774612890625 0.1203752390625 0.730882953125 0.1157790375 0.7256208671875 0.1132620875 0.6928234140625 0.1098149359375 0.6875613296875 0.107297984375 0.649297634375 0.1032763078125 0.64403555 0.1007593578125 0.611238096875 0.09731220625 0.6059760109375001 0.09479525625 0.573178559375 0.0913481046875 0.5679164734375 0.08883115312499999 0.5241865359375 0.08423495156250001 0.5189244515625 0.0817180015625 0.48612699687500005 0.07827085 0.48086491249999996 0.0757538984375 0.43713497500000004 0.071157696875 0.43187289062499995 0.068640746875 0.3936091953125 0.0646190703125 0.38834711093749996 0.062102120312499995 0.35554965625 0.05865496875 0.350287571875 0.0561380171875 0.31749011875 0.05269086562500001 0.312228034375 0.050173915624999996 0.2739643390625 0.0461522390625 0.26870225312499996 0.0436352890625 0.23043855781249997 0.0396136125 0.2251764734375 0.0370966609375 0.186912778125 0.033074984375 0.18165069375 0.030558034374999998 0.1433869984375 0.0265363578125 0.1381249125 0.02401940625 0.0943949765625 0.0194232046875 0.089132890625 0.0169062546875 0.056335437499999995 0.013459103125 0.053500237500000006 0.014143053124999999 0.052683609374999996 0.021912756250000002 0.0553146515625 0.02317123125 0.057945693750000006 0.02442970625 0.0577415359375 0.026372131250000003 0.0630036234375 0.0288890828125 0.062799465625 0.0308315078125 0.0706925921875 0.034606934374999995 0.11442253124999999 0.0392031359375 0.1196846140625 0.0417200875 0.1360833421875 0.0434436625 0.1413454265625 0.0459606140625 0.1741428796875 0.0494077640625
0 0.0834624921875 0.0182741546875 0.1271924296875 0.02287035625 0.1324545140625 0.0253873078125 0.17071820937499999 0.029408984375000002 0.17598029375 0.031925934375 0.2142439890625 0.0359476109375 0.21950607500000002 0.038464560937499996 0.25776977031250004 0.0424862375 0.2630318546875 0.0450031890625 0.30129554999999997 0.049024865625000004 0.306557634375 0.051541815625 0.3393550875 0.0549889671875 0.3446171734375 0.057505918749999996 0.38288086875 0.06152759375 0.38814295312499997 0.0640445453125 0.42640664843750004 0.068066221875 0.4316687328125 0.07058317187499999 0.4863311546875 0.076328425 0.49159323906249996 0.078845375 0.5189244515625 0.0817180015625 0.5241865359375 0.08423495156250001 0.5679164734375 0.08883115312499999 0.573178559375 0.0913481046875 0.6059760109375001 0.09479525625 0.611238096875 0.09731220625 0.6495017921875 0.1013338828125 0.6547638765625 0.1038508328125 0.693027571875 0.107872509375 0.69828965625 0.11038946093749999 0.7365533515625 0.11441113750000001 0.7418154359375 0.11692808750000001 0.7855453734375 0.12152428906249998 0.7908074609375 0.124041240625 0.84546988125 0.1297864921875 0.8483050796875 0.1291025421875 0.8491217093750001 0.12133284062500001 0.8464906671874999 0.12007436406250001 0.8246257 0.1177762640625 0.8193636124999999 0.11525931250000002 0.7810999171875 0.1112376359375 0.7758378328125 0.10872068593749999 0.7321078953125 0.10412448437499999 0.7268458109375 0.10160753281249998 0.6885821156249999 0.09758585625 0.68332003125 0.09506890625 0.6450563359375 0.0910472296875 0.63979425 0.0885302796875 0.5960643125 0.083934078125 0.590802228125 0.0814171265625 0.5525385328125 0.07739545 0.5472764484375 0.0748785 0.503546509375 0.07028229687500001 0.49828442656250005 0.067765346875 0.4600207296875 0.0637436703125 0.4547586453125 0.0612267203125 0.41649494843749996 0.05720504375 0.411232865625 0.0546880921875 0.37296916874999997 0.050666415625 0.3677070859375 0.048149465625 0.323977146875 0.0435532640625 0.3187150609375 0.0410363125 0.280451365625 0.0370146359375 0.27518928125 0.0344976859375 0.23145934375000002 0.029901484375 0.226197259375 0.0273845328125 0.182467321875 0.02278833125 0.1772052375 0.02027138125 0.1280090578125 0.015100654687500001 0.12274697187500001 0.012583703125000002 0.0735507921875 0.0074129765625 0.0682887078125 0.004896025 0.0573562234375 0.0037469750000000005 0.0545210234375 0.0044309250000000005 0.054316865625 0.0063733515625 0.0489806484375 0.007776375 0.048776490625 0.0097188 0.051073353125 0.010942153125 0.056335437499999995 0.013459103125 0.07820040624999999 0.015757203125 0.0834624921875 0.0182741546875
0 0.1672015359375 0.11545023437499999 0.172463621875 0.117967184375 0.19979483125 0.1208398109375 0.2050569171875 0.12335676250000001 0.23238812812499998 0.12622938749999998 0.2376502140625 0.1287463390625 0.25951518125 0.13104443906250002 0.2647772671875 0.133561390625 0.28117599375 0.135284965625 0.286438078125 0.13780191718749998 0.3137692890625 0.1406745421875 0.3190313734375 0.14319149375 0.34089634375 0.14548959374999998 0.346158428125 0.1480065453125 0.368023396875 0.1503046453125 0.37328548281249996 0.15282159687500002 0.39515045 0.155119696875 0.40041253593750004 0.1576366484375 0.4222775046875 0.1599347484375 0.4275395890625 0.1624517 0.4439383171875 0.164175275 0.44920039999999994 0.1666922265625 0.48199785312500004 0.1701393765625 0.4872599390625 0.172656328125 0.5091249078125 0.1749544296875 0.5143869921875 0.17747137968749999 0.5362519625 0.17976948125 0.5415140468749999 0.18228643125 0.563379015625 0.1845845328125 0.5686411 0.1871014828125 0.5959723109375 0.189974109375 0.6012343953125 0.192491059375 0.623099365625 0.1947891609375 0.62836145 0.1973061109375 0.65022641875 0.1996042125 0.6554885031250001 0.20212116249999998 0.677353471875 0.2044192640625 0.68261555625 0.2069362140625 0.70994676875 0.209808840625 0.715208853125 0.212325790625 0.7370738218749999 0.21462389218750003 0.74233590625 0.2171408421875 0.764200875 0.21943894375 0.769462959375 0.22195589375 0.7913279296875 0.2242539953125 0.7965900140625 0.22677094531250003 0.8184549828125001 0.229069046875 0.8237170687500001 0.2315859984375 0.8455820359375 0.2338840984375 0.850844121875 0.2364010484375 0.8617766046875 0.2375501 0.8702822046875 0.23549824843749997 0.87069051875 0.2316133984375 0.8735257187500001 0.23092944843750002 0.8761567609375 0.2321879234375 0.8757484468750001 0.236072775 0.88101053125 0.23858972500000003 0.8806022171875 0.2424745765625 0.8884953453125 0.24625000312499998 0.89942783125 0.24739905312500002 0.9046899140625 0.249916003125 0.9101561578125 0.250490528125 0.91299135625 0.24980657812499998 0.9133996703125 0.245921728125 0.9190700703125 0.24455382656250002 0.9194783843750001 0.2406689765625 0.925148784375 0.23930107500000003 0.9261695703124999 0.2295889484375 0.9318399703125 0.22822104687500003 0.9324524406249999 0.2223937703125 0.9298213984375 0.2211352953125 0.9243551562500001 0.22056077031250002 0.9190930703125 0.21804381875 0.9081605859374999 0.21689476875000002 0.9028985015625001 0.21437781875 0.8810335328125 0.21207971718750002 0.8757714484375001 0.2095627671875 0.859372721875 0.20783919062499998 0.8541106359375 0.205322240625 0.8213131828125 0.20187508906249998 0.8160510984375 0.1993581375 0.7887198875 0.1964855125 0.783457803125 0.19396856093749998 0.7670590749999999 0.1922449859375 0.761796990625 0.18972803437500002 0.7453982625 0.18800445937500002 0.7401361796875 0.1854875078125 0.71280496875 0.1826148828125 0.7075428828125 0.18009793125 0.6856779140625 0.17779983125 0.6804158296875 0.1752828796875 0.65308461875 0.1724102546875 0.6478225328125 0.169893303125 0.6040925953125 0.1652971015625 0.5988305109375001 0.1627801515625 0.5878980265625 0.1616311 0.5826359421875 0.15911415 0.55530473125 0.1562415234375 0.5500426453125 0.15372457343749998 0.5336439203125 0.152000996875 0.5283818328125001 0.149484046875 0.5010506234375 0.14661142031250002 0.4957885375 0.1440944703125 0.46845732812499996 0.14122184375 0.46319524218749997 0.13870489218749998 0.4413302734375 0.13640679218750001 0.4360681890625 0.133889840625 0.40873697656249997 0.131017215625 0.40347489375 0.12850026406249998 0.370677440625 0.1250531140625 0.36541535468749997 0.12253616249999999 0.33808414375 0.11966353593750001 0.332822059375 0.1171465859375 0.3109570890625 0.11484848437499999 0.3056950046875 0.11233153437500001 0.2947625203125 0.111182484375 0.2895004359375 0.1086655328125 0.251236740625 0.10464385624999999 0.2459746546875 0.10212690625000001 0.22410968593749997 0.0998288046875 0.2188476015625 0.0973118546875 0.191516390625 0.094439228125 0.18625430625 0.0919222765625 0.1643893375 0.0896241765625 0.15912725156250002 0.087107225 0.1208635578125 0.08308555 0.11560147031250001 0.0805685984375 0.08280401875 0.077121446875 0.0742984203125 0.0791732984375 0.0738901046875 0.0830581484375 0.06821970625 0.08442605 0.067403078125 0.0921957515625 0.07003411875 0.09345422656249999 0.0726651625 0.09471270312499999 0.0724610046875 0.096655128125 0.0803541328125 0.10043055468749999 0.0912866171875 0.1015796046875 0.09654870156249999 0.10409655468750001 0.118413671875 0.10639465625 0.12367575625 0.10891160625 0.14554072499999998 0.11120970781249999 0.1508028109375 0.113726659375 0.1672015359375 0.11545023437499999
0 0.2064400171875 0.16277979843749998 0.21170210156249997 0.16529675 0.23903331093750002 0.168169375 0.244295396875 0.1706863265625 0.2497616390625 0.17126085156249998 0.255023725 0.1737778015625 0.2823549359375 0.176650428125 0.2876170203125 0.179167378125 0.3094819890625 0.1814654796875 0.3147440734375 0.1839824296875 0.342075284375 0.18685505625 0.3473373703125 0.18937200781250002 0.3692023390625 0.1916701078125 0.37446442343749997 0.194187059375 0.39086315 0.195910634375 0.3961252359375 0.1984275859375 0.41799020468750003 0.2007256859375 0.4232522890625 0.2032426375 0.44511725625 0.20554073750000001 0.45037934375 0.20805768906250002 0.47224431093749997 0.2103557890625 0.47750639531249994 0.212872740625 0.49937136562499995 0.215170840625 0.50463345 0.2176877921875 0.5264984187499999 0.21998589218750003 0.5317605046875 0.22250284374999998 0.553625471875 0.22480094374999998 0.558887559375 0.2273178953125 0.6244824640625 0.234212196875 0.6297445484375 0.23672914843749998 0.6734744859374999 0.24132535000000002 0.6787365703125 0.24384229999999998 0.68966905625 0.24499135156250001 0.6949311390624999 0.2475083015625 0.7167961093749999 0.24980640312500002 0.72205819375 0.252323353125 0.7439231640624999 0.25462145468749997 0.7491852484375 0.2571384046875 0.7546514906249999 0.2577129296875 0.765175659375 0.26274683125 0.7706419015625 0.26332135624999997 0.7759039875 0.2658383078125 0.7813702296875 0.2664128328125 0.784001271875 0.26767130781250004 0.7833888 0.273498584375 0.791281928125 0.2772740109375 0.8022144125 0.2784230609375 0.8074764984374999 0.2809400125 0.8129427390625 0.2815145375 0.8271187375 0.2780947859375 0.8275270515625 0.2742099359375 0.8331974515624999 0.272842034375 0.8334016078125 0.270899609375 0.8390720093749999 0.269531709375 0.8394803234375001 0.2656468578125 0.8451507218750001 0.2642789578125 0.8459673515624999 0.25650925468749997 0.8516377500000001 0.2551413546875 0.8526585359375 0.2454292265625 0.858328934375 0.24406132656250001 0.8587372500000001 0.240176475 0.850844121875 0.2364010484375 0.8399116375 0.23525199843750003 0.834649553125 0.2327350484375 0.818250825 0.23101147187499999 0.8129887421875001 0.228494521875 0.7911237718749999 0.22619642031249998 0.7858616875 0.22367947031250002 0.7585304765625 0.22080684375 0.753268390625 0.21828989375000002 0.731403421875 0.2159917921875 0.7261413375 0.21347484218749999 0.70427636875 0.21117674062499997 0.6990142828125 0.208659790625 0.6771493140625 0.20636168906250002 0.6718872296875 0.2038447390625 0.6500222625000001 0.2015466375 0.6447601749999999 0.1990296875 0.6228952078125001 0.1967315859375 0.6176331234375 0.1942146359375 0.5957681531250001 0.191916534375 0.59050606875 0.18939958437499999 0.5686411 0.1871014828125 0.563379015625 0.1845845328125 0.5360478046875 0.18171190625 0.5307857203124999 0.1791949546875 0.5143869921875 0.17747137968749999 0.5091249078125 0.1749544296875 0.4872599390625 0.172656328125 0.48199785312500004 0.1701393765625 0.45466664375 0.16726675156249998 0.44940455625000003 0.1647498 0.422073346875 0.161877175 0.4168112625 0.1593602234375 0.3949462921875 0.15706212343749998 0.3896842078125 0.154545171875 0.362352996875 0.15167254531250002 0.3570909140625 0.1491555953125 0.3406921859375 0.1474320203125 0.33543010156249997 0.14491506875 0.31356513124999996 0.14261696875000002 0.308303046875 0.1401000171875 0.286438078125 0.13780191718749998 0.28117599375 0.135284965625 0.25931102500000003 0.132986865625 0.2540489390625 0.1304699140625 0.226717728125 0.1275972875 0.22145564375000001 0.1250803375 0.17772570625 0.1204841359375 0.172463621875 0.117967184375 0.1615311375 0.116818134375 0.15626905156249998 0.114301184375 0.1344040828125 0.1120030828125 0.12914199843750002 0.1094861328125 0.11820951406249999 0.10833708125 0.112947428125 0.10582013125 0.0801499765625 0.1023729796875 0.07731477656249999 0.10305692968749999 0.0769064609375 0.10694178125 0.0712360625 0.10830968125 0.0681737046875 0.137446065625 0.0708047484375 0.13870454062499998 0.0760668328125 0.141221490625 0.0979318015625 0.1435195921875 0.1031938875 0.14603654375 0.11412637187500001 0.14718559375 0.11938845625000001 0.14970254375 0.1467196671875 0.1525751703125 0.1519817515625 0.1550921203125 0.17384672031249998 0.157390221875 0.17910880468749998 0.159907171875 0.2064400171875 0.16277979843749998
0 0.21047715781249998 0.17695130312500001 0.21573924375 0.179468253125 0.2321379703125 0.1811918296875 0.2374000546875 0.1837087796875 0.25379878125 0.18543235625 0.259060865625 0.18794930625 0.27545959375 0.18967288124999998 0.28072167812500004 0.1921898328125 0.3080528890625 0.195062459375 0.3133149734375 0.19757940937500001 0.340646184375 0.2004520359375 0.34590826875 0.20296898593749998 0.37323948125 0.2058416125 0.37850156562500004 0.2083585625 0.39490029375 0.2100821390625 0.40016237656250003 0.21259908906249997 0.4329598296875 0.21604624062500002 0.43822191562499996 0.21856319218750003 0.4546206421875 0.2202867671875 0.4598827265625 0.2228037171875 0.481747696875 0.22510181875000002 0.48700977968750003 0.22761876874999998 0.5088747484375 0.2299168703125 0.514136834375 0.23243382031249998 0.5414680453125 0.235306446875 0.5467301296875 0.2378233984375 0.56312885625 0.23954697343750003 0.5683909421875 0.24206392499999999 0.5902559109375 0.24436202499999998 0.5955179953124999 0.2468789765625 0.6119167234375 0.24860255156250002 0.6171788078125 0.25111950156249996 0.6445100187499999 0.253992128125 0.6497721015625 0.2565090796875 0.6771033140625 0.2593817046875 0.6823653984375 0.26189865625 0.6987641265625 0.26362223125 0.7040262109375 0.26613918281250004 0.725891178125 0.2684372828125 0.7311532656249999 0.270954234375 0.7530182328125 0.273252334375 0.7582803171875 0.2757692859375 0.7692128015625 0.2769183359375 0.7720480015625 0.2762343859375 0.7724563156250001 0.272349534375 0.778126715625 0.270981634375 0.7783308718749999 0.2690392078125 0.765175659375 0.26274683125 0.748776934375 0.26102325625 0.7435148484375 0.2585063046875 0.7216498796875 0.2562082046875 0.7163877953125 0.253691253125 0.69998906875 0.251967678125 0.6947269828125 0.24945072656249997 0.67832825625 0.2477271515625 0.6730661718750001 0.2452102015625 0.6566674453125 0.24348662499999998 0.651405359375 0.24096967500000002 0.6186079078125 0.23752252343750002 0.6133458234375 0.235005571875 0.5805483687499999 0.23155842187500003 0.575286284375 0.22904147031250002 0.54248883125 0.22559431874999997 0.5372267468749999 0.22307736875 0.52082801875 0.2213537921875 0.515565934375 0.2188368421875 0.493700965625 0.21653874062499998 0.4884388796875 0.214021790625 0.4447089421875 0.2094255890625 0.439446859375 0.2069086375 0.4285143734375 0.2057595875 0.4232522890625 0.2032426375 0.4068535625 0.2015190609375 0.40159147656250005 0.1990021109375 0.38519275 0.197278534375 0.379930665625 0.194761584375 0.358065696875 0.1924634828125 0.3528036125 0.1899465328125 0.3254724015625 0.18707390625 0.32021031718750004 0.18455695625 0.29834534687500003 0.1822588546875 0.2930832625 0.1797419046875 0.27121829375 0.17744380312500002 0.2659562078125 0.174926853125 0.238624996875 0.1720542265625 0.23336291406249998 0.169537275 0.2169641859375 0.1678137 0.21170210156249997 0.16529675 0.19530337343749998 0.1635731734375 0.190041290625 0.16105622343749998 0.168176321875 0.158758121875 0.1629142359375 0.156241171875 0.135583025 0.1533685453125 0.130320940625 0.15085159374999998 0.10845597031250001 0.14855349375 0.1031938875 0.14603654375 0.086795159375 0.1443129671875 0.083959959375 0.14499691718750002 0.0829391734375 0.15470904531250002 0.08557021718749999 0.1559675203125 0.0908323015625 0.158484471875 0.09629854374999999 0.159058996875 0.10156062968749999 0.16157594687500001 0.1070268703125 0.162150471875 0.112697271875 0.160782571875 0.11816351249999998 0.161357096875 0.1234255984375 0.1638740484375 0.16715553593750002 0.16847025 0.1776797046875 0.17350415156250001 0.21047715781249998 0.17695130312500001
0 0.20215271562499998 0.2035707359375 0.224017684375 0.2058688359375 0.22927977031250002 0.2083857875 0.2566109796875 0.21125841250000002 0.261873065625 0.21377536406250003 0.2782717921875 0.2154989390625 0.28353387812499997 0.218015890625 0.31086508749999997 0.220888515625 0.3161271734375 0.2234054671875 0.3270596578125 0.2245545171875 0.3323217421875 0.22707146875 0.3541867109375 0.22936956875 0.35944879687500003 0.2318865203125 0.37038128124999997 0.2330355703125 0.375643365625 0.235552521875 0.40844081875000005 0.23899967187499999 0.413702903125 0.2415166234375 0.4301016296875 0.24324019843750003 0.435363715625 0.24575714999999998 0.4626949265625 0.248629775 0.4679570109375 0.2511467265625 0.4843557359375 0.2528703015625 0.48961782343750004 0.255387253125 0.5169490328124999 0.258259878125 0.52221111875 0.2607768296875 0.5495423296874999 0.26364945624999997 0.5548044156249999 0.26616640625 0.582135625 0.26903903281249997 0.5873977109374999 0.2715559828125 0.6037964359375 0.27327955937500004 0.609058521875 0.275796509375 0.6363897328125 0.2786691359375 0.64165181875 0.2811860859375 0.6580505453125001 0.2829096625 0.6633126296875 0.2854266125 0.6961100828125 0.2888737640625 0.7013721671875001 0.2913907140625 0.71777089375 0.293114290625 0.723032978125 0.295631240625 0.7448979484375 0.2979293421875 0.7501600328125 0.3004462921875 0.766558759375 0.30216986874999996 0.7718208453125001 0.30468681875 0.7991520546875 0.3075594453125 0.804414140625 0.3100763953125 0.848144078125 0.31467259687500004 0.8534061625 0.31718954843749997 0.8698048890625 0.3189131234375 0.8750669734375001 0.321430075 0.8969319421874999 0.323728175 0.8997671421875 0.32304422499999996 0.889038815625 0.31995275 0.8894471296875001 0.3160678984375 0.8868160859374999 0.31480942343749996 0.8704173609374999 0.313085846875 0.8653594328124999 0.3086264703125 0.8544269468750001 0.3074774203125 0.8491648640625 0.3049604703125 0.8272998953125 0.30266236874999997 0.822037809375 0.30014541875 0.7947065984374999 0.29727279218749997 0.7894445140624999 0.29475584062500004 0.7785120296875 0.293606790625 0.7732499453125 0.291089840625 0.7568512171874999 0.2893662640625 0.7515891328125 0.2868493140625 0.7187916796875 0.2834021625 0.7135295953125 0.2808852109375 0.686198384375 0.2780125859375 0.6809362984375 0.275495634375 0.6645375718750001 0.27377205937500004 0.6592754875 0.2712551078125 0.63741051875 0.2689570078125 0.6321484328125 0.26644005625 0.6157497078125 0.26471648124999997 0.610487621875 0.26219953125 0.57769016875 0.2587523796875 0.572428084375 0.256235428125 0.5560293578125 0.254511853125 0.5507672718750001 0.2519949015625 0.5289023046875 0.2496968015625 0.52364021875 0.24717984999999998 0.50177525 0.24488175 0.496513165625 0.2423647984375 0.469181953125 0.2394921734375 0.46391986875 0.236975221875 0.44205490000000003 0.23467712187499998 0.43679281562499994 0.23216017031249997 0.4203940890625 0.2304365953125 0.415132003125 0.22791964375 0.3932670359375 0.22562154375 0.38800495 0.22310459218749998 0.3606737390625 0.22023196718750002 0.355411653125 0.217715015625 0.3335466859375 0.215416915625 0.32828460000000004 0.2128999640625 0.30641963125 0.2106018625 0.30115754687499996 0.2080849125 0.279292578125 0.20578681250000003 0.27403049375 0.20326986093750002 0.2466992828125 0.200397234375 0.24143719687499998 0.197880284375 0.2250384703125 0.1961567078125 0.21977638437499997 0.1936397578125 0.203377659375 0.1919161828125 0.19811557500000002 0.18939923125 0.181716846875 0.18767565625 0.1764547625 0.1851587046875 0.1600560359375 0.1834351296875 0.1547939515625 0.180918178125 0.13292898125 0.178620078125 0.127666896875 0.1761031265625 0.111268171875 0.1743795515625 0.10559777031249999 0.1757474515625 0.10013152968750001 0.1751729265625 0.09162593125 0.1772247765625 0.091217615625 0.181109628125 0.0938486578125 0.18236810312500001 0.0993149015625 0.1829426296875 0.104576984375 0.1854595796875 0.12097571250000001 0.1871831546875 0.126237796875 0.18970010625 0.142636525 0.19142368125 0.1478986078125 0.1939406328125 0.1642973359375 0.1956642078125 0.1695594203125 0.198181159375 0.19689063125 0.201053784375 0.20215271562499998 0.2035707359375
0 0.184324890625 0.2154441390625 0.1895869734375 0.21796108906249997 0.2333169109375 0.22255729062500001 0.238578996875 0.2250742421875 0.27137645 0.22852139375 0.2766385359375 0.23103834375 0.29850350312499996 0.23333644531250003 0.3037655875 0.2358533953125 0.3256305578125 0.23815149687499998 0.3308926421875 0.240668446875 0.3472913703125 0.24239202343750002 0.35255345312499997 0.2449089734375 0.36895218125 0.24663255 0.374214265625 0.2491495 0.4015454765625 0.2520221265625 0.4068075609375 0.2545390765625 0.42867252968749997 0.256837178125 0.433934615625 0.25935412812499997 0.4612658265625 0.2622267546875 0.46652791093749996 0.26474370468749997 0.49932536406250005 0.26819085625 0.5045874484375 0.2707078078125 0.52645241875 0.2730059078125 0.531714503125 0.275522859375 0.5426469875000001 0.27667190937499997 0.547909071875 0.279188859375 0.5752402828125 0.2820614859375 0.58050236875 0.2845784375 0.6023673359374999 0.28687653750000003 0.607629421875 0.2893934890625 0.629494390625 0.2916915890625 0.634756475 0.294208540625 0.6566214453125 0.296506640625 0.6618835296875 0.2990235921875 0.6782822546875 0.3007471671875 0.6835443421875 0.30326411875 0.7108755515625 0.30613674375 0.7161376359375 0.3086536953125 0.7434688484375 0.3115263203125 0.7487309328125 0.31404327187500003 0.7651296578125 0.315766846875 0.7703917453125 0.3182837984375 0.7922567125 0.3205818984375 0.797518796875 0.32309885 0.8303162515625001 0.3265460015625 0.8355783359375 0.3290629515625 0.8519770624999999 0.33078652656249996 0.8572391484375 0.333303478125 0.9009690859375 0.3378996796875 0.9094746828125 0.3358478296875 0.9098829984375 0.33196297812500003 0.8967277843750001 0.3256706015625 0.8803290593750001 0.323947025 0.8750669734375001 0.321430075 0.8477357640625 0.3185574484375 0.842473678125 0.3160404984375 0.8151424687500001 0.313167871875 0.80988038125 0.31065092031249997 0.7770829296875 0.3072037703125 0.7718208453125001 0.30468681875 0.749955875 0.30238871875 0.744693790625 0.2998717671875 0.7173625796875001 0.2969991421875 0.7121004937500001 0.29448219062500003 0.6902355250000001 0.2921840890625 0.6849734421875 0.28966713906249997 0.6576422296875 0.2867945125 0.6523801453125 0.28427756249999997 0.6359814187499999 0.28255398593750003 0.6307193328125 0.2800370359375 0.608854365625 0.2777389359375 0.6035922796875 0.275221984375 0.5817273109375 0.2729238828125 0.5764652265625 0.2704069328125 0.5546002578125 0.26810883125 0.549338171875 0.26559188125 0.5220069625 0.2627192546875 0.516744875 0.2602023046875 0.489413665625 0.25732967812499996 0.4841515796875 0.254812728125 0.45682037031249995 0.2519401015625 0.451558284375 0.24942315 0.42969331562499996 0.24712505 0.42443123125 0.2446080984375 0.4080325046875 0.24288452343750003 0.40277042031250004 0.2403675734375 0.3754392078125 0.237494946875 0.37017712343750003 0.23497799531250002 0.34831215625 0.2326798953125 0.34305006875 0.23016294375 0.3211851015625 0.22786484375 0.3159230171875 0.2253478921875 0.294058046875 0.2230497921875 0.2887959625 0.220532840625 0.2669309921875 0.21823474062499998 0.26166890781249996 0.2157177890625 0.234337696875 0.21284516406249998 0.22907561406250002 0.21032821249999997 0.21267688593749998 0.2086046375 0.2074148015625 0.2060876859375 0.1910160734375 0.2043641109375 0.185753990625 0.20184715937500003 0.1638890203125 0.199549059375 0.1586269359375 0.1970321078125 0.15316069375000002 0.1964575828125 0.1478986078125 0.1939406328125 0.1260336390625 0.19164253125 0.1207715546875 0.18912558125 0.1098390703125 0.1879765296875 0.104576984375 0.1854595796875 0.09364449999999999 0.1843105296875 0.085138903125 0.1863623796875 0.08776994375 0.1876208546875 0.1009251578125 0.1939132328125 0.10051684375 0.1977980828125 0.103147884375 0.1990565578125 0.108614128125 0.199631084375 0.11913829843749998 0.2046649859375 0.1410032671875 0.2069630859375 0.14626535000000002 0.20948003750000002 0.1571978359375 0.2106290875 0.1624599203125 0.2131460375 0.184324890625 0.2154441390625
0 0.226625728125 0.2336373203125 0.2318878109375 0.2361542703125 0.2482865375 0.23787784531249997 0.2535486234375 0.24039479687499998 0.259219021875 0.239026896875 0.26448110625 0.24154384687500002 0.28087983437499997 0.2432674234375 0.28614191875 0.24578437343749998 0.31347313125 0.248657 0.31873521562499996 0.25117395 0.3296677 0.2523230015625 0.334929784375 0.2548399515625 0.37865972187499997 0.259436153125 0.38392180625 0.2619531046875 0.40578677656249995 0.26425120468749996 0.41104886093750004 0.26676815625 0.4383800703125 0.26964078125 0.44364215625 0.2721577328125 0.46550712499999997 0.2744558328125 0.47076920937500005 0.276972784375 0.498100421875 0.279845409375 0.50336250625 0.2823623609375 0.5197612328125001 0.2840859359375 0.52502331875 0.2866028875 0.5523545296875 0.2894755140625 0.5576166125 0.2919924640625 0.5794815828125001 0.294290565625 0.5847436671875 0.29680751562499996 0.6120748781249999 0.2996801421875 0.6173369640625 0.3021970921875 0.6392019328125 0.30449519375 0.644464015625 0.30701214375 0.6663289859375 0.3093102453125 0.6715910703125 0.31182719531249997 0.693456040625 0.314125296875 0.698718125 0.316642246875 0.7260493359375 0.3195148734375 0.73131141875 0.32203182343750003 0.7586426312500001 0.32490445 0.7639047156250001 0.32742140000000003 0.7912359265625 0.3302940265625 0.7964980125000001 0.332810978125 0.81836298125 0.335109078125 0.823625065625 0.3376260296875 0.8618887609374999 0.34164770624999996 0.867150846875 0.34416465625 0.8756564453125 0.34211280624999996 0.8760647593750001 0.3382279546875 0.8681716328125001 0.33445252812500004 0.8572391484375 0.333303478125 0.8519770624999999 0.33078652656249996 0.8301120937500001 0.3284884265625 0.824850009375 0.325971475 0.797518796875 0.32309885 0.7922567125 0.3205818984375 0.7649255015625 0.3177092734375 0.7596634171875001 0.315192321875 0.743264690625 0.31346874687500004 0.73800260625 0.3109517953125 0.7161376359375 0.3086536953125 0.7108755515625 0.30613674375 0.6835443421875 0.30326411875 0.6782822546875 0.3007471671875 0.6618835296875 0.2990235921875 0.6566214453125 0.296506640625 0.634756475 0.294208540625 0.629494390625 0.2916915890625 0.602163178125 0.2888189625 0.5969010953125 0.2863020125 0.569569884375 0.2834293859375 0.5643078 0.28091243593750004 0.547909071875 0.279188859375 0.5426469875000001 0.27667190937499997 0.5262482609375 0.274948334375 0.5209861765625 0.2724313828125 0.49365496562500005 0.26955875625000003 0.4883928796875 0.26704180625 0.46652791093749996 0.26474370468749997 0.4612658265625 0.2622267546875 0.43940085624999997 0.259928653125 0.4341387734375 0.257411703125 0.4013413203125 0.25396455156250003 0.3960792328125 0.2514476015625 0.374214265625 0.2491495 0.36895218125 0.24663255 0.3470872125 0.2443344484375 0.34182512656249997 0.24181749843749997 0.31449391718749997 0.23894487187500002 0.30923182968749996 0.2364279203125 0.28190062031249996 0.23355529531250002 0.2766385359375 0.23103834375 0.254773565625 0.22874024375 0.24951148124999997 0.22622329218749998 0.22218027031249998 0.2233506671875 0.21691818437500002 0.22083371562499998 0.1895869734375 0.21796108906249997 0.184324890625 0.2154441390625 0.1515274375 0.21199698749999998 0.14626535000000002 0.20948003750000002 0.12986662499999999 0.2077564609375 0.12460453906249999 0.20523951093749998 0.11367205625000001 0.2040904609375 0.10516645625000001 0.20614231093750002 0.10475814218749999 0.2100271625 0.10738918593749999 0.21128563749999998 0.1126512703125 0.21380258749999997 0.1290499953125 0.2155261640625 0.13431208125 0.21804311406250002 0.1452445640625 0.2191921640625 0.1505066515625 0.221709115625 0.1778378609375 0.2245817421875 0.183099946875 0.2270986921875 0.1885661875 0.2276732171875 0.1938282734375 0.23019016875 0.226625728125 0.2336373203125
0 0.20798127187499998 0.253280425 0.21324335625000002 0.2557973765625 0.25150705156250003 0.25981905312500003 0.2567691359375 0.262336003125 0.27863410625 0.2646341046875 0.283896190625 0.2671510546875 0.3057611578125 0.26944915625 0.31102324531250003 0.27196610625 0.33835445468750003 0.27483873281250004 0.343616540625 0.2773556828125 0.3764139921875 0.28080283437500003 0.38167607812500004 0.28331978593749996 0.40354104687500003 0.2856178859375 0.4088031328125 0.2881348375 0.4306681015625 0.2904329375 0.435930184375 0.2929498890625 0.46872763749999996 0.29639703906250003 0.47398972500000003 0.298913990625 0.5067871765625 0.3023611421875 0.5120492609375 0.3048780921875 0.53391423125 0.30717619375 0.539176315625 0.30969314375 0.5665075265625 0.3125657703125 0.5717696109375 0.3150827203125 0.599100821875 0.317955346875 0.6043629078125 0.3204722984375 0.6371603609375 0.3239194484375 0.6424224453125 0.3264364 0.6642874140624999 0.32873450000000004 0.6695494984375 0.3312514515625 0.685948225 0.3329750265625 0.6912103109375 0.335491978125 0.7185415203125001 0.338364603125 0.7238036078125 0.34088155468750003 0.756601059375 0.34432870625 0.7594362593749999 0.34364475625 0.7610695171875 0.3281053515625 0.7584384734375 0.326846875 0.7420397484375 0.3251233 0.7367776625 0.32260635 0.6985139671875 0.3185846734375 0.6932518828124999 0.316067721875 0.665920671875 0.3131950953125 0.6606585859375 0.3106781453125 0.6278611328125 0.30723099375 0.6225990484375 0.30471404375 0.600734078125 0.3024159421875 0.5954719953125001 0.2998989921875 0.5681407843749999 0.297026365625 0.5628787 0.294509415625 0.5355474874999999 0.2916367890625 0.5302854031249999 0.28911983750000003 0.49748795 0.2856726875 0.4922258640625 0.2831557359375 0.4703608953125 0.280857634375 0.46509881093749994 0.278340684375 0.4377675984375 0.2754680578125 0.43250551562500006 0.2729511078125 0.3997080625 0.26950395625 0.3944459765625 0.26698700625 0.361648525 0.26353985468749996 0.3563864390625 0.261022903125 0.329055228125 0.258150278125 0.32379314375 0.25563332656250004 0.2855294484375 0.25161164999999996 0.2802673625 0.24909469999999997 0.24200366718750002 0.24507302343749998 0.2367415828125 0.242556071875 0.21487661406249997 0.24025797187500003 0.209614528125 0.23774102031250002 0.17135083281250002 0.23371934374999997 0.1660887484375 0.23120239374999998 0.1551562640625 0.23005334375 0.14989417968750002 0.2275363921875 0.1444279359375 0.2269618671875 0.13916585312500002 0.22444491718749998 0.11730088281249999 0.222146815625 0.108795284375 0.224198665625 0.1077744984375 0.23391079375 0.110405540625 0.23516926875 0.1209297109375 0.2402031703125 0.142794678125 0.242501271875 0.154135478125 0.23976547187500002 0.1650679625 0.240914521875 0.170330046875 0.243431471875 0.1757962890625 0.244005996875 0.18085421875000002 0.24846537343750003 0.186320459375 0.24903989843750002 0.19158254531250002 0.25155685 0.20798127187499998 0.253280425
0 0.24399923750000002 0.27866878281249996 0.2492613234375 0.281185734375 0.27659253437500003 0.284058359375 0.28185461875 0.2865753109375 0.30918583125 0.2894479375 0.314447915625 0.2919648875 0.3363128828125 0.29426298906250004 0.3415749703125 0.2967799390625 0.3689061796875 0.299652565625 0.37416826406250003 0.302169515625 0.39603323437500004 0.3044676171875 0.40129531875 0.3069845671875 0.4340927703125 0.31043171875 0.43935485625000004 0.3129486703125 0.4666860671875 0.3158212953125 0.47194815312499994 0.318338246875 0.5047456046875001 0.321785396875 0.5100076890625 0.3243023484375 0.54280514375 0.3277495 0.5480672296875 0.33026645 0.5753984390625 0.3331390765625 0.5806605234375 0.33565602656250004 0.60252549375 0.337954128125 0.6077875781250001 0.340471078125 0.6351187890625 0.3433437046875 0.6403808734374999 0.34586065625 0.667712084375 0.34873328125 0.6729741687499999 0.3512502328125 0.7057716234375 0.3546973828125 0.7110337078125 0.357214334375 0.7438311609375 0.3606614859375 0.7490932453125 0.3631784359375 0.7654919734375001 0.3649020125 0.7681230140624999 0.3661604875 0.7679188578125 0.3681029125 0.7731809421875 0.37061986406249997 0.7729767859375001 0.3725622890625 0.7808699140625001 0.37633771562499996 0.797268640625 0.378061290625 0.8057742390625 0.37600944062499997 0.8059783953125 0.374067015625 0.8116487953125 0.3726991140625 0.8122612671875 0.3668718375 0.817931665625 0.3655039375 0.81874829375 0.35773423437499996 0.8161172531249999 0.356475759375 0.8106510109375 0.355901234375 0.8053889249999999 0.353384284375 0.78352395625 0.3510861828125 0.7782618718750001 0.34856923281249996 0.7399981765625 0.34454755625 0.734736090625 0.3420306046875 0.7074048796875 0.3391579796875 0.7021427953125 0.33664102812499996 0.6857440671874999 0.334917453125 0.680481984375 0.3324005015625 0.658617015625 0.3301024015625 0.6533549296875 0.32758545 0.6314899609375 0.32528735000000003 0.6262278765625 0.3227703984375 0.5988966640625 0.319897771875 0.59363458125 0.317380821875 0.560837128125 0.3139336703125 0.555575040625 0.3114167203125 0.52824383125 0.30854409375 0.522981746875 0.30602714375 0.5011167765625 0.30372904218749996 0.49585469218749995 0.3012120921875 0.46852348125 0.298339465625 0.463261396875 0.29582251406250004 0.435930184375 0.2929498890625 0.4306681015625 0.2904329375 0.4088031328125 0.2881348375 0.40354104687500003 0.2856178859375 0.37074359375 0.282170734375 0.365481509375 0.279653784375 0.338150296875 0.2767811578125 0.3328882125 0.2742642078125 0.3055570015625 0.27139158124999996 0.3002949171875 0.26887463125 0.283896190625 0.2671510546875 0.27863410625 0.2646341046875 0.24583665312499997 0.261186953125 0.2405745671875 0.2586700015625 0.21324335625000002 0.2557973765625 0.20798127187499998 0.253280425 0.1806500609375 0.25040779999999996 0.175387975 0.24789084843750003 0.14259052187500001 0.24444369687499998 0.1373284390625 0.24192674687500001 0.1318621953125 0.241352221875 0.123356596875 0.243404071875 0.12213165468750001 0.255058625 0.12476269531249999 0.2563171015625 0.13002478125 0.2588340515625 0.1354910234375 0.2594085765625 0.1407531078125 0.26192552812500003 0.1516855921875 0.263074578125 0.156947678125 0.265591528125 0.18427888750000002 0.2684641546875 0.1895409734375 0.27098110625 0.2114059421875 0.27327920625 0.2166680265625 0.2757961578125 0.24399923750000002 0.27866878281249996
0 0.23628726718749998 0.2994609390625 0.24154935156250001 0.301977890625 0.26341432187499997 0.304275990625 0.26867640625 0.30679294218750003 0.290541375 0.3090910421875 0.29580345937499997 0.31160799375 0.3231346703125 0.31448061875 0.3283967546875 0.3169975703125 0.350261725 0.3192956703125 0.355523809375 0.32181262187500004 0.38285502031249996 0.3246852484375 0.3881171046875 0.3272021984375 0.41544831562500006 0.33007482499999996 0.42071040000000004 0.332591775 0.4535078546875 0.3360389265625 0.45876993906249997 0.33855587656249997 0.48610115 0.341428503125 0.49136323437499996 0.3439454546875 0.518694446875 0.3468180796875 0.52395653125 0.34933503125 0.556753984375 0.3527821828125 0.56201606875 0.35529913281250003 0.58934728125 0.358171759375 0.5946093640625 0.360688709375 0.6383393015625 0.3652849109375 0.6436013875000001 0.3678018625 0.66546635625 0.3700999625 0.670728440625 0.3726169140625 0.6925934093749999 0.3749150140625 0.6978554953125 0.377431965625 0.7306529484375 0.3808791171875 0.7359150328124999 0.38339606718749997 0.752313759375 0.3851196421875 0.7608193578125 0.3830677921875 0.7616359875 0.37529809062499997 0.7673063859375 0.37393018906250003 0.7679188578125 0.3681029125 0.7600257296875 0.3643274859375 0.7381607625 0.3620293859375 0.7328986765625001 0.35951243593750004 0.69463498125 0.35549075937499997 0.6893728968749999 0.3529738078125 0.6675079265625 0.3506757078125 0.6622458421874999 0.34815875625000003 0.623982146875 0.34413707968749996 0.6187200625 0.3416201296875 0.5968550921875 0.339322028125 0.591593009375 0.336805078125 0.5642617984375 0.3339324515625 0.5589997140625 0.3314155015625 0.5316685015625 0.328542875 0.5264064171875 0.3260259234375 0.5045414484374999 0.3237278234375 0.4992793625 0.321210871875 0.466481909375 0.317763721875 0.46121982499999997 0.31524677031250004 0.43935485625000004 0.3129486703125 0.4340927703125 0.31043171875 0.40129531875 0.3069845671875 0.39603323437500004 0.3044676171875 0.368702021875 0.301594990625 0.36343993750000003 0.299078040625 0.330642484375 0.2956308890625 0.3253804 0.2931139375 0.3089816734375 0.2913903625 0.3037195875 0.2888734109375 0.270922134375 0.2854262609375 0.26566005000000004 0.28290930937500003 0.2492613234375 0.281185734375 0.24399923750000002 0.27866878281249996 0.2057355421875 0.27464710625 0.20047345781249998 0.27213015625 0.178608490625 0.2698320546875 0.173346403125 0.2673151046875 0.14601519375 0.264442478125 0.1407531078125 0.26192552812500003 0.1352868671875 0.26135100312500004 0.1267812671875 0.263402853125 0.1261687953125 0.26923012968750004 0.120498396875 0.2705980296875 0.1231294390625 0.2718565046875 0.12576048125 0.27311498125 0.125556325 0.27505740625 0.130818409375 0.2775743578125 0.1306142515625 0.2795167828125 0.14376946562499998 0.285809159375 0.17110067499999998 0.2886817859375 0.1763627609375 0.2911987359375 0.2091602125 0.2946458875 0.2144222984375 0.29716283906249996 0.23628726718749998 0.2994609390625
0 0.3202764703125 0.341674578125 0.3255385546875 0.344191528125 0.35286976718749996 0.3470641546875 0.3581318515625 0.34958110468750003 0.3909293046875 0.35302825625 0.3961913890625 0.35554520625 0.43445508437499997 0.3595668828125 0.4397171703125 0.362083834375 0.47798086562500003 0.3661055109375 0.48324295 0.3686224609375 0.5269728875 0.3732186625 0.532234971875 0.3757356140625 0.565032425 0.37918276562500003 0.5702945109375 0.381699715625 0.6194906890625 0.3868704421875 0.6247527749999999 0.38938739375 0.6520839859375 0.39226001875 0.6573460703125 0.39477697031250003 0.695609765625 0.398798646875 0.7008718515625 0.40131559687499996 0.7610005156249999 0.407635375 0.7638357140625 0.40695142500000003 0.764039871875 0.4050089984375 0.7697102703125001 0.4036410984375 0.7709352140625 0.3919865453125 0.768304171875 0.3907280703125 0.7628379296875 0.3901535453125 0.75757584375 0.38763659375000004 0.7411771171875 0.38591301875 0.7359150328124999 0.38339606718749997 0.7031175796875 0.379948915625 0.6978554953125 0.377431965625 0.6595918000000001 0.3734102890625 0.6543297140625 0.3708933375 0.632464746875 0.3685952375 0.6272026609375 0.36607828593749997 0.6217364187500001 0.3655037609375 0.61606601875 0.3668716609375 0.610803934375 0.3643547109375 0.59440520625 0.36263113593749996 0.5891431234375 0.360114184375 0.5508794265625 0.3560925078125 0.54561734375 0.3535755578125 0.512819890625 0.35012840624999997 0.507557803125 0.3476114546875 0.48022659375 0.34473882968749997 0.4749645078125 0.342221878125 0.44763329843750005 0.339349253125 0.4423712125 0.3368323015625 0.409573759375 0.33338515 0.40431167500000004 0.3308682 0.38244670625 0.3285700984375 0.3771846203125 0.3260531484375 0.3498534109375 0.323180521875 0.3445913234375 0.320663571875 0.32272635625 0.3183654703125 0.317464271875 0.3158485203125 0.29559930156249997 0.31355041875 0.2903372171875 0.31103346875 0.2630060078125 0.3081608421875 0.2577439203125 0.30564389062499997 0.2304127109375 0.302771265625 0.225150625 0.30025431406249997 0.1923531734375 0.29680716406249996 0.1870910875 0.2942902125 0.14336115 0.2896940109375 0.1348555515625 0.2917458609375 0.13322229375 0.30728526562499997 0.13585333593749999 0.308543740625 0.1516395921875 0.31609459375000004 0.1789708015625 0.3189672203125 0.1842328875 0.3214841703125 0.21156409843750001 0.32435679687499996 0.21682618437499998 0.326873746875 0.2386911515625 0.3291718484375 0.24395323750000003 0.3316887984375 0.276750690625 0.33513595 0.282012775 0.3376529015625 0.3202764703125 0.341674578125
0 0.389296046875 0.36856766093750004 0.39455813281249996 0.3710846109375 0.427355584375 0.37453176250000003 0.43261767031250004 0.37704871406249996 0.47088136406250003 0.38107039062500003 0.4761434515625 0.383587340625 0.5089409046875 0.3870344921875 0.5142029890625001 0.38955144218750004 0.56339916875 0.3947221703125 0.5686612531249999 0.39723912031249997 0.6069249484375 0.40126079687500005 0.6121870328125001 0.403777746875 0.6613832125 0.408948475 0.666645296875 0.411465425 0.715841478125 0.4166361515625 0.7211035609375 0.41915310312500004 0.753901015625 0.42260025468749995 0.7624066140625 0.420548403125 0.7634274 0.41083627500000003 0.760796359375 0.4095778 0.7498638734374999 0.40842875 0.7446017890625 0.40591179843749997 0.7008718515625 0.40131559687499996 0.695609765625 0.398798646875 0.6573460703125 0.39477697031250003 0.6520839859375 0.39226001875 0.613820290625 0.38823834375 0.60855820625 0.3857213921875 0.5702945109375 0.381699715625 0.565032425 0.37918276562500003 0.5267687296875 0.3751610890625 0.5215066453125 0.3726441375 0.4777767078125 0.3680479359375 0.472514621875 0.3655309859375 0.434250928125 0.36150930937500003 0.4289888421875 0.3589923578125 0.3907251484375 0.35497068125000003 0.3854630609375 0.35245373125 0.3471993671875 0.3484320546875 0.34193728125 0.34591510312499996 0.3091398296875 0.342467953125 0.30387774375 0.3399510015625 0.271080290625 0.33650385 0.26581820624999997 0.33398690000000003 0.22755451093749998 0.3299652234375 0.22229242500000002 0.327448271875 0.18402873125000002 0.32342659687499997 0.17876664375 0.3209096453125 0.14050295 0.31688796875 0.13766775 0.31757191875 0.13746359375 0.3195143453125 0.13179319375 0.3208822453125 0.13097656562499999 0.328651946875 0.13360760625 0.3299104234375 0.1386655359375 0.3343697984375 0.1714629890625 0.33781695 0.1767250734375 0.3403339015625 0.2313874953125 0.346079153125 0.23664957968749997 0.3485961046875 0.285845759375 0.35376683125 0.2911078453125 0.35628378125000004 0.32390529843750004 0.3597309328125 0.3291673828125 0.36224788281250003 0.389296046875 0.36856766093750004
0 0.3554778078125 0.3748326375 0.36073989375000004 0.3773495875 0.40446983124999997 0.381945790625 0.409731915625 0.38446274062499997 0.453461853125 0.38905894218750003 0.4587239375 0.39157589375 0.518852603125 0.3978956703125 0.5241146875 0.400412621875 0.5733108671875 0.40558334843750005 0.5785729515625 0.4081002984375 0.6223028890625 0.4126965 0.6275649750000001 0.4152134515625 0.6712949125 0.419809653125 0.6765569953125 0.422326603125 0.74761814375 0.42979543124999997 0.7528802296875 0.43231238125000004 0.7583464734375001 0.4328869078125 0.761181671875 0.43220295625 0.7619983 0.42443325468750004 0.7593672578125 0.4231747796875 0.715637321875 0.418578578125 0.710375234375 0.4160616265625 0.672111540625 0.41203995000000004 0.6668494546875 0.40952299999999997 0.6121870328125001 0.403777746875 0.6069249484375 0.40126079687500005 0.55772876875 0.3960900703125 0.552466684375 0.39357311875 0.508736746875 0.3889769171875 0.5034746609375 0.38645996718750003 0.4597447234375 0.381863765625 0.4544826390625 0.3793468140625 0.41621894375 0.3753251375 0.41095685781249996 0.3728081875 0.36176067968750003 0.3676374609375 0.35649859375 0.36512050937499996 0.307302415625 0.3599497828125 0.3020403296875 0.3574328328125 0.25831039218749996 0.35283662968749996 0.25304830625 0.3503196796875 0.198385884375 0.344574428125 0.1931238 0.3420574765625 0.1384613796875 0.336312225 0.135626178125 0.336996175 0.1352178640625 0.3408810265625 0.1378489078125 0.3421395015625 0.1431109921875 0.3446564515625 0.170442203125 0.347529078125 0.1757042875 0.3500460296875 0.208501740625 0.3534931796875 0.2137638265625 0.35601013125000003 0.246561278125 0.3594572828125 0.2518233640625 0.3619742328125 0.3064857859375 0.367719484375 0.3117478703125 0.3702364359375 0.3554778078125 0.3748326375
0 0.4577031515625 0.40128802031250005 0.4629652375 0.403804971875 0.5230939015625 0.4101247484375 0.5283559859375 0.4126417 0.58848465 0.41896147656249993 0.5937467359374999 0.421478428125 0.6648078828124999 0.42894725468750006 0.67006996875 0.43146420625 0.75752984375 0.44065660937500006 0.7603650421875 0.43997265937499996 0.7609775140624999 0.43414538281250004 0.7583464734375001 0.4328869078125 0.7419477453125001 0.43116333124999995 0.7366856609375 0.42864638125 0.6765569953125 0.422326603125 0.6712949125 0.419809653125 0.611166246875 0.41348987499999995 0.6059041625 0.410972925 0.5621742249999999 0.4063767234375 0.5569121406249999 0.403859771875 0.5186484453125 0.3998380953125 0.5133863609375 0.39732114531249996 0.46419018124999994 0.39215041875 0.4589280953125 0.3896334671875 0.409731915625 0.38446274062499997 0.40446983124999997 0.381945790625 0.34434116718749996 0.3756260125 0.33907908125 0.37310906250000003 0.2789504171875 0.36678928437499997 0.2736883328125 0.364272334375 0.2135596703125 0.35795255625 0.2082975828125 0.35543560625000004 0.14270267812499998 0.348541303125 0.139867478125 0.349225253125 0.13925500625 0.3550525296875 0.14188605 0.35631100625 0.1469439765625 0.3607703828125 0.21253888437500001 0.367664684375 0.2178009671875 0.3701816359375 0.2505984203125 0.3736287859375 0.25586050625 0.3761457375 0.3159891703125 0.3824655140625 0.32125125468750004 0.384982465625 0.392312403125 0.39245129375 0.39757448906250004 0.39496824375 0.4577031515625 0.40128802031250005
0 0.440487796875 0.4073341484375 0.4457498828125 0.4098510984375 0.5168110312499999 0.41731992656249994 0.522073115625 0.4198368765625 0.565803053125 0.42443307812500003 0.5710651375 0.4269500296875 0.7077211921875 0.44131315937500004 0.7129832781250001 0.44383011093749997 0.800443153125 0.45302251406250005 0.8032783515625 0.45233856250000004 0.803482509375 0.4503961375 0.79558938125 0.44662071093750005 0.75185944375 0.44202450937500004 0.746597359375 0.43950755937499997 0.659137484375 0.43031515625 0.6538753984375 0.42779820468749996 0.5718817671875 0.41918032656250004 0.56661968125 0.41666337656249997 0.5174235015625 0.41149265 0.5121614171875 0.4089756984375 0.44110026874999997 0.40150687031250004 0.435838184375 0.39898992031249997 0.3757095203125 0.39267014375 0.370447434375 0.3901531921875 0.2884538015625 0.3815353140625 0.28319171718749997 0.3790183625 0.21759680937499998 0.3721240609375 0.21233472656250002 0.369607109375 0.157672303125 0.3638618578125 0.15241021875 0.3613449078125 0.1382342203125 0.3647646578125 0.1408652640625 0.366023134375 0.1461273484375 0.368540084375 0.1734585578125 0.3714127109375 0.1787206453125 0.3739296609375 0.24431555 0.3808239640625 0.24957763437499997 0.38334091406250004 0.293307571875 0.387937115625 0.2985696578125 0.3904540671875 0.38056328906250003 0.3990719453125 0.38582537656250004 0.40158889531249997 0.440487796875 0.4073341484375
0 0.6032501203125 0.43622445781249997 0.6085122046875 0.43874140781250004 0.7178370468749999 0.45023191249999994 0.720672246875 0.44954796249999995 0.7154101625 0.44703101093750003 0.7156143203124999 0.4450885859375 0.7129832781250001 0.44383011093749997 0.691118309375 0.44153200937500003 0.6858562234375001 0.43901505781249994 0.6202613171875 0.43212075624999996 0.6149992328125 0.42960380468750003 0.53847184375 0.421560453125 0.53320975625 0.4190435015625 0.46761485 0.4121491984375 0.4623527671875 0.4096322484375 0.3912916171875 0.4021634203125 0.38602953281249996 0.3996464703125 0.314968384375 0.3921776421875 0.3097063 0.3896606921875 0.3040359 0.39102859218749997 0.298773815625 0.388511640625 0.2277126671875 0.3810428140625 0.22245058125 0.3785258625 0.1513894328125 0.37105703437500004 0.14288383437500002 0.37310888593749997 0.1426796765625 0.3750513109375 0.1453107203125 0.37630978593750003 0.150368646875 0.3807691625 0.1831661015625 0.3842163140625 0.1884281859375 0.386733265625 0.28682054375 0.39707471875 0.2920826296875 0.39959166874999996 0.385008746875 0.4093585984375 0.3902708328125 0.41187554843749996 0.4941294328125 0.422791528125 0.49939151718749997 0.425308478125 0.6032501203125 0.43622445781249997
0 0.7798462796875001 0.6226974890625 0.785108365625 0.6252144390625001 0.7822501640625 0.6524083968750001 0.78751225 0.6549253484374999 0.7873080921875 0.6568677734375 0.7925701765625 0.659384725 0.786899778125 0.660752625 0.7858789921875 0.670464753125 0.7911410765625 0.6729817031249999 0.7897119765625 0.6865786828125 0.7949740640625 0.689095634375 0.7945657484375 0.692980484375 0.7971967906249999 0.6942389609374999 0.8135955171875 0.6959625359375 0.8164307171875 0.6952785859375 0.8166348734375 0.693336159375 0.8223052734375 0.6919682593750001 0.8241426875 0.6744864296874999 0.818880603125 0.6719694781250001 0.82112633125 0.650602796875 0.8158642468749999 0.648085846875 0.8215346453124999 0.6467179468750001 0.8162725609375 0.6442009953125 0.818722446875 0.6208918890625 0.8134603625000001 0.6183749374999999 0.8163185625 0.5911809796874999 0.811056478125 0.588664028125 0.8135063640625001 0.565354921875 0.808244278125 0.562837971875 0.8115107921875 0.5317591625 0.8062487062500001 0.5292422109375 0.809719378125 0.4962209765625 0.80445729375 0.493704025 0.8077238078125 0.462625215625 0.8024617234375 0.460108265625 0.8026658796874999 0.458165840625 0.8083362796875001 0.4567979390625 0.80307419375 0.4542809890625 0.8032783515625 0.45233856250000004 0.800647309375 0.4510800875 0.7897148265625 0.4499310375 0.784044425 0.4512989375 0.7785781828125 0.45072441249999995 0.770072584375 0.4527762625 0.7696642703125 0.4566611140625 0.7722953125 0.45791958906249997 0.7749263562500001 0.459178065625 0.7706390562500001 0.4999690015625 0.775901140625 0.502485953125 0.7728387828125001 0.5316223359375 0.77810086875 0.5341392875000001 0.7750385109375 0.5632756718749999 0.7803005953125 0.565792621875 0.777850709375 0.589101728125 0.7831127953125 0.5916186796875 0.7798462796875001 0.6226974890625
0 0.765808284375 0.4670571921875 0.768643484375 0.46637324218750004 0.7694601125 0.45860353906249995 0.7668290703125 0.45734506406250003 0.7230991328124999 0.4527488625 0.7178370468749999 0.45023191249999994 0.613978446875 0.4393159328125 0.6087163624999999 0.4367989828125 0.49939151718749997 0.425308478125 0.4941294328125 0.422791528125 0.379338346875 0.4107264984375 0.3740762640625 0.40820954687500005 0.26475141875 0.39671904375 0.259489334375 0.3942020921875 0.15016449062499998 0.3827115890625 0.1473292921875 0.3833955390625 0.1465126625 0.391165240625 0.1491437046875 0.3924237171875 0.1544057890625 0.3949406671875 0.22546693750000002 0.40240949531250003 0.23072902343749999 0.4049264453125 0.3400538671875 0.41641695 0.3453159515625 0.4189339 0.46557327812500005 0.4315734546875 0.4708353640625 0.43409040625 0.623890146875 0.4501771109375 0.6291522296875 0.4526940625 0.765808284375 0.4670571921875
0 0.5566619828125 0.45882221406249996 0.764379184375 0.48065417187500004 0.767214384375 0.47997022187500005 0.7682351703125 0.47025809374999994 0.765604128125 0.46899961875 0.7437391578125 0.46670151718749997 0.7384770734375 0.464184565625 0.5799560515625 0.44752333593750004 0.5746939656250001 0.44500638437499995 0.43257166874999997 0.4300687296875 0.427309584375 0.42755177812499995 0.30705225625 0.41491222343749995 0.301790171875 0.4123952734375 0.192465328125 0.40090476875 0.1872032421875 0.39838781874999996 0.176270759375 0.39723876874999997 0.1706003578125 0.39860666875 0.1542016328125 0.3968830921875 0.1513664328125 0.39756704374999996 0.15034564687500002 0.40727917031249994 0.1529766890625 0.408537646875 0.15823877343749998 0.411054596875 0.2292999234375 0.41852342499999995 0.2345620078125 0.421040375 0.3712180625 0.43540350625 0.376480146875 0.43792045625 0.44207505312500006 0.444814759375 0.447745453125 0.44344685781250004 0.4530075375 0.44596380937499996 0.551399896875 0.45630526250000003 0.5566619828125 0.45882221406249996
0 0.77206815625 0.4863720234375 0.75891294375 0.480079646875 0.5566619828125 0.45882221406249996 0.551399896875 0.45630526250000003 0.3600814203125 0.43619688125 0.3548193359375 0.4336799296875 0.19629831250000002 0.41701869843750006 0.191036228125 0.4145017484375 0.15823877343749998 0.411054596875 0.14973317656250001 0.4131064484375 0.148916546875 0.42087614999999995 0.15154758906250002 0.422134625 0.15680967343750002 0.4246515765625 0.2169383390625 0.430971353125 0.2222004234375 0.43348830468750005 0.375255203125 0.449575009375 0.380517290625 0.45209196093750004 0.621031946875 0.47737107031250003 0.6262940296874999 0.4798880203125 0.762950084375 0.49425115000000003 0.771455684375 0.49219929999999995 0.77206815625 0.4863720234375
0 0.7684163265625 0.49482567499999996 0.5169691875 0.468397515625 0.5117071015625 0.465880565625 0.506036703125 0.467248465625 0.48417173281250003 0.46495036562500003 0.47890964843750006 0.4624334140625 0.23292875 0.43657977968750006 0.22766666562500001 0.4340628296875 0.17300424375 0.428317578125 0.16733384375 0.429685478125 0.156401359375 0.42853642656249996 0.1535661609375 0.42922037812499997 0.15234121875 0.44087493125000005 0.154972259375 0.44213340624999997 0.20963468125 0.44787865781249997 0.2148967671875 0.450395609375 0.7341897734375 0.5049755031250001 0.7394518578125 0.5074924546874999 0.761316828125 0.5097905546875 0.7754928265625 0.5063708046875 0.775901140625 0.502485953125 0.7706390562500001 0.4999690015625 0.7710473703125 0.49608415156249996 0.7684163265625 0.49482567499999996
0 0.7683933265625 0.521335684375 0.7740637265625 0.5199677828125 0.774472040625 0.5160829328125 0.76920995625 0.51356598125 0.7694141125 0.51162355625 0.7667830703125 0.5103650796875 0.389612359375 0.47072284062499997 0.38435027499999996 0.468205890625 0.16570058593749998 0.44522488281249994 0.1571949890625 0.4472767328125 0.1565825171875 0.45310400937499995 0.1592135609375 0.454362484375 0.1697377296875 0.4593963859375 0.6780982515625 0.51282723125 0.6833603375 0.5153441812499999 0.688826578125 0.51591870625 0.694496978125 0.51455080625 0.7054294640625 0.51569985625 0.7106915468749999 0.5182168078125 0.7653539703125001 0.523962059375 0.7681891703125 0.523278109375 0.7683933265625 0.521335684375
0 0.492041859375 0.49523579843750004 0.48657561875 0.4946612734375 0.4813135328125 0.49214432343750003 0.475643134375 0.4935122234375 0.46471064999999995 0.4923631734375 0.4594485640625 0.489846221875 0.4321173546875 0.48697359687499997 0.42644695468749994 0.48834149687500006 0.42118487031249996 0.48582454531249997 0.1697377296875 0.4593963859375 0.1612321296875 0.46144823749999997 0.160619659375 0.4672755140625 0.1632507 0.46853398906250004 0.16588174375 0.46979246406249997 0.16506511562499998 0.4775621671875 0.1676961578125 0.4788206421875 0.768982796875 0.5420184140625001 0.7718179968750001 0.5413344640625 0.7734512546875 0.525795059375 0.7708202109375 0.5245365843750001 0.5029743453125 0.49638485 0.4977122609375 0.49386789843749995 0.492041859375 0.49523579843750004
0 0.16302354375 0.4969864234375 0.1656545875 0.4982448984375 0.17091667187499998 0.5007618484374999 0.76673706875 0.5633850953125 0.7752426671875 0.5613332453125001 0.7764676109375 0.5496786921875 0.7712055265625 0.547161740625 0.7714096828125 0.545219315625 0.768778640625 0.5439608406249999 0.1674920015625 0.48076306718749995 0.1646568015625 0.48144701875000007 0.16302354375 0.4969864234375
0 0.44744929375 0.551429315625 0.4531196921875 0.550061415625 0.7701617390625 0.5833838765625 0.7786673390625001 0.5813320265625 0.773405253125 0.578815075 0.774630196875 0.567160521875 0.76673706875 0.5633850953125 0.384100115625 0.5231683312500001 0.3784297171875 0.5245362328125001 0.362030990625 0.52281265625 0.3567689046875 0.52029570625 0.35130266250000003 0.51972118125 0.34563226406249997 0.52108908125 0.17071251406250001 0.5027042749999999 0.1678773140625 0.5033882249999999 0.16624405625 0.5189276296875 0.1688751 0.5201861046875 0.174137184375 0.5227030546875 0.3873206296875 0.5451095390625 0.39299102812500003 0.5437416374999999 0.3984572703125 0.5443161625 0.40371935781249996 0.5468331140625 0.409185596875 0.5474076390625 0.4148559984375 0.5460397390625 0.420322240625 0.5466142640625 0.425584325 0.5491312140625 0.44744929375 0.551429315625
0 0.772588625 0.586584778125 0.76995758125 0.585326303125 0.2943945125 0.535342609375 0.2887241140625 0.5367105109375 0.173933028125 0.52464548125 0.17109782812500002 0.52532943125 0.1694645703125 0.5408688359375 0.1720956140625 0.5421273109375 0.1773576984375 0.5446442625000001 0.37414241718749996 0.56532716875 0.379812815625 0.56395926875 0.7679160109375001 0.6047505578125 0.7707512109375 0.6040666078125 0.7709553671875 0.6021241828125 0.7766257671875 0.6007562828124999 0.7776465531250001 0.5910441546875 0.7723844671875 0.5885272031250001 0.772588625 0.586584778125
0 0.7187198312499999 0.59957983125 0.71304943125 0.60094773125 0.7075831890625001 0.60037320625 0.702321103125 0.5978562562499999 0.6257937140625 0.589812903125 0.620123315625 0.591180803125 0.21562139375 0.5486659390625 0.20711579375000003 0.5507177890625 0.20609500781249998 0.5604299171875 0.20872605156250001 0.5616883921875 0.21135709375 0.5629468671875 0.21094877812499999 0.5668317187499999 0.21357982187500002 0.56809019375 0.4650269625 0.594518353125 0.4706973609375 0.593150453125 0.7713406828125 0.6247493390625001 0.7741758812499999 0.6240653890625001 0.7758091375 0.608525984375 0.7679160109375001 0.6047505578125 0.7187198312499999 0.59957983125
0 0.779233809375 0.628524765625 0.7766027656250001 0.627266290625 0.6836766484375 0.6174993609375 0.6784145640625 0.6149824109375001 0.6182858999999999 0.608662634375 0.6126155 0.610030534375 0.257309759375 0.5726863953125 0.25163935937500004 0.574054296875 0.21337566406250003 0.5700326203125 0.21054046406250002 0.5707165703125 0.209519678125 0.5804286984375 0.212150721875 0.5816871734375 0.214781765625 0.5829456484375 0.21416929375 0.588772925 0.2168003359375 0.5900314 0.4299837796875 0.612437884375 0.4356541796875 0.6110699828125 0.77456119375 0.6466905453125 0.78306679375 0.6446386953125 0.7836792640625 0.63881141875 0.7784171796875 0.6362944671874999 0.779233809375 0.628524765625
0 0.763424553125 0.6474839203125 0.7581624671875 0.6449669703125 0.5777764765625 0.6260076390625 0.572106078125 0.6273755390625 0.2168003359375 0.5900314 0.21396513593750002 0.5907153515625 0.2123318796875 0.60625475625 0.2149629203125 0.60751323125 0.225487090625 0.6125471328125001 0.230953334375 0.6131216578124999 0.2366237328125 0.6117537578125 0.4990033578125 0.6393309671875 0.50467375625 0.6379630671875 0.777985865625 0.6666893265625 0.7808210640625 0.6660053765625 0.782454321875 0.650465971875 0.7798232796875 0.649207496875 0.763424553125 0.6474839203125
0 0.77877949375 0.6854296328125 0.77898365 0.6834872062499999 0.78465405 0.68211930625 0.785470678125 0.6743496046875 0.7802085937500001 0.671832653125 0.78041275 0.669890228125 0.777781709375 0.668631753125 0.24208997499999999 0.6123282828125001 0.23641957656249998 0.6136961828125 0.2200208484375 0.6119726078125 0.21151525000000002 0.6140244578125 0.21110693593750002 0.617909309375 0.213737978125 0.619167784375 0.2163690203125 0.6204262593750001 0.2155523921875 0.6281959625 0.21818343437499998 0.6294544375 0.2345821609375 0.6311780125 0.239844246875 0.6336949640625 0.24551464531249997 0.6323270640625 0.68281401875 0.6782890796875 0.6884844203125 0.6769211796875 0.7759442937500001 0.6861135828125 0.77877949375 0.6854296328125
0 0.3655678171875 0.64690904375 0.2343780046875 0.6331204390625 0.2287076046875 0.6344883390625 0.21777512031250001 0.6333392890625 0.20926952187499998 0.6353911390625 0.20906536406249998 0.6373335640625 0.19772456562500001 0.6400693656249999 0.1975204078125 0.642011790625 0.19185000937500002 0.643379690625 0.1916458515625 0.6453221171875 0.180305053125 0.6480579171875 0.1798967390625 0.65194276875 0.18252778281249998 0.65320124375 0.433974921875 0.6796294031250001 0.4396453203125 0.678261503125 0.784018578125 0.714456590625 0.7868537765625 0.713772640625 0.78767040625 0.7060029390625 0.7824083203125001 0.7034859875 0.7836332640625 0.6918314343749999 0.7757401374999999 0.6880560078125 0.371238215625 0.6455411437499999 0.3655678171875 0.64690904375
0 0.7736755640624999 0.733990271875 0.7793459640625 0.732622371875 0.7807750640625 0.7190253921875 0.7728819375 0.715249965625 0.2863863828125 0.6641172234375 0.2807159828125 0.6654851234375 0.17685738125 0.6545691453125 0.17402218281249998 0.6552530953125 0.1719806109375 0.67467735 0.174611653125 0.6759358265625 0.185135821875 0.680969728125 0.20700079218749998 0.683267828125 0.212671190625 0.681899928125 0.4859833 0.7106261875000001 0.49165369999999997 0.7092582875 0.7540333234375 0.736835496875 0.7597037249999999 0.735467596875 0.7706362078125 0.7366166484375001 0.7734714078125 0.735932696875 0.7736755640624999 0.733990271875
0 0.79370311875 0.753770203125 0.788441034375 0.7512532515625 0.7890535062499999 0.7454259750000001 0.7811603781249999 0.74165055 0.2181374328125 0.682474453125 0.212467034375 0.683842353125 0.17966958125000002 0.680395203125 0.17399918125 0.681763103125 0.1685329390625 0.681188578125 0.165697740625 0.681872528125 0.16549358281249998 0.683814953125 0.159823184375 0.6851828531249999 0.1596190265625 0.6871252796875 0.1539486265625 0.6884931796875 0.1525195265625 0.702090159375 0.15515056875 0.703348634375 0.1604126546875 0.705865584375 0.18227762187500002 0.7081636859375 0.1875397078125 0.7106806359375 0.296864553125 0.722171140625 0.30253494999999997 0.720803240625 0.67423941875 0.7598709546875 0.67990981875 0.758503053125 0.7837684203124999 0.7694190328125 0.7922740187499999 0.76736718125 0.79370311875 0.753770203125
0 0.7896199765625 0.7926187140625001 0.7912532328124999 0.777079309375 0.7859911484375 0.7745623593750001 0.78619530625 0.7726199328125001 0.7835642625 0.7713614578125 0.575847059375 0.7495295 0.5701766609375001 0.7508974 0.17114098125 0.7089570609375 0.16547058125 0.7103249609375 0.160004340625 0.7097504359375 0.157169140625 0.7104343859375 0.156964984375 0.7123768125 0.1512945828125 0.7137447124999999 0.1510904265625 0.7156871375 0.15372146874999998 0.7169456125 0.15635251249999998 0.7182040890625 0.1551275703125 0.7298586421875 0.15775861093750002 0.7311171171875 0.16322485312499999 0.7316916421874999 0.1684869375 0.73420859375 0.1741573390625 0.7328406937499999 0.3982732671875 0.7563962265625 0.4039436671875 0.7550283265625 0.7811143765625 0.7946705656249999 0.7896199765625 0.7926187140625001
0 0.491561696875 0.81529831875 0.79220501875 0.8468972062500001 0.797875415625 0.8455293046874999 0.8033416593749999 0.84610383125 0.8118472578124999 0.8440519796875 0.8147054578124999 0.816858021875 0.809443371875 0.8143410703124999 0.8110766296874999 0.798801665625 0.8058145453125001 0.7962847156249999 0.8060187015625001 0.7943422906250001 0.803387659375 0.7930838140625001 0.792455175 0.7919347640625001 0.7811143765625 0.7946705656249999 0.491403540625 0.7642207296875 0.4857331421875 0.7655886296875 0.22335351874999998 0.7380114203125 0.21768311875 0.7393793203125 0.1684869375 0.73420859375 0.154310940625 0.73762834375 0.1539026265625 0.7415131953125 0.14823222656249999 0.7428810953125 0.145782340625 0.7661902031250001 0.1484133828125 0.767448678125 0.1510444265625 0.768707153125 0.150023640625 0.7784192812499999 0.1631788515625 0.7847116578125 0.2342400015625 0.7921804859375 0.2399104 0.7908125859374999 0.46949257187500004 0.81494264375 0.475162971875 0.8135747437499999 0.48062921249999996 0.8141492687499999 0.4858912984375 0.8166662203125 0.491561696875 0.81529831875
0 0.946007425 0.9347442328125 0.9407453406249999 0.93222728125 0.9417661265625 0.9225151546875001 0.9365040406249999 0.919998203125 0.937933140625 0.9064012234375 0.93267105625 0.9038842734375001 0.9338959984375 0.8922297203125 0.9286339140625 0.8897127687499999 0.9300630140624999 0.876115790625 0.924800928125 0.8735988390625 0.9260258718750001 0.8619442859375 0.9207637875 0.8594273343750001 0.9219887296874999 0.84777278125 0.9167266453125 0.84525583125 0.9179515874999999 0.833601278125 0.912689503125 0.8310843265625 0.913914446875 0.8194297734375 0.9086523609375 0.816912821875 0.9096731468750001 0.8072006953124999 0.9044110609375 0.8046837437500001 0.9058401609375 0.7910867640625 0.9005780765625 0.7885698140625 0.9015988625 0.7788576859375 0.8963367765625 0.7763407359375 0.8975617203124999 0.76468618125 0.892299634375 0.7621692312499999 0.8939328921874999 0.7466298265625 0.8886708078125001 0.744112875 0.88969159375 0.7344007484375 0.8844295078125001 0.7318837968749999 0.8858586078125 0.7182868171875 0.8805965234375 0.7157698671875 0.881617309375 0.7060577390625 0.876355225 0.7035407890625 0.8765593812500001 0.7015983625 0.8712972953125 0.6990814125 0.871501453125 0.6971389859375 0.8636083265625001 0.6933635609375 0.8581420828124999 0.692789034375 0.8528800000000001 0.690272084375 0.8419475140625 0.689123034375 0.8362771140625 0.690490934375 0.8308108734375 0.689916409375 0.8279756718750001 0.6906003593750001 0.8275673578125 0.6944852109374999 0.8190617609374999 0.6965370609375 0.8135955171875 0.6959625359375 0.8079251187500001 0.6973304359375 0.7969926328125 0.6961813859375 0.794157434375 0.6968653359375 0.7939532781249999 0.6988077609375 0.79658431875 0.7000662375 0.7992153625 0.7013247125000001 0.7988070484375001 0.7052095640625 0.8040691328125 0.7077265140625 0.8024358749999999 0.72326591875 0.8076979609375 0.7257828703125 0.80688133125 0.733552571875 0.8121434171875 0.7360695234375 0.8113267875 0.743839225 0.8165888734375001 0.7463561765625 0.81577224375 0.754125878125 0.8210343296874999 0.756642828125 0.8198093859375 0.7682973828125 0.8250714703125 0.7708143328125 0.8242548421875 0.7785840359375 0.8295169281250001 0.7811009859375 0.828087828125 0.794697965625 0.8333499140624999 0.797214915625 0.8321249703125 0.8088694703125 0.8373870546875001 0.8113864203125001 0.8361621124999999 0.8230409734374999 0.841424196875 0.825557925 0.8404034109375 0.8352700531249999 0.8456654968749999 0.837787003125 0.844236396875 0.8513839828125 0.84949848125 0.8539009328124999 0.84806938125 0.8674979125 0.8533314656250001 0.8700148625 0.8523106796875 0.8797269906249999 0.8575727671875001 0.8822439421875 0.8563478234374999 0.8938984953125001 0.8616099078125 0.8964154453125 0.860384965625 0.90807 0.86564705 0.9105869500000001 0.863605478125 0.93001120625 0.8688675640625 0.9325281562500001 0.868050934375 0.940297859375 0.8733130203125 0.942814809375 0.8722922343749999 0.9525269375000001 0.87755431875 0.9550438874999999 0.8769418468750001 0.960871165625 0.8848349750000001 0.964646590625 0.90669994375 0.9669446921875 0.9123703437499999 0.9655767921875 0.9451677953125 0.9690239421875001 0.9536733953125 0.9669720921874999 0.9544900234375 0.959202390625 0.9492279390625 0.9566854390625 0.9500445671875 0.9489157374999999 0.9447824828125 0.9463987859375 0.946007425 0.9347442328125
0 0.8197432328125001 0.6111797609375 0.8140728328125 0.6125476609375 0.8138686765625 0.6144900859375 0.8191307609375 0.6170070375 0.816068403125 0.6461434203125 0.8213304890625001 0.6486603718749999 0.8194930749999999 0.6661422015625 0.824755159375 0.668659153125 0.8245510015624999 0.670601578125 0.8271820453125001 0.671860053125 0.89277695 0.67875435625 0.8954079937499999 0.68001283125 0.88690239375 0.6820646828125 0.881640309375 0.67954773125 0.870707825 0.67839868125 0.8650374265625 0.67976658125 0.8541049421875 0.67861753125 0.8512697421875 0.67930148125 0.8508614281250001 0.6831863328125001 0.8534924703125 0.6844448078125 0.8972224078125001 0.689041009375 0.90572800625 0.686989159375 0.9065446343750001 0.67921945625 0.90128255 0.6767025062500001 0.9025074921874999 0.6650479515625001 0.8972454078125001 0.6625310015625 0.89969529375 0.63922189375 0.894433209375 0.6367049437500001 0.8981080374999999 0.6017412828125 0.892845953125 0.5992243328125 0.894887525 0.5798000765625 0.8896254390625 0.5772831265625 0.8900337546875001 0.573398275 0.8874027109375 0.5721398 0.8788971109375 0.57419165 0.8780804828125 0.5819613515625 0.8695748828125 0.5840132031249999 0.8641086421875 0.583438678125 0.8614776000000001 0.5821802015624999 0.8622942281249999 0.5744105 0.849139015625 0.5681181234375 0.8436727734374999 0.5675435984375 0.8410417296875 0.566285121875 0.84387693125 0.565601171875 0.88760686875 0.5701973734375 0.89044206875 0.5695134234375 0.890646225 0.5675709984374999 0.8963166250000001 0.5662030984374999 0.8910545390625 0.5636861468750001 0.892483640625 0.5500891671875 0.887221553125 0.5475722171874999 0.8874257109375 0.5456297921875 0.8930961109375 0.544261890625 0.89330026875 0.542319465625 0.8880381828124999 0.5398025140625 0.891508853125 0.5067812796875 0.8862467687500001 0.5042643296875 0.8870633968750001 0.4964946265625 0.8927337968750001 0.4951267265625 0.8929379531249999 0.4931843015625 0.885044828125 0.48940887499999997 0.8522473734375 0.48596172343750005 0.846576975 0.4873296234375 0.813779521875 0.48388247343749996 0.810944321875 0.48456642343749995 0.8101276921875 0.492336125 0.8208560203124999 0.4954276015625 0.809719378125 0.4962209765625 0.8095152203125 0.49816340156249994 0.8038448218750001 0.49953130156250003 0.806475865625 0.5007897781249999 0.80910690625 0.502048253125 0.8058403921874999 0.5331270625 0.811102478125 0.5356440124999999 0.8086525921875 0.5589531203125 0.813914678125 0.5614700703125 0.8114647921874999 0.584779178125 0.8167268765625 0.587296128125 0.8146853046875 0.606720384375 0.8199473890625001 0.609237334375 0.8197432328125001 0.6111797609375
0 0.3961856953125 0.8288404984375 0.4617806015625 0.8357348 0.46745099999999995 0.8343669 0.48931596875 0.836665 0.49457805468749994 0.8391819515625001 0.500248453125 0.8378140515625001 0.8172905 0.8711365125 0.8229608984375 0.8697686125 0.8284271406249999 0.8703431374999999 0.8336892265625 0.8728600890625 0.8391554671874999 0.8734346140625 0.8476610671874999 0.8713827625 0.8492943234375 0.8558433578125 0.8308770265625001 0.84703403125 0.825410784375 0.8464595062500001 0.8201487000000001 0.8439425546875 0.8144783 0.8453104546875 0.8090120578125 0.8447359296875 0.8031375015625001 0.84804625625 0.7703400484375 0.8445991046874999 0.76466965 0.8459670046875001 0.3547014859375 0.802877615625 0.3490310875 0.804245515625 0.1631788515625 0.7847116578125 0.15467325468749998 0.786763509375 0.1540607828125 0.7925907859375 0.156691825 0.7938492609375001 0.1593228671875 0.7951077359375 0.1585062390625 0.8028774390625 0.16113728125 0.8041359140625 0.34698951562499997 0.8236697703125 0.3526599140625 0.8223018703125 0.35792199999999996 0.824818821875 0.3688544828125 0.8259678718749999 0.374524884375 0.8245999718749999 0.39092360937500004 0.8263235468750001 0.3961856953125 0.8288404984375
0 0.76181145 0.8731609625000001 0.7891426609375001 0.8760335890625001 0.7976482593750001 0.8739817390625 0.7980565734375 0.8700968874999999 0.7954255296875 0.8688384125 0.3526599140625 0.8223018703125 0.34698951562499997 0.8236697703125 0.215799703125 0.809881165625 0.21296450312499998 0.810565115625 0.21559554687500002 0.8118235921875 0.2182265875 0.8130820671875 0.2178182734375 0.81696691875 0.2257114015625 0.8207423437499999 0.2313818 0.8193744437499999 0.2532467703125 0.8216725453124999 0.25850885468749996 0.8241894953125 0.3131712765625 0.8299347484374999 0.318841675 0.828566846875 0.75614105 0.8745288640625001 0.76181145 0.8731609625000001
0 0.5376955203125 0.8496054296875 0.5320251203125 0.8509733296875 0.1931181046875 0.8153527671875 0.19028290625 0.8160367171875 0.18885380624999998 0.829633696875 0.1914848484375 0.830892171875 0.1967469328125 0.8334091234375001 0.371666684375 0.8517939296874999 0.37733708125 0.8504260296874999 0.6561154328125001 0.8797268140625001 0.66178583125 0.8783589140625001 0.787509403125 0.89157299375 0.790344603125 0.89088904375 0.791773703125 0.8772920640624999 0.7891426609375001 0.8760335890625001 0.5376955203125 0.8496054296875
0 0.7607676624999999 0.9093830984375 0.755505578125 0.9068661484374999 0.7559138921875 0.9029812968750001 0.761584290625 0.901613396875 0.7619926046875001 0.8977285453125001 0.7567305203125 0.8952115953125 0.757138834375 0.89132674375 0.74924570625 0.8875513171874999 0.6891170437499999 0.8812315406250001 0.68344664375 0.8825994406250001 0.5631893156250001 0.8699598859375 0.5575189171875 0.8713277859374999 0.5522568328124999 0.8688108359375001 0.5465864328125 0.8701787359375001 0.3170042609375 0.846048678125 0.3113338625 0.847416578125 0.191076534375 0.8347770234375 0.176900534375 0.8381967749999999 0.176696378125 0.8401392 0.171025978125 0.8415071 0.169596878125 0.8551040796875 0.172227921875 0.8563625546875 0.17749000625 0.8588795062499999 0.18316040625000002 0.8575116046875 0.3362151875 0.8735983109375001 0.34188558593749996 0.8722304109374999 0.51133909375 0.8900406921874999 0.51700949375 0.888672790625 0.7520579078125 0.9133773749999999 0.7548931062500001 0.912693425 0.7550972625 0.910751 0.7607676624999999 0.9093830984375
0 0.793542115625 0.9393402578125001 0.7963773140625 0.9386563078125001 0.7990313578125 0.9134047750000001 0.7937692734375 0.910887825 0.7945859015625001 0.903118121875 0.786692775 0.899342696875 0.7757602890624999 0.8981936453125 0.7704982046875 0.8956766953124999 0.75632220625 0.8990964453125001 0.755505578125 0.9068661484374999 0.7607676624999999 0.9093830984375 0.7605635046875 0.911325525 0.7520579078125 0.9133773749999999 0.5662056718749999 0.89384351875 0.5605352734375 0.89521141875 0.3528180703125 0.8733794609375 0.347147671875 0.8747473609374999 0.19955913125 0.8592351812500001 0.19388873281250002 0.8606030812500001 0.1720237640625 0.8583049796875001 0.1691885640625 0.8589889296875001 0.1685760921875 0.8648162078125001 0.16290569375 0.8661841078125001 0.162293221875 0.8720113843749999 0.1649242640625 0.8732698593749999 0.1675553078125 0.874528334375 0.16735115 0.8764707609375 0.175244278125 0.8802461875 0.18617676249999998 0.8813952374999999 0.1918471609375 0.8800273375 0.4706255125 0.909328121875 0.47629591250000003 0.907960221875 0.7605405046875 0.9378355328125 0.7662109046875 0.9364676328125 0.793542115625 0.9393402578125001
0 0.7386755375 0.93553743125 0.4708296703125 0.907385696875 0.4651592703125 0.908753596875 0.17544843593749998 0.8783037609375001 0.16694283593749998 0.8803556125 0.16633036406249999 0.8861828890625001 0.1689614078125 0.8874413640625001 0.49146969531250007 0.9213383515625001 0.49714009531250003 0.9199704499999999 0.6501948750000001 0.9360571562500001 0.655865275 0.9346892562500001 0.7925213296875 0.9490523859375 0.801026928125 0.9470005359375 0.8014352421875 0.9431156843749999 0.793542115625 0.9393402578125001 0.744345934375 0.93416953125 0.7386755375 0.93553743125
0 0.8159735546875 0.9888310984375 0.8188087546875 0.9881471484375 0.8200336968749999 0.97649259375 0.8147716125000001 0.97397564375 0.815384084375 0.9681483671875 0.8101219984375 0.965631415625 0.810938628125 0.9578617140624999 0.8004144562500001 0.9528278125 0.8006186140624999 0.9508853859374999 0.797987571875 0.9496269109375 0.7159939390625001 0.9410090328124999 0.7103235406249999 0.9423769328124999 0.5190050640625 0.9222685515625001 0.5133346640625 0.9236364515625001 0.507868421875 0.9230619265625 0.5026063374999999 0.9205449765625 0.49714009531250003 0.9199704499999999 0.49146969531250007 0.9213383515625001 0.22362382812499998 0.8931866156250001 0.2179534296875 0.8945545156250001 0.1742234921875 0.8899583140624999 0.1657178921875 0.8920101656250001 0.165309578125 0.895895015625 0.15963917968750002 0.8972629171875001 0.159230865625 0.9011477671874999 0.153560465625 0.9025156687500001 0.1527438375 0.9102853703125 0.1470734375 0.9116532703125 0.14686928125 0.913595696875 0.149500321875 0.914854171875 0.15213136562500001 0.916112646875 0.1513147375 0.9238823500000001 0.1539457796875 0.925140825 0.2086082015625 0.9308860765625001 0.2142786015625 0.9295181765624999 0.49852319375 0.9593934875000001 0.50419359375 0.9580255875000001 0.7501744921875 0.9838792218749999 0.7558448906249999 0.9825113203125 0.8159735546875 0.9888310984375