0 0.17024431874999998 1 0.1711598546875 0.9962047999999999 0.167712703125 0.9634073484375 0.169080603125 0.957736946875 0.167357028125 0.9413382218749999 0.168724928125 0.935667821875 0.1652777765625 0.90287036875 0.166645678125 0.8971999703125 0.1626240015625 0.8589362749999999 0.16399190156250001 0.853265875 0.161119275 0.8259346640624999 0.1624871765625 0.8202642640625 0.1607636 0.8038655390624999 0.1621315 0.7981951390625001 0.15868435 0.7653976859375 0.16005225 0.7597272875 0.1571796234375 0.732396075 0.1585475234375 0.7267256765625 0.15624942343749998 0.7048607062500001 0.15761732343749998 0.6991903078124999 0.154744696875 0.671859096875 0.1561125984375 0.6661886984375001 0.152665446875 0.6333912453125 0.154033346875 0.6277208453124999 0.1500116703125 0.5894571515625 0.1513795703125 0.58378675 0.1508050453125 0.578320509375 0.152172946875 0.5726501093749999 0.15159842031249998 0.5671838671875 0.14908147031250002 0.5619217828124999 0.1485069453125 0.556455540625 0.1498748453125 0.5507851406250001 0.1481512703125 0.5343864140625 0.1495191703125 0.5287160140625 0.14722106875000002 0.5068510453124999 0.1485889703125 0.5011806484375 0.14629086875 0.47931567812500003 0.14765876875 0.4736452796875 0.14421161875 0.44084782499999997 0.14557951875 0.4351774265625 0.14098331718749998 0.39144748906250004 0.1437191171875 0.380106690625 0.1419955421875 0.3637079640625 0.1433634421875 0.3580375640625 0.1410653421875 0.336172596875 0.1424332421875 0.33050219531249997 0.1412841921875 0.3195697125 0.1426520921875 0.31389931249999997 0.139204940625 0.281101859375 0.140572840625 0.27543146093750004 0.138274740625 0.25356649062500003 0.139642640625 0.24789609375000002 0.1367700140625 0.22056488124999998 0.138137915625 0.21489448281249998 0.1364143390625 0.1984957546875 0.1377822390625 0.19282535625 0.1343350890625 0.1600279046875 0.1357029890625 0.15435750312500002 0.1345539390625 0.14342502031249998 0.1307785125 0.1355318921875 0.1288360859375 0.1357360484375 0.1263191359375 0.1304739640625 0.122434284375 0.130882278125 0.119917334375 0.12562019375 0.1043779296875 0.12725345 0.10186097812499999 0.12199136562499999 0.090206425 0.12321630937500001 0.089522475 0.12605150781250002 0.090671525 0.13698399375 0.089303625 0.1426543921875 0.0921762515625 0.1699856015625 0.09080835000000001 0.17565600312500002 0.0954045515625 0.219385940625 0.09403665156249999 0.2250563390625 0.09805832812500001 0.263320034375 0.096690428125 0.268990434375 0.10013757968749999 0.3017878875 0.09876967812500001 0.3074582859375 0.10164230468749999 0.3347894953125 0.1002744046875 0.340459896875 0.1031470296875 0.36779110625 0.1017791296875 0.3734615078125 0.10465175625 0.4007927171875 0.10328385625 0.406463115625 0.10673100625000001 0.4392605703125 0.10536310625 0.44493096875000004 0.1088102578125 0.47772842187500003 0.1074423578125 0.483398821875 0.1103149828125 0.5107300312499999 0.10894708281250001 0.51640043125 0.111819709375 0.5437316421875 0.11045180937500002 0.5494020421875 0.114473484375 0.5876657359374999 0.113105584375 0.5933361374999999 0.11540368593749999 0.6152011046875 0.1140357859375 0.6208715046875 0.1169084109375 0.648202715625 0.1155405109375 0.6538731140625 0.1178386109375 0.6757380828125 0.11647071093750001 0.6814084828125 0.12049238749999999 0.7196721765625 0.1191244875 0.725342578125 0.12314616406250001 0.7636062734375 0.1217782640625 0.7692766718749999 0.12292731406249999 0.78020915625 0.1215594140625 0.7858795546875 0.12385751406250001 0.807744525 0.1224896140625 0.8134149234375 0.125936765625 0.8462123765625 0.1245688640625 0.8518827765625 0.128016015625 0.8846802281249999 0.126648115625 0.890350628125 0.1295207421875 0.9176818390625 0.12815284062500001 0.9233522390625 0.13102546718750002 0.9506834484375 0.1296575671875 0.9563538484375 0.13310471875000002 0.9891513015625 0.13173681718750002 0.9948217015624999 0.132281078125 1 0.17024431874999998 1
0 0.1322810796875 1 0.1294387171875 0.97295673125 0.1308066171875 0.967286334375 0.1290830421875 0.95088760625 0.1304509421875 0.9452172078125001 0.127003790625 0.9124197531249999 0.128371690625 0.9067493546875 0.12435001406249999 0.868485659375 0.125717915625 0.8628152609375 0.1222707640625 0.8300178062500001 0.12363866406249999 0.8243474078125 0.1201915125 0.7915499546875 0.1215594140625 0.7858795546875 0.1181122625 0.7530821015625 0.1194801625 0.7474117031249999 0.11890563750000001 0.7419454609375 0.1202735375 0.7362750609375001 0.11682638593750001 0.7034776078125 0.11819428750000001 0.697807209375 0.1158961859375 0.6759422390625 0.1172640859375 0.6702718421875 0.1143914609375 0.64294063125 0.11575936093750001 0.63727023125 0.112886734375 0.6099390203125 0.1142546359375 0.6042686203125001 0.11138200937500001 0.5769374093749999 0.112749909375 0.5712670109375 0.10930275781250001 0.53846955625 0.11067065937500001 0.5327991578125 0.10722350781250001 0.5000017046874999 0.10859140781250001 0.4943313046875 0.10571878125 0.46700009375 0.1070866828125 0.46132969687500003 0.10478858124999998 0.4394647265625 0.10615648124999999 0.433794328125 0.10328385625 0.406463115625 0.10465175625 0.4007927171875 0.1012046046875 0.3679952640625 0.10257250468750001 0.3623248640625 0.0991253546875 0.3295274125 0.1004932546875 0.3238570125 0.097620628125 0.29652580156249997 0.098988528125 0.2908554015625 0.09554137812499999 0.25805794843749996 0.096909278125 0.25238755 0.0928876015625 0.21412385312499999 0.0942555015625 0.20845345625 0.0919574015625 0.1865884859375 0.088181975 0.178695359375 0.080412271875 0.1795119875 0.077895321875 0.174249903125 0.06624076875 0.1754748453125 0.06555681875 0.1783100453125 0.06785491875 0.2001750140625 0.06648701875 0.2058454125 0.0699341703125 0.238642865625 0.06856626875 0.244313265625 0.07086437031250001 0.266178234375 0.0694964703125 0.271848634375 0.072943621875 0.3046460875 0.07157572031250001 0.3103164859375 0.076171921875 0.3540464234375 0.074804021875 0.3597168234375 0.0782511734375 0.3925142765625 0.0768832734375 0.398184675 0.08090495 0.4364483703125 0.07953704843750001 0.44211877031249996 0.0829842 0.47491622343750006 0.0816163 0.480586621875 0.0850634515625 0.5133840734375 0.08369555 0.519054475 0.08829175156249999 0.5627844125 0.0869238515625 0.5684548109375 0.090371003125 0.6012522640625 0.08900310312500001 0.6069226640625 0.0935993046875 0.6506526015625 0.09223140468749999 0.656323 0.09625307968749999 0.6945866953125 0.0948851796875 0.7002570953125 0.09833233125 0.7330545484375001 0.09696443125000001 0.738724946875 0.1004115828125 0.7715224 0.09904368125 0.7771928 0.1030653578125 0.8154564953125 0.10169745781249999 0.82112689375 0.105719134375 0.8593905890625001 0.104351234375 0.8650609890625001 0.10837291093750001 0.903324684375 0.10700500937499999 0.9089950828125 0.11102668593750001 0.947258778125 0.1096587859375 0.952929178125 0.1142549875 0.9966591156250001 0.1134490484375 1 0.1322810796875 1
0 0.114606128125 1 0.11080783593750002 0.9638616624999999 0.1121757359375 0.9581912625 0.10815406093749999 0.9199275671875 0.1095219609375 0.9142571687500001 0.105500284375 0.8759934734374999 0.10686818437500001 0.8703230734374999 0.1028465078125 0.8320593781250001 0.10421440781249999 0.8263889796875 0.1001927328125 0.788125284375 0.10156063281250001 0.782454884375 0.09811348125 0.74965743125 0.09948138125 0.7439870328125 0.09545970468750001 0.7057233375 0.09682760625 0.7000529375 0.0928059296875 0.6617892421875 0.0941738296875 0.6561188437500001 0.088428578125 0.601456421875 0.089796478125 0.5957860234375 0.0869238515625 0.5684548109375 0.08829175156249999 0.5627844125 0.08369555 0.519054475 0.0850634515625 0.5133840734375 0.0816163 0.480586621875 0.0829842 0.47491622343750006 0.0789625234375 0.43665252812500005 0.08033042343749999 0.430982128125 0.07630874843749999 0.3927184328125 0.0776766484375 0.387048034375 0.073654971875 0.3487843390625 0.075022871875 0.3431139390625 0.0704266703125 0.299384003125 0.0717945703125 0.29371360156250004 0.06604931875 0.23905117968749998 0.06479084375000001 0.23642013906249998 0.057021140625 0.23723676718750003 0.056337190625 0.24007196562500002 0.0586352921875 0.261936934375 0.057267390625000004 0.267607334375 0.061289067187500004 0.3058710296875 0.0599211671875 0.3115414296875 0.06451736875 0.35527136718749996 0.06314946875 0.360941765625 0.0671711453125 0.3992054609375 0.06580324531250001 0.40487586093749994 0.06982492031250001 0.44313955624999996 0.0684570203125 0.44880995468749996 0.07305322187499999 0.4925398921875 0.071685321875 0.498210290625 0.07570699843749999 0.5364739859375 0.0743390984375 0.5421443859374999 0.0789353 0.585874325 0.0775673984375 0.591544721875 0.081589075 0.6298084187499999 0.080221175 0.6354788171875 0.0842428515625 0.6737425140625 0.0828749515625 0.6794129109375 0.086896628125 0.7176766078125 0.0855287265625 0.72334700625 0.0901249296875 0.7670769453124999 0.088757028125 0.77274734375 0.0927787046875 0.8110110390624999 0.0914108046875 0.8166814375 0.09600700625 0.860411375 0.09463910625000001 0.8660817749999999 0.09923530781249999 0.9098117125 0.0978674078125 0.9154821109375 0.103038134375 0.964678290625 0.101670234375 0.970348690625 0.1047867125 1 0.114606128125 1
0 0.19485560156249998 1 0.1964113875 0.99355075625 0.1952623359375 0.9826182734375 0.1966302375 0.9769478734374999 0.1943321359375 0.9550829046875 0.19570003593750002 0.9494125046875 0.1934019359375 0.9275475375 0.1947698359375 0.9218771359375 0.1930462609375 0.9054784109374999 0.1944141609375 0.8998080109375 0.19154153437500002 0.8724768015625 0.19290943437500002 0.8668064015624999 0.190036809375 0.8394751906250001 0.191404709375 0.8338047906250001 0.18910660937499998 0.811939821875 0.190474509375 0.8062694234375 0.1887509328125 0.7898706953125 0.190118834375 0.784200296875 0.1872462078125 0.7568690874999999 0.18861410781250001 0.7511986875 0.1863160078125 0.72933371875 0.1876839078125 0.72366331875 0.18538580625 0.70179835 0.1867537078125 0.6961279499999999 0.18445560625 0.6742629828125 0.18582350625 0.66859258125 0.18352540625 0.6467276140625 0.18489330625 0.641057215625 0.18316973125 0.6246584875 0.18453763125 0.618988090625 0.1810904796875 0.5861906359375 0.1824583796875 0.5805202359375 0.18016027968749998 0.5586552671875 0.18152817968749999 0.5529848687500001 0.1792300796875 0.5311199 0.1805979796875 0.5254495 0.178299878125 0.50358453125 0.1796677796875 0.4979141328125 0.176795153125 0.470582921875 0.178163053125 0.464912521875 0.175864953125 0.443047553125 0.17723285312499998 0.4373771546875 0.1749347515625 0.415512184375 0.176302653125 0.4098417875 0.1740045515625 0.3879768171875 0.1753724515625 0.38230641875 0.1724998265625 0.3549752078125 0.1738677265625 0.3493048078125 0.171569625 0.3274398390625 0.1729375265625 0.321769440625 0.170639425 0.299904471875 0.172007325 0.294234071875 0.16970922500000002 0.272369103125 0.171077125 0.266698703125 0.168779025 0.2448337359375 0.170146925 0.2391633359375 0.16784882343750002 0.2172983671875 0.169216725 0.21162796875 0.1680676734375 0.200695484375 0.1642922484375 0.19280235625 0.160407396875 0.1932106703125 0.1591489203125 0.1905796265625 0.159832871875 0.187744428125 0.163717721875 0.1873361140625 0.1650856234375 0.181665715625 0.1689704734375 0.18125739999999999 0.171022325 0.1727518015625 0.1698732734375 0.16181931562500002 0.171241175 0.15614891875 0.17066665 0.15068267500000002 0.1694081734375 0.1480516328125 0.1655233234375 0.148459946875 0.163006371875 0.1431978625 0.1591215203125 0.14360617656250002 0.1566045703125 0.138344090625 0.1468924421875 0.13936487656250002 0.144375490625 0.13410279218750001 0.1385482140625 0.13471526250000002 0.13786426406250002 0.1375504625 0.1384387890625 0.1430167046875 0.1370708890625 0.1486871046875 0.13821993906250002 0.159619590625 0.1368520390625 0.16528998749999999 0.139150140625 0.18715495625 0.1377822390625 0.19282535625 0.139505815625 0.20922408125 0.138137915625 0.21489448281249998 0.141585065625 0.2476919359375 0.140217165625 0.2533623328125 0.1430897921875 0.2806935453125 0.1417218921875 0.28636394374999996 0.1434454671875 0.302762671875 0.1420775671875 0.3084330703125 0.1438011421875 0.3248317984375 0.1424332421875 0.33050219531249997 0.1453058671875 0.3578334078125 0.14393796718750002 0.36350380625 0.14623606875 0.3853687765625 0.14486816875 0.391039175 0.14774079375 0.418370384375 0.14637289375 0.4240407859375 0.1509690953125 0.46777072343750004 0.1496011953125 0.473441121875 0.1507502453125 0.48437360625 0.1493823453125 0.4900440046875 0.1522549703125 0.5173752171875 0.15088707031249998 0.523045615625 0.15261064687499998 0.5394443421874999 0.15124274531249998 0.5451147421875 0.154115371875 0.5724459515625 0.15274747187499998 0.578116353125 0.155620096875 0.6054475625 0.154252196875 0.6111179609375 0.15655029843749999 0.63298293125 0.155182396875 0.6386533296875 0.1580550234375 0.6659845421874999 0.1566871234375 0.6716549390625 0.160134275 0.7044523921875 0.1587663734375 0.71012279375 0.161639 0.737454003125 0.1602711 0.743124403125 0.1625692 0.7649893718749999 0.1612013 0.7706597703125 0.16235035 0.7815922546875 0.16098245 0.7872626546875 0.16500412656250002 0.82552635 0.16363622656250001 0.8311967499999999 0.1659343265625 0.8530617171875001 0.1645664265625 0.8587321171875001 0.16743905312500001 0.8860633281249999 0.166071153125 0.891733728125 0.168369253125 0.9135986953125 0.167001353125 0.919269096875 0.1710230296875 0.957532790625 0.16965512968750002 0.963203190625 0.1731022796875 0.9960006421875001 0.17501524531249998 1 0.19485560156249998 1
0 0.21392445468750002 1 0.2351504734375 0.9977690562499999 0.2358344234375 0.99493385625 0.23720232343749997 0.98926345625 0.2349042234375 0.9673984890625 0.23627212343749998 0.9617280875 0.2351230734375 0.9507956046875 0.23649097343749997 0.9451252046875 0.233618346875 0.9177939937499999 0.2349862484375 0.9121235953125 0.232688146875 0.8902586265625001 0.234056046875 0.8845882265625 0.23118342187500002 0.857257015625 0.232551321875 0.8515866171875001 0.2296786953125 0.82425540625 0.231046596875 0.81858500625 0.2304720703125 0.8131187640625 0.231839971875 0.8074483656250001 0.2289673453125 0.780117153125 0.2303352453125 0.7744467546875 0.2280371453125 0.7525817859374999 0.2294050453125 0.7469113875 0.22653241875000002 0.7195801765625001 0.2279003203125 0.7139097765625 0.22560221875000003 0.6920448078125 0.22697011875 0.6863744078125 0.22524654375000003 0.6699756828125001 0.22661444375 0.66430528125 0.22431634374999998 0.6424403140625 0.22568424375 0.6367699140624999 0.2233861421875 0.6149049468750001 0.22475404375000002 0.609234546875 0.2224559421875 0.587369578125 0.2238238421875 0.5816991796875 0.2215257421875 0.5598342093750001 0.2228936421875 0.5541638109375 0.22059554062500003 0.532298840625 0.2219634421875 0.5266284421874999 0.21966534062499998 0.5047634734375 0.22103324062500002 0.4990930734375 0.2141389390625 0.43349816875 0.21550683906249998 0.42782776875 0.2109106375 0.38409783124999997 0.21227853749999998 0.3784274328125 0.2111294875 0.367494946875 0.21249738749999997 0.36182455 0.2101992875 0.3399595796875 0.21156718749999998 0.33428918125 0.20926908593750002 0.3124242109375 0.21063698749999998 0.3067538125 0.2100624625 0.30128757031250003 0.2127982625 0.289946771875 0.2122237375 0.28448052968750004 0.2135916375 0.27881012968749996 0.2130171125 0.2733438875 0.21370106249999998 0.27050868906250003 0.21952833906250002 0.2698962171875 0.22158019062499998 0.2613906171875 0.2204311390625 0.250458134375 0.22179904062500003 0.24478773281250002 0.22122451562499998 0.23932149218749998 0.2149321375 0.2261662796875 0.2110472875 0.22657459375000003 0.2085303359375 0.221312509375 0.2065879109375 0.22151666718750002 0.204070959375 0.2162545796875 0.2001861078125 0.21666289375 0.1976691578125 0.211400809375 0.1898994546875 0.21221743750000002 0.1873825046875 0.206955353125 0.1776703765625 0.20797613906249998 0.1751534265625 0.2027140546875 0.17126857499999998 0.20312236874999998 0.169216725 0.21162796875 0.170365775 0.2225604515625 0.16899787500000002 0.2282308515625 0.17072145 0.244629578125 0.16935355000000002 0.25029997656249997 0.17165165 0.2721649453125 0.17028375 0.2778353453125 0.1731563765625 0.30516655625 0.171788475 0.3108369546875 0.17408657656249998 0.332701925 0.1727186765625 0.3383723234375 0.1750167765625 0.3602372921875 0.1736488765625 0.3659076921875 0.1759469765625 0.38777266093749996 0.1745790765625 0.393443059375 0.17687717812499998 0.415308028125 0.175509278125 0.420978428125 0.177807378125 0.44284339531250005 0.176439478125 0.4485137953125 0.178737578125 0.4703787640625 0.17736967812499999 0.47604916406250003 0.1796677796875 0.4979141328125 0.178299878125 0.50358453125 0.18117250468749999 0.5309157421874999 0.17980460468749998 0.536586140625 0.18152817968749999 0.5529848687500001 0.18016027968749998 0.5586552671875 0.1824583796875 0.5805202359375 0.1810904796875 0.5861906359375 0.18396310625 0.613521846875 0.18259520625 0.619192246875 0.18546783125 0.64652345625 0.18409993125 0.65219385625 0.1863980328125 0.674058825 0.18503013125 0.679729225 0.18790275781250002 0.7070604359375 0.1865348578125 0.7127308343750001 0.18825843281250002 0.7291295609375 0.1868905328125 0.7347999609375 0.1891886328125 0.7566649296875 0.1878207328125 0.762335328125 0.190118834375 0.784200296875 0.1887509328125 0.7898706953125 0.191049034375 0.8117356656249999 0.189681134375 0.8174060640624999 0.19255375937500002 0.8447372765625 0.191185859375 0.8504076749999999 0.1957820609375 0.8941376125 0.1944141609375 0.8998080109375 0.1955632109375 0.9107404953125 0.1941953109375 0.9164108953125 0.1964934109375 0.9382758640625 0.1951255109375 0.9439462625000001 0.1962745609375 0.954878746875 0.1949066609375 0.9605491484374999 0.1983538125 0.9933466 0.19961228749999999 0.9959776421875001 0.2034971390625 0.995569328125 0.2056164109375 1 0.21392445468750002 1
0 0.2449172265625 0.8944999250000001 0.24765302656250002 0.8831591265625001 0.24420587500000002 0.8503616734375001 0.245573775 0.844691275 0.24385020000000002 0.828292546875 0.2452181 0.8226221499999999 0.24349452500000002 0.806223421875 0.244862425 0.8005530234375 0.24313885000000002 0.7841542953125 0.24450675 0.778483896875 0.2416341234375 0.7511526859375001 0.243002025 0.7454822875 0.2401293984375 0.7181510765625 0.24149729843749998 0.7124806765625 0.2386246734375 0.685149465625 0.2399925734375 0.679479065625 0.23826899687499997 0.6630803390625 0.2396368984375 0.657409940625 0.236189746875 0.6246124875 0.23755764687499997 0.6189420875 0.235834071875 0.6025433609374999 0.23720197187499997 0.5968729625 0.2349038703125 0.5750079921875 0.23627177187499998 0.5693375953124999 0.2339736703125 0.5474726249999999 0.2353415703125 0.5418022265625 0.2324689453125 0.5144710156250001 0.2338368453125 0.508800615625 0.2321132703125 0.49240189062499995 0.2334811703125 0.48673148906249997 0.23118306875 0.464866521875 0.2325509703125 0.459196121875 0.23082739375 0.4427973953125 0.23219529374999998 0.4371269953125 0.22932266874999999 0.40979578437499997 0.23069056875 0.40412538593749997 0.2278179421875 0.376794175 0.22918584375 0.3711237765625 0.2274622671875 0.3547250484375 0.22883016718750002 0.34905465 0.22653206718750002 0.32718968125000003 0.2278999671875 0.32151928125 0.22560186718750003 0.2996543125 0.2269697671875 0.2939839140625 0.22582071718750002 0.2830514296875 0.224562240625 0.2804203875 0.220677390625 0.2808287015625 0.2181604390625 0.275566615625 0.2162180140625 0.2757707734375 0.2127982625 0.289946771875 0.21452183749999998 0.3063454984375 0.2131539375 0.31201589687500003 0.21545203906250002 0.3338808671875 0.21408413906249998 0.33955126562500004 0.21580771406250002 0.3559499921875 0.21443981406249998 0.3616203921875 0.21616338906250002 0.37801911875 0.21479548906249998 0.3836895171875 0.21651906406250002 0.40008824374999996 0.21515116406249998 0.40575864375000004 0.21859831562499998 0.4385560953125 0.217230415625 0.4442264953125 0.22067756562500002 0.47702394843749996 0.21930966562499998 0.48269434687499996 0.22275681718749998 0.5154918015625001 0.2213889171875 0.5211622 0.22311249218749998 0.537560928125 0.2217445921875 0.5432313265625 0.2240426921875 0.56509629375 0.2226747921875 0.5707666953125 0.22727099375 0.6144966328125 0.22590309375 0.6201670296875 0.22705214375 0.631099515625 0.22568424375 0.6367699140624999 0.22740781875 0.653168640625 0.22603991875 0.658839040625 0.22776349375 0.6752377671875001 0.22639559375 0.680908165625 0.2286936953125 0.7027731359375 0.22732579375 0.7084435328125 0.23019842031249999 0.7357747453125 0.2288305203125 0.74144514375 0.23112862031249998 0.7633101140624999 0.2297607203125 0.7689805125 0.23205882187500002 0.79084548125 0.2306909203125 0.7965158812500001 0.233563546875 0.8238470921875001 0.232195646875 0.829517490625 0.233919221875 0.8459162171875001 0.232551321875 0.8515866171875001 0.234274896875 0.86798534375 0.232906996875 0.8736557421875 0.23520509843749998 0.8955207109375 0.23383719687500001 0.9011911109374999 0.23670982343750002 0.928522321875 0.2353419234375 0.9341927203125 0.23764002343750001 0.956057690625 0.23627212343749998 0.9617280875 0.2379957 0.978126815625 0.23925417499999999 0.9807578578125 0.248966303125 0.9797370734375 0.249650253125 0.9769018718750001 0.25101815312500003 0.9712314734374999 0.250443628125 0.96576523125 0.251811528125 0.96009483125 0.251237003125 0.954628590625 0.24872005156250002 0.949366503125 0.24814552656250002 0.9439002625 0.249513428125 0.9382298625000001 0.2449172265625 0.8944999250000001
0 0.273479084375 0.8859713265625 0.2706064578125 0.8586401140625 0.27197435937500003 0.852969715625 0.2696762578125 0.8311047468749999 0.2710441578125 0.825434346875 0.2681715328125 0.7981031375 0.2695394328125 0.7924327375 0.26781585625000004 0.7760340109375 0.2691837578125 0.7703636109375 0.26631113125 0.7430324015625 0.26767903125000003 0.7373620015625 0.26652998125 0.7264295171875 0.26789788125 0.7207591171875001 0.26559978125 0.69889415 0.26696768125000003 0.6932237484375 0.26581863125 0.682291265625 0.26718653125 0.676620865625 0.2637393796875 0.6438234125 0.2651072796875 0.6381530140625 0.2633837046875 0.6217542875000001 0.2647516046875 0.6160838875 0.26187897968749996 0.5887526765625 0.2632468796875 0.583082278125 0.26152330468749996 0.5666835515625 0.2628912046875 0.5610131515625 0.260018578125 0.5336819421875 0.26138647812500004 0.528011540625 0.258513853125 0.50068033125 0.259881753125 0.4950099296875 0.25700912656249997 0.4676787203125 0.2583770265625 0.46200832187499996 0.25665345156249997 0.4456095953125 0.2580213515625 0.4399391953125 0.2551487265625 0.412607984375 0.25651662656249996 0.40693758437499994 0.25479305 0.39053885781250003 0.25616095156249996 0.38486845937499997 0.2527138 0.35207100625 0.2540817 0.34640060625 0.252358125 0.33000188124999996 0.253726025 0.32433148125 0.251427925 0.3024665125 0.25279582500000003 0.2967961125 0.2510722484375 0.2803973875 0.25244015000000003 0.2747269859375 0.24956752343750002 0.24739577656249997 0.25093542343749997 0.241725375 0.24633922187500001 0.1979954390625 0.247707121875 0.192325040625 0.24598354687500001 0.1759263140625 0.247351446875 0.1702559140625 0.24505334687500002 0.148390946875 0.2437948703125 0.145759903125 0.2430014953125 0.15689654375 0.2391166453125 0.1573048578125 0.2384326953125 0.160140059375 0.24015627031250003 0.17653878437499998 0.23684594374999998 0.182413340625 0.2379949953125 0.1933458265625 0.23662709375 0.1990162234375 0.2389251953125 0.22088119375 0.23755729531249997 0.2265515921875 0.2404299203125 0.2538828046875 0.2390620203125 0.25955320312499996 0.2402110703125 0.2704856875 0.23884317031250002 0.27615608593749996 0.2405667453125 0.2925548140625 0.23919884531250002 0.2982252125 0.24264599687500002 0.331022665625 0.241278096875 0.336693065625 0.244150721875 0.364024275 0.24278282187500003 0.3696946765625 0.2445063984375 0.3860934015625 0.24313849687500003 0.3917638015625 0.2454365984375 0.4136287703125 0.2440686984375 0.4192991703125 0.2457922734375 0.4356978953125 0.2444243734375 0.4413682953125 0.24787152343750002 0.4741657484375 0.24650362343749999 0.479836146875 0.2482272 0.49623487343750006 0.24685929843749999 0.5019052734375 0.2491574 0.5237702421875 0.24778950000000002 0.5294406406250001 0.25008759999999997 0.5513056109375001 0.24871970000000002 0.556976009375 0.2515923265625 0.5843072203124999 0.250224425 0.5899776203125 0.2525225265625 0.6118425890625 0.2511546265625 0.6175129874999999 0.2528782015625 0.6339117140625 0.2515103015625 0.6395821140625 0.2538084015625 0.66144708125 0.25244050156250003 0.6671174828125 0.255313128125 0.6944486921874999 0.253945228125 0.7001190921875 0.256243328125 0.7219840609375 0.25487542812499997 0.727654459375 0.257173528125 0.7495194296875 0.25580562812499996 0.755189828125 0.2581037296875 0.777054796875 0.256735828125 0.7827251953125 0.2596084546875 0.81005640625 0.2582405546875 0.81572680625 0.2599641296875 0.8321255328125 0.2585962296875 0.8377959328125 0.2603198046875 0.8541946578124999 0.2589519046875 0.8598650578125 0.26067548125 0.876263784375 0.2593075796875 0.8819341843749999 0.26103115625 0.8983329093749999 0.2596632546875 0.9040033093750001 0.26196135625 0.925868278125 0.26059345624999997 0.931538678125 0.26231703125 0.947937403125 0.26483398281250004 0.9531994906250001 0.2654085078125 0.95866573125 0.26918393281249997 0.9665588578125 0.27306878437500004 0.9661505437500001 0.27375273437500003 0.9633153453125001 0.27317820937500004 0.9578491015624999 0.274546109375 0.9521787046875 0.27282253437500004 0.9357799765625 0.274190434375 0.930109578125 0.27246685937500004 0.91371085 0.273834759375 0.908040453125 0.27211118437500004 0.891641725 0.273479084375 0.8859713265625
0 0.2882251140625 0.8954747093750001 0.2895930140625 0.8898043109374999 0.2872949125 0.867939340625 0.2886628140625 0.86226894375 0.2840666125 0.81853900625 0.2854345125 0.81286860625 0.2819873609375 0.780071153125 0.28335526093749996 0.774400753125 0.2810571609375 0.7525357859375 0.28242506093749997 0.7468653859375001 0.2801269609375 0.7250004171875 0.2814948609375 0.7193300171875 0.279771284375 0.702931290625 0.2811391859375 0.6972608921875 0.279415609375 0.680862165625 0.2807835109375 0.6751917656249999 0.277910884375 0.6478605546875 0.27927878437500003 0.6421901546875 0.276980684375 0.6203251875 0.278348584375 0.6146547875 0.2754759578125 0.5873235765625 0.2768438578125 0.5816531781250001 0.27339670781250003 0.548855725 0.2747646078125 0.5431853249999999 0.27246650625 0.5213203562500001 0.2738344078125 0.51564995625 0.27268535625 0.5047174734375 0.2740532578125 0.4990470734375 0.27118063124999997 0.47171586249999997 0.27254853125 0.4660454625 0.27025043125 0.4441804953125 0.27161833125 0.43851009531249996 0.2693202296875 0.41664512656249997 0.27068813125 0.41097472812499997 0.26839002968750003 0.3891097578125 0.2697579296875 0.383439359375 0.26803435468750003 0.3670406328125 0.2694022546875 0.3613702328125 0.2665296296875 0.334039021875 0.2678975296875 0.3283686234375 0.265024903125 0.3010374125 0.266392803125 0.29536701249999997 0.264669228125 0.2789682875 0.266037128125 0.27329788593750004 0.263739028125 0.25143291875 0.265106928125 0.24576251875000002 0.2616597765625 0.212965065625 0.26302767656250003 0.2072946671875 0.2613041015625 0.19089594062499998 0.26267200156250003 0.18522554062500002 0.25807579999999997 0.141495603125 0.2543003734375 0.1336024765625 0.2504155234375 0.13401079062500001 0.246995771875 0.1481867890625 0.24871934687500002 0.16458551562499998 0.247351446875 0.1702559140625 0.25022407343749997 0.1975871234375 0.24885617343750002 0.203257525 0.25172879843749996 0.230588734375 0.2503608984375 0.2362591359375 0.25380805 0.2690565875 0.25244015000000003 0.2747269859375 0.25473825 0.29659195625 0.25337035 0.30226235468749996 0.2562429765625 0.32959356562500003 0.254875075 0.335263965625 0.2571731765625 0.35712893437500004 0.25580527656249996 0.3627993328125 0.2586779015625 0.39013054375 0.2573100015625 0.39580094374999997 0.2590335765625 0.41219967031250004 0.2576656765625 0.4178700703125 0.259963778125 0.43973503750000004 0.2585958765625 0.4454054375 0.26089397812500004 0.46727040625000005 0.259526078125 0.4729408046875 0.26182417812500003 0.49480577343750004 0.260456278125 0.5004761734375001 0.2633289046875 0.527807384375 0.26196100312500004 0.533477784375 0.2648336296875 0.56080899375 0.2634657296875 0.5664793953125 0.2663383546875 0.5938106046875 0.26497045468749997 0.599481003125 0.26726855625 0.6213459734375 0.26590065625000003 0.627016371875 0.26762423125 0.6434150984375 0.26625633125000003 0.649085496875 0.26912895625 0.676416709375 0.26776105625 0.6820871078125 0.2700591578125 0.7039520765625 0.26869125625 0.7096224765625 0.2709893578125 0.7314874437500001 0.2696214578125 0.73715784375 0.2719195578125 0.7590228125 0.2705516578125 0.7646932125 0.2728497578125 0.78655818125 0.2714818578125 0.7922285812500001 0.274354484375 0.8195597921875001 0.272986584375 0.8252301890625 0.274710159375 0.8416289171875 0.273342259375 0.8472993171875001 0.275065834375 0.86369804375 0.273697934375 0.8693684421875 0.275996034375 0.8912334109375 0.274628134375 0.8969038093749999 0.275202659375 0.9023700515625 0.273834759375 0.908040453125 0.2761328609375 0.9299054203124999 0.274764959375 0.9355758203125 0.2759140109375 0.946508303125 0.274546109375 0.9521787046875 0.2756951609375 0.9631111890625 0.2794705859375 0.9710043140625 0.28015453749999997 0.9681691156250001 0.2835742875 0.9539931171875 0.2874591390625 0.9535848031249999 0.28814308906249997 0.9507496046874999 0.2875685640625 0.9452833609375 0.2903043640625 0.9339425625000001 0.28800626406249996 0.91207759375 0.2893741640625 0.9064071953124999 0.2882251140625 0.8954747093750001
0 0.2983749421875 0.8612481578125 0.2997428421875 0.8555777578124999 0.296295690625 0.8227803046875 0.297663590625 0.81710990625 0.295940015625 0.800711178125 0.297307915625 0.7950407796875 0.29479096562499996 0.7897786953125 0.296158865625 0.7841082953125 0.2944352890625 0.76770956875 0.295803190625 0.76203916875 0.2929305640625 0.7347079578125 0.29429846406250004 0.729037559375 0.2931494140625 0.718105075 0.29451731406250004 0.712434675 0.28992111249999997 0.6687047374999999 0.2912890140625 0.6630343390625 0.2889909125 0.6411693703125 0.2903588125 0.6354989703125 0.2874861875 0.6081677609375 0.28885408749999997 0.602497359375 0.2865559859375 0.5806323921875001 0.2879238875 0.57496199375 0.2850512609375 0.54763078125 0.28641916093750003 0.5419603828125 0.2846955859375 0.5255616546875 0.28606348593750003 0.51989125625 0.283190859375 0.49256004375 0.2845587609375 0.486889646875 0.282260659375 0.465024678125 0.283628559375 0.459354278125 0.280755934375 0.43202306718749994 0.282123834375 0.4263526671875 0.2798257328125 0.4044876984375 0.281193634375 0.39881730000000004 0.2788955328125 0.37695233125 0.2802634328125 0.3712819328125 0.2779653328125 0.3494169625 0.2793332328125 0.34374656406250004 0.27646060625 0.3164153515625 0.2778285078125 0.31074495468749996 0.27495588125000003 0.28341374375 0.27632378125 0.27774334375 0.27345115625 0.2504121328125 0.27481905625 0.24474173281249997 0.2725209546875 0.2228767640625 0.2738888546875 0.217206365625 0.26986717968749996 0.17894266875 0.2712350796875 0.1732722703125 0.26745965312500003 0.1653791421875 0.2635748015625 0.16578745625 0.2615229515625 0.17429305625 0.26267200156250003 0.18522554062500002 0.2613041015625 0.19089594062499998 0.2636022015625 0.21276090937499997 0.2622343015625 0.21843130781250003 0.265106928125 0.24576251875000002 0.263739028125 0.25143291875 0.266611653125 0.2787641296875 0.265243753125 0.284434528125 0.266967328125 0.3008332546875 0.265599428125 0.3065036546875 0.2678975296875 0.3283686234375 0.2665296296875 0.334039021875 0.2694022546875 0.3613702328125 0.26803435468750003 0.3670406328125 0.2697579296875 0.383439359375 0.26839002968750003 0.3891097578125 0.27068813125 0.41097472812499997 0.2693202296875 0.41664512656249997 0.27219285625 0.4439763375 0.27082495624999997 0.4496467359375 0.27369758125 0.47697794687500006 0.27232968125 0.482648346875 0.2740532578125 0.4990470734375 0.27268535625 0.5047174734375 0.2744089328125 0.5211161984375 0.27304103125 0.5267865984375 0.2759136578125 0.554117809375 0.2745457578125 0.5597882078125 0.2768438578125 0.5816531781250001 0.2754759578125 0.5873235765625 0.277774059375 0.609188546875 0.2764061578125 0.61485894375 0.279853309375 0.647656396875 0.278485409375 0.6533267984375 0.2807835109375 0.6751917656249999 0.279415609375 0.680862165625 0.2817137109375 0.7027271328125 0.2803458109375 0.708397534375 0.28321843593749996 0.73572874375 0.2818505359375 0.74139914375 0.2847231625 0.7687303546875001 0.28335526093749996 0.774400753125 0.2856533625 0.7962657234375 0.28428546250000003 0.801936121875 0.2871580875 0.8292673328125 0.2857901875 0.8349377328124999 0.2886628140625 0.86226894375 0.2872949125 0.867939340625 0.29074206406249997 0.9007367953125 0.2893741640625 0.9064071953124999 0.29109773906249997 0.922805921875 0.2897298390625 0.9284763203124999 0.2908788890625 0.9394088046875 0.294654315625 0.9473019328125 0.2985391671875 0.9468936187500001 0.2992231171875 0.9440584171875 0.30059101718750003 0.9383880187500001 0.2988674421875 0.9219892921874999 0.30023534218750003 0.91631889375 0.2990862921875 0.905386409375 0.3004541921875 0.8997160093750001 0.2975815671875 0.8723847984375 0.29894946718750004 0.8667143984375001 0.2983749421875 0.8612481578125
0 0.3197416234375 0.8590024296875001 0.3211095234375 0.8533320281250001 0.3193859484375 0.8369333031249999 0.3207538484375 0.831262903125 0.31673217187499997 0.7929992078125 0.318100071875 0.787328809375 0.315801971875 0.7654638390625 0.317169871875 0.759793440625 0.3148717703125 0.737928471875 0.3162396703125 0.732258071875 0.31336704531250004 0.7049268625 0.3147349453125 0.6992564609375 0.31128779375 0.666459009375 0.31265569531250004 0.6607886109375001 0.31035759375 0.6389236406250001 0.31172549374999997 0.6332532421875 0.30942739375 0.611388271875 0.31079529375 0.6057178750000001 0.3073481421875 0.5729204218749999 0.30871604218750004 0.5672500203124999 0.30526889218750003 0.53445256875 0.3066367921875 0.5287821703125 0.30433869062499996 0.5069172 0.3057065921875 0.5012468015625 0.302833965625 0.4739155890625 0.30420186562499996 0.468245190625 0.301329240625 0.44091398125000003 0.30269714062499997 0.43524357968749994 0.2992499890625 0.4024461265625 0.30061788906250003 0.39677572968749997 0.2983197890625 0.37491075937499996 0.2996876890625 0.3692403609375 0.2979641140625 0.352841634375 0.2993320140625 0.347171234375 0.2964593875 0.3198400234375 0.2978272875 0.3141696234375 0.2943801375 0.281372171875 0.2931216609375 0.27874112812499996 0.27758225625 0.28037438593749997 0.27689830625 0.2832095859375 0.2786218828125 0.29960831250000003 0.27725398125 0.30527871093750003 0.2812756578125 0.34354240625 0.2799077578125 0.34921280625 0.28278038437499997 0.37654401718749997 0.281412484375 0.38221441562499997 0.284859634375 0.41501186875 0.28349173437499997 0.42068226875 0.2857898359375 0.4425472375 0.28442193437499996 0.44821763593749997 0.2872945609375 0.47554884687500004 0.2859266609375 0.481219246875 0.28879928593750004 0.5085504578125 0.2874313859375 0.5142208562499999 0.2908785375 0.5470183093750001 0.2895106375 0.552688709375 0.29180873749999997 0.574553678125 0.2904408375 0.580224078125 0.29331346406250003 0.6075552890625 0.2919455625 0.6132256875000001 0.2953927140625 0.646023140625 0.29402481406250003 0.651693540625 0.297471965625 0.6844909921875 0.2961040640625 0.6901613921875 0.298976690625 0.717492603125 0.297608790625 0.723163003125 0.3016304671875 0.7614266984375 0.3002625671875 0.7670970968749999 0.3042842421875 0.8053607921875001 0.30291634218749997 0.8110311906250001 0.30521444375 0.8328961609375 0.30384654375000003 0.838566559375 0.30786821875000003 0.8768302546875001 0.30650031875 0.8825006546875 0.30764936875000004 0.8934331390624999 0.30628146875 0.8991035374999999 0.30685599375 0.90456978125 0.30548809375 0.910240178125 0.3077861953125 0.9321051484374999 0.3115616203125 0.9399982765624999 0.3212737484375 0.938977490625 0.3219576984375 0.9361422906250001 0.3246935 0.9248014921875001 0.3223953984375 0.9029365234375 0.317361496875 0.892412353125 0.316212446875 0.88147986875 0.317580346875 0.8758094703125 0.317005821875 0.8703432281250001 0.3203161484375 0.8644686703125 0.3197416234375 0.8590024296875001
0 0.338235678125 0.8294254890625 0.339603578125 0.823755090625 0.336730953125 0.7964238781249999 0.338098853125 0.7907534796875 0.3352262265625 0.7634222687500001 0.3365941265625 0.75775186875 0.3337215015625 0.7304206578125 0.3350894015625 0.7247502578125 0.33279130156250003 0.702885290625 0.3341592015625 0.6972148890625001 0.33128657499999997 0.6698836796875 0.332654475 0.66421328125 0.330356375 0.6423483109375 0.331724275 0.6366779124999999 0.32827712343750004 0.6038804609375 0.329645025 0.598210059375 0.3267723984375 0.5708788499999999 0.32814029843750003 0.5652084484375 0.324693146875 0.532410996875 0.3260610484375 0.5267405984375 0.322613896875 0.49394314531249994 0.323981796875 0.48827274374999996 0.3211091703125 0.460941534375 0.32247707187499997 0.45527113437500005 0.32017897031250003 0.433406165625 0.3215468703125 0.42773576718750006 0.3186742453125 0.4004045546875 0.3200421453125 0.3947341578125 0.31716951875 0.367402946875 0.3185374203125 0.361732546875 0.31509026875 0.32893509375 0.31645816875 0.32326469375 0.3130110171875 0.290467240625 0.3143789171875 0.2847968421875 0.3126553421875 0.26839811406249997 0.3133392921875 0.265562915625 0.31528171875 0.26535875781249996 0.31664961875 0.259688359375 0.31859204375 0.25948420156249996 0.32064389375 0.250978603125 0.31892031875 0.23457987500000002 0.3151448921875 0.2266867484375 0.3132024671875 0.22689090625000002 0.3106855171875 0.221628821875 0.3048582390625 0.22224129218750002 0.3023412890625 0.2169792078125 0.2945715859375 0.2177958359375 0.2938876359375 0.22063103593750003 0.2944621609375 0.2260972765625 0.2930942609375 0.231767678125 0.2953923625 0.2536326453125 0.2940244609375 0.2593030453125 0.2980461375 0.297566740625 0.2966782375 0.3032371390625 0.29955086406250003 0.33056835156250003 0.2981829640625 0.33623875000000003 0.29990653906250003 0.352637478125 0.2985386390625 0.358307875 0.3008367390625 0.38017284375 0.2994688390625 0.38584324375 0.301766940625 0.40770821249999994 0.3003990390625 0.4133786125 0.30327166562499996 0.4407098234375 0.301903765625 0.446380221875 0.305350915625 0.479177675 0.30398301562499996 0.48484807500000004 0.3068556421875 0.5121792843749999 0.3054877421875 0.517849684375 0.3077858421875 0.539714653125 0.3064179421875 0.545385053125 0.30929056875 0.5727162640625 0.3079226671875 0.5783866640624999 0.31079529375 0.6057178750000001 0.30942739375 0.611388271875 0.31172549374999997 0.6332532421875 0.31035759375 0.6389236406250001 0.3138047453125 0.67172109375 0.3124368453125 0.67739149375 0.3153094703125 0.7047227046875 0.31394157031250003 0.7103931046875 0.316814196875 0.737724315625 0.3154462953125 0.7433947140625 0.317169871875 0.759793440625 0.315801971875 0.7654638390625 0.319249121875 0.79826129375 0.317881221875 0.8039316921875 0.3207538484375 0.831262903125 0.3193859484375 0.8369333031249999 0.3222585734375 0.8642645124999999 0.3208906734375 0.8699349125 0.324337825 0.9027323671874999 0.3229699234375 0.9084027640624999 0.32354445 0.9138690078125 0.32731987500000004 0.921762134375 0.3389744296875 0.9205371906250001 0.3396583796875 0.9177019921875 0.3410262796875 0.9120315937499999 0.3404517546875 0.9065653499999999 0.3418196546875 0.9008949515625 0.3406706046875 0.8899624671874999 0.34203850468749997 0.8842920671875 0.339165878125 0.8569608578125001 0.3405337796875 0.8512904578124999 0.338235678125 0.8294254890625
0 0.359602359375 0.8271797609375 0.360970259375 0.8215093609374999 0.358672159375 0.7996443921874999 0.360040059375 0.7939739921875 0.35774195937500003 0.7721090234375 0.359109859375 0.7664386234375 0.35681175781249996 0.7445736562499999 0.358179659375 0.7389032578125 0.3553070328125 0.7115720453125001 0.35667493281249996 0.705901646875 0.3543768328125 0.6840366765625 0.35574473281249996 0.678366278125 0.35287210625 0.6510350671875 0.35424000625 0.64536466875 0.35136738125 0.6180334578125 0.35273528125000003 0.6123630578125 0.3492881296875 0.5795656046875 0.3506560296875 0.57389520625 0.3477834046875 0.5465639953125 0.3491513046875 0.5408935953125 0.346278678125 0.513562384375 0.3476465796875 0.5078919843749999 0.344199428125 0.47509453125 0.345567328125 0.4694241328125 0.34269470156250004 0.44209292031249997 0.344062603125 0.4364225234375 0.3394664015625 0.3926925859375 0.3408343015625 0.3870221859375 0.3385362 0.3651572171875 0.3399041015625 0.35948681875 0.33760599999999996 0.3376218484375 0.3389739 0.33195145 0.3355267484375 0.299153996875 0.33689464999999996 0.293483596875 0.3351710734375 0.27708487187499997 0.33139564843749997 0.26919174375 0.3236259453125 0.27000837187500004 0.32110899531250003 0.2647462875 0.31528171875 0.26535875781249996 0.3132298671875 0.2738643578125 0.31552796875 0.2957293265625 0.3141600671875 0.301399725 0.31818174374999997 0.3396634203125 0.31681384375 0.3453338203125 0.3191119453125 0.36719878906250003 0.31774404375 0.3728691875 0.3217657203125 0.4111328828125 0.3203978203125 0.4168032828125 0.32269592187499996 0.4386682515625 0.3213280203125 0.44433865 0.324200646875 0.4716698609375 0.32283274687499997 0.47734026093750004 0.325705371875 0.5046714718749999 0.324337471875 0.5103418703125 0.3266355734375 0.532206840625 0.325267671875 0.5378772390625 0.3287148234375 0.5706746921875 0.3273469234375 0.5763450921875 0.329645025 0.598210059375 0.32827712343750004 0.6038804609375 0.331724275 0.6366779124999999 0.330356375 0.6423483109375 0.3332290015625 0.6696795234375 0.3318611 0.675349921875 0.3353082515625 0.708147375 0.3339403515625 0.713817775 0.3356639265625 0.7302164999999999 0.3342960265625 0.7358869015625 0.337743178125 0.768684353125 0.3363752765625 0.7743547515625 0.338098853125 0.7907534796875 0.336730953125 0.7964238781249999 0.3407526296875 0.8346875734375001 0.339384728125 0.8403579734375001 0.34168282968749997 0.8622229406249999 0.3403149296875 0.8678933421874999 0.3431875546875 0.8952245515625 0.3418196546875 0.9008949515625 0.34239417968749997 0.9063611921874999 0.34616960625000004 0.9142543203125 0.3519968828125 0.91364185 0.35451383281250004 0.9189039343750001 0.355197784375 0.9160687359375 0.355881734375 0.913233534375 0.357824159375 0.913029378125 0.359192059375 0.907358978125 0.36113448593749997 0.907154821875 0.36455423593749997 0.8929788234375 0.3616816109375 0.8656476124999999 0.3630495109375 0.8599772124999999 0.359602359375 0.8271797609375
0 0.3851547671875 0.752647940625 0.3865226671875 0.746977540625 0.382500990625 0.7087138453125 0.38386889062499996 0.703043446875 0.380996265625 0.6757122343749999 0.382364165625 0.6700418359375 0.3789170140625 0.6372443828125001 0.3802849140625 0.6315739828125 0.3762632375 0.5933102875 0.3776311390625 0.5876398890625001 0.3736094625 0.54937619375 0.3749773625 0.5437057937499999 0.3703811609375 0.49997585781250004 0.3717490609375 0.4943054578125 0.368301909375 0.4615080046875 0.3696698109375 0.4558376046875 0.3644990828125 0.4066414265625 0.365866984375 0.40097102656250005 0.3629943578125 0.373639815625 0.3643622578125 0.3679694171875 0.36034058125 0.3297057203125 0.3617084828125 0.324035321875 0.3553887046875 0.2639066578125 0.3541302296875 0.261275615625 0.3521878046875 0.26147977187500004 0.349670853125 0.2562176875 0.3380163 0.25744263125 0.33733235 0.2602778296875 0.337906875 0.26574407187500004 0.33653897499999996 0.271414471875 0.33826255 0.2878131984375 0.33689464999999996 0.293483596875 0.3403418015625 0.32628105 0.3389739 0.33195145 0.3429955765625 0.3702151453125 0.34162767656250004 0.37588554375 0.3439257765625 0.3977505125 0.34255787656250003 0.4034209125 0.3431324015625 0.4088871546875 0.345649353125 0.4141492390625 0.34428145312499997 0.4198196390625 0.346005028125 0.436218365625 0.34463712812499997 0.4418887640625 0.3486588046875 0.48015246093749997 0.347290903125 0.4858228578125 0.35073805468749997 0.5186203109374999 0.3493701546875 0.5242907125 0.35224278125 0.551621921875 0.3508748796875 0.5572923234375 0.35374750625 0.5846235328125 0.35237960625000003 0.59029393125 0.3558267578125 0.6230913859375 0.35445885625 0.628761784375 0.3567569578125 0.6506267515624999 0.35538905781249996 0.6562971531249999 0.3582616828125 0.6836283625 0.3568937828125 0.6892987640625 0.359191884375 0.71116373125 0.3578239828125 0.71683413125 0.36012208437500004 0.7386991 0.358754184375 0.7443694984375 0.361626809375 0.771700709375 0.360258909375 0.777371109375 0.36313153593749997 0.8047023203125001 0.3617636359375 0.8103727203125001 0.3652107859375 0.843170171875 0.36384288593749997 0.8488405718750001 0.3684390875 0.8925705078125 0.3722145140625 0.9004636359375 0.38775391875 0.8988303796875 0.38843786874999997 0.89599518125 0.39254157031250003 0.87898398125 0.38966894375 0.851652771875 0.39103684375 0.8459823703125 0.38816421874999996 0.8186511609375 0.38953211875 0.8129807609374999 0.3872340171875 0.7911157921874999 0.38860191875 0.78544539375 0.3851547671875 0.752647940625
0 0.3994082953125 0.7014101890625 0.40077619531249997 0.695739790625 0.39445641875000004 0.6356111249999999 0.39582431875 0.6299407265625 0.39237716875 0.597143275 0.39374506875000004 0.5914728734375 0.38972339218749996 0.5532091796875 0.3910912921875 0.5475387796875 0.387644140625 0.5147413249999999 0.389012040625 0.5090709265625 0.3838413140625 0.459874746875 0.385209215625 0.4542043484375 0.3811875390625 0.415940653125 0.3825554390625 0.41027025312500004 0.3773847125 0.361074075 0.3787526125 0.355403675 0.3735818859375 0.30620749375 0.3749497859375 0.30053709687499996 0.371502634375 0.26773964375000003 0.36772720937500003 0.259846515625 0.35801508125 0.2608673015625 0.3573311296875 0.2637025 0.35848018125 0.2746349859375 0.35711228125 0.28030538437499997 0.3617084828125 0.324035321875 0.36034058125 0.3297057203125 0.3643622578125 0.3679694171875 0.3629943578125 0.373639815625 0.367016034375 0.4119035109375 0.365648134375 0.417573909375 0.3696698109375 0.4558376046875 0.368301909375 0.4615080046875 0.3723235859375 0.4997717 0.3709556859375 0.5054420984375 0.3755518875 0.5491720359375 0.37418398750000004 0.5548424375 0.3782056640625 0.59310613125 0.37683776406249997 0.59877653125 0.3808594390625 0.637040225 0.3794915390625 0.6427106265625 0.38351321562499996 0.6809743203124999 0.382145315625 0.6866447203125 0.3855924671875 0.719442171875 0.38422456562499996 0.725112571875 0.38767171718750004 0.7579100249999999 0.3863038171875 0.7635804234375 0.39032549375 0.8018441187500001 0.38895759375 0.8075145203125 0.3929792703125 0.8457782140625 0.39161136875 0.8514486140624999 0.3956330453125 0.8897123078125 0.39689152031249997 0.8923433515625 0.398833946875 0.89213919375 0.40135089687500003 0.8974012796874999 0.40912059999999995 0.89658465 0.40980454999999993 0.8937494515625 0.4131148765625 0.88787489375 0.409667725 0.8550774406249999 0.41103562499999996 0.84940704375 0.40529037343749996 0.7947446203124999 0.40665827343750005 0.7890742203125 0.401487546875 0.7398780421875 0.402855446875 0.7342076421875 0.3994082953125 0.7014101890625
0 0.41084399843749997 0.7167881296874999 0.41221189999999996 0.7111177296875 0.4076156984375 0.6673877921875 0.4089835984375 0.6617173937499999 0.40438739687499997 0.6179874562500001 0.40575529687499995 0.6123170578125 0.40115909531250005 0.5685871203125 0.4025269953125 0.5629167203125001 0.39620721875 0.50278805625 0.39757511874999996 0.49711765625000004 0.3924043921875 0.44792147812499994 0.3937722921875 0.442251078125 0.389176090625 0.398521140625 0.390543990625 0.39285074062500003 0.3859477890625 0.349120803125 0.38731569062500004 0.34345040625 0.3798468625 0.27238925625 0.3812147625 0.26671885781250004 0.3806402375 0.2612526140625 0.3793817625 0.258621571875 0.37161205937499997 0.25943820156249997 0.370928109375 0.2622734 0.3755243109375 0.3060033375 0.3741564109375 0.3116737375 0.3781780875 0.34993743125 0.3768101875 0.35560783281249997 0.3825554390625 0.41027025312500004 0.3811875390625 0.415940653125 0.38635826562500003 0.46513683281249996 0.384990365625 0.47080723124999996 0.3895865671875 0.51453716875 0.388218665625 0.52020756875 0.39281486718749997 0.56393750625 0.3914469671875 0.56960790625 0.39546864375 0.6078716015625 0.39410074375000004 0.613542 0.3992714703125 0.6627381796875 0.3979035703125 0.668408578125 0.403074296875 0.7176047578125 0.401706396875 0.7232751578125 0.4063025984375 0.76700509375 0.4049346984375 0.7726754953125 0.41067995 0.8273379171874999 0.40931205000000004 0.833008315625 0.4150573015625 0.8876707375 0.41631577656249996 0.8903017796875 0.42020062812500003 0.889893465625 0.420884578125 0.8870582656250001 0.422252478125 0.881387865625 0.419379853125 0.8540566546875 0.420747753125 0.8483862578125001 0.4173006015625 0.815588803125 0.41866850156249996 0.809918403125 0.4152213515625 0.7771209515625 0.4165892515625 0.7714505515625001 0.41084399843749997 0.7167881296874999
0 0.417191 0.6276949968750001 0.41855890156250003 0.6220245984375 0.41223912343749997 0.5618959343750001 0.41360702343750005 0.556225534375 0.407287246875 0.496096871875 0.408655146875 0.49042647187500005 0.4023353703125 0.430297809375 0.4037032703125 0.4246274078125 0.39623444218750004 0.3535662609375 0.3976023421875 0.347895859375 0.3884099390625 0.2604359859375 0.3871514640625 0.25780494374999996 0.3813241875 0.258417415625 0.3806402375 0.2612526140625 0.3823638125 0.2776513421875 0.3809959125 0.28332174062500004 0.38731569062500004 0.34345040625 0.3859477890625 0.349120803125 0.3922675671875 0.40924946718750005 0.390899665625 0.4149198671875 0.39549586875 0.45864980468749994 0.3941279671875 0.46432020312500005 0.39814964375 0.5025838984375001 0.39678174374999997 0.5082542984375 0.4019524703125 0.5574504765625 0.4005845703125 0.563120878125 0.40575529687499995 0.6123170578125 0.40438739687499997 0.6179874562500001 0.4107071734375 0.6781161203125 0.4093392734375 0.6837865203125 0.41565905000000003 0.743915184375 0.41429115000000005 0.7495855828125 0.420610928125 0.8097142453125 0.4192430265625 0.815384646875 0.4261373296875 0.8809795515625 0.42739580468750005 0.8836105953125 0.43322308125 0.8829981234375 0.43390703124999996 0.8801629234374999 0.43721735781250004 0.8742883671874999 0.4303230546875 0.8086934609374999 0.43169095625000004 0.8030230625 0.4282438046875 0.770225609375 0.4296117046875 0.764555209375 0.423291928125 0.7044265453125 0.42465982812499997 0.698756146875 0.417191 0.6276949968750001
0 0.426109753125 0.6378108546875 0.42747765312499997 0.632140453125 0.42173240156249997 0.5774780328125 0.4231003015625 0.5718076328125 0.415631475 0.500746484375 0.41699937499999995 0.4950760859375 0.41240317343750005 0.4513461484375 0.4137710734375 0.4456757484375 0.39940794375 0.3090196953125 0.40077584374999997 0.30334929375 0.391583440625 0.21588941875 0.39032496562499996 0.213258378125 0.38838253906250003 0.21346253437499998 0.3863306890625 0.22196813437500001 0.39092689062499997 0.265698071875 0.389558990625 0.2713684703125 0.39875139375 0.35882834531249996 0.39738349375 0.36449874531250004 0.40600137187499996 0.446492378125 0.40463347031249997 0.45216277656250004 0.40980419687499997 0.50135895625 0.408436296875 0.5070293546875 0.415905125 0.578090503125 0.414537225 0.5837609031250001 0.4208570015625 0.643889565625 0.4194891015625 0.6495599671875001 0.4281069796875 0.7315536 0.42673907968749997 0.7372239984375 0.43363338125000006 0.80281890625 0.43226548124999997 0.8084893031249999 0.43801073281249997 0.8631517265624999 0.4366428328125 0.868822125 0.442935209375 0.8819773375000001 0.443619159375 0.8791421375 0.4449870609375 0.8734717390625001 0.442114434375 0.8461405281250001 0.44348233437499995 0.840470128125 0.43658803281249997 0.774875221875 0.43795593281249995 0.7692048234375 0.43335973125000005 0.7254748859375 0.43472763125 0.7198044859375 0.426109753125 0.6378108546875
0 0.425699278125 0.521794825 0.427067178125 0.5161244265625 0.41615119843750004 0.41226582343749996 0.4175191 0.406595425 0.40602859531249996 0.2972705828125 0.40477012031250004 0.2946395390625 0.40340221875 0.3003099375 0.40145979374999996 0.3005140953125 0.40077584374999997 0.30334929375 0.40307394375000005 0.3252142640625 0.40170604374999996 0.33088466250000004 0.408600346875 0.39647957031250003 0.407232446875 0.40214996875000003 0.41527579843750007 0.4786773578125 0.4139078984375 0.48434775781250006 0.4208022015625 0.5499426656249999 0.4194343 0.5556130625 0.42690312812500003 0.6266742109375001 0.42553522812500005 0.6323446109375 0.43300405625 0.703405759375 0.4316361546875 0.709076159375 0.43415310625 0.71433824375 0.43278520625 0.7200086421874999 0.44025403281250003 0.7910697921875001 0.43888613281250005 0.796740190625 0.4463549609375 0.8678013390625001 0.45013038749999995 0.8756944671875001 0.4520728125 0.8754903109375001 0.45275676249999997 0.872655109375 0.45606708906250004 0.866780553125 0.4526199375 0.8339831 0.4539878375 0.8283127015625 0.44364638437500004 0.7299203421875 0.445014284375 0.7242499437500001 0.43524735625 0.6313238250000001 0.43661525625 0.6256534265625 0.425699278125 0.521794825
0 0.52938623125 0.20969570312500002 0.5307541312499999 0.20402530468750002 0.561832940625 0.200758790625 0.5632008421875 0.195088390625 0.5903948 0.192230190625 0.5917627000000001 0.18655979218750002 0.593705125 0.186355634375 0.5950730265625 0.18068523593750002 0.5975899765625 0.1859473203125 0.6073021046875 0.184926534375 0.6086700046875 0.1792561359375 0.622266984375 0.1778270359375 0.623634884375 0.172156634375 0.6275197359375 0.1717483203125 0.6282036859375 0.16891312187500002 0.626480109375 0.1525143953125 0.625221634375 0.149883353125 0.6232792093749999 0.15008750937499998 0.6207622578125 0.144825425 0.6032804281249999 0.1466628390625 0.601912528125 0.15233323906250001 0.580545846875 0.1545789671875 0.5791779453125 0.160249365625 0.5766609953125 0.15498728125 0.5752930953125001 0.1606576796875 0.5519839875 0.163107565625 0.5506160875 0.168777965625 0.5234221296875 0.171636165625 0.5220542296875 0.1773065640625 0.49874512187500003 0.17975645 0.497377221875 0.18542685 0.46629841250000004 0.18869336406249998 0.46493051249999995 0.194363765625 0.431909278125 0.1978344359375 0.4305413765625 0.20350483593750002 0.3994625671875 0.20677135 0.3980946671875 0.21244174999999998 0.3961522421875 0.21264590625 0.39363529062499997 0.207383821875 0.392267390625 0.21305422031250001 0.39032496562499996 0.213258378125 0.3896410140625 0.2160935765625 0.39079006562499996 0.22702606093750002 0.393307015625 0.232288146875 0.39388154062499997 0.23775438906250002 0.3976569671875 0.24564751718750003 0.40154181875 0.245239203125 0.40222576875 0.24240400156250003 0.40290971875 0.2395688015625 0.44370065625 0.2352815015625 0.44506855625 0.22961110312500002 0.47420494062499996 0.2265487453125 0.47557284062500005 0.22087834687500002 0.5047092234375 0.2178159890625 0.506077125 0.2121455890625 0.52938623125 0.20969570312500002
0 0.42550765156250003 0.38917591093750004 0.4268755515625 0.3835055140625 0.412512421875 0.2468494578125 0.41125394687499994 0.2442184171875 0.40348424375 0.2450350453125 0.40280029375000004 0.24787024375 0.40739649531250005 0.29160018125 0.40602859531249996 0.2972705828125 0.4169445734375 0.4011291828125 0.4155766734375 0.40679958281250006 0.427067178125 0.5161244265625 0.425699278125 0.521794825 0.43776430624999996 0.6365859109375 0.43639640625 0.642256309375 0.4478869109375 0.751581153125 0.44651900937500005 0.7572515515625 0.45800951406249996 0.866576396875 0.4592679890625 0.8692074375000001 0.4670376921875 0.868390809375 0.4677216421875 0.8655556109375 0.4690895421875 0.8598852109375 0.4616207140625 0.7888240625 0.46298861562500004 0.7831536640625 0.45149811093750003 0.67382881875 0.4528660109375 0.6681584203125001 0.44022645625 0.54790109375 0.4415943578125 0.54223069375 0.42550765156250003 0.38917591093750004
0 0.4569149125 0.5572003203125 0.44657345781249996 0.4588079609375 0.447941359375 0.4531375609375 0.4261094015625 0.2454203578125 0.424850925 0.24278931718750002 0.4151387984375 0.243810103125 0.414454846875 0.2466453015625 0.4167529484375 0.2685102703125 0.4153850484375 0.2741806703125 0.43204627812499996 0.4327016921875 0.430678378125 0.43837209218749995 0.44561603437499997 0.5804943890625001 0.4442481328125 0.5861647875 0.4568876875 0.706422115625 0.4555197875 0.7120925140625001 0.4670102921875 0.8214173593749999 0.46564239062499996 0.8270877578125001 0.4667914421875 0.8380202421874999 0.4693083921875 0.843282328125 0.4710319671875 0.8596810546875 0.47229044375000007 0.8623120953125 0.482002571875 0.8612913109375 0.482686521875 0.8584561109375001 0.484054421875 0.8527857125 0.47658559375 0.7817245640625 0.47795349375 0.7760541640625 0.4635903640625 0.639398109375 0.464958265625 0.6337277109375 0.4580639625 0.5681328046874999 0.45554701093750005 0.5628707203125 0.4569149125 0.5572003203125
0 0.4397063796875 0.2439912578125 0.435930953125 0.2360981296875 0.4301036765625 0.2367106015625 0.42668392656250004 0.25088659999999996 0.447941359375 0.4531375609375 0.44657345781249996 0.4588079609375 0.466681840625 0.6501264375 0.46531394062500003 0.6557968359374999 0.48197517031250003 0.8143178593749999 0.48060727031250006 0.8199882593750001 0.484054421875 0.8527857125 0.4878298484375 0.8606788390625001 0.49559955 0.859862209375 0.4962835 0.8570270109375 0.4976514015625 0.8513566125 0.49133162343750003 0.7912279468750001 0.4926995234375 0.7855575484374999 0.47661281874999994 0.63250276875 0.47798071875000003 0.6268323671875 0.45270160937500004 0.3863177109375 0.454069509375 0.3806473140625 0.4397063796875 0.2439912578125
0 0.44370065625 0.2352815015625 0.43981580468750003 0.23568981562500002 0.43913185468749993 0.238525015625 0.4655600140625 0.48997215625 0.46419211406249994 0.49564255625 0.4667090640625 0.5009046406250001 0.469007165625 0.5227696093749999 0.467639265625 0.528440009375 0.49349289843750005 0.7744209078125001 0.49212499843749996 0.78009130625 0.49787024999999996 0.834753728125 0.5003872015625 0.8400158140625 0.5015362515625 0.8509482984375 0.5027947265625 0.8535793390625 0.51444928125 0.8523543968749999 0.51513323125 0.8495191984374999 0.5093879796875 0.7948567765625 0.5107558796875 0.7891863765625 0.456175984375 0.2698933703125 0.45754388593749995 0.26422297031249997 0.455245784375 0.24235800156249998 0.4489534078125 0.2292027890625 0.44506855625 0.22961110312500002 0.44370065625 0.2352815015625
0 0.4682682390625 0.235462659375 0.46700976250000004 0.23283161562500002 0.4650673375 0.2330357734375 0.4625503859375 0.2277736875 0.45866553593750004 0.228182003125 0.457297634375 0.2338524015625 0.45535520937499996 0.234056559375 0.45467125937499997 0.236891759375 0.4943134984375 0.61406246875 0.4929455984375 0.61973286875 0.5159266062500001 0.83838255625 0.5197020328125 0.8462756828125 0.525529309375 0.8456632109375001 0.526213259375 0.8428280109375 0.528949059375 0.8314872125000001 0.475518215625 0.323126690625 0.47688611718749996 0.31745629218750004 0.47631159062500006 0.31199005 0.473794640625 0.30672796562500004 0.472645590625 0.29579547968750003 0.474013490625 0.29012508124999997 0.4682682390625 0.235462659375
0 0.4958454484375 0.4978422828125 0.49447754843749997 0.5035126828125 0.4969944984375 0.50877476875 0.4975690234375 0.5142410109375 0.4962011234375 0.519911409375 0.4987180734375 0.52517349375 0.499867125 0.5361059781249999 0.49849922500000005 0.5417763796874999 0.5013718500000001 0.5691075890625 0.5038888015625 0.5743696734375 0.5025209 0.5800400734375 0.528949059375 0.8314872125000001 0.5327244859375 0.8393803406250001 0.5385517625 0.8387678703124999 0.5392357125 0.8359326703125 0.5399196640625 0.8330974703124999 0.5476893656249999 0.8322808421874999 0.5483733156249999 0.8294456421874999 0.48517554374999994 0.22815900312499998 0.48391706718750005 0.225527959375 0.46837766406250003 0.22716121718750001 0.4676937125 0.22999641718750002 0.4958454484375 0.4978422828125
0 0.550315740625 0.829241484375 0.5515742171875 0.831872528125 0.567113621875 0.8302392703124999 0.567797571875 0.8274040703125 0.569165471875 0.8217336703125 0.506542225 0.2259132734375 0.5027667984375 0.2180201453125 0.49111224531250003 0.2192450890625 0.4897443453125 0.22491548749999998 0.48780191874999995 0.2251196453125 0.48711796874999996 0.2279548453125 0.550315740625 0.829241484375
0 0.56216156875 0.5682449593750001 0.56352946875 0.562574559375 0.5612313671875 0.540709590625 0.5587144171875 0.5354475078125 0.5253919546875 0.2184054609375 0.5216165296875 0.21051233281249998 0.520248628125 0.21618273124999998 0.508594075 0.21740767499999997 0.506542225 0.2259132734375 0.5467589890625 0.6085502265625 0.5492759390625 0.6138123109375 0.5509995156249999 0.6302110375 0.549631615625 0.6358814374999999 0.5502061406250001 0.6413476796875 0.552723090625 0.6466097640624999 0.571107896875 0.8215295140625001 0.5723663734375 0.8241605562500001 0.587905778125 0.8225273 0.588589728125 0.8196920999999999 0.589957628125 0.8140217 0.5675511453125 0.6008382546875 0.5650341937500001 0.5955761703125 0.56445966875 0.590109928125 0.56582756875 0.584439528125 0.5652530437500001 0.5789732875 0.56273609375 0.5737112015625 0.56216156875 0.5682449593750001
0 0.53132865625 0.209491546875 0.52996075625 0.2151619453125 0.52801833125 0.21536610312499999 0.52733438125 0.218201303125 0.5773180734375 0.6937643718750001 0.5798350250000001 0.69902645625 0.591900053125 0.8138175437499999 0.5931585296875 0.8164485859375 0.6086979343750001 0.8148153296875 0.6093818843750001 0.811980128125 0.610749784375 0.8063097296875 0.5900668765625 0.6095250109375 0.5875499265624999 0.6042629265625 0.5467586359375 0.21615973125000001 0.5455001609375 0.21352868906250003 0.5435577359375 0.21373284531249997 0.541040784375 0.2084707609375 0.53132865625 0.209491546875
0 0.5488104875 0.20765413281249998 0.5467586359375 0.21615973125000001 0.5519293640625 0.2653559109375 0.5544463140625 0.27061799531249997 0.5550208390625 0.2760842375 0.5536529390625 0.2817546390625 0.5616962921875001 0.358282028125 0.5642132421875 0.36354411249999996 0.6067281078125 0.768046034375 0.610503534375 0.7759391625000001 0.6202156624999999 0.7749183765625001 0.6208996124999999 0.7720831765625 0.6215835625 0.7692479765625 0.6254684140625 0.7688396625 0.6261523640625 0.7660044625 0.5997242046875 0.514557321875 0.597207253125 0.5092952375 0.5656083671875 0.2086519171875 0.5643498921875 0.20602087500000002 0.5488104875 0.20765413281249998
0 0.5767978203124999 0.193659290625 0.5754299203125 0.199329690625 0.5676602171875 0.20014631875000002 0.5669762671874999 0.20298151875 0.5767431953125 0.2959076359375 0.5753752953125 0.30157803437499997 0.5816950734375 0.36170669843750003 0.5842120234375 0.36696878437499997 0.6215561625 0.722274525 0.6240731125 0.727536609375 0.6280947890624999 0.7658003046874999 0.6293532640625 0.7684313484375 0.6390653921875 0.7674105625000001 0.6397493421875 0.7645753625 0.6404332921875 0.7617401625 0.64626056875 0.761127690625 0.6469445203124999 0.7582924921875 0.6245380375 0.5451090468750001 0.6220210859375 0.5398469625 0.5864005234375 0.200939946875 0.582625096875 0.1930468203125 0.5767978203124999 0.193659290625
0 0.5884523734375 0.1924343484375 0.5877684234375 0.195269546875 0.589492 0.211668275 0.5881240984375 0.21733867343750002 0.60708343125 0.3977246640625 0.60960038125 0.40298675 0.6469445203124999 0.7582924921875 0.6482029953125 0.7609235328125 0.6637424000000001 0.7592902765625 0.66442635 0.756455078125 0.66716215 0.7451142796875 0.666587625 0.7396480359375001 0.6640706749999999 0.7343859515625 0.636493465625 0.47200632656249997 0.6339765140625 0.4667442421875 0.605250253125 0.1934321328125 0.6039917781249999 0.190801090625 0.5884523734375 0.1924343484375
0 0.6338669125 0.27885043593750003 0.624674509375 0.1913905609375 0.623416034375 0.18875951875000002 0.621473609375 0.1889636765625 0.6189566578125001 0.18370159218749998 0.61118695625 0.1845182203125 0.6098190546875 0.19018861874999998 0.6078766296875 0.1903927765625 0.6071926796875 0.193227975 0.6634961500000001 0.7289197093750001 0.6660131 0.73418179375 0.6677366765625 0.750580521875 0.6715121015625 0.7584736484375 0.675396953125 0.7580653328125 0.676080903125 0.755230134375 0.676764853125 0.752394934375 0.68453455625 0.75157830625 0.68521850625 0.74874310625 0.6834949296875 0.7323443796875 0.68486283125 0.7266739796875 0.6823458796875 0.7214118953125 0.6363838640624999 0.28411252187499997 0.6338669125 0.27885043593750003
0 0.6266169359375 0.191186403125 0.6691317999999999 0.595688325 0.6716487515625 0.6009504109375 0.68543735625 0.732140221875 0.68795430625 0.73740230625 0.6891033578125 0.7483347921875 0.6928787828125 0.75622791875 0.6948212093749999 0.7560237625 0.6998551109375 0.7665479328125 0.7017975359374999 0.7663437765625 0.7043144875 0.7716058609374999 0.7062569125 0.771401703125 0.7112908140624999 0.7819258734375001 0.715175665625 0.781517559375 0.715859615625 0.7786823578125001 0.68943145625 0.52723521875 0.6869145046875 0.521973134375 0.6507194171874999 0.1775998765625 0.6494609421875001 0.17496883593749998 0.6416912390625 0.1757854640625 0.6403233390625 0.1814558625 0.6286687859375 0.18268080625 0.6266169359375 0.191186403125
0 0.675177575 0.186082475 0.6739191 0.1834514328125 0.6719766734375 0.183655590625 0.6694597234375 0.17839350625 0.65586274375 0.17982260625 0.65381089375 0.188328203125 0.7049436359375 0.6748237578125 0.7074605875 0.6800858421875 0.7183765656250001 0.7839444453125 0.7196350421875 0.7865754859375 0.739059296875 0.784533915625 0.739743246875 0.7816987156249999 0.7424790484375 0.7703579171875 0.740180946875 0.7484929484375 0.7376639968750001 0.7432308640625 0.7089377359375 0.4699187546875 0.7064207859375 0.46465666875 0.6788435765624999 0.20227704531250001 0.676326625 0.197014959375 0.675177575 0.186082475
0 0.7045328078125 0.166417234375 0.7007573828125 0.15852410625 0.687160403125 0.15995320625 0.685792503125 0.16562360625 0.6799652265625 0.1662360765625 0.6779133749999999 0.1747416765625 0.737089471875 0.737764621875 0.739606421875 0.74302670625 0.7430535734375 0.7758241578125 0.745570525 0.7810862453125 0.74614505 0.7865524859375 0.747403525 0.7891835281249999 0.74934595 0.788979371875 0.7518629015625 0.79424145625 0.7538053265625 0.7940372984375 0.7563222781250001 0.7992993859374999 0.76991925625 0.797870284375 0.77060320625 0.795035084375 0.7719711078125 0.7893646859375 0.76967300625 0.7674997171875 0.77104090625 0.7618293171875 0.759550403125 0.6525044734375001 0.7570334515625 0.6472423890625 0.7179657374999999 0.275537921875 0.7154487875 0.27027583437499997 0.7045328078125 0.166417234375
0 0.7694265796875001 0.5409339015625 0.729784340625 0.1637631921875 0.7260089140625 0.15587006406249998 0.710469509375 0.1575033203125 0.709101609375 0.1631737203125 0.707159184375 0.1633778765625 0.706475234375 0.166213078125 0.7283071921875 0.37393027968750003 0.7308241421874999 0.37919236562499997 0.7727644828125 0.7782280453125 0.7752814328125 0.7834901296875 0.7758559578125 0.788956371875 0.7771144328124999 0.7915874125 0.779056859375 0.79138325625 0.781573809375 0.7966453421875 0.7835162359375001 0.796441184375 0.7842001859375001 0.793605984375 0.7848841359375001 0.790770784375 0.7965386890625 0.7895458421875 0.7972226390625 0.7867106421875001 0.7966481140624999 0.7812444000000001 0.7980160140625 0.7755740015625 0.7954990640624999 0.770311915625 0.77194353125 0.5461959859375 0.7694265796875001 0.5409339015625
0 0.8113117671875001 0.45363218281249995 0.8126796671875001 0.447961784375 0.810162715625 0.4426996984375 0.7785638296874999 0.142056378125 0.7760468796875 0.1367942953125 0.7754723546875 0.1313280515625 0.771696928125 0.123434925 0.7445029703125 0.126293125 0.7431350703125 0.1319635234375 0.727595665625 0.13359678125000002 0.7262277640625 0.1392671796875 0.7242853390625 0.13947133750000001 0.7236013890625 0.1423065375 0.7247504390625 0.153239021875 0.729784340625 0.1637631921875 0.7602341765625 0.4534740265625 0.762751128125 0.4587361125 0.7903283375 0.7211157359375 0.7928452874999999 0.7263778203125 0.7980160140625 0.7755740015625 0.8043083921875 0.7887292125 0.8081932421875001 0.7883208984375 0.81071019375 0.793582984375 0.8340192999999999 0.7911330984375 0.8347032499999999 0.7882978984375 0.8353872015625001 0.7854626984374999 0.845099328125 0.7844419125 0.8485190796875001 0.770265915625 0.8410502515625 0.6992047671875 0.8385333015624999 0.69394268125 0.8144032421875 0.46436050937499995 0.8118862921875 0.459098425 0.8113117671875001 0.45363218281249995
0 0.7892901859375 0 0.7784816296875 0.0011360250000000001 0.7771137296874999 0.0068064250000000005 0.7654591749999999 0.008031367187500001 0.764091275 0.013701765625 0.752436721875 0.014926709375 0.751068821875 0.0205971078125 0.7394142671874999 0.0218220515625 0.7380463671874999 0.02749245 0.7263918140625 0.028717393749999997 0.7250239140625 0.0343877921875 0.7153117859375 0.035408578125 0.7139438859375 0.0410789796875 0.70034690625 0.0425080796875 0.69897900625 0.048178478125 0.689266878125 0.0491992640625 0.687898978125 0.054869662500000006 0.6762444249999999 0.05609460625 0.6748765234375 0.0617650046875 0.65933711875 0.0633982625 0.65796921875 0.0690686609375 0.648257090625 0.070089446875 0.6468891906249999 0.07575984687500001 0.6332922109375 0.077188946875 0.6319243109375 0.0828593453125 0.6222121828125 0.08388013125 0.6208442828125 0.08955053125 0.6189018578125001 0.0897546875 0.61753395625 0.0954250890625 0.61559153125 0.0956292453125 0.61353968125 0.10413484375 0.61411420625 0.1096010875 0.61274630625 0.11527148437500001 0.61389535625 0.1262039703125 0.61641230625 0.1314660546875 0.61698683125 0.136932296875 0.6182453078125 0.139563340625 0.6221301593749999 0.13915502500000002 0.625905584375 0.1470481515625 0.626480109375 0.1525143953125 0.6289970609375 0.1577764796875 0.6301461109375001 0.1687089640625 0.6314045859374999 0.17134000625 0.6333470125 0.17113584843750002 0.6340309625 0.16830065 0.6347149125 0.16546545 0.6385997640625 0.1650571359375 0.6399676640624999 0.1593867359375 0.65550706875 0.1577534796875 0.6568749687500001 0.15208307968749998 0.664644671875 0.15126645156250002 0.666012571875 0.1455960515625 0.6737822734375001 0.1447794234375 0.675150175 0.139109025 0.6829198765625 0.13829239531249998 0.6842877765625001 0.132621996875 0.69594233125 0.131397053125 0.69731023125 0.1257266546875 0.7050799328124999 0.12491002656250001 0.7064478328125 0.119239625 0.7200448125000001 0.117810525 0.7214127125 0.11214012656250001 0.733067265625 0.11091518281249999 0.7344351671875 0.105244784375 0.7460897203125 0.104019840625 0.7474576203125001 0.0983494421875 0.7571697484375 0.09732865625 0.7585376484374999 0.0916582578125 0.772134628125 0.0902291578125 0.7735025281250001 0.0845587578125 0.7870995078125 0.08312965781250001 0.7884674078125 0.077459259375 0.7981795359375 0.0764384734375 0.7995474359375 0.070768071875 0.8112019890625 0.06954312968750001 0.8125698890624999 0.06387272968749999 0.82422444375 0.0626477875 0.82559234375 0.0569773875 0.8450165999999999 0.0549358171875 0.8463844999999999 0.0492654171875 0.8541542015625 0.0484487890625 0.855522103125 0.0427783890625 0.8652342296875 0.0417576046875 0.86660213125 0.0360872046875 0.8724294078125 0.0354747328125 0.8744812578125 0.026969134375 0.8721831578125 0.005104165625 0.8697417421875 0 0.7892901859375 0
0 0.538961534375 0.1700029078125 0.540329434375 0.164332509375 0.542271859375 0.1641283515625 0.5447888109375 0.1693904375 0.5467312359375 0.1691862796875 0.5480991359375 0.16351588125 0.5772355203124999 0.1604535234375 0.5786034203125 0.1547831234375 0.5960852515624999 0.15294570937500002 0.5974531515625 0.1472753109375 0.5993955765625001 0.14707115312500002 0.6000795265625001 0.14423595312499998 0.593185225 0.0786410484375 0.593869175 0.075805846875 0.5976446015625 0.083698975 0.5962767 0.089369375 0.5974257515625 0.100301859375 0.5999427015625 0.10556394375 0.6010917515624999 0.11649642812500001 0.6023502281249999 0.1191274703125 0.606235078125 0.11871915625 0.606919028125 0.11588395625 0.6023228265625 0.07215401875 0.5985474015625 0.0642608921875 0.5907776984375 0.0650775203125 0.5894097984375 0.0707479203125 0.5777552453125 0.0719728625 0.5763873453125 0.0776432625 0.5530782375000001 0.0800931484375 0.5517103375 0.085763546875 0.5167466765625 0.089438375 0.5153787765625 0.095108775 0.4959545203125 0.097150346875 0.4945866203125 0.1028207453125 0.49070176875 0.103229059375 0.49001781875 0.10606426093750002 0.49379324531249996 0.1139573875 0.501562946875 0.11314075937500001 0.5053383734375 0.12103388749999999 0.5059128984375 0.126500128125 0.5052289484375 0.12933532812499998 0.497459246875 0.13015195625 0.49403949531249997 0.14432795625 0.4946140203125 0.149794196875 0.4939300703125 0.1526293984375 0.4926715953125 0.1499983546875 0.48807539375 0.10626841718749999 0.48681691875000005 0.10363737343749999 0.4848744921875 0.10384153125 0.4823575421875 0.098579446875 0.480989640625 0.10424984531249999 0.4673926625 0.1056789453125 0.4660247625 0.111349346875 0.46408233593750003 0.11155350312500001 0.46156538593749996 0.10629141718749999 0.45962295937500003 0.106495575 0.458255059375 0.112165975 0.425233825 0.115636646875 0.42386592500000003 0.1213070453125 0.416096221875 0.12212367500000001 0.41357927187500004 0.1168615890625 0.4116368453125 0.117065746875 0.4095849953125 0.1255713453125 0.413032146875 0.1583687984375 0.41554909687499997 0.1636308828125 0.4189962484375 0.1964283359375 0.42025472343750003 0.1990593796875 0.4280244265625 0.19824275156249999 0.42881780156250004 0.1871061078125 0.431909278125 0.1978344359375 0.43385170312500004 0.1976302796875 0.436368653125 0.2028923640625 0.437052603125 0.20005716406250001 0.43773655468749995 0.197221965625 0.4688153640625 0.19395545 0.4701832640625 0.18828505 0.49349237031250004 0.1858351640625 0.4948602703125 0.180164765625 0.518169378125 0.1777148796875 0.519537278125 0.1720444796875 0.538961534375 0.1700029078125
0 0.8435944265625 0.5552450546875 0.8418708515625 0.538846328125 0.8432387515625 0.5331759296875 0.83634445 0.46758102343749997 0.8338274984374999 0.46231893749999997 0.8315293984375 0.4404539703125 0.8328972984374999 0.4347835703125 0.8303803468750001 0.4295214859375 0.7970578859375 0.11247943906249999 0.794540934375 0.1072173546875 0.7939664093750001 0.10175111249999999 0.795334309375 0.0960807125 0.794759784375 0.090614471875 0.7909843578125 0.08272134375 0.7754449546875 0.0843546 0.7706573031249999 0.1042009984375 0.771231828125 0.109667240625 0.769863928125 0.11533763906250001 0.772380878125 0.120599725 0.772955403125 0.126065965625 0.7774147796875 0.13112389375 0.78086193125 0.16392134687499998 0.78337888125 0.16918343281249998 0.826468271875 0.5791515953124999 0.8289852234374999 0.58441368125 0.8485190796875001 0.770265915625 0.85229450625 0.7781590421875 0.8581217828125001 0.7775465703125 0.8588057328125001 0.7747113718749999 0.8594896828125 0.771876171875 0.8672593859375001 0.7710595421875001 0.8679433359375001 0.76822434375 0.848409478125 0.582372109375 0.845892528125 0.577110025 0.847260428125 0.571439625 0.846111378125 0.5605071406250001 0.8435944265625 0.5552450546875
0 0.8590518062499999 0.6088866921875 0.8130897906250001 0.1715873171875 0.8105728390625 0.1663252328125 0.8077002140625 0.13899402031250002 0.8039247875 0.13110089375 0.8000399359375001 0.1315092078125 0.7993559859375 0.134344409375 0.845892528125 0.577110025 0.848409478125 0.582372109375 0.8621980828125 0.713561921875 0.8634565593750001 0.7161929640625 0.8641405093750001 0.7133577640625 0.8648244593750001 0.710522565625 0.8687093109375 0.7101142515625 0.8707611609375 0.7016086515625 0.8682442109374999 0.6963465671875 0.865946109375 0.674481596875 0.867314009375 0.6688111984375 0.8615687578125 0.6141487765625 0.8590518062499999 0.6088866921875
0 0.8083841640625 0.136158821875 0.8077002140625 0.13899402031250002 0.8341283734375 0.3904411609375 0.8366453234375 0.395703246875 0.8722658859375001 0.7346102625 0.8735243625000001 0.737241303125 0.887121340625 0.735812203125 0.887805290625 0.7329770046874999 0.8891731921874999 0.72730660625 0.8707883843750001 0.5523868546874999 0.868271434375 0.547124771875 0.8389706484375001 0.2683464203125 0.8364536984375001 0.263084334375 0.82323961875 0.1373607640625 0.8219811437500001 0.134729721875 0.8083841640625 0.136158821875
0 0.8506798265625 0.1648731328125 0.8487374015625001 0.16507728906250002 0.84622045 0.1598152046875 0.84485255 0.165485603125 0.8409676984375001 0.1658939171875 0.8384507484375 0.1606318328125 0.8345658968749999 0.16104014687499998 0.833197996875 0.166710546875 0.8293131453125 0.1671188609375 0.8272612953125 0.1756244609375 0.8335810718750001 0.23575312343750002 0.8360980234375001 0.2410152078125 0.848737578125 0.36127253593750003 0.851254528125 0.36653462187499997 0.849886628125 0.37220502031249997 0.8524035781249999 0.3774671046875 0.8765336375 0.607049278125 0.8790505874999999 0.6123113625000001 0.8916901421875 0.732568690625 0.8979825187499999 0.745723903125 0.8999249453125 0.7455197453125 0.9024418953125 0.7507818312500001 0.9160388749999999 0.74935273125 0.9167228250000001 0.7465175296875 0.9180907250000001 0.74084713125 0.915573775 0.735585046875 0.8994870687500001 0.582530265625 0.89697011875 0.5772681796875 0.8791598359374999 0.4078146734375 0.8766428859375001 0.40255258749999995 0.8519383015624999 0.1675041734375 0.8506798265625 0.1648731328125
0 0.874098359375 0.1541218046875 0.8715814078124999 0.14885971874999998 0.86870878125 0.12152850781249999 0.86745030625 0.118897465625 0.8421987734374999 0.121551509375 0.8408308734375 0.1272219078125 0.833061171875 0.1280385375 0.8310093203125 0.136544134375 0.8321583718750001 0.1474766203125 0.8307904703125001 0.15314701875 0.8370828484375 0.1663022328125 0.84485255 0.165485603125 0.84622045 0.1598152046875 0.8481628765625 0.159611046875 0.8519383015624999 0.1675041734375 0.8714721593749999 0.353356409375 0.873989109375 0.35861849375 0.8958210671875 0.566335696875 0.89833801875 0.57159778125 0.9138501984375 0.7191863203125 0.9163671499999999 0.7244484046874999 0.9186652499999999 0.7463133734375 0.9199237265625 0.7489444171875 0.925751003125 0.7483319453124999 0.928267953125 0.7535940296875 0.9340952296875 0.7529815578125 0.9347791796875 0.750146359375 0.93546313125 0.7473111593749999 0.9374055562500001 0.7471070015625 0.9394574062500001 0.738601403125 0.93830835625 0.72766891875 0.9357914062500001 0.722406834375 0.9064906203125 0.4436284828125 0.90397366875 0.43836639687499995 0.874098359375 0.1541218046875
0 0.86870878125 0.12152850781249999 0.8738795093749999 0.1707246890625 0.876396459375 0.175986771875 0.90454819375 0.4438326390625 0.9070651453125 0.449094725 0.93751498125 0.738805559375 0.9412904078125001 0.7466986875 0.947117684375 0.746086215625 0.947801634375 0.7432510156250001 0.913904646875 0.420742728125 0.9113876968750001 0.41548064218749997 0.8953009906249999 0.2624258625 0.892784040625 0.257163778125 0.8784209093750001 0.120507721875 0.874645484375 0.1126145953125 0.8707606328124999 0.113022909375 0.86870878125 0.12152850781249999
0 0.9212910984375 0.154688275 0.9187741468749999 0.1494261890625 0.9124543703124999 0.0892975265625 0.9111958937500001 0.0866664828125 0.899541340625 0.0878914265625 0.898173440625 0.093561825 0.8923461640625 0.094174296875 0.8909782640625 0.0998446953125 0.8832085609375 0.100661325 0.8804727609375 0.1120021234375 0.8785303343749999 0.11220628125000001 0.877846384375 0.1150414796875 0.8864642625 0.1970351125 0.8889812140625001 0.20229719687499997 0.9090895953125001 0.393615675 0.911606546875 0.39887775937500003 0.912181071875 0.40434400156250005 0.9108131703125 0.4100144 0.9113876968750001 0.41548064218749997 0.913904646875 0.420742728125 0.9420563828124999 0.6885885953125 0.9445733328125 0.6938506796875 0.949169534375 0.7375806171875 0.9529449609375 0.7454737453125 0.9568298125 0.74506543125 0.9593467625000001 0.750327515625 0.9632316140625001 0.7499192015625 0.9657485640625 0.7551812859375 0.9735182671875 0.7543646578125001 0.9760352171875001 0.7596267421875 0.9779776437500001 0.759422584375 0.9786615937500001 0.7565873859375001 0.97934554375 0.7537521859375 0.9871152453125 0.7529355578125 0.9877991953124999 0.75010035625 0.9820539437500001 0.6954379359375 0.97953699375 0.6901758499999999 0.9496616828125 0.40593125781249995 0.9471447312500001 0.400669171875 0.9212910984375 0.154688275