0 0.1072581078125 0.13784221562500001 0.1106003828125 0.1356506078125 0.13147148749999998 0.1341911578125 0.1348137609375 0.1319995484375 0.1487278296875 0.1310265828125 0.15207010468749999 0.1288349734375 0.169462690625 0.12761876562500002 0.1728049640625 0.12542715625 0.19019755 0.1242109484375 0.193539825 0.1220193390625 0.2109324109375 0.12080313125 0.214274684375 0.11861152187499999 0.231667271875 0.11739531406249999 0.23500954531249998 0.1152037046875 0.248923615625 0.1142307390625 0.25226588906249997 0.1120391296875 0.269658475 0.11082292187500001 0.27300075 0.1086313125 0.290393334375 0.1074151046875 0.293735609375 0.1052234953125 0.3111281953125 0.10400728749999999 0.3144704703125 0.101815678125 0.3283845390625 0.10084271250000001 0.3317268125 0.098651103125 0.3491194 0.0974348953125 0.3524616734375 0.0952432859375 0.3698542609375 0.094027078125 0.373196534375 0.09183546875000001 0.3836320859375 0.09110574375 0.386974359375 0.0889141359375 0.40088842812500003 0.08794116874999999 0.404230703125 0.0857495609375 0.41466625468749996 0.0850198359375 0.418008528125 0.0828282265625 0.43540111562500006 0.08161201875 0.4387433890625 0.079420409375 0.45265745781250005 0.07844744375 0.4559997328125 0.076255834375 0.466435284375 0.075526109375 0.4697775578125 0.0733345 0.480213109375 0.072604775 0.48355538437499995 0.0704131671875 0.497469453125 0.0694402 0.500811728125 0.06724859062500001 0.5182043125 0.0660323828125 0.5215465874999999 0.0638407734375 0.5354606562499999 0.0628678078125 0.5388029296875 0.060676198437499995 0.552717 0.05970323281249999 0.5560592734375 0.057511623437500006 0.5769303781249999 0.0560521734375 0.5802726515625001 0.053860564062500005 0.6011437546875 0.05240111562500001 0.604486028125 0.05020950625 0.62883565 0.0485068140625 0.6324504109375 0.05021194062499999 0.6394074437499999 0.0497254578125 0.6484443453125001 0.05398827187500001 0.6485805890624999 0.0559366390625 0.6521953484375 0.0576417640625 0.6523315921874999 0.05959013125 0.6631758734375001 0.0647055078125 0.6633121156249999 0.066653875 0.6705416375000001 0.0700641265625 0.6706778812499999 0.07201249374999999 0.6779073999999999 0.0754227453125 0.6780436437499999 0.0773711125 0.6798510249999999 0.0782236765625 0.6833295406250001 0.07798043437499999 0.685000678125 0.0768846296875 0.6848644359375 0.07493626249999999 0.681249675 0.0732311375 0.6811134328125 0.07128276875 0.677498671875 0.06957764375 0.677362428125 0.0676292765625 0.67374766875 0.0659241515625 0.6734751812499999 0.062027415625000006 0.669860421875 0.060322290625 0.6697241796875 0.058373923437499996 0.6661094171874999 0.0566687984375 0.665973175 0.0547204296875 0.6623584140625 0.0530153046875 0.662222171875 0.0510669375 0.6586074109375 0.049361812500000005 0.65847116875 0.04741344375 0.65485640625 0.04570831875 0.6547201640625 0.043759951562499996 0.6511054046875 0.042054826562499995 0.6509691609375 0.040106459375 0.6437396390625 0.0366962078125 0.643603396875 0.034747840625 0.6399886359375 0.0330427140625 0.63985239375 0.031094346875 0.632622871875 0.0276840953125 0.6324866296875 0.025735728125000003 0.623449728125 0.0214729140625 0.5956215921875 0.023418846875 0.592279315625 0.025610456250000004 0.5714082125 0.027069906249999998 0.5680659390625 0.0292615140625 0.550673353125 0.0304777234375 0.547331078125 0.03266933125 0.5264599750000001 0.034128781250000004 0.5231177015624999 0.036320390625 0.502246596875 0.037779840625 0.4989043234375 0.0399714484375 0.4780332203125 0.0414308984375 0.4746909453125 0.0436225078125 0.4607768765625 0.044595475 0.457434603125 0.046787082812500005 0.4365635 0.0482465328125 0.43322122500000004 0.0504381421875 0.408871603125 0.0521408328125 0.4055293296875 0.054332442187499996 0.38813674531250003 0.05554865 0.38479446875 0.057740259375000005 0.363923365625 0.059199709375 0.3605810921875 0.0613913171875 0.3397099890625 0.0628507671875 0.336367715625 0.0650423765625 0.31549661093750003 0.0665018265625 0.3121543375 0.068693434375 0.291283234375 0.070152884375 0.287940959375 0.07234449375 0.2635913390625 0.07404718437499999 0.26024906406250004 0.07623879375 0.2324209265625 0.0781847265625 0.22907865312500003 0.0803763359375 0.211686065625 0.08159254375 0.2083437921875 0.08378415312500001 0.17703713593749998 0.085973328125 0.1736948625 0.0881649359375 0.1563022765625 0.08938114375 0.1529600015625 0.09157275312499999 0.125131865625 0.0935186859375 0.12178959062500001 0.0957102953125 0.1009184859375 0.0971697453125 0.09757621250000001 0.099361353125 0.0732265921875 0.10106404531249999 0.0698843171875 0.1032556546875 0.0629272828125 0.10374213750000001 0.057913871875 0.10702955 0.058050115624999996 0.10897791718750001 0.054707840625000004 0.11116952656250001 0.05511656875 0.117014628125 0.05692395 0.1178671921875 0.05873133125 0.1187197546875 0.059003817187499995 0.1226164890625 0.0662333375 0.12602674062500002 0.0663695796875 0.12797510781250002 0.0862507625 0.1373532984375 0.093207796875 0.136866815625 0.0968225578125 0.138571940625 0.1072581078125 0.13784221562500001
0 0.1508352796875 0.2111528828125 0.1541775546875 0.2089612734375 0.1750486578125 0.20750182343749998 0.17839093125 0.20531021562500001 0.1992620359375 0.203850765625 0.20260430937499999 0.20165915625 0.22347541406250002 0.20019970625 0.2268176875 0.1980080984375 0.247688790625 0.1965486484375 0.25103106406250003 0.1943570390625 0.2684236515625 0.19314083124999998 0.271765925 0.19094922187500002 0.2961155453125 0.18924653125 0.2994578203125 0.187054921875 0.31685040625 0.18583871406250002 0.32019268125 0.1836471046875 0.3410637828125 0.1821876546875 0.3444060578125 0.17999604687499998 0.3583201265625 0.1790230796875 0.36166240156249996 0.1768314703125 0.3790549875 0.17561526249999998 0.38239726093750004 0.17342365312500002 0.40674688124999997 0.1717209625 0.41008915625000003 0.169529353125 0.4274817421875 0.1683131453125 0.4308240171875 0.1661215359375 0.45169512031250003 0.1646620859375 0.4550373953125 0.16247047812499998 0.48286553125 0.1605245453125 0.4862078078125 0.1583329359375 0.5070789109375 0.1568734859375 0.510421184375 0.15468187656250001 0.5347708046874999 0.15297918593749998 0.5381130796875 0.1507875765625 0.5624627 0.1490848859375 0.5658049734375 0.1468932765625 0.5831975609375 0.14567706875 0.586539834375 0.14348545937499999 0.624803525 0.1408098015625 0.6281457984375 0.13861819375 0.631624315625 0.1383749515625 0.6352390765625 0.14008007656250002 0.63871759375 0.13983683593750001 0.658598775 0.14921502656250002 0.6587350187500001 0.15116339375 0.6605423984375001 0.15201595625 0.6709779515625 0.15128623125000001 0.6745927109375 0.1529913578125 0.6815497453125 0.152504875 0.6865631578125 0.1492174609375 0.6864269140625 0.14726909375 0.682812153125 0.14556396875 0.6945101124999999 0.1378933375 0.6981248718749999 0.13959846250000002 0.703138284375 0.1363110484375 0.7023208249999999 0.12462084531249999 0.7056631 0.12242923593749999 0.7048456421875 0.1107390328125 0.6958087390625 0.10647621874999999 0.694137603125 0.10757202343750001 0.694273846875 0.109520390625 0.690931571875 0.11171199999999999 0.6916127875 0.1214538359375 0.6952275484375 0.1231589609375 0.6953637921875 0.125107328125 0.6903503796875 0.1283947421875 0.688543 0.12754217968749998 0.687861784375 0.11780034218749999 0.6842470234375 0.1160952171875 0.68411078125 0.11414685 0.677017503125 0.11268496562500001 0.6803597765625 0.11049335625000001 0.6795423171875 0.098803153125 0.6759275578125 0.097098028125 0.67926983125 0.09490641875 0.6784523734375 0.083216215625 0.6748376125 0.0815110890625 0.6744288843749999 0.0756659875 0.6599698421875 0.068845484375 0.6598336 0.0668971171875 0.652604078125 0.063486865625 0.6524678359375 0.0615384984375 0.6452383140625 0.058128246875 0.6449658281249999 0.0542315125 0.6431584484374999 0.05337895 0.6396799296875 0.053622192187499994 0.6360651703125 0.051917065625 0.6221511015625001 0.0528900328125 0.6185363421875001 0.051184906249999995 0.608100790625 0.051914631249999996 0.604758515625 0.054106240625 0.590844446875 0.055079207812499996 0.587502171875 0.057270815625000006 0.56663106875 0.058730265625 0.5632887953125 0.060921875 0.5493747250000001 0.061894840625 0.5460324515625 0.06408644999999999 0.5321183828125 0.0650594171875 0.5287761078125001 0.06725102499999999 0.5044264875 0.0689537171875 0.5010842140625 0.07114532500000001 0.48717014531249997 0.0721182921875 0.48382787031249996 0.0743099015625 0.46991380156250007 0.0752828671875 0.46657152812499997 0.0774744765625 0.45265745781250005 0.07844744375 0.44931518437499995 0.0806390515625 0.43540111562500006 0.08161201875 0.43205884218749996 0.0838036265625 0.41466625468749996 0.0850198359375 0.4113239796875 0.08721144374999999 0.3974099109375 0.0881844109375 0.39406763749999996 0.0903760203125 0.38015356875 0.0913489859375 0.37681129375 0.0935405953125 0.3594187078125 0.094756803125 0.3560764328125 0.0969484125 0.3421623640625 0.097921378125 0.33882009062499996 0.1001129875 0.324906021875 0.10108595312499999 0.321563746875 0.1032775625 0.30069264375000004 0.1047370125 0.2973503703125 0.106928621875 0.2834363015625 0.1079015875 0.2800940265625 0.11009319687500001 0.26617995781250003 0.1110661640625 0.262837684375 0.113257771875 0.245445096875 0.11447397968749999 0.2421028234375 0.11666558906249999 0.2212317203125 0.1181250390625 0.21788944531249999 0.1203166484375 0.200496859375 0.12153285625000002 0.1971545859375 0.12372446562499999 0.17976199843750001 0.1249406734375 0.176419725 0.12713228125 0.1590271375 0.128348490625 0.15568486406249998 0.1305400984375 0.1417707953125 0.131513065625 0.1384285203125 0.133704675 0.12103593593749999 0.1349208828125 0.1176936609375 0.1371124921875 0.100301075 0.1383287 0.0969588015625 0.1405203078125 0.08652325 0.14125003281249998 0.0815098375 0.144537446875 0.0825997828125 0.160124384375 0.0792575078125 0.16231599375 0.0796662375 0.1681610953125 0.0763239640625 0.1703527046875 0.07673269218749999 0.17619780625 0.07339041874999999 0.178389415625 0.0757065515625 0.211511659375 0.07751393125 0.212364221875 0.07932131249999999 0.213216784375 0.0794575546875 0.2151651515625 0.08849445624999999 0.219427965625 0.0989300078125 0.21869824218749997 0.1022722828125 0.2165066328125 0.126621903125 0.21480394062500002 0.12996417656249998 0.21261233281249997 0.1508352796875 0.2111528828125
0 0.116386396875 0.268382825 0.119728671875 0.26619121562500003 0.1301642234375 0.265461490625 0.133506496875 0.26326988125 0.1752487046875 0.2603509828125 0.178590978125 0.2581593734375 0.1890265296875 0.2574296484375 0.19236880625 0.25523803906250003 0.2375895296875 0.2520758984375 0.240931803125 0.24988428906250001 0.2652814234375 0.24818159843749998 0.2686236984375 0.2459899890625 0.2964518359375 0.24404405625 0.299794109375 0.241852446875 0.32414373125 0.24014975624999998 0.3274860046875 0.237958146875 0.351835625 0.23625545625000002 0.3551779 0.23406384687499998 0.379527521875 0.23236115625 0.3828697953125 0.23016954687500002 0.407219415625 0.2284668546875 0.4105616890625 0.226275246875 0.43491131093749996 0.2245725546875 0.43825358437500006 0.22238094687499999 0.47303875624999997 0.21994852968749998 0.47638103125000003 0.2177569203125 0.5007306515625001 0.21605422968750002 0.5040729265625 0.21386262031249997 0.528422546875 0.2121599296875 0.531764821875 0.2099683203125 0.5561144421875001 0.2082656296875 0.559456715625 0.2060740203125 0.5872848546875 0.2041280875 0.590627128125 0.201936478125 0.6080197140625 0.2007202703125 0.6113619890625 0.1985286609375 0.628754575 0.197312453125 0.6320968484375 0.19512084375 0.6460109171874999 0.194147878125 0.6493531906250001 0.19195626875 0.65978874375 0.19122654375 0.6631310187499999 0.18903493437500002 0.666609534375 0.18879169375 0.6682806718750001 0.1876958890625 0.667054484375 0.1701605828125 0.6634397234375 0.1684554578125 0.66303099375 0.16261035625 0.659416234375 0.1609052296875 0.6591437484375 0.1570084953125 0.6555289875 0.15530337031250002 0.6553927453124999 0.153355003125 0.6517779828125 0.1516498765625 0.651641740625 0.14970150937499999 0.640797459375 0.1445861328125 0.640661215625 0.142637765625 0.6388538375 0.141785203125 0.6353753203125 0.14202844375 0.6317605578125 0.14032331874999998 0.603932421875 0.1422692515625 0.600590146875 0.1444608609375 0.5831975609375 0.14567706875 0.5798552859375 0.14786867812499999 0.5555056656249999 0.14957136875000002 0.5521633921875 0.151762978125 0.5243352531250001 0.1537089109375 0.5209929796874999 0.15590052031249998 0.50360039375 0.157116728125 0.5002581187499999 0.1593083375 0.47938701562499997 0.16076778593750002 0.4760447421875 0.1629593953125 0.448216603125 0.164905328125 0.44487432968749996 0.16709693750000001 0.424003225 0.1685563875 0.4206609515625 0.1707479953125 0.40674688124999997 0.1717209625 0.4034046078125 0.173912571875 0.38253350468749997 0.17537202031250002 0.37919123125 0.1775636296875 0.3583201265625 0.1790230796875 0.35497785312499996 0.1812146890625 0.33410675 0.18267413906250002 0.3307644765625 0.184865746875 0.3133718890625 0.1860819546875 0.31002961562500003 0.1882735640625 0.2891585125 0.1897330140625 0.2858162375 0.1919246234375 0.2684236515625 0.19314083124999998 0.265081378125 0.1953324390625 0.244210275 0.1967918890625 0.2408679984375 0.19898349843750002 0.22347541406250002 0.20019970625 0.2201331390625 0.20239131562499998 0.1992620359375 0.203850765625 0.19591976093750002 0.2060423734375 0.171570140625 0.207745065625 0.1682278671875 0.20993667500000002 0.14387824531249999 0.21163936562500002 0.140535971875 0.21383097499999998 0.1301004203125 0.2145607 0.126758146875 0.2167523078125 0.11284407656249999 0.217725275 0.10950180312499999 0.21991688437499998 0.0886306984375 0.221376334375 0.085288425 0.2235679421875 0.0748528734375 0.22429766718750002 0.07151060000000001 0.2264892765625 0.0610750484375 0.22721900156250002 0.059403910937500005 0.22831480625 0.0619925296875 0.265333784375 0.06379990937499999 0.266186346875 0.06560728906249999 0.26703890937499997 0.065879775 0.27093564375 0.06768715625 0.2717882078125 0.0711656734375 0.271544965625 0.07478043437500001 0.273250090625 0.0782589515625 0.27300684999999997 0.081601225 0.270815240625 0.116386396875 0.268382825
0 0.1635145265625 0.292497825 0.1668568 0.290306215625 0.187727903125 0.2888467671875 0.1910701765625 0.2866551578125 0.22585535 0.2842227421875 0.229197625 0.2820311328125 0.2570257609375 0.2800852 0.26036803750000004 0.277893590625 0.2881961734375 0.2759476578125 0.291538446875 0.2737560484375 0.3193665859375 0.271810115625 0.322708859375 0.26961850625 0.354015515625 0.26742933281250003 0.35735778906250004 0.26523772343749996 0.3817074109375 0.2635350328125 0.385049684375 0.2613434234375 0.41983485624999994 0.2589110078125 0.42317713125 0.25671939843749997 0.447526753125 0.25501670625 0.4508690265625 0.2528250984375 0.475218646875 0.25112240625000004 0.47856092187500004 0.248930796875 0.5098675765625 0.2467416234375 0.5132098515625 0.24455001406250002 0.5410379875 0.24260408125000002 0.5443802625 0.24041247187499998 0.5722084 0.23846653906249998 0.575550675 0.23627492968750002 0.5999002953125 0.23457223906250002 0.6032425703125 0.2323806296875 0.6275921906249999 0.2306779390625 0.630934465625 0.2284863296875 0.6587626015625 0.226540396875 0.6621048765624999 0.2243487875 0.69341153125 0.2221596140625 0.69675380625 0.21996800468750002 0.717624909375 0.2185085546875 0.720967184375 0.2163169453125 0.7279242171875 0.2158304625 0.731538978125 0.21753558750000002 0.7350174953125 0.21729234687500001 0.7440543953125001 0.2215551609375 0.7441906390625 0.22350352812500002 0.7568423015625 0.2294714671875 0.7603208171875 0.2292282265625 0.7729724796874999 0.23519616562499998 0.7731087234375 0.2371445328125 0.7785308640624999 0.239702221875 0.7820093796875 0.23945897968750002 0.7892389015625 0.24286923124999998 0.79271741875 0.24262599062499998 0.7977308296875 0.23933857656250002 0.79595966875 0.2140098015625 0.7941522875 0.2131572390625 0.790673771875 0.21340048125000002 0.7870590109375 0.2116953546875 0.7835804937499999 0.211938596875 0.7745435921875 0.2076757828125 0.7744073499999999 0.20572741562500002 0.749104028125 0.1937915359375 0.748967784375 0.19184316875000001 0.739930884375 0.1875803546875 0.736452365625 0.18782359531249998 0.7292228453125 0.18441334375000001 0.725744328125 0.1846565859375 0.7221295671875 0.1829514609375 0.71878729375 0.18514306875 0.6944376734375 0.1868457609375 0.6910953984375 0.18903736875 0.6702242953125 0.19049681875 0.666882021875 0.192688428125 0.6460109171874999 0.194147878125 0.64266864375 0.19633948750000002 0.621797540625 0.1977989359375 0.6184552671875 0.1999905453125 0.5975841625 0.20144999531250002 0.5942418875000001 0.20364160468749998 0.5698922671875 0.20534429531249998 0.56654999375 0.2075359046875 0.5352433375000001 0.20972507812500002 0.5319010640624999 0.21191668749999998 0.5040729265625 0.21386262031249997 0.5007306515625001 0.21605422968750002 0.4798595484375 0.2175136796875 0.47651727499999996 0.21970528749999998 0.45564617187499995 0.2211647375 0.452303896875 0.223356346875 0.41404020781249995 0.2260320046875 0.41069793125 0.22822361406249997 0.3863483109375 0.22992630468750003 0.3830060375 0.23211791406249999 0.3586564171875 0.2338206046875 0.3553141421875 0.2360122140625 0.3240074890625 0.23820138906250002 0.3206652125 0.2403929984375 0.28935855781250003 0.242582171875 0.286016284375 0.24477378125000002 0.2616666640625 0.24647647187500002 0.258324390625 0.24866808125 0.24788883906249998 0.24939780625000002 0.2445465625 0.251589415625 0.21323990781250002 0.25377859062499997 0.209897634375 0.2559701984375 0.1820694953125 0.25791613125 0.178727221875 0.260107740625 0.1543776015625 0.26181043125 0.151035328125 0.264002040625 0.1301642234375 0.265461490625 0.1268219484375 0.26765310000000003 0.102472328125 0.26935579062500004 0.0991300546875 0.2715474 0.071301915625 0.2734933328125 0.0679596421875 0.2756849421875 0.05056705625 0.27690115 0.04722478125 0.279092759375 0.0402677484375 0.27957924218749997 0.035254337499999996 0.2828666546875 0.03661676875 0.302350328125 0.038424146874999995 0.303202890625 0.04565366875 0.3066131421875 0.0769603234375 0.30442396718750003 0.0803025984375 0.302232359375 0.1081307359375 0.300286425 0.111473009375 0.2980948171875 0.1323441140625 0.2966353671875 0.1356863875 0.2944437578125 0.1635145265625 0.292497825
0 0.156348809375 0.339988365625 0.1596910828125 0.33779675625 0.20143329062499998 0.33487785625 0.20477556406250003 0.3326862484375 0.24651777031250002 0.3297673484375 0.24986004374999998 0.3275757390625 0.2811667 0.3253865640625 0.28450897343750003 0.32319495625 0.3227726640625 0.3205192984375 0.3261149375 0.31832768906250003 0.360900109375 0.3158952734375 0.3642423859375 0.3137036640625 0.3990275578125 0.3112712484375 0.40236983125 0.3090796390625 0.440633521875 0.30640398125 0.44397579531250003 0.304212371875 0.4787609671875 0.30177995625 0.48210324218749995 0.29958834687499997 0.5168884140625 0.29715593125 0.5202306890624999 0.294964321875 0.5584943796874999 0.2922886640625 0.5618366531250001 0.2900970546875 0.5966218249999999 0.2876646390625 0.5999640984375 0.2854730296875 0.6382277890625 0.282797371875 0.6415700625 0.28060576406250004 0.6659196828125 0.27890307187499996 0.6692619578125 0.2767114625 0.7144826828124999 0.273549321875 0.71782495625 0.2713577125 0.731739025 0.27038474687499997 0.7350812999999999 0.2681931375 0.755952403125 0.26673368750000004 0.7592946765625 0.2645420796875 0.7732087453125 0.26356911250000004 0.7748798828125001 0.2624733078125 0.7712651234375001 0.2607681828125 0.7711288796875 0.258819815625 0.774471153125 0.25662820625 0.7743349109375 0.25467983906249997 0.7707201515625 0.25297471250000003 0.7705839078125 0.2510263453125 0.77392618125 0.24883473750000001 0.7737899390625 0.2468863703125 0.7719825578124999 0.24603380625 0.7580684890625 0.24700677343750002 0.7544537296875 0.2453016484375 0.7509752109375001 0.2455448890625 0.7491678312500001 0.2446923265625 0.7482141296875 0.23105375625 0.74459936875 0.22934862968749997 0.7443268828125 0.22545189531249998 0.740712121875 0.2237467703125 0.7405758796875 0.221798403125 0.731538978125 0.21753558750000002 0.7280604609375 0.2177788296875 0.7244457 0.2160737046875 0.7211034265625 0.21826531249999997 0.7071893578124999 0.2192382796875 0.7038470828125 0.2214298890625 0.6760189453125001 0.223375821875 0.6726766703125 0.22556742968750002 0.644848534375 0.2275133640625 0.641506259375 0.229704971875 0.613678121875 0.2316509046875 0.6103358484375 0.2338425140625 0.582507709375 0.235788446875 0.5791654359375 0.23798005625 0.551337296875 0.23992598906249998 0.5479950234375 0.2421175984375 0.520166884375 0.24406353125 0.5168246109375 0.2462551390625 0.49595350624999995 0.24771458906250002 0.49261123281249997 0.2499061984375 0.4647830953125 0.25185213125 0.46144082031250006 0.254043740625 0.4336126828125 0.2559896734375 0.430270409375 0.25818128281249997 0.39548523593749996 0.2606136984375 0.3921429625 0.2628053078125 0.367793340625 0.2645079984375 0.3644510671875 0.2666996078125 0.3296658953125 0.2691320234375 0.32632362187499997 0.2713236328125 0.301974 0.2730263234375 0.298631725 0.2752179328125 0.26732507031249997 0.2774071078125 0.26398279687500004 0.279598715625 0.2361546578125 0.28154465 0.232812384375 0.2837362578125 0.2084627640625 0.28543894999999997 0.205120490625 0.2876305578125 0.1772923515625 0.28957649218750003 0.17395007812500002 0.2917681 0.14612193906249998 0.29371403281249997 0.142779665625 0.29590564218750004 0.11843004374999999 0.297608334375 0.11508777031249999 0.2997999421875 0.0872596328125 0.301745875 0.08391735781250001 0.303937484375 0.04565366875 0.3066131421875 0.0423113953125 0.3088047515625 0.0388328765625 0.3090479921875 0.033819465625 0.31233540625 0.0339557078125 0.3142837734375 0.030613434374999998 0.3164753828125 0.0322483515625 0.33985578906249997 0.0340557328125 0.34070835312500003 0.0358631125 0.341560915625 0.0362718421875 0.3474060171875 0.045308743750000005 0.35166883125 0.062701328125 0.3504526234375 0.066043603125 0.3482610140625 0.0973502578125 0.34607184062499996 0.10069253281249999 0.34388023125 0.156348809375 0.339988365625
0 0.1448871171875 0.37603194218749997 0.148229390625 0.37384033437499997 0.217799734375 0.3689755015625 0.2211420078125 0.3667838921875 0.2767982859375 0.3628920265625 0.28014055937500004 0.3607004171875 0.31492573125 0.3582680015625 0.3182680046875 0.3560763921875 0.3600102125 0.35315749375 0.3633524859375 0.350965884375 0.41553024531249994 0.347317259375 0.41887251875000003 0.34512565156249997 0.45713620937500005 0.34244999374999996 0.46047848281250003 0.340258384375 0.49874217343750005 0.3375827265625 0.502084446875 0.33539111718750003 0.5438266546875 0.3324722171875 0.547168928125 0.33028060937500003 0.5819541015625 0.3278481921875 0.585296375 0.325656584375 0.6270385828125 0.322737684375 0.6303808562500001 0.320546075 0.6616875125 0.31835690156249996 0.6650297859375 0.3161652921875 0.7067719921875 0.3132463921875 0.710114265625 0.311054784375 0.741420921875 0.308865609375 0.74503568125 0.310570734375 0.7485142 0.31032749375 0.752128959375 0.31203261875 0.7556074765624999 0.3117893765625 0.7628369984375001 0.315199628125 0.7663155140625 0.3149563875 0.7843893171875 0.323482015625 0.787867834375 0.3232387734375 0.79148259375 0.3249439 0.7949611125 0.3247006578125 0.798575871875 0.3264057828125 0.8055329062500001 0.32591929999999997 0.8091476671875 0.327624425 0.8300187703124999 0.3261649765625 0.8316899078125 0.325069171875 0.8311449359375 0.31727570156249996 0.834487209375 0.31508409375 0.8335335078125 0.301445521875 0.8368757812500001 0.2992539140625 0.8364670515625001 0.29340881093750004 0.8274301515625 0.289145996875 0.823951634375 0.2893892390625 0.8131073531249999 0.2842738625 0.8096288375 0.284517103125 0.7879402734375 0.27428635 0.78446175625 0.274529590625 0.770002715625 0.2677090890625 0.7456530953125 0.2694117796875 0.7423108187499999 0.2716033890625 0.693611578125 0.275008771875 0.6902693046875 0.27720038125 0.6693982015625 0.27865982968749997 0.6660559265625 0.2808514390625 0.634749271875 0.28304061406250003 0.631406996875 0.2852322234375 0.5896647890625 0.288151121875 0.586322515625 0.29034273125 0.55153734375 0.292775146875 0.5481950703125 0.29496675625 0.5168884140625 0.29715593125 0.513546140625 0.2993475390625 0.471803934375 0.3022664390625 0.46846165937500006 0.3044580484375 0.437155003125 0.3066472234375 0.4338127296875 0.30883883125 0.3990275578125 0.3112712484375 0.395685284375 0.31346285625000003 0.35742159375 0.31613851406250004 0.3540793203125 0.3183301234375 0.31233711249999996 0.3212490234375 0.3089948390625 0.32344063125 0.2811667 0.3253865640625 0.2778244265625 0.3275781734375 0.2395607359375 0.33025383124999996 0.23621846249999998 0.33244544062500003 0.184040703125 0.3360940640625 0.1806984296875 0.3382856734375 0.152870290625 0.34023160625000004 0.1495280171875 0.342423215625 0.12517839687500001 0.34412590625 0.121836121875 0.346317515625 0.1148790875 0.3468039984375 0.111264328125 0.3450988734375 0.0973502578125 0.34607184062499996 0.09400798437499999 0.3482634484375 0.05574429374999999 0.35093910625 0.0524020203125 0.353130715625 0.04196646875 0.353860440625 0.0386241953125 0.35605205 0.031667159375 0.35653853281250003 0.0299960234375 0.3576343375 0.031630940625 0.38101474375 0.0334383203125 0.3818673078125 0.040667840625 0.3852775578125 0.054581909375 0.3843045921875 0.0581966703125 0.3860097171875 0.08254629218750001 0.38430702656250004 0.085888565625 0.3821154171875 0.11023818593750001 0.3804127265625 0.1135804609375 0.3782211171875 0.1448871171875 0.37603194218749997
0 0.1467945203125 0.403309084375 0.19549376093749998 0.3999037015625 0.198836034375 0.39771209375 0.2405782421875 0.39479319375 0.243920515625 0.39260158437500003 0.2891412390625 0.38943944375 0.2924835140625 0.387247834375 0.33770423906249997 0.38408569375 0.3410465125 0.381894084375 0.3897457546875 0.3784887015625 0.393088028125 0.37629709375 0.4452657875 0.37264846875 0.44860806093749994 0.370456859375 0.4799147171875 0.3682676859375 0.483256990625 0.3660760765625 0.5180421640625 0.363643659375 0.5213844375 0.36145205156250004 0.5700836781249999 0.35804666875 0.573425953125 0.355855059375 0.6116896421875 0.3531794015625 0.615031915625 0.3509877921875 0.646338571875 0.34879861874999996 0.649680846875 0.346607009375 0.6670734328125 0.3453908015625 0.6706881921875001 0.3470959265625 0.68112374375 0.34636620156250003 0.68446601875 0.34417459375 0.7401222953125 0.3402827265625 0.7491591953125 0.344545540625 0.74943168125 0.34844227656250004 0.754853821875 0.3509999640625 0.7583323390625 0.35075672343750003 0.7619471 0.3524618484375 0.7723826515625001 0.35173212343750004 0.7759974125 0.35343725 0.796868515625 0.3519778 0.7985396515625001 0.35088199531250003 0.7971772203125 0.33139832187499996 0.7935624609375 0.329693196875 0.7934262171875 0.32774482968749996 0.7843893171875 0.323482015625 0.7809108 0.32372525625000004 0.7736812796875 0.32031500468749996 0.7702027625000001 0.320558246875 0.7629732406249999 0.3171479953125 0.7594947249999999 0.3173912375 0.74865044375 0.3122758609375 0.745171925 0.3125191015625 0.741557165625 0.3108139765625 0.724164578125 0.312030184375 0.7208223046875 0.31422179375 0.6929941671875001 0.3161677265625 0.6896518921875 0.3183593359375 0.6618237546875 0.32030526875 0.6584814796875 0.3224968765625 0.620217790625 0.325172534375 0.6168755171875 0.32736414375 0.5507836890625 0.331985734375 0.5474414140625 0.33417734375 0.5126562421874999 0.33660975937500004 0.50931396875 0.33880136875 0.5056992078125 0.3370962421875 0.5023569328125 0.3392878515625 0.46757176093749997 0.34172026875 0.46422948750000004 0.3439118765625 0.41553024531249994 0.347317259375 0.412187971875 0.34950886875 0.37392428125 0.3521845265625 0.3705820078125 0.3543761359375 0.33231831875 0.35705179375 0.32897604375 0.3592434015625 0.2941908703125 0.36167581875 0.290848596875 0.36386742656250004 0.24214935468749998 0.367272809375 0.23880708125 0.36946441874999997 0.1901078390625 0.3728698015625 0.186765565625 0.3750614109375 0.15198039375 0.37749382656249997 0.14863811875 0.37968543593750004 0.145023359375 0.377980309375 0.141681084375 0.38017191875 0.10341739531250001 0.3828475765625 0.10007512031250002 0.38503918593750003 0.0687684640625 0.3872283609375 0.065426190625 0.38941996875 0.051512121875000004 0.3903929359375 0.0481698484375 0.39258454375 0.04469133125 0.3928277859375 0.03967791875 0.3961152 0.0398141625 0.3980635671875 0.041621543750000004 0.3989161296875 0.0434289234375 0.3997686921875 0.043973896875 0.40756216093750003 0.053010796875 0.41182497500000004 0.08779596875 0.40939255937499996 0.0911382421875 0.40720095 0.0947530046875 0.4089060765625 0.1434522453125 0.40550069375 0.1467945203125 0.403309084375
0 0.1021825703125 0.4651654859375 0.10579733124999999 0.4668706109375 0.112754365625 0.46638412812499996 0.1160966390625 0.46419251875 0.175231434375 0.4600574125 0.17857370781249998 0.45786580312499997 0.2307514671875 0.45421717812500007 0.23409374062500002 0.45202557031249996 0.275835946875 0.4491066703125 0.27917822187499997 0.4469150609375 0.320920428125 0.44399616249999996 0.32426270156250003 0.441804553125 0.40079008125 0.4364532375 0.40413235625 0.43426162812499997 0.452831596875 0.4308562453125 0.4561738734375 0.4286646375 0.5118301484375001 0.42477277031250005 0.515172421875 0.42258116250000005 0.5708286984375001 0.4186892953125 0.574170971875 0.4164976875 0.60895614375 0.4140652703125 0.61229841875 0.4118736625 0.6888257984374999 0.406522346875 0.6921680718750001 0.40433073750000004 0.7547813828125001 0.3999523875 0.75839614375 0.4016575140625 0.7757887296875 0.40044130625 0.779131003125 0.398249696875 0.7826095203125 0.3980064546875 0.7842806578125 0.39691065000000003 0.782509496875 0.37158187656249997 0.77708735625 0.3690241875 0.770130321875 0.3695106703125 0.7665155625 0.3678055453125 0.7560800109375 0.3685352703125 0.75246525 0.36683014375 0.7455082156249999 0.367316628125 0.7418934546875 0.3656115015625 0.7349364203125 0.3660979859375 0.7313216609375 0.364392859375 0.7278431421875 0.36463610156250004 0.7242283828125 0.362930975 0.706835796875 0.36414718281249997 0.703493521875 0.3663387921875 0.6826224187500001 0.3677982421875 0.67928014375 0.3699898515625 0.6340594203125 0.3731519921875 0.630717146875 0.3753436015625 0.5889749390625 0.3782625 0.585632665625 0.380454109375 0.547368975 0.38312976718749997 0.5440267015625 0.3853213765625 0.5022844937500001 0.38824027499999997 0.49894221875 0.390431884375 0.46067852968749995 0.3931075421875 0.45733625624999996 0.3952991515625 0.41907256562499995 0.397974809375 0.4157302921875 0.40016641875000003 0.3774666015625 0.40284207656250004 0.374124328125 0.40503368437500004 0.3289036046875 0.40819582656250003 0.32556133125 0.410387434375 0.28034060625 0.4135495765625 0.27699833125 0.415741184375 0.22829909062499998 0.4191465671875 0.224956815625 0.4213381765625 0.19017164375 0.4237705921875 0.18682936875 0.42596220156250003 0.13117309375 0.4298540671875 0.12783081875 0.4320456765625 0.0860886125 0.4349645765625 0.0827463375 0.43715618437500003 0.061875234375 0.43861563437499995 0.056861821874999996 0.4419030484375 0.057679281250000006 0.4535932515625 0.059486662499999995 0.4544458140625 0.061294042187499995 0.4552983765625 0.062247743749999994 0.4689369484375 0.067669884375 0.4714946359375 0.07462691875000001 0.471008153125 0.07796919375 0.46881654375000004 0.0814477109375 0.468573303125 0.084789984375 0.46638169375 0.1021825703125 0.4651654859375
0 0.31989428750000004 0.47931001406249996 0.3232365609375 0.47711840624999996 0.39280690625000003 0.47225357343749996 0.39614918125 0.4700619640625 0.45876249218750004 0.465683615625 0.462104765625 0.46349200625 0.5351536265625 0.4583839328125 0.5384959015625 0.45619232343749994 0.59763069375 0.452057215625 0.6009729687500001 0.44986560625000005 0.6566292453125 0.44597374062500006 0.65997151875 0.44378213125 0.7295418640625 0.43891730000000007 0.7328841374999999 0.436725690625 0.7433196890625 0.435995965625 0.7466619640625 0.43380435625 0.7675330671875 0.4323449078125 0.7708753421875 0.4301532984375 0.788267928125 0.428937090625 0.7916102015625001 0.42674548124999995 0.7985672359375 0.42625899843750004 0.803580646875 0.42297158437500004 0.8022182156250001 0.4034879125 0.8004108359375 0.4026353484375 0.7969323187499999 0.40287859062500003 0.7933175578125 0.401173465625 0.779403490625 0.40214643125 0.7757887296875 0.40044130625 0.6714332125 0.4077385546875 0.6680909374999999 0.4099301640625 0.6193916953125 0.41333554531249994 0.616049421875 0.4155271546875 0.5569146296875 0.4196622625 0.5535723546875 0.42185387187499995 0.5013945953125 0.4255024953125 0.49805232187500004 0.42769410468749997 0.44587456249999996 0.4313427296875 0.4425322890625 0.4335343375 0.3938330484375 0.43693972031249995 0.3904907734375 0.4391313296875 0.34179153281249997 0.44253671250000004 0.3384492578125 0.4447283203125 0.2862715 0.44837694531250005 0.282929225 0.4505685546875 0.2342299828125 0.4539739375 0.230887709375 0.4561655453125 0.1682743984375 0.46054389531249995 0.164932125 0.4627355046875 0.0918832625 0.467843578125 0.08854098906249999 0.4700351875 0.067669884375 0.4714946359375 0.0626564734375 0.47478205000000007 0.0627927171875 0.4767304171875 0.059450442187499994 0.47892202656249994 0.0602679 0.4906122296875 0.0569256265625 0.49280383906249997 0.057470600000000004 0.5005973078125 0.0592779796875 0.5014498703125 0.06289273906250001 0.503154996875 0.0941993953125 0.500965821875 0.09754166875 0.4987742125 0.153197946875 0.494882346875 0.15654022031249998 0.4926907375 0.24698166875 0.48636645625 0.2503239421875 0.48417484687499995 0.31989428750000004 0.47931001406249996
0 0.1819711484375 0.6064282000000001 0.18531342343749999 0.604236590625 0.20618452656250003 0.602777140625 0.20952680156249998 0.6005855328124999 0.23387642187500002 0.598882840625 0.2372186953125 0.5966912328125 0.2580897984375 0.5952317828125 0.261432075 0.5930401734374999 0.282303178125 0.5915807234375 0.2856454515625 0.5893891140624999 0.3065165546875 0.587929665625 0.309858828125 0.5857380562500001 0.3307299328125 0.58427860625 0.33407220625 0.582086996875 0.358421828125 0.58038430625 0.3617641015625 0.578192696875 0.3791566875 0.5769764890625 0.38249896250000004 0.5747848796875 0.403370065625 0.57332543125 0.40671233906250004 0.571133821875 0.4380189953125 0.568944646875 0.44136126875 0.5667530375000001 0.46571089062500004 0.565050346875 0.4690531640625 0.5628587375 0.48644575 0.5616425296875 0.489788025 0.5594509203125 0.5141376453125 0.5577482296875 0.51747991875 0.5555566203125 0.538351021875 0.5540971703124999 0.541693296875 0.5519055625 0.56604291875 0.5502028703125 0.5693851921874999 0.5480112609375001 0.586777778125 0.546795053125 0.5901200515625 0.5446034453124999 0.614469671875 0.542900753125 0.6178119468750001 0.54070914375 0.63868305 0.5392496953125 0.6470387359374999 0.5337706718749999 0.6434239749999999 0.532065546875 0.6423340296875 0.5164786078125 0.6387192703125 0.5147734828125 0.6380380546875 0.505031646875 0.6326159140625001 0.5024739578124999 0.5700026031250001 0.5068523078125 0.5666603296875 0.5090439156250001 0.5353536734375 0.511233090625 0.5320114 0.5134247000000001 0.5111402968750001 0.51488415 0.507798021875 0.5170757578125 0.493883953125 0.518048725 0.49054167968750007 0.5202403328125 0.469670575 0.5216997828125 0.4663283015625 0.5238913921874999 0.4419786796875 0.5255940828125001 0.43863640625 0.5277856921875 0.4142867859375 0.529488384375 0.41094451249999997 0.5316799921875 0.393551925 0.5328962015625 0.3902096515625 0.535087809375 0.3658600296875 0.5367905015625001 0.36251775625 0.538982109375 0.3451251703125 0.54019831875 0.3417828953125 0.5423899265625 0.317433275 0.5440926187499999 0.31409100156249997 0.5462842265625001 0.2966984140625 0.5475004359375 0.293356140625 0.54969204375 0.27248503749999997 0.55115149375 0.26914276406250004 0.553343103125 0.24827166093750003 0.554802553125 0.244929384375 0.5569941609375 0.21710124843749998 0.55894009375 0.21375897500000002 0.5611317031249999 0.1894093515625 0.5628343953125 0.186067078125 0.5650260031250001 0.1617174578125 0.5667286953125 0.158375184375 0.568920303125 0.1444611140625 0.5698932703125 0.141118840625 0.5720848796875 0.1167692203125 0.5737875703124999 0.111755809375 0.577074984375 0.1127095109375 0.5907135546875 0.1163242703125 0.5924186812500001 0.11298199687499999 0.5946102890625 0.11478937656249999 0.595462853125 0.11659675781250001 0.596315415625 0.117277971875 0.6060572515625 0.12089273281249999 0.607762378125 0.12102897500000001 0.6097107453125 0.126451115625 0.6122684328125 0.15427925468749998 0.6103225 0.15762152812500002 0.608130890625 0.1819711484375 0.6064282000000001
0 0.143226290625 0.6522111796875001 0.146568565625 0.6500195703125 0.16743966875 0.6485601203125 0.1707819421875 0.6463685124999999 0.2020885984375 0.6441793375 0.20543087187500003 0.6419877281249999 0.24021604375 0.6395553125 0.24355831874999997 0.637363703125 0.2679079390625 0.6356610125 0.2712502125 0.633469403125 0.30255686875 0.631280228125 0.30589914218750003 0.6290886203125 0.3302487640625 0.627385928125 0.3335910375 0.62519431875 0.3753332453125 0.6222754203124999 0.37867551875 0.6200838109375 0.4030251390625 0.6183811203125 0.40636741406250004 0.6161895109375 0.44115258593749995 0.6137570953125 0.4444948609375 0.6115654859374999 0.4688444828125 0.60986279375 0.47218675625 0.6076711859375 0.506971928125 0.6052387687499999 0.5103142015625 0.6030471609375 0.5416208578124999 0.6008579859375 0.5449631312500001 0.5986663765625 0.5762697859375 0.5964772015625 0.5796120609375001 0.59428559375 0.600483165625 0.59282614375 0.6038254390625 0.590634534375 0.628175059375 0.58893184375 0.6315173328125 0.586740234375 0.6523884359375 0.585280784375 0.6557307109375 0.583089175 0.687037365625 0.5809000015625 0.690379640625 0.5787083921875 0.7356003640625 0.5755462515625 0.7389426390625 0.5733546421875 0.7424211546875 0.5731113999999999 0.7691593484375 0.5555785296875 0.7726378656249999 0.5553352874999999 0.7926915109375 0.542185634375 0.7961700296875 0.5419423921875001 0.8011834406249999 0.5386549796875 0.8007747109375 0.5328098781249999 0.804116984375 0.53061826875 0.8023458234374999 0.50528949375 0.7987310640625 0.50358436875 0.798594821875 0.5016360015625 0.796787440625 0.5007834375 0.7898304046875 0.501269921875 0.7864881312499999 0.5034615296875 0.7690955453125 0.5046777390625 0.765753271875 0.5068693468750001 0.75531771875 0.507599071875 0.7519754453124999 0.5097906812499999 0.7450184109375 0.5102771640625 0.7416761375 0.5124687734375 0.7347191015625001 0.5129552562499999 0.7313768281249999 0.515146865625 0.72441979375 0.5156333484375 0.7210775203125 0.5178249578125 0.7106419671875 0.5185546828125001 0.70729969375 0.520746290625 0.7038211765625 0.5209895328124999 0.7004789015624999 0.5231811421875 0.6970003859375 0.5234243828125 0.6936581109375 0.5256159921875 0.69017959375 0.525859234375 0.6868373203125 0.5280508421875 0.6833588015625 0.5282940843749999 0.6766742546875 0.5326773015625 0.6731957359375 0.53292054375 0.6698534625 0.5351121531249999 0.6594179109375 0.5358418781250001 0.6560756375000001 0.5380334859375 0.63868305 0.5392496953125 0.6353407765625 0.5414413031249999 0.61099115625 0.5431439953125 0.60764888125 0.5453356046875 0.57982074375 0.5472815375 0.5764784703125 0.5494731453125 0.555607365625 0.5509325953124999 0.552265090625 0.5531242046875 0.5348725062499999 0.5543404125 0.5315302328125 0.5565320218750001 0.507180609375 0.5582347125 0.5038383359374999 0.560426321875 0.47948871562499995 0.5621290125 0.476146440625 0.564320621875 0.4552753375 0.565780071875 0.4519330640625 0.56797168125 0.431061959375 0.5694311296875 0.4277196859375 0.5716227390624999 0.399891546875 0.573568671875 0.3965492734375 0.57576028125 0.3791566875 0.5769764890625 0.3758144140625 0.5791680984375 0.35146479375 0.5808707890625 0.34812251875 0.5830623984375001 0.3307299328125 0.58427860625 0.327387659375 0.586470215625 0.3030380375 0.58817290625 0.2996957640625 0.5903645156249999 0.26838910781249997 0.592553690625 0.265046834375 0.5947452984375 0.24765424687499998 0.5959615078125 0.24431197343750002 0.598153115625 0.2234408703125 0.599612565625 0.220098596875 0.601804175 0.202706009375 0.6030203828125 0.1993637359375 0.6052119921875 0.1819711484375 0.6064282000000001 0.178628875 0.608619809375 0.175014115625 0.6069146828124999 0.17167184062500002 0.6091062921875 0.13340815156250002 0.61178195 0.1316007703125 0.6109293874999999 0.131464528125 0.6089810203125 0.1364779390625 0.60569360625 0.1399564546875 0.605450365625 0.14357121718750002 0.6071554906250001 0.160963803125 0.6059392828125 0.16263493906249998 0.6048434781250001 0.16249869687500001 0.6028951109375 0.16069131718750002 0.6020425484375 0.1398202125 0.6035019968750001 0.1380128328125 0.602649434375 0.137604103125 0.5968043328125 0.1303745828125 0.59339408125 0.12982960937500002 0.5856006125000001 0.12621485 0.5838954859375 0.1260786078125 0.5819471187499999 0.1277497453125 0.580851315625 0.1312282609375 0.5806080734375 0.1362416734375 0.577320659375 0.1344342921875 0.576468096875 0.11704170625000002 0.5776843046875 0.11537056875 0.578780109375 0.11550681249999999 0.5807284765625 0.11912157187500001 0.5824336031249999 0.119257815625 0.5843819703124999 0.1159155421875 0.586573578125 0.1171417296875 0.604108884375 0.1207564890625 0.605814009375 0.12089273281249999 0.607762378125 0.128122253125 0.6111726281250001 0.128258496875 0.6131209953125001 0.126587359375 0.6142168 0.1231088421875 0.6144600421875 0.11475315781249999 0.6199390640625 0.115706859375 0.6335776359375 0.1175142390625 0.6344301984375 0.11932161875 0.6352827609375 0.1197303484375 0.6411278625 0.12334510781250001 0.6428329890625 0.12361759531250001 0.6467297234375 0.12723235625 0.6484348484375 0.1273686 0.650383215625 0.13279074062500001 0.6529409046875 0.143226290625 0.6522111796875001
0 0.194241665625 0.681928040625 0.1975839390625 0.67973643125 0.239326146875 0.6768175328125 0.24266842031250002 0.6746259234374999 0.2844106265625 0.6717070234375 0.287752903125 0.669515415625 0.3260165921875 0.6668397578125 0.329358865625 0.6646481484375 0.357187003125 0.662702215625 0.360529278125 0.66051060625 0.3987929671875 0.6578349484375 0.4021352421875 0.6556433390625 0.44039893125 0.65296768125 0.44374120625 0.6507760734375 0.47852637812500004 0.64834365625 0.4818686515625 0.6461520484375 0.5201323421875 0.643476390625 0.523474615625 0.64128478125 0.5860879265625 0.63690643125 0.5894302 0.6347148234375 0.6172583390625 0.632768890625 0.6206006125 0.63057728125 0.6553857843750001 0.628144865625 0.658728059375 0.62595325625 0.700470265625 0.62303435625 0.703812540625 0.6208427484375 0.735119196875 0.6186535734375 0.7384614703125 0.6164619640625 0.745418503125 0.61597548125 0.7604587375 0.6061132406249999 0.76032249375 0.6041648734375 0.7703493171875 0.597590046875 0.7702130734375 0.5956416796874999 0.7802398968750001 0.5890668531250001 0.7801036531250001 0.5871184859375 0.790130475 0.580543659375 0.7899942328125 0.5785952921875 0.79667878125 0.5742120734375 0.7965425374999999 0.57226370625 0.8032270875 0.5678804890625 0.8015921703125001 0.54450008125 0.7997847890625 0.5436475187500001 0.792827753125 0.5441340015625 0.78614320625 0.54851721875 0.7826646875 0.5487604609375001 0.7458996734375 0.572868159375 0.7424211546875 0.5731113999999999 0.73907888125 0.575303009375 0.7251648125 0.5762759765625 0.7218225390625 0.578467584375 0.6835588484375 0.5811432421875 0.680216575 0.5833348515625 0.6558669546875 0.58503754375 0.6525246796874999 0.5872291515625 0.6212180234375 0.5894183265625 0.61787575 0.5916099359375 0.597004646875 0.5930693859375 0.5936623734375 0.59526099375 0.565834234375 0.5972069265625 0.5624919609375 0.5993985359375 0.538142340625 0.6011012265625 0.5348000671875 0.6032928359375 0.489579340625 0.606454978125 0.48623706718750004 0.6086465859375 0.4549304125 0.6108357609375 0.4515881390625 0.6130273703125 0.42723851875 0.6147300609374999 0.4238962421875 0.6169216703125 0.39606810625 0.618867603125 0.39272583125 0.6210592125 0.36489769375000003 0.6230051453125001 0.3615554203125 0.625196753125 0.32329172968750003 0.6278724109375 0.31994945625 0.6300640203125 0.2886428 0.6322531953125 0.2853005265625 0.6344448046875 0.2574723875 0.6363907375 0.25413011406249997 0.6385823453125 0.22282345937499998 0.6407715203125 0.21948118437500003 0.6429631296875 0.18121749375 0.6456387875 0.1778752203125 0.647830396875 0.146568565625 0.6500195703125 0.143226290625 0.6522111796875001 0.13279074062500001 0.6529409046875 0.127777328125 0.6562283171875001 0.128049815625 0.660125053125 0.12985719375 0.660977615625 0.131664575 0.661830178125 0.132209546875 0.669623646875 0.1358243078125 0.6713287734375 0.136505521875 0.6810706093750001 0.1401202828125 0.682775734375 0.14025652500000002 0.684724103125 0.14206390625 0.685576665625 0.194241665625 0.681928040625
0 0.38719503125 0.691930159375 0.39053730625 0.6897385500000001 0.43923654687499997 0.6863331671874999 0.4425788203125 0.6841415578125 0.4808425109375 0.6814659 0.484184784375 0.6792742921875 0.5328840265625 0.675868909375 0.5362262999999999 0.6736773 0.5849255421875 0.6702719171875 0.5882678171875 0.6680803078124999 0.6439240921875 0.6641884421875 0.647266365625 0.661996834375 0.6994441250000001 0.6583482093749999 0.7027863984375 0.6561566 0.7619211921875 0.6520214921874999 0.7652634671875 0.649829884375 0.8174412249999999 0.646181259375 0.8207834999999999 0.6439896515625 0.824262015625 0.643746409375 0.8359599765624999 0.636075778125 0.8358237328125 0.6341274109375 0.8391660078125 0.6319358015625001 0.8390297656250001 0.629987434375 0.8423720390625 0.627795825 0.8422357953124999 0.6258474578125 0.8455780687500001 0.62365585 0.8454418265625 0.6217074828125 0.8487840999999999 0.6195158734375 0.84864785625 0.61756750625 0.85199013125 0.615375896875 0.8518538890625 0.6134275296875 0.8585384359375 0.6090443125 0.8584021937499999 0.6070959453125 0.8617444687500001 0.6049043359375 0.861608225 0.60295596875 0.8649504984374999 0.6007643593750001 0.8648142562500001 0.5988159921875 0.8714988046875 0.594432775 0.8713625609375001 0.5924844078125 0.874704834375 0.5902927984375 0.8745685921874999 0.58834443125 0.8779108656249999 0.5861528218750001 0.877774621875 0.5842044546875 0.8811168953124999 0.5820128453125 0.880844409375 0.5781161109374999 0.8841866843749999 0.575924503125 0.8832329828125 0.56228593125 0.8796182218749999 0.5605808062500001 0.8793457359374999 0.556684071875 0.87753835625 0.5558315078125 0.8671028046875 0.5565612328125 0.86376053125 0.5587528421875 0.8428894265625001 0.5602122921875 0.8395471515624999 0.5624039 0.8186760484375 0.56386335 0.815333775 0.5660549593749999 0.8083767390625001 0.5665414421875 0.8067056031250001 0.5676372468750001 0.806841846875 0.5695856140625 0.805170709375 0.57068141875 0.8016921921875 0.5709246609374999 0.79667878125 0.5742120734375 0.796815025 0.576160440625 0.790130475 0.580543659375 0.79026671875 0.5824920265625 0.776897621875 0.5912584625 0.777033865625 0.5932068296875 0.76700704375 0.59978165625 0.7671432859375 0.6017300234375 0.7571164640625 0.60830485 0.75725270625 0.6102532171874999 0.748897021875 0.6157322390625 0.745418503125 0.61597548125 0.7420762296875 0.618167090625 0.7246836453125 0.6193832984375 0.72134136875 0.62157490625 0.68307768125 0.6242505640625 0.6797354046875 0.6264421734375001 0.641471715625 0.62911783125 0.6381294421875 0.631309440625 0.6103013046875 0.6332553734374999 0.6069590296875 0.6354469828125 0.5652168234375 0.63836588125 0.56187455 0.640557490625 0.5131753078125 0.6439628734375 0.5098330328125 0.6461544828125 0.464612309375 0.6493166234375 0.461270034375 0.6515082328124999 0.4264848625 0.6539406484375 0.4231425890625 0.6561322578125 0.3918359328125 0.65832143125 0.388493659375 0.6605130406249999 0.3606655203125 0.6624589734375 0.357323246875 0.6646505828125 0.322538075 0.6670829984375 0.31919580000000003 0.6692746078125 0.298324696875 0.6707340578125 0.294982421875 0.6729256671875 0.26019725 0.6753580828125 0.2568549765625 0.6775496921874999 0.20467721718749998 0.681198315625 0.20133494375 0.683389925 0.15611421875 0.686552065625 0.15277194375 0.688743675 0.145814909375 0.6892301578125 0.1441437734375 0.6903259625 0.145642446875 0.711758003125 0.1474498265625 0.712610565625 0.1510645875 0.714315690625 0.1962853125 0.7111535499999999 0.19962758593750002 0.708961940625 0.2518053453125 0.7053133171875 0.25514761875 0.7031217078124999 0.3142824125 0.6989866 0.3176246859375 0.6967949921875001 0.38719503125 0.691930159375
0 0.3414931390625 0.738199621875 0.4145420015625 0.7330915484375 0.417884275 0.7308999390625 0.4561479640625 0.7282242812499999 0.4594902390625 0.726032671875 0.5047109625 0.72287053125 0.5080532359375 0.720678921875 0.5637095125 0.71678705625 0.5670517875 0.714595446875 0.6227080640625 0.71070358125 0.6260503374999999 0.7085119718749999 0.6747495796874999 0.705106590625 0.678091853125 0.70291498125 0.7337481296874999 0.699023115625 0.7370904031250001 0.69683150625 0.7405689203125 0.6965882640625 0.7455823328125 0.6933008515625 0.7454460890625 0.6913524843750001 0.7487883625 0.689160875 0.7485158765625 0.685264140625 0.75185815 0.68307253125 0.7517219078124999 0.6811241640625 0.7550641812500001 0.6789325546875 0.7549279375 0.6769841875 0.7582702125 0.6747925796875001 0.7581339703125 0.6728442125 0.76147624375 0.670652603125 0.7612037578125 0.6667558687499999 0.76454603125 0.664564259375 0.7644097875 0.6626158921874999 0.7677520624999999 0.6604242828125 0.7676158203125001 0.658475915625 0.77095809375 0.6562843078125 0.77082185 0.6543359390625 0.765399709375 0.6517782515625 0.7201789859375001 0.6549403921875 0.7168367124999999 0.6571320015625 0.6611804359375 0.6610238671875 0.6578381609374999 0.6632154765625 0.5917463328125 0.6678370671875 0.588404059375 0.6700286765625 0.546661853125 0.672947575 0.543319578125 0.675139184375 0.49809885468750004 0.678301325 0.4947565796875 0.6804929343749999 0.4460573390625 0.6838983171875 0.44271506406250005 0.6860899265625 0.407929890625 0.6885223421875 0.4045876171875 0.6907139515625 0.3489313421875 0.6946058171875 0.34558906875 0.696797425 0.34197430624999997 0.6950923 0.3386320328125 0.6972839093750001 0.276018721875 0.7016622578125 0.2726764484375 0.7038538671875 0.22049868906249998 0.7075024921875 0.21715641562500002 0.7096941 0.15454310468750002 0.71407245 0.14952969375 0.7173598625000001 0.15075588125 0.7348951687499999 0.14741360781249999 0.737086778125 0.14768609375 0.7409835124999999 0.14434381875 0.7431751203125 0.1444800625 0.7451234875 0.14113778906250002 0.747315096875 0.14127403125 0.7492634640625 0.1379317578125 0.7514550734375 0.13806800156250001 0.753403440625 0.134725728125 0.7555950499999999 0.1349982140625 0.759491784375 0.1368055921875 0.760344346875 0.17854779999999998 0.757425446875 0.18189007343750002 0.7552338390625 0.23754635156249998 0.751341971875 0.24088862500000002 0.7491503640625 0.289587865625 0.74574498125 0.292930140625 0.743553371875 0.3381508640625 0.7403912312500001 0.3414931390625 0.738199621875
0 0.2254672453125 0.8285445046875 0.22908200625 0.8302496312500001 0.46562117968749994 0.8137092000000001 0.46896345312500004 0.8115175906250001 0.5594049015625 0.805193309375 0.5630196625 0.806898434375 0.5734552140625 0.8061687093750001 0.5767974875 0.8039771015625 0.5837545234375 0.8034906171875 0.5873692828125 0.80519574375 0.6291114906249999 0.80227684375 0.6324537640625 0.8000852343749999 0.7924655578124999 0.7888961203125 0.79747896875 0.7856087078125 0.7972064828125001 0.781711971875 0.8005487562500001 0.7795203640625 0.8004125125 0.777571996875 0.8037547875 0.7753803875 0.8036185437500001 0.7734320203125 0.80696081875 0.7712404109375 0.8066883328125 0.7673436765625 0.81003060625 0.7651520671875 0.8096218765625001 0.759306965625 0.81296415 0.7571153578125001 0.8126916640624999 0.753218621875 0.8160339390625 0.7510270140624999 0.8156252109375 0.7451819109375 0.818967484375 0.742990303125 0.8185587546875001 0.7371452015625 0.821901028125 0.7349535921875 0.8217647843749999 0.733005225 0.8317916078125001 0.7264303984375 0.8316553640625 0.72448203125 0.8349976375000001 0.722290421875 0.8348613953124999 0.7203420546875 0.8448882187500001 0.713767228125 0.8447519765625 0.7118188609375 0.8480942499999999 0.7096272515625001 0.8464593328125 0.68624684375 0.842844571875 0.68454171875 0.8418908703125 0.670903146875 0.838276109375 0.669198021875 0.8370499203125 0.651662715625 0.8334351609375 0.6499575906249999 0.833162675 0.64606085625 0.8313552937500001 0.64520829375 0.8000486390624999 0.6473974671875 0.796706365625 0.6495890765625 0.7862708140625 0.6503188015625 0.7795862640625 0.65470201875 0.7761077484375 0.6549452609374999 0.774436609375 0.656041065625 0.774572853125 0.6579894328125 0.7712305796875001 0.6601810421875001 0.7715030656249999 0.6640777765625 0.76147624375 0.670652603125 0.7616124859375 0.6726009703125 0.7582702125 0.6747925796875001 0.7585426984375 0.6786893140625 0.75185815 0.68307253125 0.75199439375 0.6850208984374999 0.7486521203125001 0.6872125078125 0.74892460625 0.6911092421875 0.7455823328125 0.6933008515625 0.7457185749999999 0.69524921875 0.7407051640625 0.69853663125 0.705919990625 0.7009690484375 0.7025777171875001 0.70316065625 0.660835509375 0.70607955625 0.6574932359375001 0.708271165625 0.587922890625 0.7131359984375 0.584580615625 0.71532760625 0.532402859375 0.71897623125 0.5290605828125 0.721167840625 0.47688282656250003 0.7248164640625 0.47354054999999995 0.7270080734375 0.424841309375 0.73041345625 0.421499034375 0.7326050640624999 0.37627831093749997 0.73576720625 0.37293603750000004 0.7379588140625 0.334672346875 0.740634471875 0.3313300734375 0.7428260812499999 0.2687167625 0.7472044312499999 0.26537448750000003 0.7493960390625001 0.188847109375 0.7547473546875 0.185504834375 0.7569389640625 0.1368055921875 0.760344346875 0.13346331875 0.76253595625 0.129984803125 0.7627791968750001 0.11494456875 0.7726414375 0.11508081249999999 0.7745898046875 0.0783157953125 0.798697503125 0.07858828125 0.8025942374999999 0.0752460078125 0.804785846875 0.0756547375 0.8106309484375 0.07746211875 0.8114835109375 0.079269496875 0.8123360734375 0.0809044140625 0.8357164812500001 0.0863265546875 0.8382741703125 0.194160590625 0.8307336796874999 0.19777535 0.8324388046875001 0.218646453125 0.8309793546875 0.22198872656250002 0.828787746875 0.2254672453125 0.8285445046875