0 0.0641006015625 0.8088627015625001 0.0626517828125 0.8051378015624999 0.065563571875 0.7844193453125 0.064114753125 0.780694446875 0.0660559453125 0.76688214375 0.06460712656249999 0.76315724375 0.0670336171875 0.7458918640625 0.06558479843750001 0.7421669671875 0.06801128906250001 0.7249015859375 0.0665624703125 0.7211766859375001 0.0689889609375 0.70391130625 0.0675401421875 0.7001864078125 0.0699666328125 0.682921028125 0.0685178140625 0.6791961296875 0.07045900625 0.6653838234375 0.0690101875 0.6616589265624999 0.071436678125 0.6443935468750001 0.069987859375 0.640668646875 0.07241435 0.6234032671875 0.07096553125 0.6196783671875 0.073392021875 0.6024129874999999 0.071943203125 0.5986880890624999 0.07388439531249999 0.584875784375 0.0724355765625 0.5811508859375001 0.0748620671875 0.56388550625 0.0734132484375 0.5601606078125 0.0758397390625 0.5428952265625 0.0743909203125 0.539170328125 0.075846815625 0.5288111 0.07439799531249999 0.5250862015625 0.0763391890625 0.5112738984375 0.0748903703125 0.5075489984375 0.0763462640625 0.4971897703125 0.0748974453125 0.493464871875 0.0773239359375 0.476199490625 0.0758751171875 0.47247459375 0.077816309375 0.45866228906249995 0.076367490625 0.4549373890625 0.0778233859375 0.4445781609375 0.076374565625 0.4408532640625 0.0778304609375 0.430494034375 0.0763816421875 0.4267691375 0.078322834375 0.41295683125 0.076874015625 0.4092319328125 0.07930050625 0.3919665546875 0.0778516875 0.3882416546875 0.0797928796875 0.37442935 0.0783440609375 0.370704453125 0.080285253125 0.35689214687500004 0.078836434375 0.3531672484375 0.0817482234375 0.3324487921875 0.08029940468749999 0.32872389375 0.08321119375 0.3080054375 0.081762375 0.30428053906249997 0.0851594625 0.28010900625 0.08757887812500001 0.276927753125 0.0885494734375 0.2700216015625 0.0945980125 0.2620684671875 0.0965321296875 0.2623402890625 0.0989515453125 0.2591590359375 0.1008856625 0.2594308578125 0.108143909375 0.249887096875 0.11007802656250001 0.2501589203125 0.11491685781250001 0.2437964125 0.116850975 0.24406823437499997 0.12168980625 0.237705728125 0.12362392343749999 0.23797755 0.12483363125 0.2363869234375 0.1253189296875 0.2329338484375 0.1245945203125 0.2310713984375 0.1226604015625 0.23079957499999998 0.12024098750000001 0.23398082812499998 0.1183068703125 0.23370900625000002 0.115887453125 0.2368902609375 0.11395333593750001 0.2366184390625 0.111533921875 0.2397996921875 0.1076656859375 0.23925604687500002 0.1052462703125 0.24243730000000002 0.103312153125 0.2421654765625 0.10089273750000001 0.24534673125 0.0989586203125 0.24507490937499998 0.0965392046875 0.24825616250000002 0.09460508749999999 0.24798434062500002 0.092185671875 0.25116559375 0.0902515546875 0.2508937703125 0.08783213906250001 0.254075025 0.085898021875 0.25380320312500004 0.08347860625 0.25698445625 0.0815444890625 0.256712634375 0.07670565781250001 0.2630751421875 0.074771540625 0.26280331874999996 0.072352125 0.265984571875 0.0704180078125 0.26571275 0.0655791765625 0.27207525781249997 0.06364505937500001 0.271803434375 0.057596520312499996 0.27975656875 0.0537141359375 0.30738117656249997 0.0551629546875 0.3111060765625 0.052251165625 0.3318245328125 0.053699984374999996 0.33554943125 0.051273493749999996 0.352814809375 0.0527223125 0.356539709375 0.0498105234375 0.377258165625 0.0512593421875 0.3809830640625 0.048347553125 0.4017015203125 0.0497963734375 0.40542641875 0.0468845828125 0.426144875 0.048333403125 0.42986977499999995 0.046392209375 0.44368207968749995 0.047841029687499995 0.4474069765625 0.044929240625 0.468125434375 0.046378059375 0.47185033125000003 0.042980971875 0.49602186562500006 0.044429790625 0.49974676406249996 0.0420033 0.5170121437499999 0.043452118750000004 0.5207370421874999 0.0405403296875 0.5414555 0.0419891484375 0.545180396875 0.039077359374999995 0.5658988546875 0.040526178125 0.5696237515625 0.037614389062499996 0.5903422093749999 0.039063209375000005 0.59406710625 0.0361514203125 0.6147855640625 0.0376002390625 0.6185104625 0.0342031515625 0.6426819953125 0.035651970312499996 0.6464068937499999 0.031769584375 0.6740315031249999 0.0332184046875 0.6777564 0.0307919125 0.69502178125 0.0322407328125 0.6987466796875 0.0278730484375 0.7298243640625001 0.0293218671875 0.7335492625 0.0268953765625 0.75081464375 0.028344195312499997 0.7545395421875 0.024461810937500002 0.7821641500000001 0.0259106296875 0.7858890484375001 0.022998840625 0.80660750625 0.024447659375 0.8103324031250001 0.021050571875 0.8345039359375 0.022499390624999997 0.8382288359375 0.021528795312499998 0.8451349875 0.0237020234375 0.8507223343750001 0.025636140624999998 0.8509941578125 0.027084959375000002 0.8547190562500001 0.0328873125 0.8555345234375 0.0340970203125 0.8539438968749999 0.035306728125 0.85235326875 0.0391749625 0.8528969140625 0.0440137921875 0.8465344078125 0.0459479109375 0.8468062312500001 0.05925469531250001 0.829309334375 0.0602252921875 0.8224031828125 0.0626447078125 0.819221928125 0.0641006015625 0.8088627015625001
0 0.1448694578125 0.7814799406249999 0.1434206390625 0.7777550421874999 0.146332428125 0.7570365859375 0.144883609375 0.7533116875 0.1477953984375 0.7325932296875 0.14634657812500002 0.72886833125 0.14925836875 0.7081498749999999 0.1478095484375 0.7044249765624999 0.1507213375 0.6837065203125 0.14927251875 0.679981621875 0.151699009375 0.662716240625 0.150250190625 0.6589913421875 0.153647278125 0.6348198109375 0.152198459375 0.6310949109374999 0.15462495 0.6138295312500001 0.15317613125 0.6101046328125 0.15608792031250002 0.5893861765625 0.1546391015625 0.585661278125 0.15658029375 0.5718489734375 0.155131475 0.568124075 0.157557965625 0.55085869375 0.156109146875 0.5471337968750001 0.1595062328125 0.5229622640625 0.1580574140625 0.5192373640625 0.1604839046875 0.501971984375 0.1590350859375 0.4982470859375 0.161946875 0.47752862812499997 0.16049805625 0.47380373125 0.1643804421875 0.4461791234375 0.1629316234375 0.4424542234375 0.1658434125 0.4217357671875 0.16439459218750002 0.41801086875 0.1677916796875 0.3938393359375 0.1663428609375 0.39011443749999997 0.1697399484375 0.3659429046875 0.16829112968749999 0.36221800625 0.17071762031249998 0.344952625 0.1692688015625 0.341227728125 0.17460708125 0.303243890625 0.1731582625 0.2995189921875 0.1736435609375 0.296065915625 0.1760629765625 0.2928846609375 0.1765482734375 0.28943158593749996 0.189855059375 0.2719346921875 0.1917891765625 0.27220651406249996 0.19299888437499998 0.2706158875 0.1944547796875 0.26025665781249996 0.1968741953125 0.2570754046875 0.197844790625 0.250169253125 0.1956715625 0.24458190468750002 0.19373744531249998 0.2443100828125 0.1913180296875 0.2474913375 0.1862471625 0.2344541921875 0.188666578125 0.2312729390625 0.18649335 0.22568559062500002 0.17488864531249998 0.22405465625 0.1734398265625 0.22032975625 0.161835121875 0.21869882187499998 0.1557865828125 0.22665195625 0.15651099375 0.2285144046875 0.1584451109375 0.22878622656249997 0.1598939296875 0.2325111265625 0.169564515625 0.23387023906249998 0.17198393125 0.23068898437500002 0.1739180484375 0.23096080625 0.176091278125 0.23654815468749998 0.1748815703125 0.23813878281249998 0.1652109828125 0.23677967031249997 0.1627915671875 0.23996092343750003 0.16085745 0.23968910000000002 0.1579527375 0.24632343125 0.1565039171875 0.2425985328125 0.1448992140625 0.2409675984375 0.1424797984375 0.24414885156250002 0.1410309796875 0.240423953125 0.12942627499999998 0.23879301874999997 0.127006859375 0.24197427187499998 0.1212045078125 0.241158803125 0.11152684531249998 0.2538838171875 0.10959272812500001 0.2536119953125 0.104753896875 0.259974503125 0.1028197796875 0.25970268124999996 0.0979809484375 0.2660651890625 0.0941127140625 0.26552154375 0.09290300625 0.26711216875 0.0924177078125 0.270565246875 0.0899982921875 0.2737465 0.0880571 0.287558803125 0.085637684375 0.29074005625 0.084181790625 0.301099284375 0.085630609375 0.30482418437500003 0.083689415625 0.31863648906250003 0.0851382359375 0.32236138593749997 0.082226446875 0.34307984375 0.083675265625 0.346804740625 0.08173407187500001 0.36061704687499996 0.0831828921875 0.36434194531249997 0.0812416984375 0.3781542484375 0.08269051875 0.38187914843750004 0.07929343125 0.40605067968749997 0.08074225 0.409775578125 0.07880105781249999 0.42358788281250004 0.0802498765625 0.42731278125000005 0.0783086828125 0.44112508593750005 0.07975750312499999 0.44484998437499995 0.077816309375 0.45866228906249995 0.0792651296875 0.46238718749999996 0.0773239359375 0.476199490625 0.0787727546875 0.4799243890625 0.0763462640625 0.4971897703125 0.0777950828125 0.5009146703125 0.075853890625 0.5147269734375 0.077302709375 0.518451871875 0.0753615171875 0.5322641765625 0.0768103359375 0.535989075 0.0743838453125 0.5532544546875 0.0758326640625 0.5569793546875 0.073891471875 0.5707916578125001 0.075340290625 0.5745165562500001 0.0733990984375 0.5883288609374999 0.0748479171875 0.5920537593749999 0.071936128125 0.6127722171875 0.073384946875 0.6164971140625 0.0714437546875 0.63030941875 0.0728925734375 0.63403431875 0.07095138125 0.6478466218750001 0.0724002 0.6515715203125 0.069973709375 0.6688369015625 0.071422528125 0.6725617984375 0.0685107390625 0.69328025625 0.06995955781249999 0.697005153125 0.06753306718749999 0.714270534375 0.0689818859375 0.7179954328125 0.0665553953125 0.7352608140625 0.0680042140625 0.7389857125 0.0655777234375 0.7562510921875 0.06702654218750001 0.759975990625 0.06508535 0.7737882953125 0.06653416875 0.77751319375 0.064107678125 0.7947785734374999 0.06555649687500001 0.7985034734374999 0.06313000625000001 0.815768853125 0.06457882499999999 0.8194937515625 0.0631229296875 0.8298529796875 0.065296159375 0.8354403265625001 0.080769096875 0.83761490625 0.0822179171875 0.84133980625 0.08802026874999999 0.8421552734375 0.0894690875 0.845880171875 0.09527143906249999 0.8466956390625 0.09672025937499999 0.8504205375 0.129600253125 0.85504151875 0.1308099609375 0.85345089375 0.13201966874999999 0.851860265625 0.13395378593750001 0.8521320890625 0.140002325 0.8441789546875 0.14145821875 0.8338197265625 0.1400094 0.8300948265624999 0.1434064875 0.8059232953125001 0.14195766875 0.8021983968749999 0.1448694578125 0.7814799406249999
0 0.1936864625 0.82707480625 0.19223764375000002 0.8233499078125 0.1936935375 0.8129906796874999 0.19224471875 0.80926578125 0.198068296875 0.7678288671875 0.196619478125 0.7641039703125 0.19807537343749998 0.753744740625 0.196626553125 0.7500198421875 0.20293542968749997 0.705129853125 0.20148661093750003 0.7014049546875001 0.20488369843749998 0.677233421875 0.2034348796875 0.6735085234375 0.20731726562500002 0.645883915625 0.2058684453125 0.6421590171875 0.20926553281250002 0.6179874828125 0.20781671406250002 0.6142625859375 0.21121380156249997 0.590091053125 0.20976498281249997 0.5863661546875 0.21316207031249998 0.562194621875 0.21171325 0.5584697234375 0.2151103375 0.5342981906250001 0.21366151875 0.5305732937500001 0.21705860625 0.506401759375 0.21560978749999998 0.5026768609375 0.22046276874999998 0.46814610156249997 0.21901394999999999 0.46442120156250005 0.2224110375 0.44024966875000004 0.2209622171875 0.43652477031250003 0.2243593046875 0.4123532390625 0.2229104859375 0.40862833906249996 0.22630757343750002 0.38445680625 0.2248587546875 0.380731909375 0.228741140625 0.3531073 0.2272923203125 0.3493824015625 0.22971881249999998 0.3321170203125 0.2282699921875 0.328392121875 0.23069648437499998 0.3111267421875 0.2292476640625 0.30740184375 0.2311888578125 0.29358953906249996 0.2297400375 0.2898646421875 0.2311959328125 0.2795054125 0.22974711406249998 0.2757805140625 0.2302324125 0.2723274375 0.229508003125 0.2704649875 0.212100946875 0.2680185859375 0.20968153125 0.271199840625 0.203879178125 0.2703843734375 0.2014597640625 0.2735656265625 0.197591528125 0.27302198125 0.19517211406249999 0.276203234375 0.19323799531250002 0.2759314125 0.1908185796875 0.2791126671875 0.1888844625 0.27884084374999996 0.1816262171875 0.2883846046875 0.1796920984375 0.28811278281249997 0.1784823921875 0.2897034078125 0.17799709375 0.29315648437499997 0.175577678125 0.2963377390625 0.1716952921875 0.32396234687500003 0.17314411093749998 0.327687246875 0.17071762031249998 0.344952625 0.1721664390625 0.348677525 0.1687693515625 0.3728490578125 0.170218171875 0.37657395625 0.1663357859375 0.40419856562499995 0.1677846046875 0.4079234625 0.1653581140625 0.42518884218749997 0.1668069328125 0.4289137421875 0.16389514375 0.4496321984375 0.1653439625 0.45335709687500003 0.1614615765625 0.48098170625 0.162910396875 0.4847066046875 0.1599986078125 0.5054250609375 0.1614474265625 0.509149959375 0.1595062328125 0.5229622640625 0.160955053125 0.5266871625 0.1580432640625 0.5474056187499999 0.1594920828125 0.5511305171875 0.15658029375 0.5718489734375 0.1580291125 0.575573871875 0.1551173234375 0.596292328125 0.1565661421875 0.6000172265625 0.1541396515625 0.6172826078125 0.1555884703125 0.6210075046875 0.15267668125 0.6417259625 0.1541255 0.6454508609375 0.151699009375 0.662716240625 0.15314782968750001 0.6664411390625 0.150236040625 0.6871595953125 0.151684859375 0.6908844953125 0.14925836875 0.7081498749999999 0.1507071875 0.711874775 0.1477953984375 0.7325932296875 0.1492442171875 0.7363181296875 0.1458471296875 0.7604896609375 0.1472959484375 0.7642145593749999 0.14389886093749998 0.78838609375 0.14534768125 0.792110990625 0.14389178593750002 0.8024702187500001 0.1453406046875 0.8061951171875 0.1433994125 0.8200074234375 0.14484823125 0.8237323203125 0.14193644218749998 0.8444507781249999 0.14338526093749998 0.848175675 0.1419293671875 0.858534903125 0.1433781859375 0.8622598015625 0.14192229218750002 0.8726190296875 0.14264670156249998 0.8744814796875 0.17939492968749998 0.8796461062500001 0.1806046375 0.8780554796875 0.18181434531250001 0.876464853125 0.1856825796875 0.8770084984375 0.1868922875 0.875417871875 0.1873775859375 0.8719647953124999 0.18979700156249998 0.8687835406250001 0.1902823 0.865330465625 0.18883348125 0.8616055671874999 0.1936864625 0.82707480625
0 0.22707298125 0.7859903312500001 0.2256241625 0.7822654328125 0.2285359515625 0.7615469765625 0.2270871328125 0.757822078125 0.2319401140625 0.7232913171875001 0.2304912953125 0.71956641875 0.23437368125 0.6919418109375 0.2329248625 0.6882169109375 0.236807246875 0.660592303125 0.235358428125 0.6568674046874999 0.23924081406250003 0.6292427953125 0.2377919953125 0.625517896875 0.242159678125 0.5944402125 0.24071085937499997 0.5907153140625 0.24410794687499998 0.5665437812499999 0.24265912812499998 0.5628188828125 0.24751210937499998 0.528288121875 0.246063290625 0.5245632234375 0.249460378125 0.500391690625 0.248011559375 0.4966667921875 0.2514086453125 0.47249526093750005 0.2499598265625 0.4687703609375 0.2543275109375 0.437692675 0.25287869218750003 0.433967778125 0.2567610765625 0.40634317031249995 0.2553122578125 0.4026182703125 0.25919464375 0.3749936625 0.257745825 0.3712687625 0.2611429125 0.34709723124999997 0.2596940921875 0.3433723328125 0.2630911796875 0.3192008 0.2616423609375 0.3154759015625 0.265524746875 0.28785129375 0.2640759265625 0.2841263953125 0.2684436109375 0.253048709375 0.2669947921875 0.2493238109375 0.26990658125 0.22860535468749998 0.26845776250000003 0.22488045625000003 0.26942835781249996 0.2179743046875 0.2718477734375 0.21479305 0.272333071875 0.211339975 0.2783816109375 0.20338684062499998 0.280315728125 0.2036586625 0.2887836828125 0.192524275 0.28926898125 0.1890712 0.297736934375 0.1779368109375 0.29967105156249996 0.178208634375 0.303300175 0.173436753125 0.3037854734375 0.16998367812499998 0.3086243046875 0.1636211703125 0.309109603125 0.16016809375000002 0.306936375 0.154580746875 0.28179284843749997 0.1510470546875 0.280583140625 0.15263768125 0.28009784375 0.15609075781249998 0.277678428125 0.1592720109375 0.2771931296875 0.1627250875 0.27114459062499996 0.1706782203125 0.2692104734375 0.1704063984375 0.25227456406250004 0.1926751734375 0.250340446875 0.1924033515625 0.244291909375 0.200356484375 0.24380661093749997 0.20380956249999999 0.2389677796875 0.21017206875 0.23848248125 0.2136251453125 0.236063065625 0.2168063984375 0.237511884375 0.220531296875 0.234114796875 0.24470282812500002 0.23556361718750002 0.24842772812499997 0.2326518265625 0.269146184375 0.23410064687499998 0.2728710828125 0.2311888578125 0.29358953906249996 0.2326376765625 0.2973144375 0.22972588749999998 0.31803289375 0.23117470624999997 0.3217577921875 0.2282629171875 0.3424762484375 0.2297117359375 0.3462011484375 0.2263146484375 0.37037268125 0.22776346875 0.374097578125 0.223395784375 0.4051752640625 0.224844603125 0.4089001609375 0.2209622171875 0.43652477031250003 0.2224110375 0.44024966875000004 0.21949924843750002 0.46096812500000006 0.2209480671875 0.46469302343749996 0.21803627812499998 0.4854114796875 0.219485096875 0.4891363796875 0.2141468171875 0.527120215625 0.21559563593750003 0.530845115625 0.21219854843750002 0.5550166484375 0.21364736718750002 0.5587415453125 0.2102502796875 0.582913078125 0.2116991 0.586637978125 0.207331415625 0.6177156609375001 0.20878023437499998 0.6214405609375 0.2044125515625 0.6525182453125 0.20586137031249999 0.65624314375 0.2024642828125 0.680414675 0.20391310156250003 0.6841395734375 0.20245720781249998 0.6944988015625 0.20390602656249998 0.6982237015625 0.1995383421875 0.7293013859374999 0.2009871625 0.733026284375 0.1971047765625 0.7606508937500001 0.1985535953125 0.7643757921875001 0.1951565078125 0.788547325 0.196605328125 0.792272221875 0.1936935375 0.8129906796874999 0.1951423578125 0.8167155781250001 0.1917452703125 0.8408871109374999 0.1931940890625 0.844612009375 0.189311703125 0.87223661875 0.190760521875 0.875961515625 0.18833403124999998 0.893226896875 0.18978285 0.8969517953125001 0.18881225468750001 0.9038579468749999 0.1909854828125 0.9094452937499999 0.21032665625 0.9121635187500001 0.2115363640625 0.9105728937500001 0.2163751953125 0.9042103859375 0.2207428796875 0.8731327 0.219294059375 0.8694078031249999 0.22317644531249997 0.8417831937500001 0.22172762656249997 0.8380582953125 0.224639415625 0.8173398390625 0.223190596875 0.8136149406250001 0.22707298125 0.7859903312500001
0 0.27203590312500003 0.8028732984375001 0.270587084375 0.7991484 0.2764106625 0.7577114875000001 0.2749618421875 0.7539865890625 0.280785421875 0.7125496765625 0.2793366015625 0.708824778125 0.28370428593749997 0.6777470921875001 0.2822554671875 0.6740221953125001 0.287593746875 0.6360383578125 0.28614492812500003 0.6323134593749999 0.29099790937500003 0.5977826984375 0.289549090625 0.5940577984375001 0.294402071875 0.5595270390625 0.292953253125 0.555802140625 0.298291534375 0.517818303125 0.29684271406249996 0.5140934046875001 0.30169569687500003 0.47956264375 0.300246878125 0.4758377453125 0.305099859375 0.441306984375 0.30365104062500003 0.4375820859375 0.3089893203125 0.39959824843749997 0.3075405015625 0.39587335 0.3123934828125 0.36134259062499996 0.3109446640625 0.3576176921875 0.31628294375 0.3196338546875 0.314834125 0.31590895625000004 0.3182312125 0.2917374234375 0.31678239375 0.28801252499999996 0.3230912703125 0.2431225359375 0.32164245 0.23939763749999998 0.32358364375000004 0.2255853328125 0.322134825 0.221860434375 0.3250466140625 0.20114197812499998 0.32359779375 0.1974170796875 0.3255389875 0.183604775 0.324814578125 0.181742325 0.3223951625 0.184923578125 0.32046104531249997 0.18465175625000002 0.319012225 0.1809268578125 0.3170781078125 0.1806550359375 0.3146586921875 0.1838362890625 0.312724575 0.1835644671875 0.31127575625000004 0.17983956875 0.3093416390625 0.1795677453125 0.30813193125 0.18115837343750002 0.3061907390625 0.1949706765625 0.3037713234375 0.1981519296875 0.303286025 0.20160500781250001 0.3020763171875 0.20319563281250003 0.2885374953125 0.2012928765625 0.28611807968749997 0.20447413124999997 0.2822498453125 0.20393048593750002 0.2798304296875 0.2071117390625 0.2778963125 0.20683991562499998 0.2718477734375 0.21479305 0.271362475 0.21824612656250003 0.268943059375 0.2214273796875 0.2703918796875 0.225152278125 0.2684506859375 0.2389645828125 0.26989950625 0.24268948125 0.2660171203125 0.2703140890625 0.2674659390625 0.2740389890625 0.26358355312500004 0.301663596875 0.2650323734375 0.3053884953125 0.26114998749999996 0.3330131046875 0.26259880625 0.336738003125 0.2587164203125 0.3643626109375 0.260165240625 0.368087509375 0.2562828546875 0.39571211875 0.25773167343750003 0.3994370171875 0.2538492875 0.42706162656249996 0.25529810625 0.430786525 0.2523863171875 0.45150498125 0.2538351375 0.4552298796875 0.24995275156250002 0.48285448906250006 0.2514015703125 0.48657938593749994 0.24751918437499998 0.5142039953124999 0.24896800468750002 0.51792889375 0.24411502187499998 0.5524596546875 0.24556384062499997 0.556184553125 0.24216675312499997 0.5803560859375 0.2436155734375 0.584080984375 0.238762590625 0.6186117453125 0.24021141093749998 0.6223366421875001 0.23681432343750003 0.6465081765625 0.23826314218750003 0.6502330749999999 0.2338954578125 0.681310759375 0.235344278125 0.6850356578125 0.23146189218750002 0.7126602671875 0.23291071093750002 0.716385165625 0.2295136234375 0.7405566968749999 0.2309624421875 0.7442815953124999 0.22708005781249999 0.7719062046875 0.22852887656249998 0.775631103125 0.224646490625 0.8032557125 0.226095309375 0.8069806093749999 0.222698221875 0.83115214375 0.22414704218749998 0.8348770421875 0.22026465625 0.8625016499999999 0.221713475 0.86622655 0.2163751953125 0.9042103859375 0.2178240140625 0.9079352828125 0.217338715625 0.9113883609375 0.21951194531249998 0.9169757078125 0.2214460625 0.9172475312499999 0.22289488125 0.920972428125 0.24610428906249998 0.9242342984375 0.247313996875 0.9226436703124999 0.2485237046875 0.9210530453124999 0.25432605625 0.9218685125 0.26037459531249996 0.913915378125 0.26280108593749996 0.8966499984375 0.26135226718750004 0.8929251 0.2657199515625 0.861847415625 0.26427113125 0.858122515625 0.27203590312500003 0.8028732984375001
0 0.304908821875 0.8215784062499999 0.303460003125 0.8178535078125 0.3131659671875 0.7487919875 0.311717146875 0.7450670890625 0.31948191875 0.6898178703125 0.31803309999999996 0.6860929734375001 0.32288608124999996 0.6515622125 0.32143726250000004 0.6478373140625 0.327260840625 0.6064004015625 0.32581202187499997 0.602675503125 0.33309149374999997 0.5508793609375 0.331642675 0.5471544640625 0.3369809546875 0.509170625 0.3355321359375 0.505445728125 0.3408704171875 0.467461890625 0.339421596875 0.4637369921875 0.34524517499999996 0.422300078125 0.34379635625 0.41857518125000004 0.3486493390625 0.38404441875 0.34720051875 0.3803195203125 0.3530240984375 0.3388826078125 0.351575278125 0.335157709375 0.3559429625 0.30408002500000003 0.35449414375 0.3003551265625 0.360317721875 0.25891821249999997 0.3588689015625 0.25519331562500003 0.3632365859375 0.22411562968749998 0.3656560015625 0.22093437656249998 0.3661413 0.2174813 0.36856071562500003 0.21430004687499998 0.3690460140625 0.21084697187499998 0.3738848453125 0.2044844640625 0.3743701421875 0.2010313875 0.3864672203125 0.18512511874999998 0.38695251875 0.18167204374999998 0.389371934375 0.178490790625 0.3898572328125 0.1750377125 0.3922766484375 0.171856459375 0.39324724375 0.1649503078125 0.395666659375 0.1617690546875 0.3985784484375 0.141050596875 0.3978540390625 0.1391881484375 0.3901175703125 0.1381008578125 0.38866875156249997 0.134375959375 0.37512992968750003 0.132473203125 0.3736811109375 0.1287483046875 0.3678787578125 0.1279328375 0.3618302203125 0.1358859703125 0.361344921875 0.139339046875 0.354086675 0.14888280781250002 0.3536013765625 0.1523358828125 0.339084884375 0.17142340625000002 0.3385995859375 0.17487648125 0.3289219234375 0.1876014953125 0.3255248359375 0.211773028125 0.3269736546875 0.21549792812500002 0.32017948125 0.2638409921875 0.3216283 0.26756589062499997 0.3187165109375 0.288284346875 0.3201653296875 0.292009246875 0.3157976453125 0.32308692968749997 0.317246465625 0.3268118296875 0.3114228859375 0.3682487421875 0.31287170625 0.371973640625 0.3080187234375 0.4065044015625 0.30946754374999996 0.41022929843749995 0.305099859375 0.441306984375 0.30654867812500003 0.4450318828125 0.3007251 0.48646879531250004 0.30217391875 0.4901936953125 0.2978062359375 0.5212713796874999 0.2992550546875 0.5249962781249999 0.294402071875 0.5595270390625 0.2958508921875 0.5632519359375 0.29051261093749997 0.6012357734375 0.29196143124999996 0.604960671875 0.2861378515625 0.6463975859375 0.28758667187500003 0.6501224828125001 0.28370428593749997 0.6777470921875001 0.2851531046875 0.681471990625 0.279814825 0.719455828125 0.28126364375 0.7231807265625 0.2739841703125 0.7749768687499999 0.27543299062500004 0.7787017656249999 0.2715506046875 0.806326375 0.2729994234375 0.8100512734375 0.2696023359375 0.83422280625 0.27105115468749996 0.8379477046874999 0.27008055937500003 0.84485385625 0.26766114375 0.848035109375 0.2657199515625 0.861847415625 0.26716877031249997 0.8655723125 0.2618304890625 0.9035561515625 0.263279309375 0.9072810484374999 0.2618234140625 0.9176402765624999 0.2632722328125 0.921365175 0.2623016375 0.928271328125 0.263026046875 0.9301337765625 0.2862354546875 0.9333956453125 0.28744516249999996 0.9318050203125001 0.29228399375 0.9254425124999999 0.29422518593749997 0.9116302078125 0.2966446015625 0.9084489546875 0.3000416890625 0.884277421875 0.2985928703125 0.8805525234375 0.3019899578125 0.8563809906250001 0.3005411375 0.8526560921874999 0.304908821875 0.8215784062499999
0 0.3319864640625 0.8253839203125001 0.3387806390625 0.77704085625 0.33733182031250003 0.773315959375 0.3431553984375 0.7318790453124999 0.34170657968749996 0.728154146875 0.34801545625 0.6832641578125 0.34656663593750003 0.679539259375 0.3528755125 0.6346492703125 0.35142669375 0.6309243718750001 0.35822086875000003 0.58258130625 0.35677205 0.5788564078125 0.364051521875 0.5270602671875 0.362602703125 0.52333536875 0.3669703875 0.4922576828125 0.3655215671875 0.4885327859375 0.37037455 0.45400202343749996 0.36892573125 0.45027712500000006 0.37571990624999996 0.4019340609375 0.37427108593749997 0.3982091609375 0.3796093671875 0.360225325 0.378160546875 0.3565004265625 0.38252823125 0.3254227421875 0.3810794125 0.32169784218749997 0.383505903125 0.3044324625 0.38592531874999997 0.301251209375 0.3873812125 0.29089198125000004 0.38593239375 0.28716708281250003 0.393697165625 0.231917865625 0.399745703125 0.22396473125 0.40361393906250004 0.2245083765625 0.4072430625 0.2197364953125 0.40772835937499996 0.2162834203125 0.410147775 0.213102165625 0.4116036703125 0.2027429375 0.41402308593750003 0.199561684375 0.41693487500000004 0.178843228125 0.416210465625 0.17698077968749998 0.3968692921875 0.17426255468750002 0.3944498765625 0.1774438078125 0.392515759375 0.1771719859375 0.3864672203125 0.18512511874999998 0.38598192187499997 0.1885781953125 0.381143090625 0.194940703125 0.38065779375000003 0.198393778125 0.3758189625 0.2047562859375 0.3753336640625 0.20820936093750003 0.3680754171875 0.217753121875 0.36759011875000003 0.2212062 0.365170703125 0.224387453125 0.3627442125 0.24165283437500001 0.36419303125 0.24537773125 0.36031064687500003 0.2730023390625 0.361759465625 0.2767272390625 0.35787707968750004 0.304351846875 0.35932589843749996 0.308076746875 0.35398761875 0.34606058281249996 0.3554364375 0.34978548125 0.34621577187499997 0.41539392656249996 0.347664590625 0.419118825 0.342811609375 0.4536495859375 0.344260428125 0.457374484375 0.3418410125 0.4605557375 0.34328983125 0.46428063750000004 0.33843685 0.498811396875 0.33988566875 0.5025362953125 0.33309149374999997 0.5508793609375 0.3345403140625 0.554604259375 0.3292020328125 0.5925880968749999 0.330650853125 0.5963129953124999 0.32531257187499996 0.63429683125 0.3267613921875 0.6380217312500001 0.321908409375 0.672552490625 0.323357228125 0.6762773890625 0.3165630546875 0.7246204546875 0.31801187343750004 0.728345353125 0.3112176984375 0.7766884187499999 0.3126665171875 0.7804133171875 0.3078135359375 0.814944078125 0.3092623546875 0.8186689765624999 0.3068429390625 0.8218502296875 0.3082917578125 0.8255751281249999 0.302953478125 0.8635589640625 0.304402296875 0.8672838640625 0.3000346140625 0.8983615500000001 0.3014834328125 0.9020864468750001 0.299542240625 0.9158987515625 0.300991059375 0.9196236499999999 0.30050576093750003 0.9230767265625 0.3026789890625 0.928664075 0.30461310625000004 0.9289358968749999 0.3058228140625 0.9273452687500001 0.30703252187499996 0.9257546421875 0.3147689921875 0.92684193125 0.32081753125 0.9188887984375 0.3256705125 0.8843580375 0.32422169375 0.8806331390625 0.326641109375 0.877451884375 0.3334352828125 0.8291088203125 0.3319864640625 0.8253839203125001
0 0.383215809375 0.8818816609375 0.385635225 0.8787004078124999 0.38660582187500003 0.8717942546874999 0.3851570015625 0.8680693578125 0.393407071875 0.8093670625 0.3919582515625 0.8056421640625 0.399237725 0.7538460234375 0.39778890625 0.7501211249999999 0.40361248437499997 0.7086842125 0.402163665625 0.7049593140625 0.40798724374999995 0.6635224 0.40653842500000004 0.659797503125 0.417214984375 0.5838298281250001 0.415766165625 0.5801049296875 0.42256034062500003 0.5317618640624999 0.421111521875 0.528036965625 0.42887629218749995 0.4727877484375 0.4274274734375 0.46906285 0.43519224375 0.41381363281250005 0.433743425 0.41008873437500004 0.43859640781250003 0.375557975 0.4371475875 0.37183307499999996 0.4478241484375 0.2958654015625 0.4463753296875 0.292140503125 0.455110696875 0.2299851328125 0.45753011250000003 0.2268038796875 0.45995660312500003 0.2095384984375 0.45850778437499995 0.2058136015625 0.45899308281250006 0.202360525 0.4582686734375 0.200498075 0.433125146875 0.1969643828125 0.4294960234375 0.2017362640625 0.42852542812500005 0.2086424171875 0.4261060125 0.2118236703125 0.4246501171875 0.2221828984375 0.4222307015625 0.2253641515625 0.42126010625 0.2322703046875 0.418840690625 0.2354515578125 0.41787009375000006 0.242357709375 0.41545067812500003 0.2455389625 0.41496537968749997 0.248992040625 0.41254596406250005 0.25217329374999997 0.41011947343750005 0.2694386734375 0.4115682921875 0.273163571875 0.408656503125 0.2938820296875 0.41010532343749995 0.2976069265625 0.40379644687500005 0.342496915625 0.40524526562499996 0.3462218140625 0.3994216875 0.3876587265625 0.40087050625 0.391383625 0.3955322265625 0.4293674625 0.3969810453125 0.4330923609375 0.3911574671875 0.4745292734375 0.3926062859375 0.4782541734375 0.38726800625 0.5162380093750001 0.38871682500000004 0.5199629078125 0.3833785453125 0.5579467453125 0.3848273640625 0.56167164375 0.379489084375 0.59965548125 0.38093790312500003 0.6033803796874999 0.37462902656249997 0.64827036875 0.3760778453125 0.651995265625 0.36976896875 0.6968852546875001 0.3712177875 0.7006101546875 0.3644236140625 0.74895321875 0.3658724328125 0.75267811875 0.36101945 0.7872088796875001 0.3624682703125 0.7909337765625 0.35470349843750004 0.84618299375 0.35615231718749996 0.84990789375 0.3503287390625 0.8913448046875001 0.35177755781250003 0.8950697046875 0.34886576874999997 0.9157881609375 0.3510389984375 0.921375509375 0.36264370156250003 0.92300644375 0.363853409375 0.9214158171875001 0.3650631171875 0.9198251890625 0.3786019390625 0.921727946875 0.3822310625 0.9169560656250001 0.38320165781250004 0.910049915625 0.3817528390625 0.906325015625 0.3822381375 0.902871940625 0.38078931875 0.8991470421875001 0.383215809375 0.8818816609375
0 0.44231605781249994 0.67186828125 0.4408672375 0.6681433828125 0.4505732015625 0.5990818609375 0.44912438281249994 0.5953569625 0.45785975 0.5332015921875 0.45641093125000004 0.5294766937500001 0.46660219375 0.456962096875 0.465153375 0.4532371984375 0.47340344375 0.3945349046875 0.47195462499999996 0.39081000625 0.4797193953125 0.3355607890625 0.4782705765625 0.33183589062499996 0.48797654062499995 0.26277436875000004 0.4865277203125 0.259049471875 0.487983615625 0.2486902421875 0.486534796875 0.24496534374999998 0.4894465859375 0.22424688593750003 0.48799776718750004 0.2205219890625 0.49042425781250004 0.2032566078125 0.48897543906249996 0.199531709375 0.48994603437500006 0.1926255578125 0.48777280625 0.1870382109375 0.4684316328125 0.1843199859375 0.46722192500000004 0.18591061250000002 0.4667366265625 0.1893636890625 0.46431721093749995 0.1925449421875 0.46237601875 0.2063572453125 0.45995660312500003 0.2095384984375 0.4453976578125 0.3131307828125 0.4468464765625 0.3168556796875 0.44005230156249997 0.36519874531249996 0.4415011203125 0.36892364375 0.4332510515625 0.42762593750000005 0.4346998703125 0.43135083593749995 0.427420396875 0.483146978125 0.4288692171875 0.48687187656250003 0.42158974374999997 0.5386680171875 0.42303856250000005 0.542392915625 0.4162443890625 0.5907359796875 0.41769320781249997 0.5944608796875 0.41089903281250006 0.6428039437499999 0.4123478515625 0.6465288421875 0.4050683796875 0.698324984375 0.40651719843749995 0.70204988125 0.3997230234375 0.750392946875 0.4011718421875 0.7541178453125 0.392436475 0.816273215625 0.39388529375000003 0.8199981140625001 0.3836940328125 0.8925127109375 0.3851428515625 0.8962376093750001 0.3822310625 0.9169560656250001 0.384404290625 0.9225434140625 0.3863384078125 0.9228152359375 0.38778722656250003 0.9265401359375 0.39939193125 0.9281710703125 0.40084074999999997 0.9318959687499999 0.40857721874999997 0.932983259375 0.40978692656250004 0.9313926312499999 0.41220634218749996 0.9282113781250001 0.4165740265625 0.8971336937500001 0.4151252078125 0.8934087953125 0.422889978125 0.8381595765625001 0.42144115937500004 0.8344346781249999 0.4340589125 0.7446547015625 0.43261009375 0.740929803125 0.44231605781249994 0.67186828125
0 0.537980571875 0.8332068250000001 0.536531753125 0.829481925 0.5394435421875 0.8087634703125 0.5379947234375 0.8050385703125 0.5413918109375 0.7808670375 0.539942990625 0.777142140625 0.54285478125 0.7564236828124999 0.5414059609375 0.7526987843749999 0.5443177515625 0.7319803265625 0.54286893125 0.7282554296875 0.5457807203125 0.707536971875 0.5443319015625 0.703812075 0.547243690625 0.6830936171875 0.545794871875 0.6793687203125 0.549191959375 0.6551971859375 0.547743140625 0.6514722875000001 0.55016963125 0.634206909375 0.5487208125 0.630482009375 0.5516326015625 0.609763553125 0.55018378125 0.6060386546875 0.554551465625 0.5749609687499999 0.553102646875 0.571236071875 0.556499734375 0.5470645375000001 0.5550509140625 0.5433396390625 0.5574774062500001 0.526074259375 0.5560285859375 0.5223493609375 0.5594256734374999 0.49817782812500006 0.5579768546875 0.49445292968750004 0.56088864375 0.4737344734375 0.559439825 0.470009575 0.5628369125 0.4458380421875 0.56138809375 0.44211314375 0.563814584375 0.42484776249999995 0.562365765625 0.42112286406250005 0.5657628515625001 0.3969513328125 0.5643140328125 0.393226434375 0.5672258218749999 0.37250797812499997 0.563603775 0.3631957296875 0.561184359375 0.366376984375 0.5457114203125 0.3642024046875 0.5432920046875 0.3673836578125 0.53362141875 0.36602454687499997 0.5299922953125 0.3707964265625 0.521256928125 0.432951796875 0.522705746875 0.43667669531250003 0.5183380625 0.4677543796875 0.51978688125 0.471479278125 0.5168750921874999 0.49219773437500003 0.5183239125 0.495922634375 0.51638271875 0.5097349375 0.5178315375 0.5134598359375 0.5149197484375 0.5341782921875 0.51636856875 0.537903190625 0.5129714812499999 0.5620747234375 0.5144203 0.565799621875 0.5110232124999999 0.5899711546875 0.51247203125 0.593696053125 0.510045540625 0.6109614328124999 0.511494359375 0.6146863312499999 0.508097271875 0.638857865625 0.5095460921875 0.6425827625 0.5071196 0.6598481421875 0.5085684203125 0.6635730421875 0.5051713328125 0.687744575 0.5066201515625 0.691469471875 0.5041936609375 0.708734853125 0.5056424796875 0.7124597515625 0.502730690625 0.7331782078125 0.504179509375 0.73690310625 0.5012677203125 0.7576215625 0.5027165390625 0.7613464624999999 0.4988341546875 0.7889710703125 0.5002829734375001 0.79269596875 0.49688588593749994 0.8168675015625 0.4983347046875 0.8205924 0.49493761718749996 0.8447639328125 0.4963864375 0.8484888296875001 0.49444524375 0.8623011359375001 0.4958940625 0.866026034375 0.49249697656249997 0.8901975656250001 0.4946702046875 0.8957849140624999 0.508209025 0.8976876718750001 0.510628440625 0.89450641875 0.5120772609375 0.8982313156249999 0.51328696875 0.8966406906250001 0.5144966765625 0.8950500625 0.5241672625 0.896409175 0.5265866781249999 0.8932279218750001 0.5285207953125 0.8934997453125 0.53214991875 0.8887278640625 0.5360323046875 0.8611032546875 0.5345834843749999 0.8573783562499999 0.537980571875 0.8332068250000001
0 0.5747075749999999 0.8806238328125 0.57325875625 0.8768989328125001 0.5761705453125 0.8561804765625001 0.5747217265625 0.852455578125 0.5790894093750001 0.8213778921875001 0.577640590625 0.8176529953125 0.582493571875 0.7831222343750001 0.581044753125 0.779397334375 0.584441840625 0.755225803125 0.582993021875 0.7515009046875 0.5873607046875 0.7204232187499999 0.5859118859375 0.716698321875 0.5893089734375 0.6925267875000001 0.5878601546875 0.6888018890625001 0.5936837328125 0.6473649765625 0.5922349140625001 0.643640078125 0.5956320015625 0.6194685468750001 0.5941831828125 0.615743646875 0.5990361640625 0.5812128859375 0.5975873453125 0.5774879875 0.6009844328125 0.5533164546875 0.5995356125 0.54959155625 0.6043885953125 0.5150607953125 0.6029397765625 0.5113358984375 0.6073074593750001 0.4802582125 0.605858640625 0.4765333140625 0.6102263234375 0.4454556296875 0.6087775046874999 0.44173072968750005 0.61168929375 0.42101227343750003 0.610240475 0.417287375 0.6136375625 0.39311584375 0.61218874375 0.3893909453125 0.6151005328125 0.3686724890625 0.6136517140625 0.3649475890625 0.6180193968750001 0.33386990625 0.6165705781249999 0.33014500625 0.6228794546875001 0.2852550171875 0.6214306359374999 0.28153011875 0.6219159328125 0.27807704375000003 0.61032538125 0.24827785468750002 0.610810678125 0.2448247796875 0.6021177640625 0.2224753875 0.6026030625 0.21902231093750002 0.6004298343750001 0.2134349625 0.59462748125 0.21261949531250002 0.5931786625 0.208894596875 0.5680351375 0.2053609046875 0.565615721875 0.20854215781250002 0.5636816046875001 0.2082703359375 0.562471896875 0.2098609625 0.5615013 0.216767115625 0.56295011875 0.22049201406250002 0.560523628125 0.2377573953125 0.561972446875 0.24148229375 0.560516553125 0.251841521875 0.5619653718750001 0.25556641875 0.560994775 0.262472571875 0.5624435953125 0.26619747031249996 0.5614729984375 0.2731036234375 0.5629218171875 0.2768285203125 0.561951221875 0.28373467343750003 0.563400040625 0.28745957187500004 0.5619441453125 0.2978188 0.5633929656250001 0.3015436984375 0.5629076671875 0.304996775 0.5643564859375 0.3087216734375 0.5638711875 0.31217474843750004 0.56532000625 0.31589964843749996 0.5648347078125 0.3193527234375 0.5662835281249999 0.323077621875 0.5657982296874999 0.3265306984375 0.5686958671875 0.33398049531249996 0.56821056875 0.337433571875 0.5696593890625 0.3411584703125 0.56820349375 0.3515176984375 0.5696523124999999 0.35524259687500004 0.5672258218749999 0.37250797812499997 0.5686746406250001 0.3762328765625 0.5652775546875 0.40040440781250003 0.5667263734375 0.4041293078125 0.5628439875 0.431753915625 0.56429280625 0.4354788140625 0.5613810171875 0.4561972703125 0.5628298359375 0.4599221703125 0.5604033453125 0.47718755 0.5618521656250001 0.480912446875 0.558455078125 0.50508398125 0.5599038968750001 0.5088088796875 0.556506809375 0.5329804109375 0.557955628125 0.5367053109375 0.5550438390625 0.5574237671875 0.5564926578125 0.561148665625 0.55358086875 0.581867121875 0.5550296875 0.5855920203125 0.551147303125 0.6132166296875 0.552596121875 0.616941528125 0.55016963125 0.634206909375 0.55161845 0.63793180625 0.5482213625 0.6621033390625 0.54967018125 0.6658282375 0.547243690625 0.6830936171875 0.548692509375 0.686818515625 0.545295421875 0.71099005 0.5467442421875 0.7147149484375 0.5423765578124999 0.7457926328125 0.5438253765625001 0.74951753125 0.5413988859375001 0.7667829125 0.5428477046875 0.770507809375 0.539935915625 0.7912262671875 0.5413847359374999 0.7949511640625 0.53895824375 0.8122165453125 0.5404070640625 0.8159414437500001 0.537980571875 0.8332068250000001 0.5394293921875 0.8369317234375 0.5370099765624999 0.8401129765625001 0.5384587953125 0.843837875 0.5331205156250001 0.8818217109375001 0.5319108078125 0.8834123390625 0.5299766890625001 0.883140515625 0.5278034609375 0.8775531687499999 0.528288759375 0.8741000921875001 0.530708175 0.8709188375 0.533134665625 0.8536534578125 0.53241025625 0.8517910093750001 0.5304761390625 0.8515191859375 0.5292664312500001 0.8531098125 0.5263546421874999 0.8738282703125 0.525144934375 0.8754188968750001 0.5193425828125 0.8746034281249999 0.5145037515625 0.8809659359375 0.5067672812499999 0.8798786468750001 0.5043478671875 0.8830598999999999 0.5024137484375 0.882788078125 0.5016893390625 0.8809256281250001 0.5021746375 0.8774725515625 0.500001409375 0.8718852046875 0.4987917015625 0.8734758312500001 0.4963652109375 0.8907412109375 0.49708962031250004 0.8926036609375 0.49902373750000006 0.8928754828125 0.501443153125 0.8896942296875 0.5033772703125 0.889966053125 0.5048260890625 0.8936909500000001 0.5222331453125 0.8961373531250001 0.5246525609375 0.8929560999999999 0.5265866781249999 0.8932279218750001 0.531425509375 0.8868654140625001 0.5333596265625 0.8871372375 0.5340840359375 0.8889996859375 0.5335987375 0.8924527624999999 0.5372207859375 0.9017650078124999 0.55075960625 0.903667765625 0.5519693140624999 0.9020771390625001 0.553179021875 0.9004865125 0.558981375 0.9013019796874999 0.5614007890625 0.8981207265625001 0.565269025 0.898664371875 0.567688440625 0.8954831171875 0.5696225578125 0.8957549390624999 0.57325168125 0.890983059375 0.5747075749999999 0.8806238328125
0 0.61438174375 0.8369017484375 0.612932925 0.8331768500000001 0.618756503125 0.7917399359374999 0.6173076843749999 0.7880150390625 0.6231312625000001 0.746578125 0.6216824437499999 0.7428532265625 0.6270207234375 0.7048693890625 0.6255719046875 0.7011444921875001 0.629454290625 0.6735198828125 0.6280054703125 0.669794984375 0.6333437515625 0.631811146875 0.63189493125 0.6280862484374999 0.6372332125 0.5901024125000001 0.6357843937500001 0.5863775125 0.6406373750000001 0.551846753125 0.6391885562499999 0.5481218546875 0.6445268359375 0.5101380171875001 0.6430780171875 0.5064131187500001 0.651813384375 0.4442577484375 0.650364565625 0.44053285000000003 0.6542469515625 0.41290824062500003 0.65279813125 0.40918334375 0.6576511140625 0.37465258281249997 0.6562022953125 0.3709276828125 0.6620258734375 0.32949077187500003 0.660577053125 0.325765871875 0.6649447375 0.2946881875 0.66349591875 0.2909632890625 0.6644665140625 0.2840571375 0.6579468281249999 0.26729509375 0.6560127109375 0.26702327187499997 0.6516662531249999 0.2558485765625 0.6497321359375 0.255576753125 0.6453856796874999 0.2444020578125 0.6434515625 0.2441302359375 0.6391051046875 0.2329555390625 0.6371709875 0.23268371718749997 0.6342733484374999 0.2252339203125 0.63233923125 0.224962096875 0.62944159375 0.21751230000000002 0.6062321859375001 0.2142504296875 0.605022478125 0.2158410578125 0.60405188125 0.22274720937499998 0.6069495203125 0.23019700625 0.606464221875 0.23365008281250002 0.62240123125 0.27462396718750004 0.6219159328125 0.27807704375000003 0.623364753125 0.2818019421875 0.6214235593749999 0.2956142453125 0.6228723796875 0.29933914375000004 0.6175340984375 0.33732298125 0.61898291875 0.3410478796875 0.61558583125 0.3652194109375 0.61703465 0.3689443109375 0.612666965625 0.4000219953125 0.6141157859375 0.40374689375 0.6112039953124999 0.42446535 0.612652815625 0.42819024843750003 0.6087704296875 0.45581485781250003 0.6102192484375 0.45953975625 0.6068221609375 0.4837112890625 0.60827098125 0.4874361859375 0.6019621046875 0.5323261765625 0.6034109234375 0.536051075 0.5990432390625 0.567128759375 0.6004920578124999 0.5708536578125 0.597094971875 0.595025190625 0.598543790625 0.5987500890625 0.5946614046875001 0.6263746968749999 0.5961102234375 0.630099596875 0.5922278390625 0.6577242046875 0.5936766578125 0.661449103125 0.5883383765625 0.699432940625 0.5897871968749999 0.7031578390625 0.5854195125 0.7342355234375 0.58686833125 0.737960421875 0.5829859468749999 0.76558503125 0.584434765625 0.769309928125 0.58006708125 0.8003876140624999 0.5815159015625 0.8041125125 0.5761776203125 0.8420963499999999 0.5776264390625 0.845821246875 0.57325875625 0.8768989328125001 0.5747075749999999 0.8806238328125 0.57325168125 0.890983059375 0.575424909375 0.8965704062500001 0.57929314375 0.8971140515625 0.5805028515624999 0.895523425 0.581712559375 0.8939327984375 0.589449028125 0.8950200890625 0.5918684437499999 0.8918388359374999 0.60153903125 0.8931979468750001 0.603958446875 0.89001669375 0.6058925640624999 0.8902885171875001 0.607102271875 0.8886978890625 0.61438174375 0.8369017484375
0 0.664282553125 0.650244434375 0.662833734375 0.646519534375 0.6696279078125 0.5981764703125 0.6681790890625 0.594451571875 0.67351736875 0.556467734375 0.67206855 0.5527428359375001 0.678862725 0.5043997703125 0.67741390625 0.500674871875 0.68420808125 0.45233180624999997 0.6827592609375001 0.4486069078125 0.6905240328125 0.393357690625 0.6890752140624999 0.38963279375000004 0.6963546859374999 0.3378366515625 0.6949058671875 0.334111753125 0.7031559359374999 0.275409459375 0.7017071171875 0.2716845609375 0.708986590625 0.2198884203125 0.707537771875 0.216163521875 0.70802306875 0.2127104453125 0.702952203125 0.1996733 0.701018084375 0.199401478125 0.699569265625 0.195676578125 0.6976351484375 0.19540475625 0.6961863296875 0.19167985781250002 0.6942522125 0.1914080359375 0.69280339375 0.1876831375 0.6908692765625 0.187411315625 0.6894204562499999 0.1836864171875 0.6874863390625 0.18341459375 0.6860375203125 0.1796896953125 0.6841034031250001 0.179417871875 0.6812057640625 0.1719680765625 0.679271646875 0.171696253125 0.6778228281249999 0.1679713546875 0.6758887109375 0.16769953124999998 0.6744398921875 0.16397463437499998 0.6725057750000001 0.1637028109375 0.6696081359375 0.1562530140625 0.66767401875 0.155981190625 0.6662252 0.15225629375 0.6642910828125 0.1519844703125 0.6628422625 0.148259571875 0.6609081453125001 0.14798775 0.6594593265625 0.14426285156250002 0.6555910921875 0.1437192078125 0.6541422734375 0.1399943078125 0.6406034515625 0.13809155 0.6381840359375001 0.1412728046875 0.6343158015625 0.140729159375 0.63310609375 0.1423197859375 0.6316501999999999 0.1526790140625 0.6330990187500001 0.15640391250000002 0.6301872296875 0.17712236875 0.6316360484375 0.18084726874999998 0.628724259375 0.20156572499999997 0.630173078125 0.20529062343749999 0.62920248125 0.212196775 0.6299268921875 0.2140592234375 0.631861009375 0.21433104687500001 0.63258541875 0.21619349687499997 0.6321001203125001 0.21964657187499997 0.6342733484374999 0.2252339203125 0.636207465625 0.22550574218750002 0.6391051046875 0.2329555390625 0.6410392218750001 0.2332273625 0.6468344984375001 0.24812695625 0.648768615625 0.24839877812500002 0.6531150734375 0.25957347343750004 0.655049190625 0.259845296875 0.6593956484375 0.2710199921875 0.661329765625 0.27129181406249997 0.6649518125 0.2806040609375 0.6644665140625 0.2840571375 0.665915334375 0.28778203593749996 0.6634888421875 0.305047415625 0.6649376625000001 0.308772315625 0.65959938125 0.3467561515625 0.6610482015625 0.35048105 0.6557099203125001 0.38846488749999997 0.657158740625 0.392189784375 0.6532763546875 0.41981439375 0.6547251734375 0.4235392921875 0.6489015953124999 0.4649762046875 0.6503504140625 0.468701103125 0.6435562390625 0.51704416875 0.6450050593750001 0.5207690671874999 0.6386961828125 0.56565905625 0.6401450015625 0.56938395625 0.63529201875 0.603914715625 0.6367408390625 0.6076396140625 0.6323731546875 0.6387172999999999 0.6338219734375 0.642442196875 0.6299395875 0.67006680625 0.6313884078124999 0.6737917046875 0.6265354249999999 0.708322465625 0.6279842453125 0.7120473656249999 0.6250724562500001 0.7327658203125 0.626521275 0.7364907203125 0.6216682921875 0.7710214796875 0.6231171125 0.7747463781249999 0.6158376390625 0.8265425203125 0.6172864578125 0.8302674171875 0.61097758125 0.8751574078125 0.6124264 0.8788823062500001 0.6114558046874999 0.8857884593750001 0.6121802140625 0.8876509078125 0.6334555046875 0.8906409546875 0.6346652125000001 0.889050328125 0.637084628125 0.8858690734374999 0.6433935046875 0.840979084375 0.6419446843750001 0.8372541874999999 0.6492241578125 0.7854580453125 0.6477753390625 0.781733146875 0.6560254078125001 0.723030853125 0.6545765890624999 0.7193059546875 0.664282553125 0.650244434375
0 0.7000389593749999 0.7045675921875 0.7102302218750001 0.63205299375 0.7087814015625 0.628328096875 0.7141196828124999 0.5903442609375 0.7126708625 0.5866193609375 0.7189797390625 0.541729371875 0.7175309203125 0.5380044734375 0.7252956921875 0.48275525625000004 0.723846871875 0.47903035625 0.73161164375 0.42378114062499994 0.7301628250000001 0.42005624218750004 0.7369570000000001 0.3717131765625 0.7355081796875 0.367988278125 0.7432729515625 0.3127390609375 0.7418241328125 0.30901416249999997 0.7423094296875 0.30556108593750003 0.7401362015624999 0.2999737375 0.738202084375 0.299701915625 0.736753265625 0.29597701718749997 0.73288503125 0.295433371875 0.7314362109375 0.2917084734375 0.7295020937500001 0.2914366515625 0.7280532749999999 0.287711753125 0.7261191578124999 0.28743993125 0.7246703390625 0.28371503124999997 0.722736221875 0.283443209375 0.7212874015625 0.2797183109375 0.7174191671875 0.279174665625 0.7159703484375 0.27544976875 0.7140362312499999 0.2751779453125 0.7125874125 0.27145304531250003 0.7106532953125 0.2711812234375 0.7092044750000001 0.267456325 0.7072703578125 0.26718450312500003 0.703641234375 0.2719563828125 0.6973323578125 0.316846371875 0.698781178125 0.3205712703125 0.6910164062499999 0.3758204875 0.6924652250000001 0.3795453875 0.6832445593750001 0.44515383281250004 0.684693378125 0.44887873125000005 0.6788698 0.49031564375 0.6803186203125 0.4940405421875 0.67400974375 0.53893053125 0.6754585625 0.5426554296874999 0.6686643875 0.5909984953125 0.67011320625 0.59472339375 0.665260225 0.6292541546875 0.66670904375 0.6329790531249999 0.6589442734375 0.6882282703125 0.6603930921875001 0.69195316875 0.6579736765625 0.6951344234375 0.6594224953125 0.6988593203125 0.650687128125 0.7610146906249999 0.652135946875 0.7647395890625 0.6448564734375 0.8165357296875 0.64630529375 0.820260628125 0.637569925 0.8824159984375 0.6397431546875 0.8880033453125 0.6571502109375 0.8904497484375 0.6585990296875 0.894174646875 0.6624672640625 0.894718290625 0.6639160828125 0.898443190625 0.6658502000000001 0.8987150125 0.6672990203125 0.9024399109375001 0.6692331375 0.902711734375 0.6706819562499999 0.9064366312500001 0.6726160734375 0.9067084546874999 0.6740648921875 0.9104333515624999 0.6779331281250001 0.9109769968749999 0.679142834375 0.909386371875 0.6849664140625 0.8679494578125 0.68351759375 0.864224559375 0.691282365625 0.8089753421875001 0.689833546875 0.80525044375 0.6966277203125 0.7569073796875 0.6951789015625 0.7531824796875 0.701487778125 0.708292490625 0.7000389593749999 0.7045675921875
0 0.76428645 0.8368417984375001 0.766705865625 0.8336605453124999 0.7997061421875 0.598851371875 0.7982573234375 0.5951264734375 0.8108750765625 0.5053464953125 0.8132944921874999 0.502165240625 0.8147503875 0.4918060125 0.8133015671875 0.4880811140625 0.8142721640625 0.4811749625 0.8166915796875 0.477993709375 0.8225151578125001 0.43655679531249997 0.8210663390624999 0.43283189687499996 0.84339005625 0.27399039687500004 0.8412168265625001 0.26840305 0.8373485921875 0.26785940468749997 0.8358997734375 0.26413450625 0.83396565625 0.263862684375 0.8325168359375 0.2601377859375 0.83058271875 0.2598659640625 0.8291339000000001 0.25614106406250003 0.825265665625 0.25559741874999997 0.823816846875 0.25187252031249996 0.81801449375 0.251057053125 0.816565675 0.24733215625 0.8126974406249999 0.2467885109375 0.811248621875 0.2430636109375 0.8054462703124999 0.24224814375 0.80399745 0.2385232453125 0.7981950984374999 0.23770777812500002 0.7967462796875 0.2339828796875 0.7948121625 0.23371105781249998 0.7904657046875 0.2225363625 0.7885315875 0.2222645390625 0.78708276875 0.21853964218750002 0.7851486515625 0.21826781875 0.78080219375 0.207093121875 0.7788680765625 0.2068213 0.7774192578125 0.2030964015625 0.75420985 0.19983453125 0.7517904343749999 0.203015784375 0.7382516125 0.20111302812499998 0.735832196875 0.2042942828125 0.718425140625 0.2018478796875 0.716005725 0.20502913281250001 0.712137490625 0.2044854890625 0.7109277828125 0.206076115625 0.7065601 0.23715380000000003 0.7080089187499999 0.24087869843749998 0.7065530234375 0.2512379265625 0.7094506625 0.25868772500000004 0.7089653640625 0.2621408 0.7096897734375001 0.26400324999999997 0.7116238906250001 0.264275071875 0.713072709375 0.2679999703125 0.7169409453125 0.268543615625 0.7212874015625 0.2797183109375 0.72322151875 0.27999013281249996 0.7246703390625 0.28371503124999997 0.7285385734375 0.28425867656250003 0.7314362109375 0.2917084734375 0.733370328125 0.291980296875 0.7348191484375 0.2957051953125 0.7386873828125 0.2962488390625 0.7401362015624999 0.2999737375 0.74207031875 0.3002455609375 0.7442435484375001 0.3058329078125 0.739390565625 0.34036367031250003 0.740839384375 0.34408856875 0.7350158062500001 0.38552548125 0.736464625 0.3892503796875 0.7267586625 0.4583119 0.72820748125 0.4620368 0.7209280078125 0.513832940625 0.7223768265625 0.5175578390625 0.7150973546875 0.5693539796875 0.7165461734374999 0.5730788796875 0.7097519984375 0.6214219437499999 0.7112008171875 0.62514684375 0.7048919406249999 0.67003683125 0.7063407609375 0.6737617296875 0.7010024796875001 0.7117455671874999 0.7024513 0.7154704656249999 0.6937159312500001 0.7776258359375 0.6951647515625 0.7813507343749999 0.684488190625 0.8573184078124999 0.685937009375 0.8610433046875 0.679142834375 0.909386371875 0.6805916546875 0.91311126875 0.68010635625 0.9165643453125 0.6866260421875 0.9333263890625 0.6885601593749999 0.9335982109375 0.7044971703125 0.9745720953125 0.7083654046875 0.975115740625 0.7098142234375 0.9788406390625 0.7156165750000001 0.97965610625 0.7168262828125 0.978065478125 0.718035990625 0.9764748531249999 0.7412453984375 0.979736721875 0.744874521875 0.9749648421874999 0.7599187656249999 0.8679194828125001 0.76233818125 0.8647382296874999 0.7652499703125 0.8440197734374999 0.7638011515625001 0.840294875 0.76428645 0.8368417984375001