0 0.39720966406249997 0.3486145390625 0.39509123125 0.3455114140625 0.38533898906249997 0.3460225078125 0.38322055625 0.3429193828125 0.3635480875 0.3407362265625 0.3614296546875 0.337633103125 0.3516774125 0.3381441953125 0.3495589796875 0.335041071875 0.33590584218749997 0.3357566015625 0.333787409375 0.3326534765625 0.325985615625 0.3330623515625 0.32386718281250004 0.3299592265625 0.3160653890625 0.3303681015625 0.31394695625 0.32726497656250003 0.3061451625 0.3276738515625 0.3040267296875 0.3245707265625 0.29427448749999996 0.3250818203125 0.2921560546875 0.3219786953125 0.2724835859375 0.31979554062500004 0.270365153125 0.316692415625 0.2606129109375 0.31720350937499997 0.258494478125 0.314100384375 0.2506926859375 0.31450925937499996 0.24857425156250001 0.311406134375 0.24077245937499997 0.311815009375 0.238654025 0.3087118859375 0.2308522328125 0.3091207609375 0.22873379843750002 0.30601763593750003 0.217031109375 0.3066309484375 0.21491267656250002 0.3035278234375 0.19719065625 0.3012424484375 0.1871024453125 0.29534285625 0.177350203125 0.29585395000000003 0.17523177031249998 0.292750825 0.165479528125 0.29326191874999996 0.1633610953125 0.29015879375 0.1555593015625 0.29056766875 0.15344086875000001 0.2874645453125 0.143688628125 0.2879756390625 0.14157019375 0.2848725140625 0.1337684015625 0.2852813890625 0.1316499671875 0.2821782640625 0.1218977265625 0.2826893578125 0.11977929218750001 0.2795862328125 0.1020572734375 0.27730085781249997 0.099938840625 0.274197734375 0.09603794375 0.274402171875 0.09286029375 0.26974748437499996 0.0921883546875 0.2569261125 0.0939708171875 0.2536185515625 0.093634846875 0.2472078640625 0.0963085421875 0.242246521875 0.1011006703125 0.2403883046875 0.0961405578125 0.239041178125 0.0936861546875 0.22952736875 0.0896172734375 0.2265264625 0.083765928125 0.22683311874999998 0.0816474953125 0.22372999531249999 0.079697046875 0.22383221406249998 0.0716759609375 0.238716240625 0.06683252656250001 0.25825495625 0.061485135937500004 0.268177640625 0.058256178125 0.28120345 0.059096103125 0.2972301640625 0.066342634375 0.30488575625 0.07024353125 0.30468131875000004 0.07838129375 0.3106831296875 0.09008398437500001 0.31006981875 0.0922024171875 0.31317294218749997 0.1039051078125 0.31255963124999997 0.106023540625 0.3156627546875 0.1157757828125 0.31515166250000004 0.11789421562499999 0.3182547859375 0.12764645624999998 0.3177436921875 0.12976489062500002 0.32084681718749997 0.1375666828125 0.3204379421875 0.1396851171875 0.3235410671875 0.1494373578125 0.3230299734375 0.151555790625 0.3261330984375 0.159357584375 0.3257242234375 0.1614760171875 0.328827346875 0.1692778109375 0.328418471875 0.17139624375 0.331521596875 0.1811484859375 0.331010503125 0.18326691875 0.334113628125 0.1910687125 0.33370475312500003 0.1931871453125 0.336807878125 0.2009889390625 0.33639900312500004 0.203107371875 0.339502128125 0.2128596140625 0.338991034375 0.214978046875 0.342094159375 0.22277984062499998 0.341685284375 0.22489827343750002 0.344788409375 0.232700065625 0.344379534375 0.23481849999999999 0.3474826578125 0.24262029218749998 0.3470737828125 0.2447387265625 0.3501769078125 0.25254051875 0.3497680328125 0.254658953125 0.3528711578125 0.26441119375 0.3523600640625 0.2665296265625 0.3554631890625 0.2823011984375 0.35785078124999997 0.28441963124999997 0.36095390625 0.2941718734375 0.3604428125 0.29629030625 0.36354593749999997 0.3060425484375 0.36303484375 0.30816098125 0.36613796875000004 0.329783896875 0.3682189046875 0.33190233125 0.3713220296875 0.35742614375000004 0.37319853125 0.3595445765625 0.37630165625 0.36929681875 0.3757905625 0.3714152515625 0.3788936859375 0.38116749375 0.37838259218750003 0.3832859265625 0.3814857171875 0.3949886171875 0.3808724046875 0.39710705 0.3839755296875 0.42335410937500007 0.38099290625000004 0.43009668593750006 0.37903246875 0.43277038125 0.37407112656249997 0.43243441093749996 0.3676604390625 0.43599933750000003 0.3610453171875 0.43282168906249996 0.35639063125 0.41900056562500004 0.35390081875 0.408912353125 0.3480012265625 0.39720966406249997 0.3486145390625
0 0.48023901718750006 0.3281924203125 0.4781205828125 0.325089296875 0.47031879062500004 0.3254981703125 0.4682003578125 0.322395046875 0.4603985640625 0.3228039203125 0.45828013125 0.3197007953125 0.44657744062500004 0.32031410781249997 0.4444590078125 0.3172109828125 0.4366572140625 0.3176198578125 0.43453878125 0.3145167328125 0.4267369875 0.3149256078125 0.4246185546875 0.31182248437500004 0.41486631249999995 0.312333578125 0.4127478796875 0.30923045312499997 0.4029956390625 0.309741546875 0.40087720468750004 0.306638421875 0.3792542890625 0.30455748437499996 0.37713585625 0.3014543609375 0.3574633875 0.2992712046875 0.3553449546875 0.29616807968750003 0.3356724859375 0.2939849234375 0.33355405312499997 0.2908818 0.31388158437499997 0.28869864375 0.3117631515625 0.28559551875 0.28428889062499996 0.28382123593749997 0.2742006796875 0.2779216453125 0.25257776249999997 0.27584070625 0.2504593296875 0.27273758125 0.2426575359375 0.27314645625 0.24053910312500001 0.2700433328125 0.23273730937499998 0.2704522078125 0.2306188765625 0.26734908281249997 0.2189161875 0.2679623953125 0.216797753125 0.2648592703125 0.2089959609375 0.2652681453125 0.20687752656249997 0.2621650203125 0.19110595625 0.2597774265625 0.1889875234375 0.256674303125 0.1811857296875 0.257083178125 0.179067296875 0.253980053125 0.1574443796875 0.251899115625 0.14735616875 0.2459995234375 0.12183235625 0.24412302343749998 0.119713921875 0.2410198984375 0.1119121296875 0.24142877343750002 0.103774365625 0.2354269625 0.097923021875 0.23573361875 0.0952493265625 0.24069496093749998 0.0955852953125 0.2471056453125 0.0923563390625 0.2601314546875 0.09481074218749999 0.269645265625 0.10010682500000001 0.2774030765625 0.10790861874999999 0.276994203125 0.11002705156249999 0.280097325 0.121729740625 0.2794840140625 0.123848175 0.2825871390625 0.1316499671875 0.2821782640625 0.1337684015625 0.2852813890625 0.14157019375 0.2848725140625 0.143688628125 0.2879756390625 0.15344086875000001 0.2874645453125 0.1555593015625 0.29056766875 0.16531154374999998 0.29005657500000004 0.1674299765625 0.2931597 0.17718221875 0.29264860625 0.1793006515625 0.29575173125 0.1950722234375 0.298139325 0.19719065625 0.3012424484375 0.218813571875 0.3033233859375 0.22093200624999998 0.3064265109375 0.22873379843750002 0.30601763593750003 0.2308522328125 0.3091207609375 0.2406044734375 0.3086096671875 0.2427229078125 0.311712790625 0.2505247 0.31130391562500004 0.2526431328125 0.314407040625 0.2604449265625 0.313998165625 0.26256335937499997 0.31710129062500003 0.270365153125 0.316692415625 0.2724835859375 0.31979554062500004 0.28223582812500003 0.319284446875 0.2843542609375 0.3223875703125 0.2921560546875 0.3219786953125 0.29427448749999996 0.3250818203125 0.30597717812499997 0.3244685078125 0.30809561093750004 0.3275716328125 0.3158974046875 0.327162759375 0.3180158375 0.33026588281249997 0.3258176296875 0.329857009375 0.32793606406250003 0.3329601328125 0.3376883046875 0.33244904062499997 0.33980673906250003 0.3355521640625 0.3495589796875 0.335041071875 0.3516774125 0.3381441953125 0.3614296546875 0.337633103125 0.3635480875 0.3407362265625 0.37330032968750004 0.3402251328125 0.3754187625 0.3433282578125 0.3851710046875 0.3428171640625 0.3872894375 0.3459202890625 0.3970416796875 0.3454091953125 0.3991601125 0.3485123203125 0.408912353125 0.3480012265625 0.4110307875 0.35110435 0.42078302812499996 0.35059325625 0.42290146249999994 0.35369638124999997 0.4346041515625 0.35308306875 0.4427419140625 0.35908488125 0.46241438281249997 0.3612680359375 0.464532815625 0.3643711609375 0.472334609375 0.3639622859375 0.4744530421875 0.3670654109375 0.4822548359375 0.36665653593749997 0.48437326875000003 0.3697596609375 0.49412551093749996 0.3692485671875 0.49624394374999997 0.372351690625 0.512015515625 0.37473928437500004 0.5141339484375 0.377842409375 0.517866859375 0.374432628125 0.51998529375 0.377535753125 0.5267278703125 0.3755753171875 0.5324112296875 0.37206331718749996 0.530292796875 0.36896019375 0.5299568265625 0.36254950625000004 0.53335376875 0.352729040625 0.5178014890625 0.3358662953125 0.5059308140625001 0.3332742640625 0.50381238125 0.33017114062499997 0.48023901718750006 0.3281924203125
0 0.4583827453125 0.2843398046875 0.4562643125 0.28123668125 0.444561621875 0.2818499921875 0.44244318906249996 0.2787468671875 0.4346413953125 0.2791557421875 0.43252296250000005 0.2760526171875 0.42472116875 0.2764614921875 0.42260273593750003 0.27335836874999997 0.41285049375 0.2738694625 0.4107320609375 0.2707663375 0.40293026718749997 0.2711752125 0.40081183437499995 0.2680720875 0.393010040625 0.26848096250000003 0.3908916078125 0.2653778375 0.3830898140625 0.2657867125 0.38097138125 0.2626835890625 0.371219140625 0.26319468281249997 0.36910070625 0.2600915578125 0.359348465625 0.2606026515625 0.3572300328125 0.2574995265625 0.3494282390625 0.2579084015625 0.34730980625 0.2548052765625 0.33755756406250004 0.2553163703125 0.33543913125 0.2522132453125 0.323736440625 0.2528265578125 0.3216180078125 0.24972343437500003 0.3138162140625 0.250132309375 0.31169778125000003 0.24702918437500002 0.29007486562499996 0.244948246875 0.28795643125 0.241845121875 0.2801546390625 0.24225399687500002 0.2780362046875 0.2391508734375 0.266333515625 0.23976418437499997 0.2642150828125 0.2366610609375 0.254462840625 0.237172153125 0.2523444078125 0.2340690296875 0.2445426140625 0.234477903125 0.24242418125 0.2313747796875 0.230721490625 0.23198809062499998 0.2286030578125 0.2288849671875 0.208930590625 0.2267018109375 0.20681215625 0.2235986859375 0.1951094671875 0.2242119984375 0.192991034375 0.22110887343750002 0.17738744687500002 0.2219266234375 0.1712001328125 0.21582259375 0.16534878749999998 0.21612925 0.1635663234375 0.2194368125 0.1554285609375 0.21343499999999999 0.14567631875 0.21394609375 0.143002625 0.2189074359375 0.14417851875 0.24134483750000002 0.14735616875 0.2459995234375 0.1532075140625 0.2456928671875 0.155325946875 0.248795990625 0.16117729218750002 0.248489334375 0.1619005390625 0.2436302109375 0.153039528125 0.24248752499999998 0.14986187812500001 0.2378328375 0.14952590937500002 0.23142215156249998 0.15398206718750002 0.22315324687500002 0.163734309375 0.22264215312500002 0.167247928125 0.2337075265625 0.164018971875 0.2467333359375 0.167196621875 0.251388021875 0.1868690890625 0.25357117812499996 0.1889875234375 0.256674303125 0.19483886718750001 0.256367646875 0.20297663125 0.2623694578125 0.212728871875 0.26185836406249996 0.2148473046875 0.2649614890625 0.224599546875 0.26445039531250003 0.2267179796875 0.2675535203125 0.23451977343750002 0.26714464531250004 0.23663820625 0.2702477703125 0.2463904484375 0.269736678125 0.24850888124999998 0.27283979999999997 0.2701317984375 0.27492073906250003 0.27225023125000003 0.2780238625 0.2800520234375 0.27761498906250004 0.2821704578125 0.2807181125 0.29192269843749996 0.2802070203125 0.2940411328125 0.28331014374999997 0.30574382187500004 0.28269683125 0.3078622546875 0.28579995625 0.329485171875 0.28788089375000003 0.3316036046875 0.29098401875 0.3394053984375 0.29057514375000004 0.34152383125 0.2936782671875 0.3512760734375 0.2931671734375 0.35339450625 0.29627029843749997 0.36119629999999997 0.2958614234375 0.36331473281250004 0.2989645484375 0.37111652500000003 0.2985556734375 0.373234959375 0.3016587984375 0.3968083234375 0.303637515625 0.39892675624999996 0.306740640625 0.40672854999999997 0.30633176562500003 0.4088469828125 0.309434890625 0.418599225 0.308923796875 0.4207176578125 0.312026921875 0.4304699 0.31151582968749997 0.43258833281250003 0.3146189515625 0.44234057499999996 0.314107859375 0.4444590078125 0.3172109828125 0.4542112484375 0.316699890625 0.45632968281249997 0.3198030140625 0.4779525984375 0.321883953125 0.48007103124999995 0.324987078125 0.487872825 0.324578203125 0.48999125781249997 0.327681328125 0.49779305156250003 0.32727245312500003 0.499911484375 0.330375578125 0.5096637265624999 0.329864484375 0.5117821593749999 0.3329676078125 0.5195839531249999 0.33255873281250004 0.5217023859375 0.3356618578125 0.5264945140624999 0.33380363750000003 0.5295554859375 0.3175724875 0.5287155625 0.301545771875 0.523419478125 0.2937879609375 0.49399476875000004 0.29211589843749997 0.4918763359375 0.2890127734375 0.46830297187500003 0.287034053125 0.46618453750000005 0.28393093125 0.4583827453125 0.2843398046875
0 0.475871409375 0.24485350156250002 0.47375297656250004 0.24175037812500003 0.4462787140625 0.239976096875 0.436190503125 0.234076503125 0.42643826249999994 0.23458759687500003 0.42431982812499996 0.23148447343749998 0.4026969125 0.2294035359375 0.4005784796875 0.22630041093750003 0.3809060109375 0.22411725312500003 0.37878757812499997 0.22101413124999997 0.370985784375 0.2214230046875 0.3688673515625 0.21831988125000001 0.3610655578125 0.2187287546875 0.358947125 0.21562563125 0.3491948828125 0.2161367234375 0.34707645 0.2130336 0.33927465625000003 0.2134424734375 0.33715622343749996 0.2103393515625 0.3293544296875 0.21074822499999998 0.327235996875 0.2076451015625 0.3194342046875 0.20805397499999997 0.31731577031249997 0.20495085156249998 0.289673525 0.1999712265625 0.287555090625 0.1968681015625 0.27780285 0.1973791953125 0.27568441718750003 0.1942760703125 0.26788262343749997 0.1946849453125 0.265764190625 0.19158182031249998 0.257962396875 0.1919906953125 0.2558439640625 0.188887571875 0.23812194375 0.186602196875 0.2360035109375 0.183499071875 0.22820171718750001 0.183907946875 0.22608328437499997 0.180804821875 0.20250992031249998 0.178826103125 0.2003914859375 0.17572297812499998 0.188688796875 0.176336290625 0.1865703640625 0.173233165625 0.17876857031249999 0.173642040625 0.1706308078125 0.1676402296875 0.149007890625 0.1655592921875 0.140870128125 0.15955748125 0.12916743749999998 0.16017079375 0.1270490046875 0.15706766875 0.11729676250000001 0.1575787625 0.1151783296875 0.15447563749999998 0.1073765359375 0.1548845125 0.10525810312499999 0.1517813875 0.1015251921875 0.15519116718749998 0.09901948125 0.163357853125 0.09824492812499999 0.18589747343750002 0.101422578125 0.1905521609375 0.1132932515625 0.1931441921875 0.1154116859375 0.196247315625 0.135084153125 0.19843047187500001 0.1372025859375 0.201533596875 0.14890527656250002 0.20092028437499998 0.151023709375 0.20402340937500002 0.1607759515625 0.203512315625 0.1708641625 0.2094119078125 0.182566853125 0.2087985953125 0.1846852859375 0.21190172031249999 0.19053663125 0.2115950640625 0.1926550640625 0.2146981890625 0.198506409375 0.21439153281249998 0.20859462031249998 0.220291125 0.21639641406250001 0.21988225 0.218514846875 0.222985375 0.2263166390625 0.2225765 0.22843507343749997 0.225679625 0.2401377625 0.2250663125 0.24225619687500002 0.2281694375 0.2580277671875 0.2305570296875 0.2601462 0.23366015468749998 0.26794799375 0.2332512796875 0.2700664265625 0.2363544046875 0.27981866875 0.2358433109375 0.28193710156249996 0.23894643593749998 0.2897388953125 0.2385375609375 0.291857328125 0.241640684375 0.299659121875 0.24123180937500002 0.3017775546875 0.244334934375 0.3095793484375 0.24392605937499998 0.31169778125000003 0.24702918437500002 0.323400471875 0.24641587187499997 0.3255189046875 0.249518996875 0.34714182031249996 0.2515999328125 0.3572300328125 0.2574995265625 0.3669822734375 0.2569884328125 0.36910070625 0.2600915578125 0.38877317499999997 0.262274715625 0.3908916078125 0.2653778375 0.3986934015625 0.26496896406250003 0.40081183437499995 0.2680720875 0.408613628125 0.26766321406250004 0.4107320609375 0.2707663375 0.41853385468750004 0.2703574640625 0.4206522875 0.2734605875 0.4304045296875 0.2729494953125 0.43252296250000005 0.2760526171875 0.442275203125 0.275541525 0.4443936375 0.27864465 0.4640661046875 0.28082780625 0.46618453750000005 0.28393093125 0.4759367796875 0.2834198375 0.4780552125 0.2865229609375 0.48585700625 0.2861140859375 0.4879754390625 0.2892172109375 0.4957772328125 0.2888083359375 0.49789566562500004 0.2919114609375 0.528043621875 0.2887244 0.5350054906249999 0.2722888109375 0.53399758125 0.2530567515625 0.53081993125 0.24840206562499997 0.5230181390624999 0.248810940625 0.5208997046875 0.24570781562500002 0.5072465671875 0.24642334687499998 0.505128134375 0.243320221875 0.475871409375 0.24485350156250002
0 0.4946385828125 0.192443609375 0.480817459375 0.1899537984375 0.4726796953125 0.1839519859375 0.464877903125 0.18436086093749998 0.46275946875 0.1812577359375 0.44910633125 0.1819732671875 0.4469878984375 0.17887014375000002 0.4391861046875 0.1792790171875 0.43706767187500006 0.17617589375 0.42536498125 0.17678920468749998 0.4232465484375 0.17368608125 0.41154385937500004 0.17429939218749999 0.40942542499999995 0.1711962671875 0.3977227359375 0.1718095796875 0.395604303125 0.1687064546875 0.3839016125 0.1693197671875 0.38178317968750003 0.1662166421875 0.356259365625 0.16434014218749998 0.3541409328125 0.16123701875000002 0.346339140625 0.16164589375 0.34422070625 0.15854276875 0.33056756875 0.15925830000000002 0.3284491359375 0.156155175 0.3206473421875 0.15656405 0.318528909375 0.153460925 0.30682621875 0.1540742359375 0.3047077859375 0.1509711140625 0.29495554375 0.15148220625 0.2928371109375 0.1483790828125 0.2673132984375 0.14650258124999999 0.26519486406250004 0.14339945625 0.2554426234375 0.14391055 0.253324190625 0.1408074265625 0.2435719484375 0.1413185203125 0.241453515625 0.1382153953125 0.229750825 0.1388287078125 0.2276323921875 0.1357255828125 0.21788015 0.1362366765625 0.2157617171875 0.1331335515625 0.192188353125 0.131154834375 0.1900699203125 0.128051709375 0.160645209375 0.1263796453125 0.1585267765625 0.1232765203125 0.1448736390625 0.1239920515625 0.14275520625 0.120888928125 0.12715161875 0.121706678125 0.12503318593749999 0.118603553125 0.111380046875 0.11931908437500001 0.10926161406249998 0.116215959375 0.101459821875 0.116624834375 0.09878612656249999 0.1215861765625 0.0991220953125 0.1279968625 0.0973396328125 0.13130442343749998 0.09817955625 0.1473311390625 0.10135720625 0.151985825 0.10525810312499999 0.1517813875 0.10704056718749999 0.14847382656250002 0.109159 0.15157695 0.12688102031249998 0.15386232500000002 0.13696923125 0.15976191875 0.158592146875 0.16184285468749998 0.1667299109375 0.1678446671875 0.18250148125 0.1702322609375 0.184619915625 0.173335384375 0.1963226046875 0.172722071875 0.1984410375 0.175825196875 0.22201440312499998 0.177803915625 0.22413283593750002 0.18090704062500002 0.2319346296875 0.180498165625 0.2340530625 0.183601290625 0.2457557515625 0.1829879796875 0.2478741859375 0.186091103125 0.255675978125 0.18568222968749998 0.2577944125 0.188785353125 0.2655962046875 0.1883764796875 0.2677146390625 0.1914796015625 0.2774668796875 0.190968509375 0.27958531249999996 0.1940716328125 0.28738710625 0.193662759375 0.2895055390625 0.196765884375 0.3012082296875 0.196152571875 0.3033266625 0.199255696875 0.315029353125 0.19864238437499998 0.3171477859375 0.20174550781249997 0.32690002812499996 0.20123441406250003 0.3290184609375 0.20433753906250002 0.336820253125 0.2039286640625 0.3389386875 0.20703178906250003 0.3625120515625 0.20901050781250002 0.364630484375 0.21211363125 0.372432278125 0.21170475625 0.37455071093750003 0.21480788125 0.3823525046875 0.21439900625 0.3844709375 0.21750213125 0.3981240765625 0.2167866 0.40024250937500006 0.21988972499999998 0.4199149765625 0.22207288125 0.4220334109375 0.2251760046875 0.43780498124999995 0.2275636 0.43992341562500004 0.2306667234375 0.44967565625 0.23015563125 0.45179408906249996 0.23325875312500002 0.46951610937500005 0.2355441296875 0.4716345421875 0.238647253125 0.49715835625000004 0.2405237546875 0.4992767890625 0.243626878125 0.510979478125 0.243013565625 0.5130979124999999 0.246116690625 0.5248006015625 0.245503378125 0.526919034375 0.248606503125 0.5336616109375 0.2466460671875 0.535276090625 0.2401331609375 0.532537025 0.20652816875000002 0.52066635 0.2039361375 0.5185479171875 0.200833015625 0.5126965718750001 0.2011396703125 0.5045588078125001 0.195137859375 0.49675701562499996 0.195546734375 0.4946385828125 0.192443609375
0 0.16633570312499998 1 0.1625732546875 0.9282082031250001 0.1604548203125 0.9251050796875001 0.151047665625 0.7456058718749999 0.14892923281249998 0.7425027484375 0.143217746875 0.6335210874999999 0.14109931250000002 0.6304179624999999 0.137067675 0.5534897296875 0.13494924218749998 0.5503866078125 0.1339413328125 0.5311545484375 0.1357237953125 0.5278469859375 0.135219840625 0.5182309578125001 0.1331014078125 0.5151278328125 0.126885965625 0.39653014375 0.1247675328125 0.39342701875 0.123423653125 0.3677842734375 0.12520611718750002 0.3644767125 0.12470216249999999 0.3548606828125 0.12063328124999999 0.351859778125 0.1238622375 0.33883396875 0.12352626874999999 0.3324232828125 0.11856615468750001 0.33107615625000003 0.1152205203125 0.3232161296875 0.11009242187499998 0.31866365937499996 0.102290628125 0.319072534375 0.10017219531249999 0.31596941093750003 0.0239367265625 0.3167505953125 0.02126303125 0.3217119375 0.028822351562499997 0.4659523734375 0.0309407859375 0.469055496875 0.0378281671875 0.600474559375 0.0399466 0.603577684375 0.044818162499999994 0.6965326296875001 0.0469365953125 0.6996357546875 0.05516785625 0.8566975625 0.057286289062499995 0.8598006843749999 0.0638377 0.9848090624999999 0.065956134375 0.9879121859375 0.0665896296875 1 0.16633570312499998 1
0 0.2171866421875 1 0.2077414078125 0.8197742 0.20562297499999999 0.816671075 0.20706946875 0.8069528281249999 0.20495103593750003 0.8038497046874999 0.194871940625 0.611529125 0.1927535078125 0.6084259999999999 0.18301038281249998 0.42251610624999997 0.18089195 0.4194129828125 0.1787081453125 0.3777435234375 0.175530496875 0.3730888375 0.1482242203125 0.3745199 0.1461057875 0.37141677500000003 0.1324526484375 0.37213230468749997 0.1278285046875 0.37719586562499996 0.1327000671875 0.4701508125 0.1348185 0.4732539375 0.14439364062499999 0.6559584875 0.1465120734375 0.6590616125000001 0.1447296109375 0.6623691734375 0.145233565625 0.671985203125 0.1473519984375 0.6750883265625001 0.155583259375 0.8321501328125 0.15770169218750002 0.8352532578125 0.16633570312499998 1 0.2171866421875 1
0 0.2660817765625 1 0.2649018609375 0.9774858828124999 0.262783428125 0.974382759375 0.25236836406249996 0.7756514937500001 0.25024993125 0.77254836875 0.23815501718749998 0.5417636734375 0.236036584375 0.53866055 0.227469353125 0.37518805624999996 0.22022282187500003 0.36753246562499997 0.18121385625 0.3695768390625 0.1785401609375 0.37453818125 0.17971605625 0.39697558125 0.1818344890625 0.40007870624999997 0.1909056734375 0.573167228125 0.19302410625 0.5762703515625 0.2012553671875 0.7333321578125 0.2033738 0.7364352828125 0.21597266875 0.9768360078124999 0.2180911015625 0.9799391296875 0.21914244843750003 1 0.2660817765625 1
0 0.2993304671875 1 0.2970515734375 0.9565161078125 0.294933140625 0.9534129828125 0.285358 0.7707084328125 0.2832395671875 0.7676053078125 0.26079495937499997 0.3766556828125 0.25193395 0.3755129953125 0.2498155171875 0.3724098703125 0.23031103437499997 0.3734320578125 0.2276373390625 0.3783934 0.23284487031249998 0.4777590328125 0.2349633046875 0.48086215781249997 0.23334882499999998 0.48737506249999996 0.23546725937500002 0.49047818593750003 0.2467222484375 0.7052361671875 0.24884068125 0.708339290625 0.2592557453125 0.9070705546875001 0.26137417812499997 0.9101736796875001 0.2660817765625 1 0.2993304671875 1
0 0.3462697953125 1 0.3354630875 0.793795709375 0.33334465468749996 0.7906925874999999 0.317218103125 0.48297965937500004 0.3150996703125 0.4798765359375 0.31073206249999996 0.3965376171875 0.3075544125 0.39188293125 0.26464455 0.3941317421875 0.2621388390625 0.40229842812500005 0.263650703125 0.43114651249999997 0.26576913593749996 0.43424963749999995 0.2639866734375 0.4375572 0.26627309062500004 0.443865665625 0.2646586125 0.45037857187499997 0.2649945828125 0.45678925625 0.267113015625 0.45989238125 0.265330553125 0.46319994375 0.2674489859375 0.46630306875 0.2813917328125 0.7323465359375 0.283510165625 0.7354496609375001 0.294093215625 0.9373862687500001 0.29621164843750003 0.9404893937500001 0.2993304671875 1 0.3462697953125 1
0 0.4138746578125 1 0.41464779687500003 0.9985653515624999 0.390793940625 0.5434066468750001 0.38867550781250004 0.5403035218750001 0.3904579703125 0.5369959625 0.3896180453125 0.5209692453125 0.3874996125 0.517866121875 0.3884421515625 0.4985318453125 0.38632371875 0.4954287203125 0.3809482015625 0.3928577453125 0.375820103125 0.388305278125 0.3134057578125 0.391576275 0.3288090609375 0.7041483265624999 0.3309274953125 0.70725145 0.33831883125 0.848286540625 0.3404372640625 0.851389665625 0.3481645703125 0.9988354421875 0.348660265625 1 0.4138746578125 1
0 0.4606276875 1 0.4869823703125 0.997988603125 0.48876483281249994 0.9946810421875 0.48708498437500003 0.9626276125000001 0.48496655000000005 0.9595244875000001 0.4867490140625 0.9562169265625 0.48590908906249997 0.9401902109375 0.48379065624999995 0.9370870859375 0.4817748375 0.8986229703124999 0.4835573015625 0.895315409375 0.4818774515625 0.8632619796875 0.47975901875 0.8601588546875 0.48154148125 0.8568512937499999 0.47918969375 0.811976490625 0.477071259375 0.8088733687499999 0.45506523750000005 0.3889734359375 0.4518875875 0.38431875 0.38752279375 0.387691965625 0.38484909843750004 0.39265330781249996 0.4165982453125 0.9984631328125 0.4176474296875 1 0.4606276875 1
0 0.516714921875 0.8935776921875 0.5197245875000001 0.8950270359375001 0.52061581875 0.8933732546875 0.5183294 0.8870647875 0.5199438796875 0.8805518828125001 0.5236767906249999 0.877142103125 0.5224495890624999 0.8723851968749999 0.5185486921875 0.8725896343749999 0.5153710421875 0.8679349484375001 0.51715350625 0.8646273875 0.5156416421875 0.8357792984374999 0.51742410625 0.8324717390625 0.5151376875 0.8261632703125 0.516752165625 0.8196503671875 0.515912240625 0.8036236515624999 0.5137938078125 0.8005205265625 0.515576271875 0.7972129640625 0.5128885125 0.745927478125 0.5146709765625 0.742619915625 0.5123845578124999 0.7363114484375 0.5139990359375 0.7297985437500001 0.5077835953125 0.6112008531249999 0.5056651624999999 0.6080977296875 0.507279640625 0.6015848234375001 0.5066077 0.5887634515625 0.5044892671875 0.5856603265625 0.49245972499999996 0.3934419671875 0.49017330625 0.3871335 0.48504520781249993 0.3825810328125 0.4577389328125 0.38401209375 0.45506523750000005 0.3889734359375 0.473879546875 0.74797185 0.4759979796875 0.751074975 0.4742155171875 0.7543825359375 0.475055440625 0.7704092515625 0.47717387499999997 0.7735123749999999 0.4755593953125 0.78002528125 0.47784581406250004 0.786333746875 0.4762313359375 0.792846653125 0.47851775312499994 0.79915511875 0.47935767812499996 0.8151818343749999 0.47757521406250003 0.818489396875 0.4798616328125 0.8247978625 0.4807015578125 0.8408245781250001 0.47891909374999997 0.844132140625 0.4812055125 0.85044060625 0.48154148125 0.8568512937499999 0.47975901875 0.8601588546875 0.4818774515625 0.8632619796875 0.4800949890625 0.8665695421875 0.4804309578125 0.8729802265625001 0.482549390625 0.8760833515625001 0.4828853609375 0.8824940375000001 0.4811028984375 0.8858015984375 0.4869823703125 0.997988603125 0.5142886453125 0.9965575421875 0.516071109375 0.9932499796875 0.5150631999999999 0.9740179234375 0.5168456625 0.9707103609375001 0.517284246875 0.94176005625 0.5190667109375 0.9384524937500001 0.5145964890625 0.89047456875 0.5154877203125 0.8888207859374999 0.516714921875 0.8935776921875
0 0.5496855484375 0.5897199843750001 0.5475671156249999 0.5866168593750001 0.5371520515625 0.3878855953125 0.5339744015625 0.3832309078125 0.4969158828125 0.3851730625 0.4942421875 0.39013440625 0.49659397656250004 0.43500920781249997 0.49871240937500005 0.43811233125 0.5042559125 0.5438886515625 0.5063743453125 0.546991775 0.5109099375 0.6335360359375 0.5130283703125 0.636639159375 0.5178999328125 0.72959410625 0.5200183671875 0.73269723125 0.5253938828125 0.83526820625 0.5275123171875 0.8383713296874999 0.53104 0.9056835328125 0.5331584328125001 0.9087866578125 0.5368541015625 0.979304203125 0.538972534375 0.982407328125 0.540703690625 0.9967802625 0.5747525437500001 0.9933887640625001 0.5661853125 0.8299162718750001 0.5640668796874999 0.826813146875 0.563562925 0.81719711875 0.5651774031250001 0.8106842140625 0.5630589703125 0.8075810890625 0.556507559375 0.6825727125000001 0.5543891265625 0.6794695875000001 0.5496855484375 0.5897199843750001
0 0.59248785 0.3801643484375 0.5554293328125001 0.382106503125 0.5513604515625 0.37910559843749997 0.5495779875 0.382413159375 0.5408849625000001 0.384475815625 0.54659645 0.49345747656250005 0.5487148828125 0.49656060156250004 0.5535864453125 0.589515546875 0.555704878125 0.5926186718750001 0.553922415625 0.5959262328125 0.5574500984374999 0.6632384359375 0.55956853125 0.666341559375 0.557954053125 0.6728544656250001 0.5600724859375 0.6759575890625 0.5622562890625 0.7176270484375 0.5643747234375 0.7207301734375 0.56276024375 0.7272430765625 0.5677997921875 0.8234033671875001 0.569918225 0.826506490625 0.5683037468750001 0.8330193953125 0.5705901640625 0.8393278625 0.5784854546875 0.9899789828125 0.5816631046875 0.9946336703125 0.63131554375 0.990424421875 0.6095428765625 0.61229616875 0.60742444375 0.6091930453125001 0.60658451875 0.5931663281249999 0.6083669828125 0.58985876875 0.6045033296875 0.516135878125 0.6023848968750001 0.5130327546875 0.5958334859375001 0.388024378125 0.59248785 0.3801643484375
0 0.6408154203125 0.649227003125 0.64014348125 0.6364056312499999 0.64192594375 0.633098071875 0.639910125 0.5946339546875 0.6377916921875 0.5915308296874999 0.6307363265625 0.456906425 0.62861789375 0.45380330156250004 0.62576215 0.39931246875 0.6275446125 0.396004909375 0.6268726734375 0.3831835375 0.6236950234374999 0.37852885000000003 0.596388746875 0.3799599109375 0.5996971375 0.46174726718750003 0.601815571875 0.4648503921875 0.602151540625 0.47126107656249994 0.6005370625 0.47777398125000003 0.6026554953125001 0.48087710625 0.610718771875 0.6347335703125 0.6128372046874999 0.63783669375 0.613341159375 0.6474527234375 0.6115586953125 0.650760284375 0.6150210078125 0.6795061515625 0.6134065296875 0.6860190578124999 0.6155249625 0.6891221828125 0.6286277859375 0.9391389359375 0.6307462187499999 0.9422420593749999 0.6332659921875 0.990322203125 0.66057226875 0.9888911421875 0.662186746875 0.9823782375000001 0.6569792156250001 0.88301260625 0.6548607828125 0.87990948125 0.6452856421875001 0.69720493125 0.6431672093749999 0.6941018062500001 0.6413193749999999 0.658843034375 0.6431018390625 0.655535471875 0.6408154203125 0.649227003125
0 0.630320921875 0.355682575 0.6276472265625 0.3606439171875 0.6439417640625 0.6715621875 0.6460601968749999 0.6746653109375 0.647236090625 0.6971027125 0.6454536281250001 0.7004102734375001 0.6483093703125 0.7549011046875 0.6504278046875 0.758004228125 0.6623547328125 0.98558358125 0.6655323828124999 0.99023826875 0.7093334765625 0.9863356765625 0.6985824421875 0.781193725 0.696464009375 0.7780906 0.6982464734375 0.7747830390625 0.694718790625 0.7074708359375 0.69260035625 0.7043677109375001 0.6744579859375001 0.35819066875 0.6712803375 0.3535359828125 0.630320921875 0.355682575
0 0.7629472374999999 0.7778205093749999 0.7453088218749999 0.44125949531249997 0.7431903890625 0.4381563703125 0.7444688968750001 0.4252327796875 0.7423504640624999 0.4221296546875 0.7384868109375 0.348406765625 0.7333587125000001 0.3438543 0.6787461609375 0.34671642343750003 0.6744579859375001 0.35819066875 0.6767444046875 0.3644991375 0.678928209375 0.4061685953125 0.6771457453124999 0.40947615624999995 0.6840331265625 0.54089521875 0.686151559375 0.54399834375 0.7036219906250001 0.8773540140625 0.7057404234375 0.8804571390625 0.706244378125 0.8900731671875001 0.7044619140624999 0.8933807296875 0.7067483328125 0.899689196875 0.7051338546875 0.9062021015624999 0.7072522875 0.909305225 0.711283925 0.9862334578124999 0.7736982718750001 0.9829624593749999 0.77531275 0.9764495546875 0.7672494734375 0.822593090625 0.765131040625 0.8194899687499999 0.7660735796875 0.800155690625 0.763955146875 0.797052565625 0.76328320625 0.7842311937499999 0.7650656703125 0.780923634375 0.7629472374999999 0.7778205093749999
0 0.6803606390625 0.3402035171875 0.699865121875 0.33918133125 0.7019835546875 0.3422844546875 0.8385149375 0.33512914843749997 0.8406333703125 0.3382322734375 0.8679396468749999 0.3368012125 0.8700580796875 0.33990433593749997 0.91101749375 0.33775774375 0.9170881312500001 0.3229759359375 0.9157442515625001 0.2973331921875 0.9136258187499999 0.2942300671875 0.912617909375 0.2749980078125 0.9094402593750001 0.270343321875 0.7005743046874999 0.27807537656250003 0.698455871875 0.2749722515625 0.6223883875 0.2789587796875 0.6202699546875 0.27585565624999997 0.5344502296875 0.280353278125 0.5317765343749999 0.2853146203125 0.53016205625 0.29182752500000003 0.5328498140625 0.34311301250000004 0.54466918125 0.3633855390625 0.5547573921875 0.36928513125 0.55653985625 0.3659775703125 0.5606087375000001 0.368978475 0.56434165 0.3655686953125 0.56841053125 0.3685696 0.578162771875 0.36805850625000003 0.5799452359374999 0.364750946875 0.5840141171875 0.3677518515625 0.5877470296875 0.364342071875 0.5898654624999999 0.36744519531250003 0.593766359375 0.3672407578125 0.595548821875 0.36393319687500003 0.5996177046875 0.3669341015625 0.602459384375 0.365178103125 0.6189542015625 0.3627065734375 0.6243015921875 0.3527838875 0.6321033859375 0.3523750125 0.6338858484375 0.34906745156249996 0.665093021875 0.34743195312499997 0.6668754859375 0.344124390625 0.678578175 0.3435110796875 0.6803606390625 0.3402035171875
0 0.766590821875 0.1942619296875 0.7644723890625 0.1911588046875 0.6786526625 0.19565642656249999 0.6765342296875 0.19255330312500002 0.555606434375 0.1988908609375 0.5534880015625 0.1957877359375 0.543735759375 0.1962988296875 0.5419532968749999 0.19960639062500002 0.5380524 0.199810828125 0.5355466890625 0.20797751406249998 0.536284 0.2593652203125 0.5384024328125 0.26246834375 0.539074371875 0.275289715625 0.5442024703125 0.27984218437499997 0.6963374390625 0.27186912812499997 0.698455871875 0.2749722515625 0.7725729078125 0.2710879421875 0.774691340625 0.27419106718749997 0.8780651015625001 0.268773478125 0.880183534375 0.2718766015625 0.9113907078124999 0.270241103125 0.9195284703125 0.2762429140625 0.9351320578125 0.2754251640625 0.9372504906250001 0.2785282890625 0.9478939640625 0.276363415625 0.9475579937499999 0.26995273124999997 0.9493404578125 0.26664516875 0.9444175875 0.19137071875 0.9132104140624999 0.1930062171875 0.91109198125 0.1899030921875 0.8330740484374999 0.1939918390625 0.830955615625 0.19088871406250002 0.766590821875 0.1942619296875
0 0.7471235828125 0.121356790625 0.7450051484375 0.11825366562499999 0.6630863203125 0.1225468484375 0.6609678875 0.11944372656249999 0.6591854234375 0.1227512859375 0.6551165421875 0.11975038125 0.5731977125000001 0.124043565625 0.5710792796875 0.120940440625 0.5554756937499999 0.121758190625 0.549288378125 0.11565415937500001 0.5453874812499999 0.115858596875 0.5428817718750001 0.124025284375 0.5443936359375 0.15287337031249998 0.5477392703125 0.1607334 0.5984509265625 0.1580757140625 0.600569359375 0.1611788390625 0.604302271875 0.1577690578125 0.6064207046875 0.1608721828125 0.7175962578124999 0.15504571875 0.7197146921875001 0.15814884375 0.8094353140624999 0.15344678437499998 0.811553746875 0.156549909375 0.9149275078124999 0.15113232031249998 0.917045940625 0.1542354453125 0.9745001734375001 0.14961732187500001 0.9761146515625001 0.1431044171875 0.9751067421874999 0.123872359375 0.9719290921875 0.11921767187500001 0.9680281953125001 0.119422109375 0.9659097624999999 0.11631898593750001 0.8253095 0.12047338593750001 0.8231910656249999 0.1173702625 0.7471235828125 0.121356790625
0 0.8564140578125 0.15419887968749998 0.776445678125 0.1583898453125 0.77432724375 0.1552867203125 0.7705943328125 0.15869650156249998 0.7684759 0.1555933765625 0.6904579671875 0.1596821234375 0.6883395343750001 0.1565789984375 0.5830153250000001 0.16209880625 0.5808968921875 0.1589956828125 0.5730950984375001 0.15940455625 0.5713126359375 0.16271211875 0.567243753125 0.1597112125 0.5574915125000001 0.16022230625 0.5557090484375 0.16352986875 0.553590615625 0.16042674375 0.5477392703125 0.1607334 0.5432831124999999 0.169002303125 0.54445900625 0.1914397046875 0.54763665625 0.1960943921875 0.5807942781250001 0.194356675 0.5829127109375001 0.1974597984375 0.586645621875 0.19405001875 0.5907145046875 0.19705092500000002 0.670682884375 0.192859959375 0.6728013171875 0.1959630828125 0.6765342296875 0.19255330312500002 0.6843360234375 0.19214442812500002 0.68645445625 0.1952475515625 0.8660636859374999 0.189048778125 0.8681821187500001 0.192151903125 0.966595765625 0.1853871890625 0.9701606921874999 0.178772065625 0.96932076875 0.16274535 0.9711032312500001 0.15943778749999998 0.96792558125 0.1547831015625 0.950371546875 0.1557030703125 0.9482531140624999 0.152599946875 0.8585324921874999 0.1573020046875 0.8564140578125 0.15419887968749998
0 0.8667504640624999 0.9298736015625 0.864464046875 0.9235651328125 0.8636241218749999 0.90753841875 0.8654065859375001 0.9042308562500001 0.8650706156249999 0.8978201718750001 0.8629521828125 0.8947170468750001 0.8622802421875001 0.881895675 0.86406270625 0.8785881124999999 0.8617762875 0.8722796468749999 0.8609363640625001 0.85625293125 0.8627188265625 0.85294536875 0.8593591281249999 0.788838509375 0.8572406953125 0.785735384375 0.856904725 0.7793246984375 0.8586871890625 0.7760171375 0.8564007703125001 0.7697086703125 0.855560846875 0.7536819546875 0.8573433093749999 0.7503743921875 0.8550568921874999 0.7440659265625 0.8542169671875 0.7280392109375 0.8559994312500001 0.7247316484375 0.8537130124999999 0.7184231828125001 0.8528730875000001 0.7023964671875 0.8546555515625001 0.6990889046875 0.8523691328125 0.6927804390625 0.851529209375 0.6767537234375001 0.853311671875 0.6734461625 0.8510252546875 0.66713769375 0.8526397328125 0.660624790625 0.8516318234375 0.6413927312500001 0.8495133890625001 0.6382896062500001 0.851295853125 0.634982046875 0.8504559281249999 0.61895533125 0.8483374953125 0.61585220625 0.8480015249999999 0.609441521875 0.8497839890625001 0.6061339593749999 0.848440109375 0.5804912140625 0.8463216765625001 0.577388090625 0.8481041406250001 0.5740805296875 0.8477681703125001 0.5676698421874999 0.8456497374999999 0.56456671875 0.8414501140624999 0.48443314375 0.8432325781250001 0.48112558281249995 0.8422246687499999 0.46189352499999997 0.83904701875 0.4572388375 0.7532272921875001 0.46173645937499996 0.750553596875 0.4666978015625 0.758280903125 0.6141435796875 0.7603993359375 0.617246703125 0.7691345515625 0.7839245390625 0.771252984375 0.7870276625 0.78116409375 0.9761428984375 0.7845097296875 0.9840029296875 0.867319790625 0.9780559640625001 0.8691022531250001 0.9747484015625 0.8687662843749999 0.9683377171875 0.86664785 0.9652345921875 0.868262328125 0.9587216875 0.8677583734375001 0.9491056578125001 0.8656399406249999 0.946002534375 0.8649680015625 0.9331811625 0.8667504640624999 0.9298736015625
0 0.8991145218750001 0.6517608546875 0.885003790625 0.3825120453125 0.8828853562500001 0.3794089203125 0.8846678203125 0.376101359375 0.8839958796875 0.3632799875 0.881877446875 0.36017686250000003 0.880146290625 0.345803928125 0.87039405 0.346315021875 0.8682756156250001 0.34321189687500003 0.846820684375 0.344336303125 0.8450382218750001 0.34764386406250003 0.841137325 0.3478483015625 0.8384636296875 0.35280964375 0.839807509375 0.3784523875 0.8419259421874999 0.38155551249999997 0.8403114640625 0.3880684171875 0.8406474328125 0.394479103125 0.8427658671874999 0.397582228125 0.8457895953125 0.4552784015625 0.84400713125 0.45858596250000006 0.8712206859375 0.9778515265625 0.9160809984375 0.9755004968750001 0.9123853296875 0.9049829515625 0.9141677937500001 0.9016753890625001 0.912319959375 0.8664166171875 0.9102015265625001 0.8633134921875 0.9016342953125 0.6998410015625 0.903416759375 0.6965334390625 0.9012329546875 0.6548639796875 0.8991145218750001 0.6517608546875
0 0.9454775812499999 0.8646789 0.943359146875 0.861575775 0.943023178125 0.855165090625 0.944805640625 0.8518575281249999 0.943965715625 0.8358308125 0.9418472828125 0.8327276890625 0.9415113125 0.8263170015625001 0.9432937765625 0.823009440625 0.942789821875 0.8133934109375 0.9406713890624999 0.8102902875 0.9414459421875 0.7877506671875001 0.9393275093750001 0.7846475453124999 0.9388235546875 0.7750315140625 0.9404380328125 0.7685186109375 0.9383196 0.7654154859375 0.9201772296874999 0.41923844375 0.918058796875 0.41613531875 0.914363128125 0.3456177734375 0.8859976359375 0.34549727343750003 0.883323940625 0.35045861562499997 0.8848358046874999 0.3793067015625 0.8869542375 0.3824098265625 0.9047606390625 0.7221761828125 0.9068790718749999 0.7252793078125 0.9072150406249999 0.7316899921875 0.905432578125 0.7349975546875 0.9109760796874999 0.8407738734375 0.9130945125000001 0.8438769984375 0.91998189375 0.9752960609375 0.9511890671875 0.9736605609375 0.9479973546875 0.91275904375 0.9458789203125001 0.9096559187500001 0.947661384375 0.906348359375 0.946821459375 0.8903216437499999 0.9447030265624999 0.8872185187499999 0.9441990718750001 0.8776024906250001 0.9459815359375 0.8742949281250001 0.9454775812499999 0.8646789
0 0.9795404968750001 0.9175342328125 0.9778606484375001 0.8854808015625 0.9757422140625 0.8823776765625 0.9775246781250001 0.8790701171874999 0.976684753125 0.8630434015624999 0.9745663203125 0.8599402765624999 0.9761807984375 0.8534273734375001 0.9753408734375 0.8374006578125 0.973222440625 0.8342975328125 0.9727184859375001 0.824681503125 0.97450095 0.8213739421874999 0.9716452062500001 0.7668831125 0.9695267734374999 0.7637799875 0.9688548328125 0.750958615625 0.9706372968749999 0.747651053125 0.96593371875 0.6579014484375 0.9638152859375 0.6547983265624999 0.963479315625 0.6483876390625001 0.9652617796875 0.645080078125 0.961734096875 0.5777678749999999 0.9596156640625001 0.57466475 0.9592796937499999 0.5682540656249999 0.96106215625 0.564946503125 0.9587757390625 0.5586380359375 0.9468488109375001 0.33105868437499997 0.9204337656250001 0.330835965625 0.9177600703125 0.3357973078125 0.9180960406249999 0.3422079921875 0.9163135765625 0.3455155546875 0.9270646109375 0.5506575046875 0.9291830437499999 0.5537606296875001 0.9298549843749999 0.5665820015625 0.9280725203125 0.5698895640625 0.9300883390625 0.6083536796875 0.9322067734375 0.6114568031250001 0.9479973546875 0.91275904375 0.9462148906250001 0.91606660625 0.9513429890625 0.9206190734374999 0.9525701906249999 0.9253759796875001 0.9490052640625001 0.9319911031249999 0.9516276515625 0.9447102562499999 0.948785971875 0.9464662546874999 0.948062725 0.9513253796875001 0.9501811578125 0.954428503125 0.9506851125000001 0.9640445328125 0.9541987328125 0.9751099062499999 0.9804457921875 0.97212728125 0.9822282546875 0.9688197203125 0.9799418375 0.962511253125 0.981556315625 0.9559983484375 0.9792698984375001 0.94968988125 0.9808843765624999 0.9431769765625001 0.9787659421875 0.9400738515624999 0.9777580328125 0.92084179375 0.9795404968750001 0.9175342328125
0 1 0.5405838578125 0.9980553046875 0.5244380140625 0.9996697828125001 0.5179251109375 0.99755135 0.5148219859375 0.9881441953125 0.3353227765625 0.9849665453125 0.3306680921875 0.9498584749999999 0.332508028125 0.94752075 0.34388005625 0.9480247046875 0.3534960859375 0.9501431374999999 0.356599209375 0.948360675 0.35990677031249996 0.9520563421875 0.4304243171875 0.9541747765625 0.4335274421875 0.9523923125 0.436835003125 0.9534002218750001 0.45606706093750005 0.9555186546875 0.459170184375 0.9539041765625 0.4656830890625 0.9544081312499999 0.47529911875 0.9565265640625 0.4784022421875 0.9570305187500001 0.488018271875 0.95524805625 0.4913258328125 0.955584025 0.49773651875 0.957702459375 0.50083964375 0.9822282546875 0.9688197203125 0.9854059046874999 0.9734744078125 1 0.972091540625 1 0.5615450156249999 0.999735153125 0.5564914453124999 1 0.5559999921875 1 0.5405838578125