0 0.5546875 0.42800496875 0.5576171875 0.4735374109375 0.873046875 0.47223648437500004 0.908203125 0.46703277656250003 0.9052734375 0.41889847968750005 0.6142578125 0.421500334375 0.5546875 0.42800496875
0 0.5654296875 0.3902780859375 0.556640625 0.396782721875 0.5595703125 0.42410218593750004 0.62890625 0.422801259375 0.9072265625 0.41889847968750005 0.91015625 0.396782721875 0.9033203125 0.379870671875 0.5654296875 0.3902780859375
0 0.9072265625 0.47093555781249996 0.8994140625 0.4735374109375 0.6357421875 0.4761392640625 0.5517578125 0.47093555781249996 0.548828125 0.47744019218749995 0.548828125 0.5034587312500001 0.5537109375 0.509963365625 0.92578125 0.5086624390625001 0.9580078125 0.5073615109375 0.958984375 0.47483833750000004 0.9111328125 0.46052814218749993 0.9072265625 0.47093555781249996
0 0.8701171875 0.5125652203125 0.5478515625 0.509963365625 0.54296875 0.5164679999999999 0.5458984375 0.5672041531249999 0.966796875 0.5711069328125 0.97265625 0.5580976625 0.97265625 0.521671709375 0.9619140625 0.5073615109375 0.8701171875 0.5125652203125
0 0.5361328125 0.5411856125 0.53125 0.57891249375 0.5390625 0.630949571875 0.583984375 0.6335514265625 0.9443359375 0.6270467921875 0.947265625 0.576310640625 0.5458984375 0.5698060046875 0.5361328125 0.5411856125
0 0.9306640625 0.6270467921875 0.537109375 0.638755134375 0.5400390625 0.676482015625 0.57421875 0.6751810890625001 0.9267578125 0.6686764546874999 0.9453125 0.66217181875 0.9453125 0.6335514265625 0.9306640625 0.6270467921875
0 0.9404296875 0.6660746 0.541015625 0.6803847968750001 0.54296875 0.7116070437500001 0.5517578125 0.7389265093749999 0.60546875 0.7376255828125 0.9443359375 0.7233153859375 0.955078125 0.709005190625 0.955078125 0.67778294375 0.9404296875 0.6660746
0 0.8935546875 0.7259172390625 0.5498046875 0.7389265093749999 0.53515625 0.6959959203125 0.5263671875 0.6894912859375 0.51953125 0.6959959203125 0.521484375 0.729820021875 0.529296875 0.755838559375 0.9384765625 0.7467320703125 0.94140625 0.7376255828125 0.9326171875 0.7259172390625 0.8935546875 0.7259172390625
0 0.6728515625 0.7987691484375 0.9443359375 0.7857598796875 0.947265625 0.7402274375 0.9404296875 0.7337228031249999 0.9365234375 0.7441302171874999 0.9248046875 0.7467320703125 0.8642578125 0.7415283640625 0.6064453125 0.749333925 0.5888671875 0.7571394859375 0.5849609375 0.749333925 0.5732421875 0.754537634375 0.5439453125 0.749333925 0.5419921875 0.7571394859375 0.5380859375 0.7519357796875 0.5322265625 0.7571394859375 0.5263671875 0.749333925 0.5224609375 0.759741340625 0.517578125 0.7584404140625 0.5205078125 0.801371003125 0.552734375 0.8000700765625 0.5712890625 0.7987691484375 0.5751953125 0.7909635875000001 0.5751953125 0.7987691484375 0.6728515625 0.7987691484375
0 0.9384765625 0.7883617328125 0.5361328125 0.8065747109375 0.537109375 0.859912715625 0.5419921875 0.8664173515625 0.57421875 0.8651164250000001 0.9580078125 0.8560099359375 0.96484375 0.846903446875 0.966796875 0.8156812 0.9384765625 0.7883617328125
0 0.5048828125 0.816982128125 0.4912109375 0.8195839796875 0.4833984375 0.8351951046874999 0.4541015625 0.8377969593750001 0.04296875 0.8573108625 0.0458984375 0.900241453125 0.11328125 0.8989405250000001 0.5009765625 0.884630328125 0.513671875 0.87812569375 0.513671875 0.8521071546875 0.5048828125 0.816982128125
0 0.0517578125 0.8065747109375 0.05078125 0.8521071546875 0.083984375 0.8521071546875 0.4775390625 0.8351951046874999 0.484375 0.8312923234375 0.484375 0.797468221875 0.0517578125 0.8065747109375
0 0.0419921875 0.7441302171874999 0.041015625 0.8000700765625 0.078125 0.805273784375 0.4951171875 0.7935654421875 0.498046875 0.7402274375 0.0595703125 0.7363246546875 0.0419921875 0.7441302171874999
0 0.037109375 0.729820021875 0.0419921875 0.7363246546875 0.380859375 0.735023728125 0.5029296875 0.7337228031249999 0.505859375 0.672579234375 0.037109375 0.6829866499999999 0.037109375 0.729820021875
0 0.4775390625 0.6192412296875001 0.0693359375 0.634852353125 0.0654296875 0.6244449375000001 0.0556640625 0.6244449375000001 0.03515625 0.6335514265625 0.0380859375 0.6790838703125 0.072265625 0.6803847968750001 0.5087890625 0.6686764546874999 0.51171875 0.625745865625 0.5068359375 0.6192412296875001 0.4775390625 0.6192412296875001
0 0.4052734375 0.593222690625 0.068359375 0.6101347406250001 0.0712890625 0.634852353125 0.1015625 0.6335514265625 0.4912109375 0.6192412296875001 0.5087890625 0.6166393765625 0.509765625 0.59452361875 0.4052734375 0.593222690625
0 0.068359375 0.584116203125 0.0693359375 0.6062319609375 0.140625 0.6049310343750001 0.4794921875 0.593222690625 0.5009765625 0.5906208359375 0.501953125 0.57891249375 0.068359375 0.584116203125
0 0.4873046875 0.5411856125 0.4794921875 0.5620004437499999 0.1181640625 0.551593028125 0.07421875 0.555495809375 0.0771484375 0.5802134203125 0.3203125 0.57891249375 0.5068359375 0.5776115671875 0.509765625 0.5606995171875 0.4970703125 0.5385837578125 0.4873046875 0.5411856125
0 0.0478515625 0.551593028125 0.47265625 0.5606995171875 0.482421875 0.5580976625 0.4814453125 0.5359819046875 0.044921875 0.526875415625 0.0478515625 0.551593028125
0 0.0546875 0.5242735625 0.0693359375 0.5281763421875 0.494140625 0.534680978125 0.494140625 0.513866146875 0.4775390625 0.509963365625 0.0546875 0.5034587312500001 0.0546875 0.5242735625
0 0.068359375 0.48264389999999996 0.068359375 0.500856878125 0.0732421875 0.504759659375 0.5078125 0.51126429375 0.51171875 0.5086624390625001 0.5087890625 0.48914853437500005 0.1533203125 0.47874111875 0.068359375 0.48264389999999996
0 0.0830078125 0.47874111875 0.5234375 0.4878476078125 0.5234375 0.46182906875 0.5185546875 0.45792628750000003 0.078125 0.45402350625 0.0830078125 0.47874111875
0 0.0673828125 0.4501207265625 0.51171875 0.459227215625 0.513671875 0.4410142375 0.5087890625 0.43450960156249996 0.064453125 0.4254031140625 0.0673828125 0.4501207265625
0 0.048828125 0.396782721875 0.048828125 0.42019940624999996 0.0654296875 0.42410218593750004 0.49609375 0.43320867500000004 0.498046875 0.40979199062499994 0.4892578125 0.405889209375 0.0830078125 0.3928799390625 0.048828125 0.396782721875
0 0.0322265625 0.3616576921875 0.029296875 0.368162328125 0.029296875 0.388977159375 0.0400390625 0.39548179375000003 0.509765625 0.40719013750000005 0.51171875 0.37856974375 0.5068359375 0.3746669625 0.1259765625 0.3616576921875 0.0322265625 0.3616576921875
0 0.0947265625 0.359055840625 0.509765625 0.3733660359375 0.51171875 0.3005141265625 0.5048828125 0.2940094921875 0.091796875 0.2823011484375 0.0947265625 0.359055840625
0 0.080078125 0.2718937328125 0.0869140625 0.2783983671875 0.505859375 0.2901067109375 0.5078125 0.22766221718750002 0.5029296875 0.2211575828125 0.080078125 0.20684738593750002 0.080078125 0.2718937328125
0 0.1337890625 0.140500109375 0.087890625 0.1444028921875 0.0908203125 0.2029446046875 0.4921875 0.2172548015625 0.49609375 0.19904182343750002 0.4921875 0.16261586875 0.4873046875 0.15871308906249998 0.1337890625 0.140500109375
0 0.064453125 0.12879176875 0.0791015625 0.1431019640625 0.1396484375 0.1378982578125 0.2412109375 0.1483056734375 0.48828125 0.1548103078125 0.4853515625 0.09106488593749999 0.0712890625 0.083259325 0.064453125 0.12098620625 0.064453125 0.12879176875
0 0.0693359375 0.083259325 0.486328125 0.08976395937500001 0.4833984375 0.0702500546875 0.1396484375 0.062444493749999996 0.0625 0.066347275 0.0693359375 0.083259325
0 0.8955078125 0.046833371875 0.4931640625 0.0546389328125 0.490234375 0.1053750828125 0.4951171875 0.11448157187500001 0.5078125 0.11318064531250001 0.9580078125 0.109277865625 0.970703125 0.097569521875 0.97265625 0.0507361515625 0.8955078125 0.046833371875
0 0.6142578125 0.20034275156249998 0.8955078125 0.1951390421875 0.9326171875 0.1951390421875 0.9384765625 0.20034275156249998 0.943359375 0.1912362625 0.947265625 0.11318064531250001 0.5146484375 0.1118797171875 0.509765625 0.24587519375000003 0.541015625 0.24587519375000003 0.5537109375 0.234166853125 0.5771484375 0.23156499843749997 0.5947265625 0.2029446046875 0.6142578125 0.20034275156249998
0 0.5859375 0.23286592499999997 0.6015625 0.235467778125 0.9306640625 0.22896314375000001 0.93359375 0.19904182343750002 0.5966796875 0.2029446046875 0.5859375 0.23286592499999997
0 0.9306640625 0.2419724140625 0.9208984375 0.239370559375 0.5771484375 0.24457426718750003 0.5498046875 0.24717612031249997 0.5390625 0.2718937328125 0.5458984375 0.28360207656249997 0.650390625 0.2823011484375 0.9287109375 0.275796515625 0.93359375 0.2692918796875 0.93359375 0.2510789015625 0.9306640625 0.2419724140625
0 0.7861328125 0.2783983671875 0.54296875 0.28750485625 0.5458984375 0.3460465703125 0.599609375 0.34474564375 0.8955078125 0.338241009375 0.908203125 0.3317363734375 0.91015625 0.2823011484375 0.7861328125 0.2783983671875
0 0.8896484375 0.338241009375 0.52734375 0.34994935 0.529296875 0.37856974375 0.5341796875 0.385074378125 0.57421875 0.388977159375 0.8857421875 0.379870671875 0.8984375 0.375967890625 0.900390625 0.34474564375 0.8896484375 0.338241009375