0 0.150390625 0.8997395828125001 0.1728515625 0.8932291671874999 0.17578125 0.8658854171874999 0.13671875 0.23046875 0.0869140625 0.2265625 0.0859375 0.27734375 0.12890625 0.8893229171874999 0.1376953125 0.9010416671874999 0.150390625 0.8997395828125001
0 0.154296875 0.4440104171875 0.177734375 0.8841145828125001 0.1826171875 0.8932291671874999 0.21484375 0.8919270828125001 0.220703125 0.88671875 0.22265625 0.8502604171874999 0.189453125 0.22786458281250002 0.1845703125 0.22135416718749998 0.1435546875 0.22135416718749998 0.138671875 0.22786458281250002 0.138671875 0.24869791718749998 0.154296875 0.4440104171875
0 0.228515625 0.8919270828125001 0.28125 0.89453125 0.287109375 0.8893229171874999 0.287109375 0.8450520828125001 0.26171875 0.23046875 0.2509765625 0.21875 0.1962890625 0.21875 0.19140625 0.22265625 0.19140625 0.25390625 0.228515625 0.8919270828125001
0 0.2646484375 0.22135416718749998 0.2890625 0.8919270828125001 0.2998046875 0.9036458328125001 0.310546875 0.90234375 0.3408203125 0.9010416671874999 0.357421875 0.88671875 0.33984375 0.3346354171875 0.33984375 0.2721354171875 0.35546875 0.26171875 0.35546875 0.24869791718749998 0.3330078125 0.22135416718749998 0.2646484375 0.22135416718749998
0 0.359375 0.8893229171874999 0.3623046875 0.8958333328125001 0.3984375 0.89453125 0.4501953125 0.8932291671874999 0.45703125 0.88671875 0.447265625 0.27734375 0.4443359375 0.2708333328125 0.3466796875 0.2708333328125 0.341796875 0.27734375 0.341796875 0.3059895828125 0.359375 0.8893229171874999
0 0.462890625 0.8815104171874999 0.4716796875 0.890625 0.509765625 0.8893229171874999 0.5205078125 0.8854166671874999 0.52734375 0.8684895828125001 0.51953125 0.19921875 0.5146484375 0.1770833328125 0.4697265625 0.1744791671875 0.447265625 0.18359375 0.4609375 0.8684895828125001 0.462890625 0.8815104171874999
0 0.5361328125 0.8854166671874999 0.57421875 0.8893229171874999 0.583984375 0.87890625 0.5859375 0.8059895828125001 0.5859375 0.18359375 0.5595703125 0.1770833328125 0.5322265625 0.1796875 0.521484375 0.1888020828125 0.52734375 0.8502604171874999 0.5361328125 0.8854166671874999
0 0.626953125 0.8971354171874999 0.630859375 0.8893229171874999 0.6328125 0.7877604171875 0.638671875 0.23046875 0.6162109375 0.2265625 0.58984375 0.23307291718749998 0.5859375 0.8528645828125001 0.5927734375 0.8984375 0.626953125 0.8971354171874999
0 0.634765625 0.8528645828125001 0.63671875 0.8919270828125001 0.65625 0.8997395828125001 0.671875 0.89453125 0.67578125 0.83984375 0.685546875 0.26953125 0.6826171875 0.20572916718749998 0.6474609375 0.20572916718749998 0.6328125 0.21744791718749998 0.642578125 0.24088541718749998 0.634765625 0.8528645828125001
0 0.7060546875 0.8958333328125001 0.7109375 0.8841145828125001 0.7294921875 0.23177083281250002 0.6884765625 0.234375 0.685546875 0.25390625 0.67578125 0.8919270828125001 0.697265625 0.8971354171874999 0.7060546875 0.8958333328125001
0 0.7314453125 0.2760416671875 0.728515625 0.29296875 0.712890625 0.8893229171874999 0.7216796875 0.8984375 0.744140625 0.8971354171874999 0.7666015625 0.2734375 0.7314453125 0.2760416671875
0 0.78125 0.81640625 0.7998046875 0.3229166671875 0.7685546875 0.3229166671875 0.763671875 0.37109375 0.74609375 0.8763020828125001 0.7509765625 0.890625 0.7734375 0.8893229171874999 0.78125 0.81640625
0 0.7666015625 0.2708333328125 0.76953125 0.3138020828125 0.7841796875 0.3229166671875 0.7958984375 0.3203125 0.802734375 0.33984375 0.779296875 0.87890625 0.7861328125 0.8880208328125001 0.830078125 0.88671875 0.837890625 0.8684895828125001 0.875 0.22005208281250002 0.875 0.20182291718749998 0.8623046875 0.1979166671875 0.8037109375 0.20052083281250002 0.734375 0.23046875 0.734375 0.2669270828125 0.7666015625 0.2708333328125
0 0.8388671875 0.8828125 0.86328125 0.8841145828125001 0.8828125 0.6315104171875 0.90625 0.20963541718749998 0.9033203125 0.1875 0.8779296875 0.1875 0.87109375 0.1940104171875 0.876953125 0.21484375 0.837890625 0.8528645828125001 0.8388671875 0.8828125