0 0.8702792718750001 0.23536651718749999 0.8682309500000001 0.23420701875 0.82129538125 0.2301006890625 0.8102026390624999 0.23403166406250003 0.8011806578125 0.33715338125 0.805277303125 0.33947237656249996 0.8051070765624999 0.34141806875 0.8006699796875001 0.342990459375 0.7998188484375001 0.3527189234375 0.8039154953125 0.35503791875 0.8035750421875001 0.3589293046875 0.7991379453125 0.36050169374999996 0.803234590625 0.3628206890625 0.8030643640624999 0.36476638281249996 0.7986272671875 0.366338771875 0.798457040625 0.368284465625 0.8025536859375 0.3706034609375 0.802213234375 0.374494846875 0.7977761359375 0.3760672359375 0.8018727812499999 0.37838623125000004 0.8017025562500001 0.380331925 0.7972654578125 0.38190431406249997 0.7970952328124999 0.3838500078125 0.8011918781249999 0.386169003125 0.7955744171875 0.4503768640625 0.7911373203125 0.4519492546875 0.7902861890625 0.46167771875 0.7943828359375 0.4639967140625 0.7942126093749999 0.46594240625000005 0.7897755109375 0.467514796875 0.7938721578125 0.4698337921875 0.793191253125 0.4776165625 0.7887541546875 0.479188953125 0.7833069218750001 0.541451121875 0.7874035671875 0.5437701171875 0.78296646875 0.5453425078125 0.7826260171875 0.5492338921875 0.784674340625 0.550393390625 0.7886007578124999 0.5546580796875 0.8483369406250001 0.5598843171875 0.8549925843749999 0.5575257328125 0.8566948453125001 0.5380688046875 0.8525982015625001 0.535749809375 0.8653651546875001 0.3898228515625 0.8612685109375 0.38750385625 0.8716523015625001 0.268816596875 0.8675556562500001 0.2664976015625 0.8702792718750001 0.23536651718749999
0 0.8098621859374999 0.23792304999999997 0.8037172203124999 0.23444455625 0.7866497406249999 0.2329513453125 0.782553096875 0.23063234999999999 0.7782862265625 0.230259046875 0.77384913125 0.2318314375 0.75251478125 0.2299649234375 0.7502962328125 0.23075111874999998 0.7286775234375 0.47785409999999995 0.724240425 0.479426490625 0.7182825140625 0.5475257375 0.7203308359375 0.5486852343749999 0.7285241250000001 0.5533232265625 0.749858475 0.5551897390625 0.7542955703125 0.55361735 0.779896790625 0.555857165625 0.7821153390625 0.5550709703125001 0.788413703125 0.48308033906250003 0.784317059375 0.48076134374999996 0.7844872859375001 0.47881565000000004 0.78892438125 0.47724326093749997 0.8098621859374999 0.23792304999999997
0 0.7429652921875001 0.2654002859375 0.7431355187500001 0.2634545921875 0.747572615625 0.261882203125 0.7482535203125 0.25409943125 0.744156875 0.2517804359375 0.7443271 0.24983474375 0.7487641984375 0.24826235312499997 0.7497855546875 0.23658819687500002 0.745688909375 0.2342692015625 0.7438108125 0.2311640109375 0.7224764625 0.22929749687499998 0.71837981875 0.22697850156250002 0.7139427234375 0.228550890625 0.69687524375 0.22705767968749999 0.6902195984375 0.229416265625 0.6900493734375 0.2313619578125 0.685612275 0.2329343484375 0.6835695625 0.2562826609375 0.6876662078125 0.25860165625 0.6871555296875 0.264438734375 0.6827184328125 0.266011125 0.668078990625 0.433340703125 0.6721756359375 0.43565969843749996 0.6713245062500001 0.4453881625 0.666887409375 0.446960553125 0.6582058796875 0.546190884375 0.6602542015624999 0.54735038125 0.7157235125 0.5522033171875 0.7179420609375 0.5514171218749999 0.7254320078125 0.465806640625 0.72986910625 0.46423424999999996 0.7307202359375 0.45450578750000004 0.726623590625 0.452186790625 0.7269640421875 0.44829540625000003 0.731401140625 0.44672301562500005 0.7470619375 0.26771928125 0.7429652921875001 0.2654002859375
0 0.6580244359375 0.4991209546875 0.66246153125 0.49754856406250003 0.6626317578124999 0.49560287187499996 0.6585351140625 0.4932838765625 0.658875565625 0.48939249062499995 0.6633126609375 0.4878201 0.6643340171875 0.47614594375 0.6602373734375 0.47382694843750006 0.664493025 0.4251846296875 0.668930121875 0.4236122390625 0.6692705734375 0.419720853125 0.6651739296875 0.41740185781249994 0.669611025 0.41582946875 0.6655143812500001 0.413510471875 0.6658548343749999 0.4096190875 0.6702919296875 0.40804669687499995 0.670972834375 0.4002639265625 0.666876190625 0.3979449296875 0.667046415625 0.3959992375 0.6714835124999999 0.39442684843750003 0.6857825015625 0.23098865468750002 0.679467309375 0.2294558546875 0.675370665625 0.227136859375 0.6497694453125 0.2248970421875 0.64533235 0.2264694328125 0.6325317390625 0.22534952343749998 0.62587609375 0.22770810937500002 0.6257058671875 0.22965380156249998 0.621268771875 0.23122619218749998 0.6205878671875 0.23900896249999998 0.6246845109375 0.2413279578125 0.61991818125 0.29580735625 0.6240148265625 0.2981263515625 0.6153332984375 0.39735668281250003 0.6108962 0.3989290734375 0.6083428093750001 0.42811446406250003 0.6039057140625 0.4296868546875 0.6023736796875 0.44719808906249997 0.6064703234375 0.44951708437500004 0.6059596453125 0.45535416250000005 0.6015225484375 0.456926553125 0.600160740625 0.4724920953125 0.6022090625 0.47365159375 0.604257384375 0.474811090625 0.601193315625 0.5098335609375 0.6052899609375 0.51215255625 0.6034174734375 0.5335551765625001 0.5989803765625 0.5351275671875 0.598639925 0.5390189515625 0.6088815359375 0.544816440625 0.647283365625 0.5481761656249999 0.6539390093749999 0.54581758125 0.6580244359375 0.4991209546875
0 0.789309709375 0.6694143625 0.7828411187500001 0.7433506875 0.7869377625 0.7456696843749999 0.78183098125 0.8040404671875001 0.785927625 0.8063594625 0.7854169468750001 0.812196540625 0.78097985 0.8137689312499999 0.7801287203125 0.82349739375 0.7842253640625 0.8258163906249999 0.78099106875 0.8627845531249999 0.7850877125 0.8651035484375 0.7832152265625 0.8865061687500001 0.7873118703124999 0.8888251640625 0.789189965625 0.8919303546874999 0.79772370625 0.892676959375 0.8018203500000001 0.8949959562500001 0.8359553109375 0.8979823781249999 0.8403924078125 0.8964099875 0.8446592781250001 0.8967832906250001 0.851314921875 0.89442470625 0.8565919296875 0.8341082296875 0.8524952859375 0.831789234375 0.8555593546875 0.7967667640625 0.8514627109375 0.79444776875 0.8545267796875 0.7594252984375001 0.8504301359375 0.7571063031249999 0.854175109375 0.7143010624999999 0.850078465625 0.7119820671875 0.8545043421875 0.6613940546875 0.8504076984375001 0.659075059375 0.8534717687500001 0.6240525890625 0.8493751234375001 0.6217335937499999 0.8538010015624999 0.5711455812499999 0.8497043578125 0.5688265859375 0.8503852625 0.5610438156249999 0.8483369406250001 0.5598843171875 0.792867628125 0.55503138125 0.7862119843750001 0.5573899671875 0.78365859375 0.5865753578125 0.785706915625 0.58773485625 0.7877552375 0.5888943531249999 0.7858827500000001 0.610296975 0.7899793953125 0.6126159703125 0.7855422984375 0.614188359375 0.7852018468749999 0.6180797453125 0.789298490625 0.620398740625 0.7845209421875 0.6258625171875 0.7886175859375 0.6281815125 0.785213065625 0.6670953671875 0.789309709375 0.6694143625
0 0.7173284703125 0.8532936250000001 0.7214251140625 0.855612621875 0.7190419484375 0.8828523203125 0.7251869140625 0.8863308125 0.7379875250000001 0.8874507218750001 0.74208416875 0.8897697171875001 0.75915165 0.891262928125 0.763588746875 0.8896905374999999 0.7721224859375 0.89043714375 0.7787781296875 0.8880785578125 0.782352878125 0.8472190109375 0.7782562328125 0.844900015625 0.7830225625 0.7904206171875 0.77892591875 0.788101621875 0.7847136046875 0.7219480671875 0.7806169609375 0.719629071875 0.7850428390624999 0.669041059375 0.7809461953125 0.6667220640625 0.78264845625 0.6472651375 0.7870855515625 0.645692746875 0.787255778125 0.6437470546874999 0.7831591343750001 0.6414280578125 0.785712525 0.6122426671875 0.78161588125 0.6099236718750001 0.7850204015625 0.571009815625 0.78092375625 0.5686908203125001 0.7819451125 0.5570166640624999 0.779896790625 0.555857165625 0.7500287015625 0.553244046875 0.7455916046875 0.5548164375 0.7285241250000001 0.5533232265625 0.72186848125 0.5556818109375 0.7208471249999999 0.5673559671875 0.722895446875 0.568515465625 0.72494376875 0.5696749624999999 0.7205178906249999 0.6202629749999999 0.724614534375 0.6225819703125001 0.72001843125 0.675115675 0.724115075 0.6774346703125 0.7178167109375 0.749425303125 0.7219133546875 0.7517442984375 0.717657703125 0.80038661875 0.721754346875 0.8027056140625 0.7173284703125 0.8532936250000001
0 0.6546872265625 0.8321285421875 0.6587838703125 0.8344475375 0.6552091234375 0.8753070859375001 0.6613540890625 0.8787855796875 0.665620959375 0.8791588812500001 0.669717603125 0.8814778765625 0.7038525640625 0.8844643 0.7082896609375 0.8828919093750001 0.714775078125 0.8824790171875 0.7197116343750001 0.8260539265625001 0.715614990625 0.82373493125 0.718679059375 0.7887124609375 0.714582415625 0.786393465625 0.7203701015624999 0.7202399125000001 0.7162734578125 0.7179209156249999 0.7206993359375 0.6673329046875 0.716602690625 0.665013909375 0.7213690203125 0.6105345109375 0.7172723765625 0.608215515625 0.71999599375 0.5770844312500001 0.7158993484375 0.5747654359375 0.720336446875 0.5731930453125 0.7162398 0.57087405 0.7176016093750001 0.5553085078125 0.7112864171875 0.5537757078125 0.7071897734375 0.5514567125000001 0.7027526765625 0.5530291015625 0.664350846875 0.5496693765625 0.6576952015625 0.5520279625 0.65633339375 0.5675935046875 0.658381715625 0.5687530015625 0.6604300390625 0.5699125 0.6563446125 0.6166091265625 0.6604412578125001 0.618928121875 0.6570367359375 0.6578419765625 0.6611333796875 0.6601609734375 0.6556861453125 0.722423140625 0.6597827890625 0.7247421375 0.6562080421875 0.765601684375 0.6603046859374999 0.76792068125 0.6546872265625 0.8321285421875
0 0.5906729562499999 0.777513378125 0.5947696 0.7798323734375 0.590173496875 0.832366078125 0.594270140625 0.834685075 0.5898330453125 0.8362574640625 0.586768975 0.871279934375 0.5929139421875 0.874758428125 0.60144768125 0.8755050328125 0.605544325 0.8778240281249999 0.6354124171875 0.8804371484375 0.6398495125 0.8788647578125 0.648383253125 0.8796113640625001 0.655038896875 0.877252778125 0.6569113843750001 0.8558501578125 0.652814740625 0.8535311625 0.6574108437499999 0.8009974578125 0.6533142 0.7986784625000001 0.657910303125 0.7461447578125 0.653813659375 0.7438257625 0.658920440625 0.685454978125 0.6548237968749999 0.6831359828125 0.658909221875 0.63643935625 0.654812578125 0.6341203609375 0.658727778125 0.589369428125 0.6546311328125001 0.58705043125 0.6554822625 0.57732196875 0.65138561875 0.5750029718749999 0.65342833125 0.551654659375 0.651380009375 0.5504951609375001 0.6044444390625 0.54638883125 0.602055665625 0.54912071875 0.5976185671875001 0.5506931093749999 0.6017152140625 0.5530121046875001 0.6015449875 0.554957796875 0.5971078890625 0.5565301875 0.5926820125 0.6071181984375 0.5967786578125 0.6094371953125 0.596097753125 0.617219965625 0.59166065625 0.61879235625 0.593538753125 0.621897546875 0.595587075 0.62305704375 0.5918421015625001 0.6658622859375 0.5959387453125 0.66818128125 0.5957685203125 0.6701269734374999 0.5913314234375 0.6716993640625 0.5897993890625 0.6892105984375 0.5938960328125 0.69152959375 0.5898106078125 0.7382262203125001 0.5939072515625 0.740545215625 0.5906729562499999 0.777513378125
0 0.142743290625 0.3932615421875 0.1424028390625 0.3971529265625 0.1444511609375 0.39831242499999997 0.26392352343750003 0.4087649015625 0.2683606203125 0.4071925125 0.4262348125 0.4210047140625 0.4306719109375 0.419432325 0.5245430515625 0.4276449859375 0.5289801484375001 0.4260725953125 0.5929832 0.43167213593750003 0.59963884375 0.4293135515625 0.6020220078125 0.402073853125 0.5958770421875 0.398595359375 0.5745426921875 0.3967288453125 0.5701055968750001 0.3983012359375 0.45063323281249995 0.3878487578125 0.4461961375 0.3894211484375 0.390726825 0.3845682125 0.38628972968749997 0.386140603125 0.22414866562500002 0.371955096875 0.21971156875000003 0.3735274875 0.1087729453125 0.363821615625 0.10433585000000001 0.36539400624999996 0.10006897968749999 0.365020703125 0.09785043125000001 0.36580689843749997 0.09989875312499999 0.3669663953125 0.1041656234375 0.36733969843750003 0.10826226718750001 0.36965869375 0.12532975 0.3711519046875 0.131474715625 0.3746303984375 0.1313044890625 0.376576090625 0.1354011328125 0.3788950859375 0.13506068124999998 0.382786471875 0.139157325 0.3851054671875 0.138646646875 0.3909425453125 0.142743290625 0.3932615421875
0 0.596574775 0.464336021875 0.5989579390624999 0.4370963234375 0.5928129734375001 0.43361782968749996 0.5032087015625 0.425778471875 0.49877160624999994 0.42735086093749997 0.3280968015625 0.41241875156249996 0.3236597046875 0.41399114062500003 0.18711986249999998 0.40204545312500006 0.1826827640625 0.4036178421875 0.1485478046875 0.4006314203125 0.14189216093749998 0.4029900046875 0.149915221875 0.4095736890625 0.1490640921875 0.419302153125 0.1424084484375 0.4216607375 0.138141578125 0.4212874359375 0.13370448125 0.422859825 0.1251707421875 0.42211322031250004 0.11185945156249999 0.4268303890625 0.1033257125 0.426083784375 0.1011071640625 0.42686997968749996 0.10315548593749999 0.4280294765625 0.10742235625 0.42840277968749996 0.111519 0.43072177500000003 0.2011232734375 0.4385611328125 0.20556036875 0.43698874375 0.3762351734375 0.45192085468750004 0.3806722703125 0.45034846406250006 0.5214789828125 0.4626674546875 0.5259160781250001 0.461095065625 0.5899191296875 0.46669460625000003 0.596574775 0.464336021875
0 0.1628972765625 0.4577635265625 0.1669939203125 0.460082521875 0.1664832421875 0.4659196 0.1685315640625 0.46707909843750006 0.3605407203125 0.48387772343749996 0.3649778171875 0.4823053328125 0.522852009375 0.496117534375 0.52728910625 0.4945451453125 0.5912921578125 0.5001446859375 0.5979478015625 0.49778610156249997 0.5998202874999999 0.47638348124999996 0.59572364375 0.4740644859375 0.596064096875 0.47017309999999995 0.594015775 0.4690136015625 0.4233409703125 0.45408149218749994 0.4189038734375 0.45565388125000006 0.28236403125 0.44370819375000004 0.277926934375 0.44528058281250005 0.14992083125 0.4340815 0.1454837359375 0.435653890625 0.0900144234375 0.43080095468749996 0.08557732812499999 0.43237334374999997 0.079091909375 0.4327862359375 0.0782407796875 0.4425147 0.08028910156249999 0.4436741984375 0.084555971875 0.4440475015625 0.088652615625 0.44636649687499996 0.0929194859375 0.4467398 0.09735658124999999 0.44516740937500004 0.11869093281250001 0.44703392343750004 0.12278757656249999 0.44935291875 0.148388796875 0.45159273593749993 0.152485440625 0.45391173125 0.16101918125 0.4546583359375 0.1628972765625 0.4577635265625
0 0.5957348625 0.5230801078125 0.600171959375 0.5215077171875 0.6005124109375 0.51761633125 0.5964157671875 0.5152973359375 0.597266896875 0.505568871875 0.59112193125 0.5020903796875 0.5399194890625 0.49761074531249994 0.53548239375 0.4991831359375 0.3093382796875 0.4793980890625 0.3049011828125 0.48097047968749995 0.1683613390625 0.46902479062499997 0.16614279062499998 0.46981098593750004 0.16375962500000002 0.497050684375 0.165807946875 0.49821018281249996 0.169734365625 0.5024748703124999 0.22947054687500001 0.507701109375 0.23390764218750001 0.5061287203125 0.4088493171875 0.5214341328125001 0.4132864140625 0.5198617421875 0.5754274781250001 0.5340472484375 0.579864575 0.5324748578125 0.592665184375 0.533594765625 0.5948837328125001 0.532808571875 0.5957348625 0.5230801078125
0 0.52849190625 0.5299409171875 0.5240548109375001 0.5315133078125001 0.33204565625 0.5147146828125 0.327608559375 0.5162870734375 0.19960245625 0.505087990625 0.1951653609375 0.5066603796875 0.1695641390625 0.5044205640625 0.167345590625 0.505206759375 0.165132653125 0.5305007640625 0.167180975 0.5316602625 0.17127761875 0.5339792578125 0.2651487609375 0.5421919187500001 0.2695858578125 0.5406195281249999 0.4658618828125 0.55779145625 0.47029897812500004 0.556219065625 0.585504471875 0.566298240625 0.592160115625 0.56393965625 0.5943730546875 0.5386456500000001 0.5882280890625 0.53516715625 0.52849190625 0.5299409171875
0 0.59079830625 0.5795051984375 0.595235403125 0.5779328078125 0.5955758546875 0.574041421875 0.5914792109375 0.5717224265625 0.5896011156250001 0.5686172359375 0.40612570000000003 0.5525652171875 0.4016886046875 0.5541376078125 0.2651487609375 0.5421919187500001 0.26071166562500003 0.543764309375 0.17110739218749998 0.53592495 0.1644517484375 0.5382835359375 0.16411129687499998 0.5421749218749999 0.15301855625 0.546105896875 0.14448481562499998 0.545359290625 0.14004772031249998 0.54693168125 0.1315139796875 0.546185075 0.127076884375 0.5477574656249999 0.1014756625 0.5455176484375001 0.09737901875 0.5431986531249999 0.08884527812500001 0.5424520484375 0.0844081828125 0.5440244375 0.08014131249999999 0.543651134375 0.07604466875 0.5413321390625 0.0717777984375 0.5409588359375 0.06955924999999999 0.54174503125 0.06836766718750001 0.5553648812499999 0.07041599062500001 0.556524378125 0.28375949375 0.5751895171875 0.288196590625 0.5736171265625 0.5058069671875 0.5926555671875 0.5102440625 0.591083178125 0.587047725 0.597802628125 0.5894364984375 0.5950707390625001 0.5938735953125 0.5934983500000001 0.5943842734375 0.587661271875 0.590287628125 0.5853422765625 0.59079830625 0.5795051984375
0 0 0.5758833937500001 0.0019814515625 0.5770050390625 0.001641 0.5808964234375 0.011882609375 0.5866939125 0.1057537515625 0.5949065734375 0.1101908484375 0.593334184375 0.1315251984375 0.595200696875 0.1356218421875 0.5975196921875 0.1740236734375 0.6008794171875 0.17846077031250002 0.5993070281249999 0.46434106562500005 0.6243183125 0.46877816250000004 0.6227459234375 0.5797167859375 0.6324517953125001 0.58415388125 0.6308794046874999 0.5906393 0.6304665125 0.5930224640625 0.6032268140625 0.5868774984375 0.5997483203125 0.5783437578124999 0.599001715625 0.5739066625 0.6005741046875 0.51843735 0.59572116875 0.51434070625 0.5934021734375 0.4887394875 0.59116235625 0.484302390625 0.5927347468749999 0.3050938453125 0.5770560312499999 0.30065675000000003 0.5786284203125 0.1427825546875 0.56481621875 0.138345459375 0.5663886078125 0.053008057812499995 0.558922553125 0.048911414062500005 0.5566035578124999 0.031843932812499996 0.555110346875 0.027406835937500002 0.5566827359375 0.001805615625 0.5544429203125001 0 0.5550827828125 0 0.5758833937500001
0 0 0.6065141890625 0.0014763828125 0.607349928125 0.003354478125 0.61045511875 0.0096696703125 0.6119879187499999 0.011547765625000001 0.615093109375 0.0178629578125 0.616625909375 0.0217893765625 0.6208905984374999 0.05165746718749999 0.6235037171875 0.055754110937500004 0.6258227125 0.11975716249999999 0.6314222546875 0.12419425937499999 0.6298498640625 0.128290903125 0.632168859375 0.149625253125 0.6340353734375 0.15406235 0.632462984375 0.5850162296875 0.6701665625000001 0.5916718765625 0.667807978125 0.5942252671875 0.6386225859375 0.5880803 0.6351440937499999 0.48140854843750003 0.6258115234375 0.4769714515625 0.6273839140625 0.468437709375 0.6266373078125 0.46434106562500005 0.6243183125 0.45154045624999994 0.6231984046875 0.44710335937499995 0.6247707953125 0.10148688125000001 0.5945332703124999 0.097049784375 0.5961056609375001 0.0117123828125 0.58863960625 0.0050567390625 0.5909981906249999 0.004205609375000001 0.6007266546875 0 0.6022170109375 0 0.6065141890625
0 0.2074889484375 0.6606642328125 0.21602268750000003 0.6614108390625 0.224215978125 0.6660488296875 0.22848284687499998 0.6664221328125 0.23257949218750001 0.668741128125 0.24111323125 0.6694877328125 0.24520987500000002 0.6718067296875 0.2622773546875 0.673299940625 0.2747375140625 0.678311234375 0.296071865625 0.680177746875 0.300168509375 0.68249674375 0.3172359890625 0.6839899546875 0.32167308437500003 0.6824175640625 0.32593995468750003 0.6827908671875 0.3300365984375 0.6851098624999999 0.58604880625 0.707508028125 0.5882673546875 0.7067218328125 0.591161196875 0.67364505625 0.589112875 0.6724855578125 0.580579134375 0.671738953125 0.576482490625 0.6694199578125 0.5720453937500001 0.670992346875 0.4013705890625 0.6560602375 0.39693349375000003 0.6576326265625 0.39283685 0.6553136312500001 0.37150249999999996 0.6534471171875 0.36706540312499997 0.6550195078125001 0.213458078125 0.6415806078124999 0.20936143437500002 0.6392616125 0.2050945640625 0.638888309375 0.20065746875 0.6404607 0.111053196875 0.6326213421875 0.106956553125 0.630302346875 0.09842281093750001 0.6295557406250001 0.093985715625 0.63112813125 0.0385164046875 0.6262751953125 0.0340793078125 0.627847584375 0.0298124375 0.62747428125 0.0253753421875 0.6290466718750001 0.0188899234375 0.6294595640625 0.018209020312499997 0.6372423359375 0.0202573421875 0.6384018328125001 0.12266222499999999 0.6473611 0.12675886875 0.6496800953124999 0.135292609375 0.6504266999999999 0.13972970468749998 0.6488543109375 0.1482634453125 0.649600915625 0.152700540625 0.6480285265625 0.165501153125 0.649148434375 0.1779613109375 0.654159728125 0.195028790625 0.6556529390625 0.2074889484375 0.6606642328125
0 0.38721938906250003 0.7195214921875001 0.3913160328125 0.7218404875 0.3998497734375 0.72258709375 0.40394641875000004 0.7249060890625 0.4082132890625 0.7252793921875 0.42067344687499997 0.7302906859375 0.58708138125 0.74484949375 0.5892999296875 0.7440632984375 0.5920235468749999 0.7129322140625 0.58587858125 0.709453721875 0.560277359375 0.7072139046875 0.5558402625000001 0.70878629375 0.55174361875 0.7064672984375 0.5473065234375001 0.7080396890625 0.51743843125 0.7054265703125 0.5133417875 0.7031075734375001 0.3469338546875 0.688548765625 0.34471530625 0.6893349609375 0.346763628125 0.690494459375 0.354956915625 0.69513245 0.3592237859375 0.695505753125 0.3633204296875 0.6978247484375 0.376121040625 0.69894465625 0.38636265000000003 0.7047421453125 0.3861924234375 0.7066878390625 0.37970700625 0.70710073125 0.368614265625 0.71103170625 0.38295251874999997 0.719148190625 0.38721938906250003 0.7195214921875001
0 0.4351819265625 0.7364614781250001 0.433309440625 0.7578640984375 0.42887234375 0.7594364875 0.4285318921875 0.7633278734375 0.4305802140625 0.764487371875 0.5884544078125 0.7782995734375 0.5906729562499999 0.777513378125 0.59254544375 0.7561107578125 0.5884487984375 0.7537917625 0.5887892515625001 0.7499003765625 0.5826442859375 0.746421884375 0.565576803125 0.744928671875 0.5611397078125 0.7465010624999999 0.437400475 0.7356752828124999 0.4351819265625 0.7364614781250001
0 0.4275105359375 0.7750020296875 0.4230734390625 0.7765744203125 0.4220520828125 0.7882485765625 0.41761498750000003 0.7898209671875 0.417274534375 0.7937123515625 0.41932285625 0.79487185 0.49612651874999997 0.8015912999999999 0.5002231625 0.8039102953124999 0.5046602578125 0.8023379046875 0.5857307921875 0.8094306578125 0.5879493390625 0.8086444625 0.590162278125 0.78335045625 0.5840173125 0.7798719640625 0.43040998750000004 0.7664330640625 0.4281914390625 0.767219259375 0.4275105359375 0.7750020296875
0 0.41215653437500005 0.8030675140625 0.41164585625 0.8089045921875 0.4072087609375 0.8104769812500001 0.4068683078125 0.8143683671874999 0.397994115625 0.8175131468749999 0.397823890625 0.8194588406250001 0.39338679375 0.8210312296875 0.3930463421875 0.824922615625 0.3950946640625 0.8260821140625 0.5828369484375 0.842507434375 0.5894925921875 0.84014885 0.5915353046875 0.8168005359375 0.5853903390624999 0.8133220437500001 0.5171204171875 0.8073492 0.513023771875 0.8050302031250001 0.42341949999999995 0.7971908453125 0.41676385624999995 0.79954943125 0.41659363125000004 0.8014951234375 0.41215653437500005 0.8030675140625
0 0.38400192187500004 0.8300130890625 0.3751277296875 0.8331578687500001 0.37035018124999997 0.83862164375 0.3614759890625 0.8417664234375 0.36130576406250003 0.8437121171875 0.3522613453125 0.8488025890625 0.35413944062499997 0.8519077796875001 0.4224093625 0.8578806234374999 0.42650600625 0.8601996203125 0.5033096687499999 0.86691906875 0.5099653125 0.864560484375 0.5121782515625 0.839266478125 0.505863059375 0.837733678125 0.501766415625 0.8354146828125 0.39082779218749997 0.8257088109374999 0.38417214843749997 0.8280673953125 0.38400192187500004 0.8300130890625
0 0.05223545625 0.911760371875 0.1162385078125 0.9173599125 0.12033515312500001 0.9196789078125001 0.2440743859375 0.9305046890625001 0.24817102968750002 0.932823684375 0.4060452234375 0.9466358859374999 0.41014186874999997 0.94895488125 0.55094858125 0.9612738734375 0.555045225 0.9635928687499999 0.67025071875 0.9736720421875 0.6743473625 0.9759910390625001 0.83222155625 0.9898032406249999 0.8363182 0.9921222359374999 0.8407552968750001 0.990549846875 0.844851940625 0.9928688421875 0.9003212515625 0.997721778125 0.9069768968749999 0.9953631921874999 0.909019609375 0.9720148796875 0.9049229656250001 0.969695884375 0.9056038687499999 0.9619131124999999 0.9015072249999999 0.9595941171875 0.901847678125 0.95570273125 0.8977510343749999 0.9533837359374999 0.8984319375 0.945600965625 0.89433529375 0.9432819703125 0.8946757453125 0.939390584375 0.8905791015625001 0.9370715890625 0.8909195546875001 0.9331802031249999 0.8868229109374999 0.9308612078125 0.8873335890625 0.9250241296875 0.8832369453125001 0.922705134375 0.883577396875 0.9188137484375 0.8755543343750001 0.9122300640625 0.8758947875 0.908338678125 0.8717981421875001 0.9060196828124999 0.8721385937499999 0.9021282968750001 0.86804195 0.8998093015625 0.868212175 0.897863609375 0.8641155312500001 0.8955446140625 0.8622374359375 0.8924394234375 0.8579705656250001 0.8920661203125 0.8555817921875001 0.8947980078125 0.8444890515625 0.8987289828125 0.7932866093750001 0.8942493499999999 0.789189965625 0.8919303546874999 0.7763893562499999 0.890810446875 0.771952259375 0.8923828359374999 0.7292835578125 0.8886498093749999 0.7251869140625 0.8863308125 0.7209200453125 0.8859575109375 0.7164829484374999 0.8875299 0.6866148562500001 0.88491678125 0.6821777609375 0.8864891703125 0.6780811171875001 0.8841701750000001 0.6396792875 0.88081045 0.635242190625 0.8823828406249999 0.6311455453125 0.8800638453125 0.626878675 0.8796905421875 0.6224415796875 0.8812629328125 0.6181747093750001 0.8808896296875 0.614078065625 0.878570634375 0.36659959999999997 0.8569190734375001 0.362162503125 0.8584914640625 0.34936189375 0.85737155625 0.344924796875 0.8589439453125 0.3363910578125 0.8581973406250001 0.32324999375 0.8609688171875 0.31915335 0.858649821875 0.297819 0.8567833078125 0.293381903125 0.8583556984375 0.28058129374999996 0.8572357890625 0.27648465 0.85491679375 0.2722177796875 0.8545434921874999 0.2677806828125 0.85611588125 0.2080445015625 0.8508896421875001 0.2036074046875 0.8524620328125 0.19507366406249999 0.8517154265625001 0.19063656874999999 0.8532878171875 0.1778359578125 0.8521679093750001 0.1733988625 0.8537402984375 0.1520645125 0.8518737843749999 0.14762741562499998 0.853446175 0.12629306406250002 0.8515796609375 0.12185596875 0.8531520515625 0.117759325 0.8508330562499999 0.07935749375 0.84747333125 0.0752608484375 0.8451543359375 0.070823753125 0.8467267250000001 0.0665568828125 0.8463534218750001 0.053245595312500005 0.8510705921874999 0.048978725 0.8506972890625001 0.04232308125 0.8530558750000001 0.042152854687500005 0.8550015671875 0.0354972109375 0.857360153125 0.031230340625000002 0.85698685 0.006826310937500001 0.8656349953125 0.008704406250000001 0.8687401859375001 0.0129712765625 0.8691134875 0.0232128875 0.8749109765625 0.0269690796875 0.8811213578125001 0.0351623671875 0.8857593484375 0.034821915625 0.8896507343750001 0.038918559375 0.8919697296875 0.03840788125 0.8978068078125 0.042504525 0.9001258046875 0.041993846875000004 0.9059628828124999 0.05223545625 0.911760371875