0 0.6692708328125 0.3974609375 0.6770833328125 0.3349609375 0.6953125 0.2431640625 0.6953125 0.2275390625 0.6822916671875 0.2255859375 0.6848958328125 0.2021484375 0.6783854171875 0.197265625 0.5690104171875 0.19921875 0.3841145828125 0.20703125 0.35546875 0.2109375 0.3489583328125 0.2197265625 0.3255208328125 0.3134765625 0.24739583281250002 0.5791015625 0.2513020828125 0.58203125 0.4153645828125 0.58984375 0.59765625 0.603515625 0.6302083328125 0.6025390625 0.6354166671875 0.5947265625 0.640625 0.5673828125 0.6588541671875 0.4384765625 0.6692708328125 0.3974609375
0 1 0.1943359375 0.9934895828125001 0.1875 0.9388020828125001 0.189453125 0.8059895828125001 0.19921875 0.75390625 0.20703125 0.7447916671875 0.2177734375 0.7395833328125 0.2451171875 0.7291666671875 0.3251953125 0.7239583328125 0.3388671875 0.6927083328125 0.5322265625 0.6848958328125 0.6064453125 0.6888020828125 0.609375 0.7096354171875 0.611328125 0.7721354171875 0.61328125 0.80078125 0.6171875 0.8684895828125001 0.619140625 0.8971354171874999 0.623046875 0.91015625 0.619140625 0.9153645828125001 0.623046875 0.9388020828125001 0.625 0.9973958328125001 0.6259765625 0.9973958328125001 0.5556640625 0.9921875 0.5537109375 1 0.5478515625 1 0.1943359375
0 0.24739583281250002 0.4736328125 0.24739583281250002 0.4619140625 0.2708333328125 0.3974609375 0.2786458328125 0.3525390625 0.2838541671875 0.3486328125 0.2838541671875 0.3388671875 0.2890625 0.3349609375 0.296875 0.3154296875 0.3020833328125 0.2763671875 0.3072916671875 0.2724609375 0.3046875 0.2587890625 0.3098958328125 0.2568359375 0.3125 0.2470703125 0.2838541671875 0.2373046875 0.2864583328125 0.2138671875 0.2799479171875 0.208984375 0.13671875 0.212890625 0.0221354171875 0.22265625 0.015625 0.2275390625 0.0026041671875 0.2626953125 0 0.5634765625 0.006510417187500001 0.568359375 0.17578125 0.578125 0.20572916718749998 0.5771484375 0.21614583281250002 0.5673828125 0.22916666718749998 0.5322265625 0.23958333281250002 0.4892578125 0.24739583281250002 0.4736328125
0 0 0.9755859375 0.009114582812499999 0.982421875 0.0377604171875 0.9921875 0.05078125 1 0.1328125 0.9990234375 0.1328125 0.8974609375 0.1276041671875 0.8779296875 0.1276041671875 0.8056640625 0.1223958328125 0.7373046875 0.1223958328125 0.7001953125 0.1328125 0.6923828125 0.11328125 0.6875 0.006510417187500001 0.6796875 0 0.6826171875 0 0.9755859375
0 0.3111979171875 0.685546875 0.3203125 0.6787109375 0.3203125 0.6572265625 0.3138020828125 0.65234375 0.28515625 0.65234375 0.2747395828125 0.6484375 0.2643229171875 0.650390625 0.20703125 0.671875 0.17578125 0.6796875 0.125 0.7001953125 0.1328125 0.9990234375 0.1927083328125 0.9990234375 0.1875 0.7392578125 0.25390625 0.705078125 0.2903645828125 0.6953125 0.3111979171875 0.685546875
0 0.30859375 0.716796875 0.31640625 0.716796875 0.3333333328125 0.7021484375 0.3268229171875 0.69921875 0.28515625 0.697265625 0.2799479171875 0.701171875 0.2643229171875 0.703125 0.23567708281250002 0.71875 0.21223958281250002 0.7265625 0.1875 0.7412109375 0.1953125 0.9990234375 0.2421875 0.9990234375 0.2421875 0.7451171875 0.2747395828125 0.7265625 0.29296875 0.724609375 0.30859375 0.716796875
0 0.3294270828125 0.708984375 0.2955729171875 0.72265625 0.2825520828125 0.724609375 0.2421875 0.7451171875 0.24479166718749998 0.9990234375 0.2708333328125 0.9990234375 0.2708333328125 0.7470703125 0.29296875 0.732421875 0.3294270828125 0.71484375 0.3294270828125 0.708984375
0 0.4153645828125 0.70703125 0.4049479171875 0.705078125 0.35546875 0.703125 0.2708333328125 0.7490234375 0.2734375 0.9990234375 0.3385416671875 0.9990234375 0.3385416671875 0.7548828125 0.35546875 0.7421875 0.4166666671875 0.7099609375 0.4153645828125 0.70703125
0 0.44921875 0.7109375 0.41796875 0.7109375 0.3580729171875 0.7421875 0.3411458328125 0.7548828125 0.3385416671875 0.9990234375 0.3854166671875 0.9990234375 0.3880208328125 0.7587890625 0.4388020828125 0.724609375 0.4583333328125 0.7158203125 0.44921875 0.7109375
0 0.4153645828125 0.740234375 0.3880208328125 0.7626953125 0.3880208328125 0.9990234375 0.4947916671875 0.9990234375 0.4947916671875 0.7177734375 0.4908854171875 0.71484375 0.46484375 0.712890625 0.4153645828125 0.740234375
0 0.8098958328125001 0.7314453125 0.80078125 0.7265625 0.7877604171875 0.728515625 0.76171875 0.72265625 0.7252604171875 0.72265625 0.6705729171875 0.71484375 0.6184895828125 0.712890625 0.59765625 0.70703125 0.5611979171875 0.705078125 0.5481770828125 0.701171875 0.5377604171875 0.703125 0.52734375 0.69921875 0.5169270828125 0.69921875 0.5013020828125 0.705078125 0.4973958328125 0.7099609375 0.5 0.9990234375 0.7994791671875 0.9990234375 0.8098958328125001 0.7978515625 0.8151041671874999 0.7802734375 0.8151041671874999 0.7431640625 0.8098958328125001 0.7314453125
0 0.890625 0.7705078125 0.890625 0.7353515625 0.8372395828125001 0.73046875 0.828125 0.7646484375 0.8203125 0.7744140625 0.8125 0.7958984375 0.8098958328125001 0.8134765625 0.8020833328125001 0.9990234375 0.8802083328125001 0.9990234375 0.8802083328125001 0.9697265625 0.8854166671874999 0.9423828125 0.8802083328125001 0.8017578125 0.890625 0.7705078125
0 0.9075520828125001 0.73828125 0.8971354171874999 0.740234375 0.8932291671874999 0.7451171875 0.890625 0.7744140625 0.8854166671874999 0.7880859375 0.890625 0.9873046875 0.89453125 1 0.9609375 0.9990234375 0.9557291671874999 0.7548828125 0.9583333328125001 0.7509765625 0.94921875 0.740234375 0.9075520828125001 0.73828125
0 1 0.7607421875 0.99609375 0.7421875 0.96484375 0.7421875 0.9609375 0.7607421875 0.9609375 0.8564453125 0.9661458328125001 0.9990234375 1 0.9990234375 1 0.7607421875