0 0.4406243484375 0.5359571765625 0.44293134843750004 0.5336606296874999 0.5357689796875 0.5206131515625 0.53807598125 0.5183166031249999 0.5432336265625 0.5175917437499999 0.544387128125 0.5164434703125 0.5403097921875 0.487431709375 0.5374591453125 0.4858600234375 0.535284565625 0.470387084375 0.5324339203124999 0.468815396875 0.5310748078125 0.45914481093750004 0.5282241625 0.45757312343749995 0.5271368734374999 0.44983665312500004 0.5228609046875 0.447479121875 0.45839032656249995 0.456539871875 0.456083325 0.45883641875 0.36324569375000004 0.471883896875 0.36093869375 0.47418044375 0.2784163546875 0.48577820312500003 0.27610935468750003 0.48807475 0.209059953125 0.49749792812500004 0.206752953125 0.499794475 0.1680706078125 0.505230925 0.16576360625 0.507527471875 0.1606059609375 0.5082523328125 0.158298959375 0.5105488796875 0.1557201359375 0.510911309375 0.1534131359375 0.51320785625 0.15083431249999998 0.5135702859375 0.1485273109375 0.5158668343749999 0.1410626640625 0.518888240625 0.1364486640625 0.5234813359375 0.13386984062500001 0.523843765625 0.126677015625 0.5287992906250001 0.12409819375 0.5291617203125 0.113716690625 0.5394961828125 0.11561944843750001 0.553035003125 0.1184700921875 0.554606690625 0.1198292046875 0.564277278125 0.12267985156250001 0.5658489656250001 0.1245826078125 0.5793877859375 0.1274332546875 0.5809594734375 0.1279768984375 0.5848277078125 0.1322528671875 0.5871852390625001 0.1451469828125 0.585373090625 0.14630048281250002 0.5842248156250001 0.14745398437499999 0.5830765421875 0.21192455937500002 0.57401579375 0.2142315609375 0.5717192468750001 0.3276997765625 0.555772328125 0.330006778125 0.55347578125 0.397056178125 0.544052603125 0.3993631796875 0.54175605625 0.4406243484375 0.5359571765625
0 0.5926075875000001 0.34497785 0.5949145890625 0.342681303125 0.6335969343750001 0.33724485312499997 0.635903934375 0.33494830625 0.6849015734375 0.3280621375 0.687208575 0.3257655890625 0.720733275 0.321054 0.723040275 0.31875745312500003 0.7462496828125 0.31549558437499997 0.749710184375 0.3120507625 0.7450892015624999 0.27917076875 0.7379625875 0.27524155 0.7328049421875 0.275966409375 0.729954296875 0.27439472187499997 0.72479665 0.27511958281250004 0.7219460046874999 0.2735478953125 0.716788359375 0.2742727546875 0.7139377125 0.2727010671875 0.7087800671875 0.273425928125 0.7059294203125 0.271854240625 0.700771775 0.2725791 0.6979211296875001 0.2710074125 0.6953423078125 0.27136984218750004 0.6870621921875 0.268588896875 0.6586951375 0.2725756265625 0.6563881375 0.274872175 0.6228634375000001 0.27958376406249996 0.6205564359375 0.2818803109375 0.57671644375 0.28804162031249997 0.57440944375 0.2903381671875 0.5460423890625 0.29432489687499996 0.5437353890625001 0.29662144375 0.5024742203125 0.30242032343749997 0.5001672187499999 0.3047168703125 0.4950095734375 0.30544173125 0.49215892656250004 0.30387004375000004 0.48958010312500005 0.30423247343750004 0.487273103125 0.3065290203125 0.4228025265625 0.31558976875 0.42049552500000004 0.3178863171875 0.3586037703125 0.3265846359375 0.3562967703125 0.3288811828125 0.353446125 0.32730949531250003 0.3511391234375 0.3296060421875 0.3305085390625 0.3325054828125 0.3282015375 0.3348020296875 0.325622715625 0.335164459375 0.3247410375 0.33824685 0.3189735359375 0.34398821874999996 0.3163947125 0.34435064843749996 0.3060132109375 0.3546851109375 0.309818725 0.38176275312499997 0.3126693703125 0.383334440625 0.3134848375 0.3891367921875 0.31776080625 0.3914943234375 0.3822313828125 0.38243357499999997 0.38338488437499996 0.3812853015625 0.384538384375 0.380137028125 0.4335360234375 0.373250859375 0.4358430234375 0.37095431093750003 0.4977347765625 0.36225599218750004 0.5000417781250001 0.3599594453125 0.54646059375 0.35343570625 0.5487675953125 0.351139159375 0.5926075875000001 0.34497785
0 0.5737473390625001 0.37918559687500003 0.576054340625 0.37688905 0.6173155078125 0.37109017031249997 0.619622509375 0.3687936234375 0.666041325 0.36226988437499996 0.6683483265625 0.3599733359375 0.71218831875 0.353812028125 0.7144953203125 0.3515154796875 0.74802001875 0.346803890625 0.7503270203125 0.34450734375000003 0.75405934375 0.342996640625 0.7505256515625 0.3178531140625 0.7462496828125 0.31549558437499997 0.73335556875 0.3173077328125 0.7310485671875 0.31960428125 0.6923662203125 0.32504072968750003 0.6900592203125 0.3273372765625 0.6513768734375 0.33277372656250004 0.6490698734375 0.3350702734375 0.5949145890625 0.342681303125 0.5926075875000001 0.34497785 0.5565040640625 0.35005186875 0.5541970640625 0.3523484171875 0.5206723625 0.35706000625 0.5183653625 0.359356553125 0.45905243125000006 0.36769244218749997 0.45674543125 0.3699889890625 0.400011321875 0.37796244843750004 0.397704321875 0.3802589953125 0.3409702140625 0.3882324546875 0.33866321250000003 0.3905290015625 0.33092674375 0.3916162921875 0.3274662421875 0.3950611125 0.32936899999999997 0.40859993437500003 0.332219646875 0.4101716203125 0.33303511406249997 0.4159739734375 0.3401617265625 0.4199031921875 0.35047701875000004 0.41845347187500004 0.35163051875 0.4173051984375 0.3527840203125 0.416156925 0.39404518906249997 0.4103580453125 0.396352190625 0.4080614984375 0.45050747500000005 0.40045046875 0.4528144765625 0.398153921875 0.5250215218750001 0.38800588281250004 0.5273285234375 0.3857093359375 0.5737473390625001 0.37918559687500003
0 0.8773933406250001 0.46273938125 0.8797003406250001 0.4604428328125 0.8822791640625001 0.460080403125 0.885129809375 0.461652090625 0.8874368109375 0.45935554375 0.9209615093749999 0.45464395468749996 0.9244220109375 0.4511991328125 0.923878365625 0.44733089843749996 0.9261853671875 0.4450343515625 0.9233347203125 0.4434626640625 0.9227910765624999 0.4395944296875 0.9250980765625 0.43729788281250004 0.9218362078125001 0.41408847499999996 0.9175602390625001 0.41173094375 0.914981415625 0.41209337343749997 0.9121307703125 0.4105216859375 0.8889213625 0.41378355468750005 0.8866143624999999 0.416080103125 0.8273014312500001 0.42441599218750004 0.8249944296875 0.4267125390625 0.7888909078124999 0.43178655781249997 0.78658390625 0.43408310468750005 0.7504803828125 0.43915712500000004 0.7481733828125 0.441453671875 0.704333390625 0.44761498125 0.7020263890625 0.449911528125 0.6736593359375 0.45389825781250004 0.6713523343750001 0.4561948046875 0.6378276328125 0.4609063953125 0.635520634375 0.4632029421875 0.5968382875 0.46863939062500004 0.5945312859375 0.4709359390625 0.563585409375 0.4752850984375 0.5612784078125 0.47758164531249997 0.5561207625 0.47830650468749997 0.5489941484374999 0.47437728593750006 0.548450503125 0.4705090515625 0.5455998578125001 0.4689373640625 0.5450562140625 0.4650691296875 0.5410520671875 0.464645715625 0.5398985656249999 0.4657939890625 0.5456068375 0.506410453125 0.548457484375 0.507982140625 0.5461504828125 0.5102786874999999 0.5490011296875 0.5118503750000001 0.5495447734375001 0.515718609375 0.550970096875 0.516504453125 0.5999677359375 0.509618284375 0.6011212359375 0.5084700109375 0.6022747374999999 0.5073217375 0.664166490625 0.49862341875 0.6664734906249999 0.496326871875 0.7438381828125 0.48545397343749996 0.746145184375 0.48315742500000003 0.797721646875 0.47590882656250005 0.800028646875 0.47361227968749997 0.8773933406250001 0.46273938125
0 0.7770980437499999 0.5162813546875 0.7794050421875001 0.5139848078125 0.859348559375 0.5027494796875 0.8616555609375001 0.5004529328125 0.9261261359375 0.49139218281249997 0.9284331375000001 0.4890956359375 0.9310119609375 0.48873320624999994 0.9344724624999999 0.4852883859375 0.9342006390625001 0.48335426718749996 0.9365076390624999 0.4810577203125 0.9346048828125 0.46751889999999996 0.9317542375000001 0.4659472125 0.9309387703124999 0.460144859375 0.9280881234375 0.4585731734375 0.9278163015625 0.4566390546875 0.92381215625 0.4562156421875 0.9209615093749999 0.45464395468749996 0.9183826875 0.455006384375 0.9160756859375001 0.45730293125 0.8283957015625001 0.46962555000000006 0.8260887015625 0.47192209687500003 0.7796698859375 0.4784458359375 0.777362884375 0.4807423828125 0.7745122375 0.47917069687499997 0.7719334156250001 0.4795331265625 0.769626415625 0.4818296734375 0.7670475921875 0.48219210312499994 0.7641969468750001 0.48062041562499996 0.7618899453125 0.48291696249999994 0.702577015625 0.4912528515625 0.7002700140625 0.4935494 0.6332206140625 0.502972578125 0.6309136125 0.505269125 0.6257559671874999 0.505993984375 0.6229053203125 0.5044222984375 0.6205983203125001 0.5067188453125 0.550970096875 0.516504453125 0.548663096875 0.5188010015625 0.5460842734375 0.51916343125 0.542623771875 0.5226082515625 0.5428955953125 0.5245423687499999 0.54058859375 0.5268389171875001 0.5424913499999999 0.5403777375 0.545341996875 0.541949425 0.5464292859375 0.54968589375 0.5478546093750001 0.5504717375 0.5581699015625 0.54902201875 0.5610205484375 0.55059370625 0.586808778125 0.54696940625 0.5879622796875 0.5458211328125 0.5891157796875001 0.544672859375 0.6535863562500001 0.5356121093749999 0.65589335625 0.5333155625 0.661051003125 0.532590703125 0.6639016484375 0.5341623906249999 0.6716381171875 0.5330751 0.6739451187500001 0.530778553125 0.7770980437499999 0.5162813546875
0 0.7301216203124999 0.44399068125 0.732428621875 0.44169413437499994 0.7633744984375 0.43734497499999997 0.7656815 0.435048428125 0.8043638453125 0.42961197812499996 0.8066708453125001 0.42731543125 0.8453531921874999 0.42187898125 0.84766019375 0.419582434375 0.9224460625 0.40907196562500003 0.9247530640624999 0.40677541875 0.9273318875 0.4064129890625 0.9282135640625 0.40333059843749997 0.930520565625 0.40103405 0.9286178078124999 0.3874952296875 0.9257671625 0.38592354218749997 0.9254953406249999 0.383989425 0.9212193718749999 0.38163189375 0.9186405484375 0.3819943234375 0.9129392578125 0.3788509484375 0.9077816109375 0.379575809375 0.904930965625 0.378004121875 0.89203685 0.3798162703125 0.8897298499999999 0.38211281874999997 0.86394161875 0.38573711718750003 0.8616346187499999 0.38803366562499997 0.8126369796875 0.394919834375 0.810329978125 0.39721638125 0.751017046875 0.40555227031249996 0.7487100453125 0.4078488171875 0.6945547609375 0.415459846875 0.6922477609375 0.41775639375000007 0.6380924765625 0.42536742343749995 0.635785475 0.42766397031250003 0.5506843124999999 0.4396241578125 0.5483773125 0.44192070625 0.535483196875 0.4437328546875 0.534329696875 0.44488112968750004 0.5346015203125 0.44681524687499996 0.5374521640625 0.44838693437500005 0.537995809375 0.45225516875 0.5436971015625 0.45539854375 0.5439689234375 0.4573326609375 0.5468195687499999 0.4589043484375 0.5479068578125 0.4666408171875 0.5507575046875 0.4682125046875 0.551572971875 0.47401485625 0.555848940625 0.4763723875 0.5867948171874999 0.472023228125 0.5879483171875 0.47087495468749996 0.58910181875 0.46972668124999994 0.6200476953125 0.465377521875 0.6223546953125 0.463080975 0.65845821875 0.4580069546875 0.66076521875 0.45571040781249994 0.6891322734374999 0.451723678125 0.6914392734375 0.44942713124999994 0.7301216203124999 0.44399068125
0 0.5409336062500001 0.5573613796875 0.5418152859375 0.5542789890625001 0.5441222859375 0.5519824421874999 0.54058859375 0.5268389171875001 0.5377379484375 0.5252672296875 0.5371943046875 0.52139899375 0.5357689796875 0.5206131515625 0.48419251875 0.52786175 0.48188551718749995 0.530158296875 0.41225729375000003 0.53994390625 0.40995029374999997 0.542240453125 0.34547971718750004 0.5513012015625 0.343172715625 0.5535977484375 0.2735444921875 0.5633833578125 0.2712374921875 0.5656799046875001 0.196451621875 0.5761903734375 0.19414462187499998 0.5784869203125 0.1399893375 0.58609795 0.1376823359375 0.588394496875 0.132524690625 0.58911935625 0.1313711890625 0.5902676312499999 0.133817590625 0.6076746859375 0.13666823749999998 0.6092463734375 0.1377555265625 0.61698284375 0.14203149531249998 0.6193403734375 0.154925609375 0.617528225 0.15777625625 0.6190999125000001 0.16809154843750002 0.6176501921875001 0.1692450484375 0.61650191875 0.1703985484375 0.6153536453124999 0.2683938265625 0.6015813062500001 0.2707008265625 0.5992847593749999 0.39190551406249996 0.5822505515625 0.3942125125 0.5799540046875 0.48705014375 0.5669065265625 0.4893571453125 0.5646099796875 0.5409336062500001 0.5573613796875
0 0.44579595625 0.61017849375 0.44810295624999996 0.607881946875 0.49967941875 0.6006333484375 0.5019864187499999 0.5983368015625 0.5664569968750001 0.5892760515625 0.5699174984375001 0.58583123125 0.569373853125 0.581962996875 0.5716808531249999 0.57966645 0.5697780953125 0.5661276281250001 0.5669274515625 0.564555940625 0.5655683390624999 0.5548853546875 0.564143015625 0.5540995109375 0.5460912546875 0.5566365203125 0.543784253125 0.5589330671875 0.5308901374999999 0.5607452171875 0.5285831375 0.5630417640625 0.4537972671875 0.5735522328125 0.4514902671875 0.5758487796875 0.41538674374999995 0.5809228 0.4130797421875 0.583219346875 0.41050091875000005 0.5835817765625 0.40765027500000006 0.5820100890625 0.3560738109375 0.5892586890625 0.3537668125 0.5915552359375 0.3460303421875 0.592642525 0.343179696875 0.5910708375 0.3406008734375 0.59143326875 0.3382938734375 0.5937298156249999 0.2996115265625 0.5991662640625 0.29730452500000004 0.6014628125 0.2405704171875 0.6094362703125 0.2382634171875 0.6117328171875 0.2202116546875 0.6142698281250001 0.21736100937499997 0.6126981406249999 0.2147821875 0.6130605703125 0.21247518593749998 0.6153571171875 0.19442342343750002 0.6178941265625 0.19211642499999998 0.620190675 0.1585917234375 0.6249022640625 0.156284721875 0.6271988109375 0.14596943125 0.62864853125 0.14481592968749998 0.6297968046875 0.14644686406250002 0.6414015078124999 0.14929751093750002 0.6429731953125 0.1509284453125 0.6545778999999999 0.153779090625 0.6561495875000001 0.15547623593749998 0.6588695484375 0.2096315203125 0.65125851875 0.2107850203125 0.6501102453125001 0.211938521875 0.648961971875 0.2738302765625 0.640263653125 0.2761372765625 0.63796710625 0.3302925609375 0.6303560765625 0.3325995625 0.6280595296875 0.379018378125 0.6215357906250001 0.3813253796875 0.61923924375 0.44579595625 0.61017849375
0 0.5220803390625 0.629042215625 0.5243873406249999 0.62674566875 0.5553332171875 0.622396509375 0.55879371875 0.6189516875 0.555803671875 0.5976763968750001 0.552953025 0.596104709375 0.55240938125 0.592236475 0.5509840578125 0.5914506312500001 0.5251958265625001 0.59507493125 0.5228888265625 0.597371478125 0.45841824999999997 0.6064322265625 0.4561112484375 0.608728775 0.3839042015625 0.6188768140625001 0.3815972015625 0.6211733609375 0.3377572078125 0.6273346703125 0.3354502078125 0.6296312171875 0.28645256875 0.6365173859375 0.2841455671875 0.6388139328125 0.204202053125 0.6500492609374999 0.20189505156249998 0.6523458093750001 0.15547623593749998 0.6588695484375 0.1543227359375 0.660017821875 0.15595367031250001 0.671622525 0.158804315625 0.6731942125 0.15989160468750002 0.6809306828125 0.1670182203125 0.6848599 0.1681717203125 0.6837116265625001 0.1693252203125 0.682563353125 0.3008451984375 0.6640794265625 0.30315219843749996 0.661782878125 0.40888394687499996 0.6469232500000001 0.41119094531249994 0.6446267031249999 0.4191992375 0.6454735312500001 0.42150623906250007 0.6431769843749999 0.5220803390625 0.629042215625
0 0.3031591796875 0.6992559671875 0.3598932875 0.691282509375 0.3622002875 0.6889859609375 0.40861910312500005 0.682462221875 0.4109261046875 0.680165675 0.45992374375 0.67327950625 0.46223074375 0.6709829593750001 0.5215436765625 0.6626470703125 0.523850675 0.6603505234375 0.570269490625 0.653826784375 0.5737299921875 0.6503819625 0.5696526546875 0.621370203125 0.5668020109375 0.619798515625 0.5657147203124999 0.612062046875 0.561438753125 0.609704515625 0.5605570734375 0.61278690625 0.5582500734375 0.615083453125 0.559065540625 0.6208858046875 0.557912040625 0.6220340796875 0.5501755703125 0.62312136875 0.547868571875 0.625417915625 0.42924270781249996 0.64208969375 0.4269357078125 0.644386240625 0.4240850625 0.642814553125 0.42150623906250007 0.6431769843749999 0.4191992375 0.6454735312500001 0.3108886671875 0.6606955890624999 0.30858166875 0.6629921359375001 0.1796405125 0.681113634375 0.1773335125 0.68341018125 0.164439396875 0.68522233125 0.163285896875 0.6863706046875 0.1643731859375 0.6941070734375 0.1672238328125 0.6956787609374999 0.168311121875 0.7034152296875 0.1711617671875 0.7049869171875 0.1730645234375 0.7185257390625 0.1773404921875 0.7208832703125 0.17991931562500002 0.720520840625 0.1827699625 0.7220925265625 0.1839234625 0.720944253125 0.18507696093749998 0.7197959796875 0.236653425 0.7125473812500001 0.2389604234375 0.710250834375 0.2879580640625 0.7033646640625 0.2902650640625 0.7010681171875001 0.293115709375 0.7026398046875 0.300852178125 0.701552515625 0.3031591796875 0.6992559671875
0 0.44934360937499995 0.710268196875 0.451650609375 0.70797165 0.48259648593750004 0.703622490625 0.4849034875 0.70132594375 0.5339011265625 0.694439775 0.5362081265625 0.6921432281250001 0.5800481203125 0.68598191875 0.5812016203125 0.6848336453125 0.5771242828125 0.655821884375 0.5731201375 0.6553984703125 0.570269490625 0.653826784375 0.5522177312500001 0.65636379375 0.5499107296875 0.658660340625 0.488018975 0.6673586593749999 0.4857119734375 0.6696552062500001 0.42897786718750003 0.677628665625 0.42667086562499995 0.6799252124999999 0.38025205 0.6864489515625001 0.3779450484375 0.6887455 0.3237897640625 0.696356528125 0.3214827640625 0.698653075 0.26474865625 0.706626534375 0.2624416546875 0.70892308125 0.20570754687499998 0.716896540625 0.20340054687500003 0.7191930875 0.1801911390625 0.7224549578125 0.1790376390625 0.72360323125 0.18121221875 0.73907616875 0.18406286249999998 0.7406478562500001 0.185421975 0.75031844375 0.1925485890625 0.7542476625 0.20802152812500002 0.7520730828125 0.209175028125 0.7509248093750001 0.21032852968750002 0.749776534375 0.2722202828125 0.741078215625 0.2745272828125 0.73878166875 0.3364190375 0.73008335 0.3387260390625 0.727786803125 0.3903025 0.720538203125 0.3926095015625 0.71824165625 0.44934360937499995 0.710268196875
0 0.89409995 0.5254779625 0.8964069515625 0.523181415625 0.9196163593750001 0.5199195453125001 0.9230768609375 0.5164747249999999 0.9228050375000001 0.5145406078125 0.9251120374999999 0.5122440609375001 0.9232092812499999 0.4987052390625 0.9203586359375 0.49713355156250005 0.9200868140624999 0.495199434375 0.9158108453124999 0.492841903125 0.8977590828125 0.4953789125 0.89545208125 0.4976754609375 0.833560328125 0.5063737796875001 0.831253328125 0.5086703265625 0.728100403125 0.5231675250000001 0.725793403125 0.525464071875 0.6123251875 0.5414109890625001 0.6100181859375 0.5437075359375 0.6074393640625 0.5440699671875 0.6045887171875 0.5424982796875 0.602281715625 0.5447948265625 0.5971240703125 0.5455196859375 0.594273425 0.5439479984375 0.5891157796875001 0.544672859375 0.586808778125 0.54696940625 0.5687570171874999 0.549506415625 0.567603515625 0.5506546890624999 0.5711372078125 0.5757982140625 0.5754131765625 0.5781557453125 0.5960437625 0.57525630625 0.5971972625 0.5741080328125 0.5983507609375 0.572959759375 0.6757154546875 0.5620868609375 0.67802245625 0.5597903125 0.739914209375 0.55109199375 0.7422212109374999 0.548795446875 0.804112965625 0.540097128125 0.8064199656250001 0.53780058125 0.89409995 0.5254779625
0 0.81172399375 0.5942524125 0.81403099375 0.591955865625 0.870765103125 0.58398240625 0.873072103125 0.5816858593750001 0.9504367968749999 0.5708129609375 0.956204296875 0.56507159375 0.955932475 0.563137475 0.9582394750000001 0.560840928125 0.9568803640624999 0.5511703421874999 0.9591873640624999 0.54887379375 0.9551100281249999 0.519862034375 0.95225938125 0.518290346875 0.9519875593749999 0.5163562296875 0.9479834125 0.515932815625 0.9451327671875 0.5143611296875 0.9270810062500001 0.5168981390625 0.9247740046875 0.5191946859375001 0.9144587124999999 0.52064440625 0.9121517125 0.522940953125 0.8554176046874999 0.5309144125 0.853110603125 0.5332109593750001 0.7886400265625 0.5422717078125 0.786333025 0.5445682546875 0.714125978125 0.55471629375 0.711818978125 0.557012840625 0.6215601687500001 0.5696978890625 0.6192531703124999 0.5719944359375 0.5754131765625 0.5781557453125 0.571952675 0.5816005671875 0.579020059375 0.6318876171875 0.5830242046875 0.63231103125 0.5858748515625 0.63388271875 0.59619014375 0.6324329984375 0.59734364375 0.631284725 0.59849714375 0.6301364515625 0.6681253671875 0.6203508421875 0.67043236875 0.6180542953125 0.7142723609375 0.6118929859375 0.7165793609375 0.6095964390625 0.7758922921875 0.60126055 0.77819929375 0.5989640031250001 0.81172399375 0.5942524125
0 0.933339903125 0.5988559265625 0.9344934046875 0.5977076515624999 0.9336779359375 0.5919053 0.9359849359375 0.589608753125 0.9343540015625 0.57800405 0.9272273890625 0.57407483125 0.924648565625 0.5744372609374999 0.9223415640624999 0.5767338078125 0.86560745625 0.5847072671875 0.86330045625 0.5870038140625 0.8143028156250001 0.5938899828124999 0.8119958171875 0.5961865296875 0.7449464156250001 0.605609709375 0.742639415625 0.6079062562499999 0.691062953125 0.61515485625 0.688755953125 0.617451403125 0.6397583140624999 0.624337571875 0.6374513125 0.62663411875 0.58071720625 0.634607578125 0.5772567046875 0.6380523984375001 0.57780035 0.6419206328125 0.5754933484375 0.6442171812499999 0.5768524609375 0.6538877671875001 0.5811284296875 0.6562452984375 0.624968421875 0.6500839890625 0.626121921875 0.648935715625 0.6272754218750001 0.6477874421875 0.7149554078125 0.6354648234375 0.7172624078125 0.6331682765625 0.7972059234375 0.6219329484375 0.7995129249999999 0.6196364 0.8717199703125 0.6094883624999999 0.874026971875 0.6071918140625 0.933339903125 0.5988559265625
0 0.9219443015625 0.630042265625 0.9242513015625 0.62774571875 0.9345665953125 0.6262959984375 0.9354482718750001 0.6232136078125 0.9377552734375 0.620917059375 0.9347652265624999 0.5996417703125 0.933339903125 0.5988559265625 0.9127093187499999 0.601755365625 0.9104023171875 0.6040519125 0.8175646859375 0.617099390625 0.8152576859374999 0.6193959375 0.7456294625 0.629181546875 0.7433224609375 0.63147809375 0.6633789453125 0.6427134234375 0.6610719453125 0.6450099703125 0.5811284296875 0.6562452984375 0.577667928125 0.65969011875 0.5787552171875 0.6674265890625 0.5816058640625 0.6689982765625 0.58378044375 0.6844712140625 0.585205765625 0.6852570578125 0.644518696875 0.6769211687500001 0.6456721984375 0.6757728953125001 0.6468256984375 0.6746246218749999 0.7190327453124999 0.6644765828125 0.7213397453125 0.6621800359375001 0.79096796875 0.652394428125 0.79327496875 0.6500978796875 0.8706396625 0.63922498125 0.8729466640625001 0.636928434375 0.9219443015625 0.630042265625