0 0.22307544375 0.1842929734375 0.2646902078125 0.18647391093750001 0.2673933484375 0.1846597703125 0.3090081140625 0.1868407078125 0.31171125625 0.18502656875 0.358527865625 0.1874801234375 0.361231009375 0.1856659828125 0.3872402359375 0.18702906875 0.389943378125 0.1852149296875 0.42115445156250003 0.1868506328125 0.42385759375000004 0.1850364921875 0.4524677453125 0.1865358875 0.45517088437500003 0.184721746875 0.48638196093749997 0.18635744999999998 0.48908509999999994 0.1845433109375 0.5124934062500001 0.1857700875 0.5151965484375001 0.18395594843750002 0.53340300625 0.1849101078125 0.53610615 0.18309596875 0.5647163015625 0.1845953640625 0.5674194406249999 0.1827812234375 0.6038323625 0.18468954375 0.606535503125 0.18287540468750002 0.637746575 0.1845111078125 0.64044971875 0.1826969671875 0.6612571015625 0.1837874359375 0.663960240625 0.181973296875 0.6691620890625 0.1822459140625 0.6755110671875 0.1855123578125 0.6803040375 0.19358676875 0.6800995999999999 0.1974876640625 0.6825983046874999 0.19957442187500002 0.6794862890625 0.20919035468749997 0.6819849921875 0.2112771109375 0.68137168125 0.22297980156250002 0.6851197375 0.2261099359375 0.700725275 0.22692778750000003 0.7032239765625 0.2290145453125 0.724031359375 0.2301050140625 0.726734503125 0.22829087343749999 0.7449409609375001 0.22924503437500002 0.7476441046875 0.22743089374999997 0.7528459484375001 0.2277035109375 0.7654416875 0.23618684843749999 0.7680426125 0.23632315625000003 0.770847971875 0.23255856874999997 0.7826032328125 0.2321967328125 0.788316171875 0.2227171078125 0.7937224546875 0.2190888296875 0.7939268921875 0.2151879328125 0.8023429734375 0.20389416875 0.8077492562499999 0.20026588906249998 0.8134621953125001 0.19078626406250002 0.8298854812500001 0.1760005296875 0.8383015609375001 0.164706765625 0.8398348421874999 0.135450040625 0.830987159375 0.130096840625 0.8101797765625 0.129006371875 0.8074766328124999 0.1308205109375 0.7736646390625 0.1290485 0.7709614953124999 0.1308626390625 0.7397504234375 0.1292269359375 0.7370472796875001 0.131041075 0.7084371296875001 0.12954168125 0.7057339890625001 0.13135582031249998 0.6693210703125 0.1294475 0.6666179265625 0.131261640625 0.6250031609375 0.129080703125 0.622300021875 0.1308948421875 0.5936898703125 0.1293954484375 0.5909867281250001 0.1312095875 0.54156919375 0.12861972500000002 0.538866053125 0.1304338640625 0.5050540578125 0.128661853125 0.502350915625 0.1304759921875 0.4763416875 0.12911290625 0.47363854375000003 0.130927046875 0.43722562500000006 0.1290187265625 0.43452248437499996 0.13083286562500002 0.403311409375 0.1291971625 0.4006082703125 0.131011303125 0.366796271875 0.129239290625 0.36409313125 0.13105343125 0.33288205625 0.12941772812500002 0.330178915625 0.1312318671875 0.28856415156250004 0.1290509296875 0.2858610078125 0.13086506874999998 0.2494480890625 0.12895675 0.2467449484375 0.1307708890625 0.21813479687499998 0.12927149531249998 0.2154316546875 0.131085634375 0.179018734375 0.1291773140625 0.17631559531250002 0.130991453125 0.1425035984375 0.1292194421875 0.1398004546875 0.13103358125 0.1345986109375 0.13076096406249998 0.1305438984375 0.1334821734375 0.13033946093749998 0.13738307031250002 0.12763631875 0.13919721093749998 0.1301350234375 0.1412839671875 0.1273296640625 0.1450485546875 0.128476796875 0.14804238281249998 0.129317275 0.156887553125 0.131815978125 0.1589743109375 0.131509321875 0.16482565625 0.142753490625 0.1742160625 0.15555366718750002 0.1787985015625 0.1605510765625 0.182972015625 0.22037230000000002 0.1861071125 0.22307544375 0.1842929734375
0 0.2545364109375 0.2309252953125 0.2961511765625 0.23310623281249998 0.298854315625 0.23129209374999998 0.3352672359375 0.2332004140625 0.33797037812499997 0.23138627343749998 0.3639796046875 0.232749359375 0.36668274843750004 0.2309352203125 0.39529289843750004 0.2324346140625 0.39799603906250003 0.230620475 0.42920711406249995 0.23225617812500002 0.43191025468750005 0.23044203749999997 0.4866318515625 0.23135407031250002 0.48933499375 0.22953993125 0.5127433 0.23076670781250003 0.515446440625 0.22895256874999997 0.538854746875 0.2301793453125 0.5415578890625 0.22836520624999998 0.5779708078125 0.2302735265625 0.58067395 0.2284593859375 0.619687790625 0.230504015625 0.622390934375 0.22868987500000001 0.6562029296875 0.23046188750000002 0.6589060718749999 0.22864774687499997 0.6719106859374999 0.22932929062500002 0.675965396875 0.22660808124999998 0.677498678125 0.19735135625 0.6749999734375 0.1952645984375 0.6753066296875 0.1894132546875 0.6690598703124999 0.1841963625 0.666356728125 0.1860105015625 0.642948421875 0.184783725 0.64024528125 0.1865978640625 0.6038323625 0.18468954375 0.6011292187499999 0.18650368281250002 0.569918146875 0.18486798124999998 0.5672150031250001 0.1866821203125 0.5438067 0.18545534375 0.5411035578125001 0.1872694828125 0.5124934062500001 0.1857700875 0.5097902640624999 0.187584228125 0.48638196093749997 0.18635744999999998 0.4836788171875 0.188171590625 0.44986682031249997 0.18639957812500002 0.4471636796875 0.18821371874999998 0.42115445156250003 0.1868506328125 0.4184513109375 0.188664771875 0.3846393125 0.1868927609375 0.3819361734375 0.1887069 0.358527865625 0.1874801234375 0.35582472656249997 0.1892942625 0.327214575 0.18779486875 0.32451143125000004 0.1896090078125 0.29590128125000004 0.18810961406249999 0.293198140625 0.189923753125 0.256785221875 0.1880154328125 0.254082078125 0.189829571875 0.22287100624999998 0.18819387031249998 0.2201678625 0.190008009375 0.18375494375 0.18809968906250002 0.181051803125 0.189913828125 0.1628453421875 0.18895966875 0.1560874890625 0.1934950171875 0.15662130937500002 0.208191534375 0.1571551328125 0.22288805156249997 0.16319745624999998 0.232005840625 0.1918076078125 0.233505234375 0.194510746875 0.23169109531249998 0.22572182187499998 0.23332679843749998 0.2284249640625 0.23151265781250002 0.2518332671875 0.2327394359375 0.2545364109375 0.2309252953125
0 0.2664166203125 0.2530617703125 0.2950267703125 0.25456116406249996 0.2977299109375 0.252747025 0.321138215625 0.2539738015625 0.32384135937499997 0.2521596625 0.3602542765625 0.2540679828125 0.36295741875 0.2522538421875 0.4019712609375 0.254298471875 0.4046744015625 0.2524843328125 0.43068362968749996 0.2538474171875 0.4333867734375 0.252033278125 0.46719876875 0.253805290625 0.46990191093749994 0.25199115 0.49070929375 0.25308161875 0.493412434375 0.25126747968749996 0.529825353125 0.2531758 0.532528496875 0.251361659375 0.5793451078125 0.25381521406249996 0.5820482484375 0.252001075 0.6106583984375 0.25350046875 0.6133615406249999 0.2516863296875 0.6419716921874999 0.2531857234375 0.6446748343750001 0.251371584375 0.6732849828125 0.252870978125 0.675988125 0.2510568390625 0.6811899703125001 0.25132945625 0.6862895984375 0.253552521875 0.6889927390625 0.25173838125 0.7098001218750001 0.25282885 0.7125032640625 0.2510147109375 0.741113415625 0.2525141046875 0.74381655625 0.250699965625 0.749018403125 0.2509725828125 0.758377178125 0.2465735421875 0.758990490625 0.23487085156249998 0.7501428078125 0.2295176515625 0.7448387421875 0.23119548281250002 0.7136276703125 0.22955977968750002 0.7109245265624999 0.23137391875 0.66150699375 0.22878405625 0.658803853125 0.23059819531249998 0.6249918562500001 0.228826184375 0.622288715625 0.2306403234375 0.58587579375 0.22873200312500003 0.5831726546875 0.23054614375 0.54936065625 0.22877413125 0.546657515625 0.230588271875 0.5258501328125 0.22949780312499998 0.523146990625 0.2313119421875 0.4971377640625 0.22994885625 0.49443462031249996 0.2317629953125 0.46582447031249996 0.2302636015625 0.46312132968749997 0.232077740625 0.4371121015625 0.23071465624999998 0.43440895937499996 0.2325287953125 0.3953951171875 0.230484165625 0.3926919765625 0.23229830625 0.3822882828125 0.231753071875 0.37958514375 0.2335672109375 0.3561768359375 0.23234043437500002 0.35347369687499997 0.23415457343749999 0.3248635453125 0.2326551796875 0.322160403125 0.23446931875 0.267541025 0.2316068390625 0.26483788124999996 0.23342097812499998 0.23362680937500002 0.231785275 0.2309236671875 0.233599415625 0.202313515625 0.23210002031250002 0.199610375 0.2339141609375 0.1814039140625 0.23296 0.17870077499999998 0.234774140625 0.1656961609375 0.234092596875 0.161539228125 0.2387642546875 0.1626863625 0.24175808124999998 0.1635268390625 0.250603253125 0.1672748953125 0.2537333890625 0.1932841234375 0.255096475 0.1959872640625 0.25328233437500003 0.227198340625 0.2549180375 0.2299014796875 0.2531038984375 0.2637134765625 0.25487590937500004 0.2664166203125 0.2530617703125
0 0.2871672390625 0.305000203125 0.2898703796875 0.30318606406250004 0.3106777625 0.3042765328125 0.3133809046875 0.3024623921875 0.336789209375 0.3036891703125 0.33949235 0.3018750296875 0.365501578125 0.303238115625 0.36820472187500003 0.30142397656250003 0.39941579374999997 0.30305967968749997 0.4021189359375 0.3012455390625 0.43593093281249995 0.3030175515625 0.43863407499999996 0.3012034125 0.4828497609375 0.3035206578125 0.485552903125 0.30170651875 0.5323695140625 0.304160071875 0.53507265625 0.3023459328125 0.5688846515625 0.30411794531249997 0.5715877953125 0.3023038046875 0.6027988671875 0.3039395078125 0.606546925 0.30706964375 0.6062402687499999 0.31292098749999997 0.6087389734374999 0.31500774531250003 0.6085345359375001 0.3189086421875 0.6148835140625 0.3221750859375 0.6460945890625001 0.3238107890625 0.64984264375 0.3269409234375 0.6496382078125 0.3308418203125 0.6533862640625 0.33397195625 0.663789953125 0.334517190625 0.6662886593749999 0.336603946875 0.674091428125 0.3370128734375 0.67659013125 0.3390996296875 0.6869938234374999 0.3396448640625 0.7079829140625 0.312385678125 0.7081873515625 0.30848478125 0.713593634375 0.3048565015625 0.713798071875 0.30095560625 0.7194087921875 0.2934264296875 0.724815075 0.28979815000000003 0.7266550109375001 0.25469008125000003 0.725405659375 0.2536467015625 0.6889927390625 0.25173838125 0.6862895984375 0.253552521875 0.6810877515625 0.2532799046875 0.675988125 0.2510568390625 0.6732849828125 0.252870978125 0.6446748343750001 0.251371584375 0.6419716921874999 0.2531857234375 0.634271140625 0.25082635 0.631568 0.2526404890625 0.605558771875 0.251277403125 0.60285563125 0.25309154375 0.5872500953124999 0.2522736921875 0.5845469515625 0.25408783125 0.5533358796875001 0.252452128125 0.5506327359375 0.25426626875 0.49861428124999996 0.251540096875 0.4959111390625 0.2533542359375 0.4882105890625 0.25099486249999997 0.48550744687499997 0.2528090015625 0.47510375781249997 0.2522637671875 0.4724006140625 0.2540779078125 0.4385886171875 0.25230589531250003 0.435885478125 0.2541200359375 0.4046744015625 0.2524843328125 0.4019712609375 0.254298471875 0.3733611109375 0.252799078125 0.37065797031250003 0.2546132171875 0.33944689375000003 0.2529775140625 0.3367437546875 0.25479165312499996 0.315936371875 0.253701184375 0.313233228125 0.255515325 0.276820309375 0.25360700468749997 0.27411716875000003 0.25542114374999997 0.2507088625 0.2541943671875 0.24800572187499997 0.25600850625 0.22459741718749998 0.2547817296875 0.2218942734375 0.25659586874999996 0.19068320156250002 0.254960165625 0.187980059375 0.25677430625 0.1671726765625 0.2556838375 0.1631179640625 0.258405046875 0.16334513125 0.27895290781250004 0.1641856078125 0.28779807968750004 0.172931071875 0.295101728125 0.1831303265625 0.299547859375 0.188332171875 0.2998204765625 0.190830875 0.301907234375 0.232445640625 0.30408817187500004 0.23514878125 0.30227403124999996 0.2871672390625 0.305000203125
0 0.2912446796875 0.3267277515625 0.2939478203125 0.3249136125 0.31995705 0.32627669843749996 0.3226601890625 0.3244625578125 0.35907310937500003 0.326370878125 0.3617762515625 0.32455673906250004 0.390386403125 0.3260561328125 0.39308954375 0.32424199374999996 0.4295024640625 0.3261503140625 0.43220560625 0.324336175 0.458214834375 0.3256992609375 0.4609179734375 0.3238851203125 0.5051336625 0.3262023671875 0.5078368046875 0.3243882265625 0.53644695625 0.32588762187500003 0.5391500953125 0.32407348125 0.570361171875 0.325709184375 0.5730643109375 0.3238950453125 0.599073540625 0.32525813124999997 0.605729175 0.3226732296875 0.606546925 0.30706964375 0.6027988671875 0.3039395078125 0.5793905640625 0.30271273125 0.576687421875 0.30452687031250003 0.542875425 0.302754859375 0.5401722828125 0.3045689984375 0.5063602859375 0.3027969875 0.50365714375 0.3046111265625 0.4646433015625 0.30256649687500003 0.4619401609375 0.3043806375 0.4333300109375 0.3028812421875 0.43062686875 0.30469538281249997 0.3942139484375 0.3027870625 0.3915108078125 0.30460120156250003 0.3602997328125 0.3029654984375 0.3575965921875 0.3047796390625 0.336789209375 0.3036891703125 0.33408606875 0.30550330937500003 0.300274071875 0.3037312984375 0.2975709296875 0.3055454375 0.2663598578125 0.303909734375 0.263656715625 0.305723875 0.22464287343749997 0.3036792453125 0.22193973125 0.30549338593750003 0.20633419375 0.304675534375 0.19957634062500001 0.30921088281250003 0.2001101625 0.3239074 0.2026088671875 0.32599415625 0.2078107125 0.3262667734375 0.21051385156250002 0.324452634375 0.21561348125 0.3266757 0.2183166203125 0.324861559375 0.24692677187499998 0.32636095468750004 0.249629915625 0.32454681406249997 0.2912446796875 0.3267277515625
0 0.3063391234375 0.3372978453125 0.3323483515625 0.33866093125 0.33505149218749997 0.336846790625 0.37666625625 0.339027728125 0.3793693984375 0.3372135890625 0.4105804734375 0.33884929218750004 0.41328361406249997 0.33703515156249997 0.4444946890625 0.33867085625 0.4471978296875 0.336856715625 0.4758079796875 0.3383561109375 0.4785111234375 0.3365419703125 0.5097221953125 0.3381776734375 0.5124253390625 0.336363534375 0.5436364109375 0.3379992375 0.5463395515625 0.336185096875 0.5697478593749999 0.337411875 0.5724509984374999 0.33559773437499996 0.60106115 0.3370971296875 0.6037642937500001 0.3352829890625 0.6141679828125 0.33582822343749996 0.617813821875 0.3409088078125 0.617404946875 0.3487106015625 0.6199036515625 0.3507973578125 0.6196992140625001 0.3546982546875 0.6234472703125 0.3578283890625 0.6312500390625 0.358237315625 0.636554103125 0.356559484375 0.6407110328125001 0.3518878265625 0.6409154703125 0.3479869296875 0.6436186125 0.346172790625 0.6440274875 0.338370996875 0.646730628125 0.3365568578125 0.647139503125 0.3287550640625 0.6433914453125 0.325624928125 0.6069785265625 0.3237166078125 0.6042753859375 0.32553074843749996 0.5782661578125 0.3241676625 0.5755630171874999 0.3259818015625 0.5391500953125 0.32407348125 0.53644695625 0.32588762187500003 0.5078368046875 0.3243882265625 0.5051336625 0.3262023671875 0.463518896875 0.32402142968750003 0.46081575468749997 0.32583556874999997 0.43220560625 0.324336175 0.4295024640625 0.3261503140625 0.3956904671875 0.324378303125 0.392987325 0.3261924421875 0.3617762515625 0.32455673906250004 0.35907310937500003 0.326370878125 0.3226601890625 0.3244625578125 0.31995705 0.32627669843749996 0.286145053125 0.3245046859375 0.28344191093750004 0.3263188265625 0.247028990625 0.32441050625 0.24432585 0.3262246453125 0.19480609843750002 0.32558523125 0.1906491671875 0.3302568890625 0.1915918625 0.3371516125 0.1966914890625 0.339374678125 0.19939463125 0.33756053750000004 0.2254038578125 0.33892362343750004 0.22810700156250002 0.337109484375 0.264519921875 0.3390178046875 0.26722306093750003 0.3372036640625 0.30363598281250004 0.339111984375 0.3063391234375 0.3372978453125
0 0.336425790625 0.3603884796875 0.339128934375 0.35857434062500004 0.37294092968750003 0.3603463515625 0.3756440703125 0.3585322125 0.41465791406249997 0.360576840625 0.41736105468750007 0.3587627015625 0.4485721296875 0.3603984046875 0.4512752703125 0.3585842640625 0.47728449843750004 0.35994735 0.4799876390625 0.3581332109375 0.508597790625 0.35963260468749997 0.5113009328125 0.35781846562499997 0.547713853125 0.3597267859375 0.5504169921875001 0.3579126453125 0.5842289890625 0.35968465781250003 0.58693213125 0.35787051718749996 0.6129413593749999 0.35923360312499997 0.6169960718749999 0.35651239375 0.617711603125 0.34285925625 0.6140657640625 0.337778671875 0.5802537671875 0.3360066609375 0.577550628125 0.3378208 0.5489404765625 0.33632140625 0.546237334375 0.3381355453125 0.5150262609375 0.3364998421875 0.5123231203125 0.3383139828125 0.48111204374999994 0.33667827968749997 0.47840890468749997 0.33849241874999997 0.4471978296875 0.336856715625 0.4444946890625 0.33867085625 0.41328361406249997 0.33703515156249997 0.4105804734375 0.33884929218750004 0.3793693984375 0.3372135890625 0.37666625625 0.339027728125 0.3402533390625 0.3371194078125 0.3375501953125 0.3389335484375 0.3037382015625 0.3371615359375 0.3010350578125 0.3389756765625 0.26722306093750003 0.3372036640625 0.264519921875 0.3390178046875 0.19939463125 0.33756053750000004 0.1873327125 0.34377371874999996 0.187968753125 0.3565197859375 0.19046745625 0.35860654375 0.226880378125 0.3605148640625 0.22958351718749997 0.35870072343750004 0.26079459374999997 0.3603364265625 0.263497734375 0.3585222875 0.3025115765625 0.360566915625 0.30521471875 0.3587527765625 0.336425790625 0.3603884796875
0 0.309292159375 0.380480325 0.31199529843749996 0.3786661859375 0.3536100640625 0.3808471234375 0.3563132046875 0.3790329828125 0.4005288953125 0.3813502296875 0.40323203437500005 0.3795360890625 0.4318421859375 0.381035484375 0.434545328125 0.37922134375 0.4579536328125 0.380448121875 0.4606567734375 0.37863398125000003 0.49186785000000005 0.380269684375 0.4945709890625 0.3784555453125 0.5309839109375 0.380363865625 0.5336870515625 0.378549725 0.5622972015625 0.3800491203125 0.5650003421875 0.37823497968750003 0.5988123390625 0.3800069921875 0.6015154828125 0.378192853125 0.6561348625 0.38105533281250004 0.658326909375 0.388993434375 0.6705932640625 0.3788793578125 0.6707977015625 0.3749784609375 0.6736030625 0.3712138734375 0.6711043578125 0.369127115625 0.6702638796875 0.36028194375 0.6156445015625 0.3574194640625 0.6129413593749999 0.35923360312499997 0.5947349015625 0.35827944375 0.5920317578125001 0.3600935828125 0.5556188390625 0.3581852625 0.5529156984375 0.359999403125 0.5113009328125 0.35781846562499997 0.508597790625 0.35963260468749997 0.4877904078125 0.3585421359375 0.4850872671875 0.3603562765625 0.4512752703125 0.3585842640625 0.4485721296875 0.3603984046875 0.4147601328125 0.35862639218750003 0.4120569890625 0.3604405328125 0.37304314843749997 0.358395903125 0.37034000625 0.36021004218749997 0.359936315625 0.359664809375 0.35743761093750004 0.3575780515625 0.3522357671875 0.357305434375 0.34953262343749997 0.35911957499999997 0.3183215515625 0.357483871875 0.3156184078125 0.3592980109375 0.3104165640625 0.35902539375 0.30791785781250003 0.3569386375 0.29491324375 0.35625709375 0.28960918125 0.357934925 0.2845095546875 0.355711859375 0.2818064125 0.357526 0.2740036421875 0.3571170734375 0.27130050156249996 0.35893121250000004 0.263599953125 0.3565718390625 0.2608968109375 0.358385978125 0.24008942968749997 0.3572955109375 0.2373862859375 0.35910965 0.2061752140625 0.357473946875 0.2034720703125 0.3592880859375 0.19827022656249998 0.35901546875 0.1931706 0.356792403125 0.18110868125 0.363005584375 0.1817447203125 0.375751653125 0.186742128125 0.379925165625 0.20494858906250002 0.3808793265625 0.2076517296875 0.3790651875 0.241463728125 0.38083719843749997 0.2441668671875 0.379023059375 0.267575175 0.3802498359375 0.27027831406249997 0.378435696875 0.309292159375 0.380480325
0 0.3289751359375 0.403025725 0.33167827656250004 0.4012115859375 0.3706921203125 0.4032562140625 0.373395259375 0.401442075 0.417610946875 0.40375932031249995 0.42031409062499997 0.40194518125 0.4515251625 0.403580884375 0.45422830625 0.40176674375 0.488040303125 0.40353875625 0.49074344375 0.40172461562499995 0.5297572859375 0.40376924531249997 0.532460428125 0.40195510468749995 0.5688733453125 0.40386342500000005 0.5715764890624999 0.40204928593749995 0.6053884843749999 0.403821296875 0.6080916265625 0.4020071578125 0.6419036234375 0.40377917031250005 0.6446067640625001 0.4019650296875 0.653761103125 0.4014668859375 0.654783290625 0.381962403125 0.651035234375 0.3788322671875 0.64573116875 0.3805100984375 0.6067173265625 0.37846546875 0.6040141859375 0.380279609375 0.5702021890625 0.378507596875 0.5674990484375 0.3803217375 0.5362879734375 0.378686034375 0.5335848328125 0.38050017343750003 0.4971719140625 0.378591853125 0.49446877031250003 0.38040599375 0.4658586203125 0.3789065984375 0.46315547968750004 0.3807207390625 0.4475499421875 0.3799028875 0.4448468 0.3817170265625 0.4162366484375 0.3802176328125 0.413533509375 0.38203177187500004 0.38492335781250003 0.38053237812499996 0.3822202140625 0.3823465171875 0.3354036046875 0.3798929625 0.33270046249999996 0.381707103125 0.29888846562500004 0.37993509062499997 0.29618532656249996 0.38174923125000004 0.25977240625000003 0.3798409109375 0.25706926406249997 0.38165505 0.2232572671875 0.3798830390625 0.2205541265625 0.381697178125 0.21015043437499997 0.38115194375 0.2074472921875 0.3829660828125 0.18924083281249998 0.3820119234375 0.1878892625 0.38291899375 0.18832086406249998 0.39956595781250004 0.19081957031250002 0.40165271562499993 0.22983341093749998 0.40369734375000005 0.2325365546875 0.40188320468749994 0.2637476265625 0.4035189078125 0.26645076875 0.4017047671875 0.292459996875 0.40306785312500004 0.29516313906249997 0.4012537140625 0.3289751359375 0.403025725
0 0.28306718750000004 0.48276361718749994 0.3168791828125 0.484535628125 0.319582325 0.4827214890625 0.3689998578125 0.4853113515625 0.3717029984375 0.4834972125 0.4289233015625 0.4864960015625 0.4316264421875 0.4846818609375 0.47584212968750006 0.48699910781250005 0.47854527343750003 0.4851849671875 0.5097563453125 0.4868206703125 0.5124594890624999 0.48500653125 0.5488724078125 0.4869148515625 0.5515755484375 0.48510071093749996 0.554074253125 0.48718746875 0.55677739375 0.485373328125 0.6218004640625 0.48878104375 0.6245036078124999 0.4869669046875 0.6791229859375 0.489829384375 0.6818261265625 0.48801524374999994 0.6948307421875 0.4886967875 0.6988854531250001 0.485975578125 0.7013387015625 0.43916481875 0.698839996875 0.4370780609375 0.7002710578125 0.40977178593749997 0.696625221875 0.4046912015625 0.6732169140625001 0.403464425 0.670513775 0.4052785640625 0.6419036234375 0.40377917031250005 0.63920048125 0.40559330937500004 0.589782946875 0.40300344531250004 0.5870798078125 0.4048175859375 0.5480659640625001 0.40277295625000004 0.5453628234375001 0.404587096875 0.501147134375 0.40226985 0.4984439921875 0.40408399062499994 0.4698338421875 0.40258459531249996 0.4671307015625 0.40439873593750003 0.4307177796875 0.402490415625 0.428014640625 0.4043045546875 0.386399875 0.40212361718749995 0.383696734375 0.4039377578125 0.373293040625 0.40339252343750004 0.3705899015625 0.40520666250000004 0.35758528749999996 0.4045251203125 0.35508658125000003 0.4024383625 0.35238343906249997 0.40425250312500005 0.310768675 0.402071565625 0.308065534375 0.4038857046875 0.27685445937500003 0.4022500015625 0.27415131875 0.4040641421875 0.2507430125 0.40283736406250004 0.24803987031250002 0.4046515046875 0.2142278734375 0.40287949218749997 0.21152473437500002 0.4046936328125 0.1855155046875 0.4033305453125 0.1828123640625 0.40514468593749997 0.17761051875 0.40487206875000004 0.17355580625 0.40759327812499996 0.1717158703125 0.44270134843750003 0.1729652234375 0.44374472656249997 0.173396825 0.460391690625 0.1758955296875 0.46247844843749997 0.17528221718749998 0.4741811375 0.1814267578125 0.481348478125 0.2360461390625 0.484210959375 0.23874927812500002 0.48239681875 0.28036404375 0.48457775625000005 0.28306718750000004 0.48276361718749994
0 0.28143168749999997 0.513970790625 0.33345014375000004 0.5166969609375001 0.3361532859375 0.514882821875 0.3855708203125 0.517472684375 0.38827395937500003 0.5156585453125 0.43248964687499997 0.517975790625 0.43519279062500005 0.5161616515625 0.471605709375 0.5180699718749999 0.47430885 0.5162558328125 0.5211254609375 0.5187093875000001 0.5238286046875 0.516895246875 0.5680442921875 0.51921249375 0.5707474312499999 0.517398353125 0.6253668109375 0.5202608343749999 0.6280699546874999 0.51844669375 0.66968471875 0.52062763125 0.6723878609375 0.5188134921875001 0.7140026265625 0.5209944296875 0.716705765625 0.5191802890625 0.7479168406250001 0.5208159921875 0.7506199812500001 0.519001853125 0.7597743218749999 0.518503709375 0.7610009453125001 0.4950983296875 0.7572528890625 0.49196819375 0.7468491968750001 0.491422959375 0.7441460546875 0.49323709843749997 0.6843248296875 0.4901020015625 0.6816216890625 0.491916140625 0.611396775 0.488235809375 0.6086936328125 0.49004994843749994 0.5358677921874999 0.4862333078125 0.5331646531249999 0.48804744843750003 0.5045545015624999 0.48654805312500005 0.5018513578125 0.48836219375 0.4680393609375 0.48659018125 0.465336221875 0.48840432187499994 0.39511130625 0.48472398906249997 0.3924081625 0.48653812968750004 0.3559952421875 0.484629809375 0.353292103125 0.48644394843749994 0.30387456875 0.48385408593749996 0.3011714265625 0.48566822500000006 0.26735942968750004 0.4838962140625 0.2646562875 0.485710353125 0.1788258359375 0.4812121703125 0.17612269375 0.483026309375 0.16051715625000001 0.4822084578125 0.15781401718750002 0.48402259843750006 0.152612171875 0.48374998125 0.14855745781250002 0.486471190625 0.14888684375 0.505068603125 0.151181109375 0.5110562578125 0.1562807375 0.513279321875 0.16148258124999998 0.5135519390625001 0.1641857234375 0.5117378 0.22660787187500003 0.51500920625 0.2293110109375 0.513195065625 0.2787285453125 0.5157849296875 0.28143168749999997 0.513970790625
0 0.24348548750000001 0.5413191937499999 0.28510025156249996 0.54350013125 0.2878033953125 0.5416859921875 0.2903020984375 0.5437727484375 0.293005240625 0.5419586093750001 0.31901446718750004 0.5433216953125 0.3217176109375 0.5415075546875 0.3607314515625 0.543552184375 0.36343459375 0.54173804375 0.41285212812500005 0.5443279078125001 0.41555526875000004 0.5425137671875 0.45456911250000004 0.5445583968750001 0.4572722515625 0.54274425625 0.5222953234375 0.546151971875 0.524998465625 0.5443378328125 0.5562095375 0.5459735343750001 0.55891268125 0.5441593953125 0.592724678125 0.5459314078124999 0.5954278171875 0.5441172671875 0.6396435046875 0.5464345125000001 0.6423466484375 0.5446203734374999 0.6813604890625 0.546665003125 0.6840636328125 0.5448508624999999 0.717875628125 0.546622875 0.72057876875 0.544808734375 0.7335833843749999 0.5454902781250001 0.73638874375 0.5417256890625 0.7442937296875 0.5401841671875001 0.74834844375 0.5374629578125 0.7486550984375 0.5316116125 0.7400118546875001 0.522357515625 0.6983970890625 0.520176578125 0.6956939453125 0.5219907171875 0.6514782593749999 0.519673471875 0.6487751187499999 0.5214876109375 0.575949278125 0.5176709703125 0.5732461375 0.5194851109374999 0.531631371875 0.5173041734375 0.5289282296875 0.5191183125000001 0.48211162031250004 0.5166647578125 0.47940847656249996 0.518478896875 0.44559647968749994 0.5167068859375 0.44289334062499996 0.5185210265625 0.403879496875 0.516476396875 0.40117635625 0.5182905359375 0.35435974375 0.51583698125 0.3516566046875 0.517651121875 0.3048399921875 0.5151975671875 0.3021368515625 0.51701170625 0.2579211625 0.5146944609374999 0.2552180234375 0.5165086 0.192795875 0.51323719375 0.1900927328125 0.5150513343750001 0.1562807375 0.513279321875 0.1350644796875 0.519990646875 0.12290034218749998 0.528154275 0.12394525625 0.5330985515625 0.125092390625 0.536092378125 0.13133915000000002 0.5413092703125 0.157348378125 0.54267235625 0.1600515203125 0.5408582156249999 0.19386351562499998 0.542630228125 0.196566659375 0.5408160875 0.24078234531249998 0.543133334375 0.24348548750000001 0.5413191937499999
0 0.34119615 0.5679538515625 0.4010173734375 0.57108895 0.40372051718749996 0.569274809375 0.458339896875 0.572137290625 0.4610430375 0.57032315 0.52866703125 0.5738671734375 0.5313701703125 0.572053034375 0.5885904734375 0.5750518234374999 0.5912936156249999 0.5732376828125 0.63290838125 0.5754186203125 0.639666234375 0.570883271875 0.6407906390625 0.549428340625 0.6370425828124999 0.5462982046875 0.6058315109375 0.5446625015625 0.6031283671875001 0.546476640625 0.5693163703125 0.5447046296875 0.5666132312500001 0.54651876875 0.5328012328125 0.5447467578125 0.5300980921875 0.546560896875 0.4884833265625 0.5443799593749999 0.485780184375 0.5461941 0.44156449843749995 0.543876853125 0.43886135625 0.54569099375 0.3946456671875 0.5433737468750001 0.3919425265625 0.5451878875 0.3529286828125 0.5431432578125001 0.35022554375000003 0.5449573984375 0.3242163140625 0.5435943125 0.32151317343749997 0.5454084515625001 0.269494715625 0.5426822796875 0.266791575 0.5444964203125 0.21217219687500002 0.5416339390625 0.2094690546875 0.5434480796875001 0.1860607484375 0.5422213015625 0.1833576078125 0.5440354421875 0.1755548390625 0.543626515625 0.1715001265625 0.5463477250000001 0.172340603125 0.5551928968750001 0.1732833 0.5620876203125 0.1770313546875 0.56521775625 0.21084335312500002 0.5669897671874999 0.21354649375 0.565175628125 0.2811704875 0.5687196515624999 0.283873628125 0.5669055109375 0.3384930078125 0.5697679921875001 0.34119615 0.5679538515625
0 0.3804598859375 0.6149951 0.3831630265625 0.6131809609375 0.4559888671875 0.6169976015625 0.45869200781249997 0.6151834609375 0.5237150781250001 0.6185911765625 0.5264182203125001 0.6167770359375 0.6148495953124999 0.621411528125 0.6175527375 0.6195973890625 0.659167503125 0.6217783265625 0.6632222140625 0.6190571171875 0.6640399640625 0.6034535296875 0.6615412593750001 0.6013667734375 0.662665665625 0.5799118421875 0.6589176078125 0.57678170625 0.6095000749999999 0.57419184375 0.6067969343749999 0.5760059828124999 0.5443747859375 0.5727345765625 0.5416716453125 0.5745487171875 0.48445134218749997 0.5715499281249999 0.4817482015625 0.5733640671875 0.41672513125000005 0.569956353125 0.41402198749999997 0.5717704921875 0.351599840625 0.5684990859375 0.3488967 0.5703132265625 0.2968782421875 0.5675870546875 0.294175103125 0.56940119375 0.2343538765625 0.566266096875 0.23165073593750002 0.5680802359375 0.179632278125 0.5653540640625 0.1755775671875 0.5680752734375 0.17682691875 0.569118653125 0.1780762703125 0.57016203125 0.176338553125 0.6033196515625 0.1799843921875 0.6084002359375 0.232002846875 0.6111264078125 0.2347059890625 0.6093122671875 0.30493090624999997 0.6129926 0.3076340453125 0.611178459375 0.3804598859375 0.6149951
0 0.23571686875000003 0.6895532656250001 0.2410209328125 0.687875434375 0.254025546875 0.688556978125 0.2565242515625 0.690643734375 0.32154732343750003 0.69405145 0.3242504625 0.692237309375 0.553131671875 0.704232465625 0.5558348140625 0.702418325 0.672876340625 0.7085522125 0.67963419375 0.7040168625 0.6813719125000001 0.6708592421875 0.6788732078125 0.668772484375 0.68071314375 0.633664415625 0.6782144390625 0.6315776578125 0.6785210953125 0.6257263140625 0.673728125 0.617651903125 0.6674813640624999 0.6124350109375001 0.6657209187500001 0.6211438734375 0.659167503125 0.6217783265625 0.6564643593749999 0.623592465625 0.58623944375 0.619912134375 0.583536303125 0.6217262734375 0.4977058515625 0.6172280906250001 0.4950027078125 0.6190422296875 0.416975025 0.614952971875 0.4142718828125 0.6167671125 0.344046965625 0.6130867796875 0.3413438234375 0.6149009203125 0.2685179859375 0.6110842796875 0.26581484375 0.6128984187500001 0.2137963890625 0.610172246875 0.2110932453125 0.6119863875 0.18248309375 0.6104869921875 0.1784283828125 0.6132082015625 0.1778150703125 0.6249108921875 0.1751119296875 0.62672503125 0.1733742125 0.659882653125 0.1746235640625 0.66092603125 0.1749529484375 0.6795234453125001 0.181097490625 0.6866907859375 0.20710671718749998 0.688053871875 0.2098098609375 0.6862397312499999 0.21490948593749998 0.688462796875 0.2279141 0.689144340625 0.23061724374999998 0.6873302 0.23571686875000003 0.6895532656250001
0 0.3892735359375 0.6956450249999999 0.3865703921875 0.6974591640625001 0.1993039484375 0.6876449453125 0.192648315625 0.690229846875 0.1926710421875 0.7146786046875 0.19516974843749998 0.7167653609375 0.45786295312499997 0.7305325296875 0.4605660921875 0.7287183890625 0.601015925 0.736079053125 0.6051728562500001 0.7314073953125 0.60619504375 0.7119029125 0.6025492046875 0.706822328125 0.3892735359375 0.6956450249999999
0 0.234433484375 0.7638066109375 0.2371366234375 0.7619924703125001 0.2422362515625 0.7642155359375 0.26564455625 0.7654423125 0.2683476984375 0.7636281734375 0.27354954375 0.7639007906249999 0.27604824843750003 0.765987546875 0.2864519390625 0.76653278125 0.28915508125 0.7647186421875001 0.2942547078125 0.7669417078125 0.299558771875 0.7652638765625001 0.3177652328125 0.7662180375000001 0.3202639359375 0.7683047937499999 0.3410713171875 0.7693952625 0.3437744609375 0.7675811218749999 0.35417814999999997 0.76812635625 0.3566768546875 0.7702131140625 0.36198091875 0.7685352828124999 0.3749855328125 0.769216825 0.3774842375 0.7713035828125 0.3827883015625 0.7696257515625 0.6142704343750001 0.781757215625 0.6183251453125 0.7790360062499999 0.6200628625 0.745878384375 0.617564159375 0.743791628125 0.6180752515625 0.7340393859375001 0.6155765484375 0.7319526296875 0.6158832046875 0.726101284375 0.6122373671875 0.7210207015625001 0.60963644375 0.7208843921875 0.60558173125 0.7236056015625 0.6050706375 0.73335784375 0.601015925 0.736079053125 0.5802085421875 0.734988584375 0.577505403125 0.736802725 0.56460300625 0.7341707328125 0.5618998656249999 0.7359848734375001 0.286202046875 0.7215361625 0.2834989046875 0.7233503015625 0.278399278125 0.7211272359375 0.2730952125 0.7228050671874999 0.2653946640625 0.72044569375 0.262691521875 0.7222598328125 0.19246660468750001 0.7185795015625 0.17239748125 0.728284653125 0.1709664203125 0.7555909296875 0.1722157734375 0.7566343078125 0.17721318125000002 0.7608078218750001 0.2006214875 0.7620345984375 0.2033246265625 0.7602204593749999 0.2111273953125 0.7606293843749999 0.2136261015625 0.7627161421875 0.216329240625 0.7609020015625 0.231934778125 0.761719853125 0.234433484375 0.7638066109375
0 0.6680947921875 0.8246720406250001 0.669423634375 0.7993162125 0.6669249296875 0.79722945625 0.6673338046875 0.7894276625 0.662438615625 0.7833037 0.662745271875 0.77745235625 0.6602465671875 0.7753655984375001 0.6604510046875001 0.7714647015625 0.6532615484375001 0.7593530859375 0.6535682031250001 0.7535017421875 0.6510695 0.751414984375 0.6512739375 0.7475140875 0.6487752328124999 0.7454273312499999 0.6489796703125 0.741526434375 0.646480965625 0.739439678125 0.6443911359375 0.729551128125 0.64064308125 0.7264209921875 0.6198356984375 0.7253305234375 0.6156787671874999 0.7300021812499999 0.6181774703125 0.7320889375 0.617870815625 0.7379402828125 0.62036951875 0.740027040625 0.6182229265625 0.7809864546874999 0.611567290625 0.78357135625 0.48152115 0.7767559265624999 0.478818009375 0.7785700656250001 0.47371838125 0.776347 0.46841431875 0.77802483125 0.46331469218750004 0.775801765625 0.4580106265625 0.777479596875 0.452911 0.7752565312499999 0.4476069359375 0.7769343625 0.442507309375 0.774711296875 0.43720324374999997 0.776389128125 0.2681432625 0.7675290703125001 0.26564455625 0.7654423125 0.26034049375 0.7671201437499999 0.2578417875 0.7650333875 0.25263994218749997 0.7647607703125 0.242031815625 0.7681164328125 0.23422904687499999 0.7677075062500001 0.23173034062500003 0.76562075 0.2290272 0.7674348890625 0.223927571875 0.7652118234375 0.21862350937500002 0.7668896546874999 0.216124803125 0.7648028984375 0.18491373125 0.7631671953125 0.1824150265625 0.7610804390625 0.17721318125000002 0.7608078218750001 0.1704553265625 0.7653431703125 0.16889931875 0.7701511375 0.163697475 0.7698785203125 0.1570418390625 0.7724634203125 0.15683740156249998 0.7763643171875 0.154134259375 0.7781784578125001 0.15456586249999998 0.7948254218749999 0.1555085578125 0.8017201453125 0.1618575390625 0.8049865890625 0.30490829218750004 0.8124835625 0.307611434375 0.810669421875 0.5468963328124999 0.8232098125 0.5495994765625001 0.821395671875 0.664040078125 0.8273932500000001 0.6680947921875 0.8246720406250001
0 0.3813004796875 0.8477799921875 0.383799184375 0.84986675 0.3891032484375 0.84818891875 0.5373558468749999 0.8559585078125 0.5398545515625 0.8580452640624999 0.547759540625 0.8565037421874999 0.55025824375 0.8585904984375 0.6751025390625001 0.8651333109375001 0.676862984375 0.8564244484374999 0.6743642796875 0.854337690625 0.6751820296875 0.8387341046874999 0.672683325 0.8366473484375 0.6728877625 0.8327464515624999 0.6691397078125 0.8296163156249999 0.42985480625 0.8170759249999999 0.427151665625 0.818890065625 0.1566556921875 0.8047139718749999 0.14979561875 0.8111997703125 0.149920565625 0.8336980796875 0.15502019375 0.8359211453125001 0.1914331125 0.837829465625 0.1941362546875 0.836015325 0.196634959375 0.8381020828124999 0.36049309687500003 0.8466895234375 0.3629918015625 0.8487762812499999 0.368295865625 0.8470984500000001 0.3813004796875 0.8477799921875
0 0.635168728125 0.8806427171875001 0.6365203 0.8797356468749999 0.6372358296875 0.8660825093750001 0.6307846328125 0.8647665140624999 0.6282859265625 0.86267975625 0.537253628125 0.85790895625 0.5347549265625 0.8558222000000001 0.5243512328125 0.8552769640625 0.52164809375 0.8570911046875 0.5191493875 0.8550043468749999 0.41511247500000004 0.8495520046875 0.41240933281250003 0.85136614375 0.3473862640625 0.8479584296875 0.3448875578125 0.8458716718750001 0.18102942187499999 0.83728423125 0.176872490625 0.8419558890625 0.1779174046875 0.8469001640625 0.17896232031249998 0.8518444390625 0.182710375 0.854974575 0.41419250625000004 0.8671060390625 0.41669121249999996 0.8691927953125 0.43489767031250004 0.8701469562499999 0.4376008140625 0.8683328156250001 0.44009951562499994 0.8704195734375 0.635168728125 0.8806427171875001
0 0.5710088625 0.9105289328125 0.57350756875 0.9126156890624999 0.5995167953125 0.913978775 0.60617243125 0.9113938734374999 0.6076034921875 0.8840875984375 0.60395765625 0.8790070140624999 0.41669121249999996 0.8691927953125 0.41419250625000004 0.8671060390625 0.41148936562499994 0.868920178125 0.40899066250000005 0.8668334218749999 0.1853112984375 0.8551108828125 0.18115436875 0.8597825406249999 0.1812793140625 0.8822808500000001 0.18617450468750002 0.8884048124999999 0.3318261828125 0.89603809375 0.3343248859375 0.89812485 0.3681368828125 0.8998968625 0.370840025 0.8980827234375001 0.3812437171875 0.8986279578125 0.3837424203125 0.9007147140624999 0.5710088625 0.9105289328125