0 0 0.5262038890625 0.039362345312500005 0.900711584375 0.040469679687499996 0.90190461875 0.0490744734375 0.8996907984375 0.053794415625 0.8978852937499999 0.0646322375 0.8888896781250001 0.0688076921875 0.8819037234374999 0.0584624375 0.78347519375 0.06013261875 0.7806808125 0.047337171875 0.658940259375 0.049007353125 0.656145878125 0.0427457515625 0.5965707140625 0.044415934375 0.5937763328125001 0.036520870312499995 0.518659821875 0.0381910515625 0.5158654390625 0.028390284375 0.4226173578125 0.030060465624999998 0.41982297500000004 0.022165403125 0.34470646562499996 0.023835584375 0.3419120828125 0.0205686625 0.31082939062500003 0.0247441171875 0.3038434359375 0.03057139375 0.3032309640625 0.032786062500000004 0.30561703125 0.0363986703125 0.30261849218750003 0.0386133390625 0.30500455937500004 0.044440615625 0.3043920875 0.0488699546875 0.3091642234375 0.0513752265625 0.30497264999999996 0.0472915734375 0.266119284375 0.039812475 0.260358271875 0.03787005 0.26056242812499997 0.0334407109375 0.25579029375 0.031498285937499995 0.2559944515625 0.0270689484375 0.2512223171875 0 0.23701479375 0 0.5262038890625
0 0.055327196875 0.5481092578125 0.0569973796875 0.545314878125 0.04637988125 0.4442961203125 0.048050062500000004 0.44150174062499997 0.0450553828125 0.4130092703125 0.04950308125 0.40861354062500005 0.0650424859375 0.4069802828125 0.067547759375 0.4027887109375 0.065333090625 0.40040264218750005 0.064788603125 0.39522219375 0.059814778125 0.3852696109375 0.058725803124999996 0.3749087109375 0.0612310765625 0.37071713906250003 0.0684562921875 0.3647200625 0.07234114375 0.36431174843749997 0.07762393281249999 0.3585188265625 0.081508784375 0.35811051250000003 0.083178965625 0.35531613125 0.0870638171875 0.35490781718750003 0.08873399843749999 0.3521134359375 0.09261885 0.3517051203125 0.09428903281249999 0.34891073906250003 0.0981738828125 0.348502425 0.099844065625 0.34570804375 0.10372891718749999 0.3452997296875 0.108176615625 0.3409039984375 0.10790437187499999 0.338313775 0.1023676984375 0.33234860624999996 0.094053509375 0.32798478593749997 0.0901686578125 0.3283931 0.08379689375 0.3238251234375 0.07991204375 0.3242334375 0.071325609375 0.3172793921875 0.0630114203125 0.31291557187499996 0.05912656875 0.3133238859375 0.052754806249999994 0.30875590937499997 0.0488699546875 0.3091642234375 0.042498190625 0.3045962453125 0.02029641875 0.3082391640625 0.0260135328125 0.362633878125 0.0243433515625 0.3654282625 0.029788221875 0.41723275 0.028118040625 0.4200271328125 0.0381910515625 0.5158654390625 0.036520870312499995 0.518659821875 0.0449604203125 0.5989567796874999 0.0432902390625 0.6017511640625 0.0522742765625 0.6872285703125 0.05060409375 0.690022953125 0.0628550546875 0.8065830546875 0.061184873437499995 0.8093774390625 0.0688076921875 0.8819037234374999 0.07212969687500001 0.8854828250000001 0.0798993984375 0.884666196875 0.0821140671875 0.8870522640624999 0.082949159375 0.8856550734375 0.084619340625 0.8828606921875 0.0783577390625 0.823285528125 0.0800279203125 0.820491146875 0.068321446875 0.709111490625 0.0699916296875 0.706317109375 0.0607353484375 0.6182494765625 0.06240553125 0.615455096875 0.055327196875 0.5481092578125
0 0.197164146875 0.37476186718750004 0.19966942031249998 0.37057029531249996 0.19912493281250002 0.3653898453125 0.20330038749999998 0.3584038921875 0.20718523906250003 0.357995578125 0.20969051093750002 0.35380400624999997 0.21027171875 0.3406487265625 0.21611735625 0.3308683890625 0.22998657968749997 0.3320295140625 0.2344159171875 0.3368016484375 0.23830076875 0.33639333437499996 0.24051543749999998 0.33877940156249997 0.26965182187500003 0.33571704375 0.271866490625 0.33810311249999997 0.2796361921875 0.3372864828125 0.28795038281249996 0.341650303125 0.297662509375 0.3406295171875 0.2998771796875 0.343015584375 0.3034897859375 0.340017046875 0.317086765625 0.338587946875 0.3187569484375 0.3357935640625 0.324584225 0.33518109375 0.3318094390625 0.329184015625 0.35123369531250004 0.32714244375 0.352903878125 0.32434806250000003 0.3587311546875 0.323735590625 0.3612364265625 0.31954401718750003 0.359875209375 0.3065928953125 0.357660540625 0.3042068296875 0.354356896875 0.2914598640625 0.349655315625 0.2840975046875 0.349110828125 0.2789170546875 0.346896159375 0.2765309875 0.34607942812500003 0.2687603140625 0.343864759375 0.2663742453125 0.343320271875 0.261193796875 0.341105603125 0.2588077296875 0.340561115625 0.2536272796875 0.33834644687500004 0.2512412140625 0.335042803125 0.23849424843749997 0.32950612968750004 0.2325290796875 0.3278359484375 0.23532346249999997 0.32200867187500004 0.2359359328125 0.3111708484375 0.24493155 0.303401146875 0.245748178125 0.3017309640625 0.248542559375 0.288406228125 0.252561884375 0.2811810140625 0.2585589625 0.27535373750000003 0.259171434375 0.2736835546875 0.261965815625 0.267856278125 0.2625782875 0.2606310625 0.26857536406250004 0.247306328125 0.2725946890625 0.2420235375 0.278387609375 0.23619626093749999 0.27900008125000003 0.2345260796875 0.2817944625 0.228698803125 0.28240693437500003 0.22702862031249998 0.285201315625 0.22314376875000003 0.28560962968750003 0.2214735875 0.2884040109375 0.21564631093750003 0.28901648281250003 0.2084210953125 0.29501356093750003 0.195096359375 0.2990328859375 0.19342617812500001 0.3018272671875 0.1895413265625 0.30223558125 0.1823161109375 0.308232659375 0.17648883437500001 0.3088451296875 0.1692636203125 0.3148422078125 0.1634363421875 0.3154546796875 0.156211128125 0.3214517578125 0.14288639218750002 0.32547108125 0.137603603125 0.3312640015625 0.1317763265625 0.33187647343750004 0.13010614375000001 0.3346708546875 0.1242788671875 0.33528332656250004 0.12260868437500001 0.3380777078125 0.10928394999999999 0.34209703281250003 0.10400115937500001 0.34788995312500004 0.100116309375 0.3482982671875 0.0984461265625 0.35109265 0.09261885 0.3517051203125 0.09094866874999999 0.354499503125 0.081508784375 0.35811051250000003 0.07622599375 0.36390343281250004 0.0703987171875 0.3645159046875 0.066786109375 0.36751444375000003 0.060940473437499997 0.3772947796875 0.062029446875000005 0.3876556765625 0.064244115625 0.3900417453125 0.064788603125 0.39522219375 0.0728121890625 0.40616365468750004 0.080581890625 0.405347025 0.0827965609375 0.40773309218750003 0.09056626250000001 0.4069164640625 0.09278093125 0.40930253125 0.100550634375 0.408485903125 0.10276530312500001 0.4108719703125 0.1319016875 0.40780961250000003 0.132736778125 0.406412421875 0.1393991453125 0.40440275937500003 0.141069328125 0.401608378125 0.14689660468750002 0.40099590625000003 0.1541401796875 0.3858309640625 0.1538679359375 0.3832407390625 0.158587878125 0.381435234375 0.1602580609375 0.378640853125 0.197164146875 0.37476186718750004
0 0.0993116171875 0.6115761109375 0.10098179843749999 0.6087817281250001 0.0906365421875 0.5103531953125 0.092306725 0.507558815625 0.0917622375 0.502378365625 0.08954756875 0.4999923 0.08900308125 0.4948118484375 0.09067326406250001 0.49201746875 0.0895842890625 0.48165656874999996 0.0870973765625 0.4766802765625 0.0887675578125 0.47388589531249997 0.08767858437500001 0.4635249984375 0.0832492453125 0.4587528640625 0.0829770015625 0.45616263906250004 0.08604512343750001 0.44798365 0.0849561484375 0.43762275468749995 0.0827414796875 0.4352366859375 0.0858096 0.42705769687500006 0.08472062500000001 0.4166968015625 0.0861185640625 0.41131219375 0.0772415265625 0.41093578906249995 0.0750268578125 0.40854972187499994 0.0614298796875 0.40997882187499995 0.059215209375 0.40759275468749995 0.04950308125 0.40861354062500005 0.0450553828125 0.4130092703125 0.04777781875 0.4389115140625 0.0461076375 0.441705896875 0.056452892187500006 0.5401344265625 0.0547827109375 0.5429288078125001 0.06376674843749999 0.62840621875 0.062096565625 0.6312005984375 0.071625090625 0.72185845625 0.069954909375 0.724652840625 0.078938946875 0.8101302468749999 0.0772687640625 0.812924628125 0.084891584375 0.8854509171875 0.0882135875 0.8890300171875 0.117349971875 0.8859676593750001 0.11818506250000001 0.8845704671875 0.1212531828125 0.8763914796875 0.11608055625 0.8271772140625 0.11775073750000001 0.8243828343749999 0.1101279171875 0.751856546875 0.11179809999999998 0.749062165625 0.1044475234375 0.6791261046875 0.1061177046875 0.676331721875 0.0993116171875 0.6115761109375
0 0.15436938125 0.6869732984375 0.1560395625 0.684178915625 0.1503224484375 0.6297842 0.1519926296875 0.6269898203125 0.144914296875 0.55964398125 0.1465844796875 0.5568496015625 0.1378726859375 0.4739624171875 0.1395428671875 0.47116803437500004 0.1335535078125 0.41418309531249997 0.12079162031249999 0.4142150046875 0.1185769515625 0.4118289375 0.0874981421875 0.4150954515625 0.08526511249999999 0.42187725 0.09288793281249999 0.49440353437500006 0.09121775 0.497197915625 0.098023840625 0.5619535296875 0.09635365781250001 0.5647479109375 0.102615259375 0.6243230750000001 0.100945078125 0.6271174562499999 0.1072066796875 0.6866926203125 0.10553649843749999 0.6894870015625 0.1123425875 0.7542426156250001 0.11067240468749999 0.7570369968749999 0.1193841984375 0.83992418125 0.1177140171875 0.8427185609375 0.1217976703125 0.8815719312500001 0.125119675 0.88515103125 0.1639681859375 0.8810678875000001 0.1648032765625 0.8796706953125 0.168415884375 0.8766721593750001 0.167599153125 0.8689014859374999 0.1692693359375 0.8661071015624999 0.16409670781250002 0.8168928359375001 0.165766890625 0.81409845625 0.160049775 0.759703740625 0.16171995781249998 0.756909359375 0.15436938125 0.6869732984375
0 0.175191575 0.6795471203125001 0.17686175625 0.6767527375 0.1708723984375 0.6197677984375 0.17254258125 0.61697341875 0.167369953125 0.567759153125 0.169040134375 0.56496476875 0.16223404531250002 0.5002091578125001 0.163904228125 0.4974147765625 0.1565536515625 0.42747871406250004 0.15822383281250002 0.42468433125000005 0.15686261562499998 0.411733209375 0.1535406125 0.408154109375 0.13605878124999998 0.40999152343749995 0.1335535078125 0.41418309531249997 0.140904084375 0.48411915624999996 0.139233903125 0.486913540625 0.147401209375 0.564620275 0.145731028125 0.5674146546875 0.15253711718750002 0.63217026875 0.150866934375 0.63496465 0.1576730234375 0.6997202625 0.1560028421875 0.7025146453125 0.1619922 0.7594995828125 0.16032201875000002 0.7622939640624999 0.1665836203125 0.8218691281250001 0.1649134390625 0.8246635093749999 0.17035830937500002 0.8764680015625 0.17146564375 0.8776610343750001 0.187840140625 0.8746305874999999 0.189510321875 0.87183620625 0.18270423281249998 0.8070805906249999 0.184374415625 0.8042862109375 0.1808352484375 0.7706132921875 0.18250543125000002 0.7678189109375 0.178149534375 0.7263753187499999 0.17981971562500002 0.7235809359375 0.175191575 0.6795471203125001
0 0.225385675 0.6899845375 0.2270558578125 0.6871901578124999 0.22133874375 0.6327954421875 0.22300892499999997 0.630001059375 0.21729180937499998 0.575606346875 0.21896199218749998 0.5728119625 0.21188365937500003 0.5054661265625 0.213553840625 0.50267174375 0.2078367265625 0.44827702968749994 0.20950690781249998 0.44548265000000004 0.20542325468749997 0.40662927968749996 0.20709343750000003 0.4038349 0.2049154890625 0.3831131046875 0.20159348437500002 0.3795340015625 0.18993893125 0.3807589453125 0.18772426250000002 0.378372878125 0.158587878125 0.381435234375 0.1560826046875 0.38562680625 0.1577160671875 0.4011681546875 0.156045884375 0.4039625359375 0.1601295390625 0.4428159046875 0.15845935625000002 0.445610284375 0.164176471875 0.5000050015624999 0.1625062890625 0.50279938125 0.170129109375 0.57532566875 0.1684589265625 0.5781200484375 0.1741760421875 0.6325147640625 0.17250585937500001 0.6353091453124999 0.1787674625 0.694884309375 0.1770972796875 0.697678690625 0.1817254203125 0.741712509375 0.1800552390625 0.7445068890625001 0.185500109375 0.79631138125 0.18382992812500001 0.7991057609375 0.1914527484375 0.8716320484375 0.1925600828125 0.87282508125 0.23529344531250002 0.8683336234375 0.2361285359375 0.8669364343750001 0.2377987171875 0.8641420500000001 0.23616525625 0.8486007046875 0.23783543906250001 0.8458063234375001 0.2332072984375 0.8017725046875 0.2348774796875 0.798978125 0.22943260781250002 0.7471736328125 0.231102790625 0.744379253125 0.225385675 0.6899845375
0 0.236605903125 0.628571959375 0.2382760859375 0.625777578125 0.2357891734375 0.6208012859375 0.2349724421875 0.6130306125 0.236642625 0.6102362328125001 0.22684185625 0.5169881484375 0.2285120390625 0.51419376875 0.21843902656249997 0.418355459375 0.22010920781249999 0.4155610796875 0.219564721875 0.41038063124999996 0.21624271718750002 0.40680152812500003 0.208473015625 0.40761815781250005 0.2059677421875 0.41180973125 0.2105958828125 0.4558435453125 0.20892570156249998 0.4586379296875 0.21464281562499998 0.51303264375 0.21297263437499997 0.515827025 0.21868974843750003 0.570221740625 0.21701956562500002 0.5730161203125 0.22300892499999997 0.630001059375 0.22133874375 0.6327954421875 0.2267836140625 0.68459993125 0.22511343281250001 0.6873943140625001 0.231375034375 0.7469694765625 0.22970485156249998 0.749763859375 0.2351497234375 0.8015683484375 0.2334795421875 0.80436273125 0.238379925 0.8509867703125 0.23670974375 0.8537811546875 0.23917829687499997 0.8679253093750001 0.24333539062499998 0.8701072203125 0.253882609375 0.8676892437499999 0.2555527921875 0.8648948624999999 0.25228586875 0.8338121671875 0.2539560515625 0.8310177859375001 0.2482389359375 0.776623071875 0.24990911875 0.7738286890625 0.24337527187500002 0.7116633 0.2450454546875 0.70886891875 0.236605903125 0.628571959375
0 0.254522059375 0.6869221796875 0.2482604578125 0.6273470156250001 0.24993063906250002 0.624552634375 0.229784615625 0.43287602031250005 0.2314547984375 0.430081640625 0.2309103109375 0.424901190625 0.22869564062499997 0.422515125 0.2281511546875 0.4173346734375 0.2298213359375 0.41454029375 0.2276433875 0.3938184984375 0.22542871875 0.39143242968749997 0.2265544140625 0.3834575984375 0.22433974375000001 0.3810715328125 0.22352301406250003 0.373300859375 0.2251931953125 0.370506475 0.223831978125 0.35755535312500003 0.225502159375 0.354760971875 0.2246854296875 0.3469903 0.22357809374999998 0.345797265625 0.2202377296875 0.35138602812499997 0.21829530468749997 0.3515901859375 0.2152639046875 0.3414334453125 0.2144288140625 0.342830634375 0.21796797968749998 0.376503553125 0.22045489375 0.381479846875 0.21684228593750002 0.38447838437500004 0.21902023437499998 0.40520017968750005 0.21735005156249998 0.40799456406249995 0.2178945390625 0.4131750109375 0.2203814515625 0.418151303125 0.21871127031249998 0.420945684375 0.22606184687500003 0.49088174687499997 0.22439166406250002 0.49367612968749996 0.23473692031249999 0.592104659375 0.2330667375 0.5948990421875 0.24177853124999998 0.6777862265625 0.24010835 0.6805806078125001 0.245280978125 0.729794871875 0.24361079531250002 0.732589253125 0.2523225890625 0.8154764374999999 0.2506524078125 0.8182708218749999 0.2555527921875 0.8648948624999999 0.25666012656250003 0.8660878953125 0.25943764375 0.8644865484375 0.26415758437500003 0.8626810421875 0.2666628578125 0.8584894703125 0.2633959359375 0.827406775 0.2650661171875 0.8246123953125 0.2568988109375 0.7469056593750001 0.25856899218749996 0.7441112765625 0.252851878125 0.6897165609375 0.254522059375 0.6869221796875
0 0.25887795625 0.728365771875 0.255066546875 0.69210263125 0.25673672812500004 0.689308246875 0.24993063906250002 0.624552634375 0.251600821875 0.6217582546875 0.247244925 0.5803146625 0.24891510625 0.5775202796875 0.2431979921875 0.5231255640625 0.2448681734375 0.5203311828125 0.2364286234375 0.4400342234375 0.23809880468750003 0.4372398421875 0.22965925468749998 0.35694288125 0.2313294359375 0.35414850000000003 0.22996821875 0.341197378125 0.22664621562499998 0.3376182765625 0.219983846875 0.339627940625 0.2368629484375 0.5002218578125001 0.235192765625 0.5030162406249999 0.237679678125 0.50799253125 0.23931314062500003 0.5235338781250001 0.23764295781250003 0.5263282625000001 0.2441768046875 0.58849365 0.242506621875 0.5912880296874999 0.2504016859375 0.666404540625 0.248731503125 0.6691989234375 0.25390413125 0.718413190625 0.2522339484375 0.7212075718750001 0.25522862812499997 0.7497000390624999 0.2524511125 0.7513013890625 0.250799290625 0.7449279046874999 0.2496919546875 0.743734871875 0.24885686406250002 0.7451320625 0.25076256875 0.763263634375 0.2490923875 0.766058015625 0.25263155312499996 0.799730934375 0.250961371875 0.8025253171875001 0.25477278124999997 0.838788459375 0.2531026 0.841582840625 0.2550083046875 0.8597144140624999 0.2572229734375 0.8621004796875 0.25776746093749997 0.8672809296875 0.2588747953125 0.8684739625000001 0.2597098859375 0.867076771875 0.26442982812500004 0.8652712671874999 0.2669351015625 0.86107969375 0.265301640625 0.8455383484375 0.266971821875 0.842743965625 0.2601657328125 0.7779883515625 0.26183591562499997 0.775193971875 0.257207775 0.731160153125 0.25887795625 0.728365771875
0 0.2711504390625 0.695649821875 0.2728206203125 0.6928554390625 0.26628677500000003 0.6306900515625 0.26795695625 0.6278956703125 0.2616953546875 0.56832050625 0.2633655375 0.565526125 0.25764842187500003 0.5111314109375 0.2593186046875 0.5083370296874999 0.251151296875 0.4306302921875 0.2528214796875 0.42783591249999997 0.24628763281250002 0.3656705234375 0.24795781562500002 0.36287614218750003 0.24714108437500001 0.35510546718749997 0.244926415625 0.3527194 0.246596596875 0.3499250203125 0.2460521109375 0.3447445703125 0.2385730125 0.338983559375 0.23274573593749998 0.33959602968749997 0.2288425234375 0.3491722078125 0.23646534375 0.42169849531250003 0.2347951609375 0.42449287656249995 0.2405122765625 0.478887590625 0.23884209374999998 0.48168197187499995 0.244014721875 0.5308962390625 0.242344540625 0.533690621875 0.250239603125 0.6088071312500001 0.248569421875 0.6116015124999999 0.2556477546875 0.6789473515625 0.25397757187500003 0.68174173125 0.2605114171875 0.7439071187499999 0.25884123593749997 0.7467015015625 0.26537508125 0.808866890625 0.2637049 0.8116612703125 0.26591956875 0.8140473374999999 0.2642493859375 0.8168417218749999 0.27051098906250004 0.8764168828125 0.2716183234375 0.8776099171875 0.28410796718750003 0.8749877828124999 0.28550590625 0.869603178125 0.280877765625 0.8255693609374999 0.28254794687499996 0.8227749796875001 0.280333278125 0.8203889125 0.2820034609375 0.8175945296875 0.2765585890625 0.765790040625 0.27822877031250004 0.7629956578125 0.2711504390625 0.695649821875
0 0.2466149578125 0.3407571546875 0.248502303125 0.368056590625 0.2468321203125 0.3708509734375 0.2528214796875 0.42783591249999997 0.251151296875 0.4306302921875 0.2541459765625 0.4591227625 0.25525331093750003 0.46031579687499996 0.27357023125 0.457081190625 0.2752404140625 0.454286809375 0.26870656875 0.39212142031249997 0.27037675 0.389327040625 0.2692877765625 0.378966140625 0.272083653125 0.3681969296875 0.2699057046875 0.347475134375 0.2602119375 0.3393280546875 0.2466149578125 0.3407571546875
0 0.3020456453125 0.7840619515625 0.298723640625 0.7804828500000001 0.2959461234375 0.782084196875 0.30302445625 0.849430034375 0.3041317921875 0.85062306875 0.3049668828125 0.8492258765624999 0.30088322968750003 0.810372509375 0.3025534109375 0.8075781281250001 0.30200892343749997 0.802397678125 0.2997942546875 0.8000116125 0.3014644375 0.79721723125 0.30064770625000004 0.7894465562499999 0.3023178875 0.7866521750000001 0.3020456453125 0.7840619515625
0 0.2913395046875 0.588774328125 0.2858946328125 0.5369698359374999 0.287564815625 0.5341754562500001 0.2818477015625 0.479780740625 0.2835178828125 0.47698635781250004 0.27616730624999997 0.40705029687499994 0.2778374890625 0.404255915625 0.275115053125 0.37835366875 0.2717930484375 0.37477456875000004 0.2678898375 0.3843507484375 0.273062465625 0.4335650125 0.2713922828125 0.43635939375 0.278470615625 0.50370523125 0.276800434375 0.5064996140625 0.28170081874999997 0.5531236546875 0.2800306359375 0.5559180375 0.2862922375 0.6154932 0.2885069078125 0.61787926875 0.2893236375 0.6256499421874999 0.28765345625 0.628444321875 0.2906481359375 0.6569367921875 0.28897795312499996 0.659731175 0.2911559015625 0.6804529703125 0.2894857203125 0.6832473515624999 0.2917003890625 0.68563341875 0.2925171203125 0.69340409375 0.2908469375 0.696198475 0.29765302656250003 0.7609540859374999 0.2959828453125 0.7637484703124999 0.29652733124999997 0.7689289171875 0.29984933593749996 0.77250801875 0.3026268515625 0.770906671875 0.2979987109375 0.7268728531249999 0.29966889375 0.724078471875 0.29422402187499996 0.6722739828125001 0.2958942046875 0.6694796000000001 0.2904493328125 0.6176751109375 0.292119515625 0.6148807281249999 0.28966932343749996 0.591568709375 0.2913395046875 0.588774328125
0 0.337700675 0.71222465625 0.33937085625 0.709430275 0.3363761765625 0.6809378046875 0.338046359375 0.678143421875 0.3317847578125 0.618568259375 0.3334549390625 0.6157738765625 0.330460259375 0.587281409375 0.3321304421875 0.5844870265625 0.32831903281249997 0.5482238828125 0.3299892140625 0.545429503125 0.3253610734375 0.5013956859375 0.3270312546875 0.49860130312499995 0.322130871875 0.4519772609375 0.323801053125 0.4491828796875 0.321586384375 0.44679681406249994 0.321041896875 0.441616365625 0.3232749265625 0.4348345671875 0.327159778125 0.434426253125 0.33131687187500003 0.43660816249999995 0.3329870546875 0.43381378125000003 0.33687190624999996 0.4334054671875 0.339377178125 0.42921389374999996 0.33665474375 0.40331165 0.33444007343750004 0.40092558125 0.3333511 0.390564684375 0.33502128125 0.3877703015625 0.33447679375 0.3825898546875 0.332262125 0.3802037859375 0.3339323078125 0.3774094046875 0.33338782031249997 0.3722289546875 0.3167778015625 0.35433345 0.31262070625 0.352151540625 0.3067934296875 0.3527640109375 0.3045787609375 0.35037794375 0.298751484375 0.350990415625 0.292633603125 0.358180528125 0.29726174375 0.40221434375 0.29559156249999996 0.40500872499999996 0.299402971875 0.44127186875 0.297732790625 0.4440662515625 0.3034499046875 0.498460965625 0.30177972343750004 0.5012553453125 0.30722459375 0.5530598375 0.3055544125 0.5558542171874999 0.310999284375 0.607658709375 0.30932910156250004 0.610453090625 0.315590703125 0.6700282546875 0.31392052187499997 0.6728226359375 0.31827641875 0.714266228125 0.31660623593750004 0.7170606078125 0.32477354375 0.7947673453124999 0.3231033625 0.7975617265625 0.326914771875 0.8338248687500001 0.3252445890625 0.8366192515625 0.32823926875 0.8651117218750001 0.33323145468750004 0.8658964390625 0.3354461234375 0.8682825078124999 0.3440509171875 0.8660686875 0.34766352500000003 0.8630701500000001 0.34657455000000004 0.85270925 0.3482447328125 0.8499148703125 0.3427998609375 0.798110378125 0.34447004375 0.7953159984375 0.3417476078125 0.7694137515625 0.3434177890625 0.766619371875 0.337700675 0.71222465625
0 0.3668003375 0.7274980281250001 0.362716684375 0.6886446609375 0.364386865625 0.685850278125 0.36057545625 0.649587134375 0.3622456375 0.6467927546875 0.357889740625 0.6053491625 0.3595599234375 0.6025547796875 0.353298321875 0.5429796171875 0.354968503125 0.540185234375 0.34952363124999997 0.48838074374999996 0.3511938140625 0.4855863625 0.34765464687500003 0.4519134453125 0.3493248296875 0.4491190609375 0.34712852031249997 0.43756512968749994 0.3257618390625 0.439810859375 0.323256565625 0.44400243125000005 0.324345540625 0.4543633296875 0.3226753578125 0.4571577109375 0.3273034984375 0.501191528125 0.3256333171875 0.5039859109375 0.3299892140625 0.545429503125 0.32831903281249997 0.5482238828125 0.33185819843750003 0.5818968015625 0.3301880171875 0.584691184375 0.332365965625 0.6054129796875001 0.3306957828125 0.6082073625 0.336957384375 0.667782525 0.335287203125 0.6705769078125 0.3390986125 0.7068400484375 0.33742843125 0.7096344328125 0.342328815625 0.7562584718750001 0.3406586328125 0.7590528546875001 0.3458312609375 0.8082671203125 0.344161078125 0.8110614999999999 0.34878921875 0.8550953187499999 0.3471190375 0.8578897 0.350713284375 0.8640590250000001 0.3729150578125 0.86041610625 0.3723705703125 0.8552356578125 0.3740407515625 0.8524412765625 0.3699570984375 0.8135879078125001 0.37162728125 0.8107935265625 0.3672713828125 0.769349934375 0.368941565625 0.7665555515625 0.36513015625 0.730292409375 0.3668003375 0.7274980281250001
0 0.3863347546875 0.6704492703125 0.3880049375 0.6676548875 0.383104553125 0.621030846875 0.384774734375 0.6182364640625 0.3796021078125 0.5690221984375 0.3812722890625 0.5662278187500001 0.37718863593749996 0.52737445 0.3788588171875 0.52458006875 0.373413946875 0.472775578125 0.375084128125 0.46998119687499995 0.3729061796875 0.44925940156250005 0.36764175 0.44588445625000006 0.3501599203125 0.44772187187499995 0.34765464687500003 0.4519134453125 0.35064932656250003 0.4804059140625 0.34897914375 0.48320029375000006 0.354968503125 0.540185234375 0.353298321875 0.5429796171875 0.3595599234375 0.6025547796875 0.357889740625 0.6053491625 0.3619733953125 0.6442025296875 0.36030321249999997 0.6469969109375 0.364386865625 0.685850278125 0.362716684375 0.6886446609375 0.3668003375 0.7274980281250001 0.36513015625 0.730292409375 0.369486053125 0.7717360015625 0.36781587031249996 0.7745303812500001 0.3718995234375 0.8133837515625 0.3702293421875 0.81617813125 0.3745852390625 0.8576217234374999 0.37984966875000004 0.86099666875 0.3876193703125 0.8601800390625 0.389289553125 0.8573856578125 0.39344664687500003 0.8595675671875 0.3962241640625 0.8579662203125 0.399020040625 0.84719700625 0.395480875 0.8135240874999999 0.39715105624999997 0.8107297078125001 0.391978428125 0.7615154421875 0.39364861093750003 0.758721059375 0.3895649578125 0.71986769375 0.3912351390625 0.717073309375 0.3863347546875 0.6704492703125
0 0.4121187359375 0.4019271609375 0.4257524359375 0.38216233125 0.42936504375 0.3791637921875 0.4332498953125 0.378755478125 0.438532684375 0.3729625578125 0.4424175359375 0.37255424375 0.446592990625 0.365568290625 0.4471558375 0.36158087499999997 0.4510406890625 0.36117255937500004 0.45271087187500003 0.358378178125 0.46603560625 0.35435885312500004 0.471318396875 0.34856593281250003 0.4790880984375 0.3477493046875 0.48075828125 0.3449549234375 0.4865855578125 0.3443424515625 0.4882557390625 0.3415480703125 0.49408301562499995 0.3409355984375 0.4957531984375 0.3381412171875 0.5035229 0.3373245875 0.5051930828125 0.33453020625 0.5187900609375 0.33310110625 0.52046024375 0.33030672499999997 0.5262875203124999 0.329694253125 0.5279577015625 0.32689987187499997 0.5337849796875 0.3262874 0.5354551609375 0.32349301874999997 0.5432248640624999 0.3226763890625 0.5448950453125 0.3198820078125 0.5546071734375 0.318861221875 0.5562773546875001 0.316066840625 0.5734869421875 0.31163920156249997 0.5751571234374999 0.3088448203125 0.5809844 0.30823234843749997 0.5826545828125 0.3054379671875 0.607633871875 0.3001937 0.609304053125 0.2973993171875 0.6151313296875001 0.296786846875 0.6204141203125 0.2909939265625 0.628183821875 0.290177296875 0.6298540046875 0.28738291562499996 0.645393409375 0.2857496578125 0.647063590625 0.28295527656249997 0.6509484421875 0.2825469625 0.6581736578124999 0.276549884375 0.6698282109375 0.27532494218750003 0.675111 0.269532021875 0.6789958515625 0.2691237078125 0.6806660328125 0.266329325 0.684550884375 0.2659210109375 0.6917761 0.2599239328125 0.701488228125 0.2589031484375 0.7031584093750001 0.25610876562499996 0.7148129625 0.2548838234375 0.7164831453125 0.2520894421875 0.7223104218749999 0.2514769703125 0.723980603125 0.24868258906250001 0.7373053390625001 0.2446632640625 0.7462007359375 0.2358718046875 0.7520280125000001 0.23525933281250003 0.757310803125 0.22946641250000002 0.7611956546875 0.2290580984375 0.7628658359375 0.2262637171875 0.7706355390625 0.2254470875 0.7759183281250001 0.2196541671875 0.7798031796875 0.21924585312499997 0.7823084515625001 0.2150542796875 0.7820362078125 0.2124640546875 0.7787142046875 0.2088849546875 0.7631748 0.21051821249999997 0.76150461875 0.21331259375 0.7459652140624999 0.2149458515625 0.74429503125 0.2177402328125 0.7248707750000001 0.21978180468750003 0.72320059375 0.2225761859375 0.713488465625 0.223596971875 0.7118182843749999 0.226391353125 0.70210615625 0.2274121390625 0.7004359734375 0.23020652031250002 0.6848965687499999 0.23183977812499998 0.6832263875 0.234634159375 0.66213195 0.2394701125 0.6604617671875 0.2422644953125 0.6526920656249999 0.24308112343750002 0.6510218828125 0.2458755046875 0.64325218125 0.246692134375 0.6415819984375 0.249486515625 0.6243724125 0.2539141546875 0.6227022296875 0.2567085359375 0.616874953125 0.2573210078125 0.615204771875 0.2601153890625 0.60743506875 0.2609320171875 0.6057648875 0.2637264 0.5999376109375001 0.2643388703125 0.598267428125 0.267133253125 0.5924401515625 0.26774572343749997 0.5907699703125 0.27054010625 0.58494269375 0.27115257656249997 0.5832725109375 0.273946959375 0.5774452343750001 0.27455942968749997 0.5757750515625 0.2773538125 0.56800535 0.27817044062499996 0.5663351671875 0.280964821875 0.5605078906250001 0.28157729374999996 0.558837709375 0.284371675 0.55106800625 0.285188303125 0.549397825 0.2879826859375 0.5321882375 0.29241032499999997 0.53051805625 0.29520470625 0.5246907796875 0.29581717812499997 0.523020596875 0.298611559375 0.5171933203125 0.29922403124999997 0.5155231390624999 0.3020184125 0.5096958625 0.30263088437499996 0.5080256796875 0.305425265625 0.500255978125 0.30624189375 0.49858579531249997 0.309036275 0.49081609375 0.3098529046875 0.4891459109375 0.3126472859375 0.48137620937500003 0.3134639140625 0.47970602656250005 0.31625829687499996 0.462496440625 0.32068593437500004 0.46082625781250003 0.3234803171875 0.45499898125 0.32409278750000003 0.4533288 0.3268871703125 0.445559096875 0.3277037984375 0.443888915625 0.3304981796875 0.422794478125 0.3353341328125 0.42112429531249995 0.338128515625 0.41723944375000005 0.3385368296875 0.414734171875 0.3427284015625 0.415278659375 0.3479088515625 0.40916077812499996 0.3550989625 0.401391075 0.355915590625 0.39972089375 0.35870997187500003 0.3938936171875 0.35932244375 0.392223434375 0.36211682500000003 0.38639615781250003 0.362729296875 0.3847259765625 0.36552367812500003 0.37889870000000003 0.36613615 0.3772285171875 0.36893053125 0.369458815625 0.3697471609375 0.3677886328125 0.3725415421875 0.36196135625000003 0.3731540140625 0.360291175 0.3759483953125 0.3469664390625 0.3799677203125 0.3391783765625 0.38995221406249997 0.33999510625 0.3977228875 0.34220977656249996 0.400108953125 0.3427542625 0.40528940156250004 0.3551888265625 0.4301708625 0.36294016875 0.43852209843749995 0.363775259375 0.4371249078125 0.370165384375 0.4325250203125 0.3732335046875 0.4243460328125 0.3840713265625 0.415350415625 0.387956178125 0.4149421015625 0.3896263609375 0.4121477203125 0.39739606250000004 0.41133109062499995 0.4082338859375 0.402335475 0.4121187359375 0.4019271609375
0 0.3988060390625 0.6769950015624999 0.400476221875 0.6742006171875 0.3966648109375 0.637937475 0.39833499375 0.6351430953125 0.393162365625 0.5859288296875 0.39483254687499997 0.5831344453125 0.3902044078125 0.53910063125 0.3918745890625 0.5363062484375 0.389152153125 0.5104040046875 0.39389045624999997 0.4994306328125 0.388990071875 0.45280659375 0.3820554609375 0.45222602968750003 0.379840790625 0.4498399625 0.3731784234375 0.45184962500000003 0.37535637187500004 0.47257142031250005 0.373686190625 0.475365803125 0.3788588171875 0.52458006875 0.37718863593749996 0.52737445 0.3810000453125 0.5636375921875 0.3793298640625 0.5664319765625 0.3845024921875 0.6156462421875 0.382832309375 0.618440621875 0.38773269374999997 0.6650646640625 0.3860625109375 0.6678590437499999 0.3909628953125 0.7144830859375 0.3892927140625 0.7172774671875 0.39392085468750004 0.7613112859375 0.39225067187499996 0.764105665625 0.3974233 0.81331993125 0.39575311874999997 0.8161143140625 0.400109015625 0.85755790625 0.40343101875 0.8611370062500001 0.4100933859375 0.85912734375 0.41149132499999996 0.8537427375 0.407407671875 0.8148893718749999 0.409077853125 0.8120949875000001 0.40390522500000003 0.762880721875 0.4055754078125 0.7600863421875 0.4017639984375 0.7238232 0.4034341796875 0.721028815625 0.3988060390625 0.6769950015624999
0 0.4256543125 0.708218034375 0.420481684375 0.65900376875 0.4221518671875 0.656209384375 0.4172514828125 0.60958534375 0.41892166406250003 0.6067909625000001 0.41238781874999997 0.5446255734375 0.4140580015625 0.54183119375 0.41051883437500003 0.508158275 0.40719683125 0.5045791734375 0.3916574265625 0.50621243125 0.389152153125 0.5104040046875 0.3918745890625 0.5363062484375 0.3902044078125 0.53910063125 0.3942880609375 0.5779539984375 0.392617878125 0.5807483796875 0.39697377500000003 0.622191971875 0.39530359375 0.6249863515625 0.399659490625 0.6664299437500001 0.397989309375 0.669224328125 0.4028896921875 0.7158483671875 0.40121951093749997 0.71864275 0.40611989531250003 0.7652667906249999 0.40444971250000006 0.7680611734375 0.409350096875 0.8146852140625 0.407679915625 0.8174795937500001 0.4120358125 0.8589231859374999 0.415357815625 0.8625022875000001 0.43367473749999996 0.8592676828125001 0.43313024999999994 0.8540872343749999 0.43480043124999995 0.8512928515624999 0.4301722921875 0.8072590359375 0.43184247343750004 0.8044646546875001 0.42639760156250006 0.7526601625 0.42806778437500004 0.7498657828125 0.42398412968750004 0.7110124140625 0.4256543125 0.708218034375
0 0.445858578125 0.7322828625 0.4475287609375 0.72948848125 0.4420838890625 0.6776839921875 0.4437540703125 0.674889609375 0.43776471250000004 0.617904671875 0.4394348953125 0.615110290625 0.4329010484375 0.5529449015625 0.43457123124999997 0.55015051875 0.4323565625 0.547764453125 0.43402674374999994 0.5449700703125 0.42994309062499997 0.506116703125 0.42467866093750006 0.502741759375 0.4130241078125 0.5039667015625 0.41051883437500003 0.508158275 0.4143302453125 0.5444214171875 0.4126600625 0.5472157984375 0.41892166406250003 0.6067909625000001 0.4172514828125 0.60958534375 0.4221518671875 0.656209384375 0.420481684375 0.65900376875 0.42538206875 0.7056278078125 0.4237118875 0.708422190625 0.42806778437500004 0.7498657828125 0.42639760156250006 0.7526601625 0.43211471718750005 0.8070548796875 0.430444534375 0.8098492593750001 0.4356171625 0.859063525 0.436724496875 0.860256559375 0.45309899218750005 0.8572261109375001 0.454769175 0.8544317296875 0.4525912265625 0.8337099328124999 0.4542614078125 0.8309155531249999 0.4520467390625 0.828529484375 0.453716921875 0.825735103125 0.44936102499999997 0.7842915109375 0.45103120625 0.7814971296875 0.445858578125 0.7322828625
0 0.46597420312500004 0.6620788265625001 0.4676443859375 0.6592844437500001 0.46192727031249997 0.6048897296875 0.46359745312499995 0.602095346875 0.45924155625 0.5606517546875 0.46091173750000003 0.557857375 0.4535611609375 0.48792131406249994 0.45523134374999996 0.48512692968750004 0.45114769062500004 0.44627356406249996 0.45281787187500006 0.44347918125 0.44955095 0.41239648906250004 0.45122113124999996 0.4096021046875 0.4493154265625 0.39147053593750003 0.442380815625 0.39088997187499996 0.4401661453125 0.38850390468749996 0.42462674062500005 0.39013716249999997 0.42212146875 0.3943287359375 0.42729409687500003 0.44354300156250004 0.42562391406250005 0.44633738125000005 0.431341028125 0.5007320953125001 0.429670846875 0.5035264781250001 0.4367491796875 0.5708723140624999 0.4350789984375 0.5736666984375 0.44106835625 0.6306516375 0.4393981734375 0.6334460171875 0.44484304531249996 0.685250509375 0.4431728640625 0.6880448890624999 0.449434465625 0.7476200546875 0.4477642828125 0.750414434375 0.4521201796875 0.7918580265624999 0.4504499984375 0.7946524078125 0.45671160000000005 0.854227571875 0.45504141875000004 0.8570219531250001 0.45725608749999996 0.859408021875 0.45861730625 0.8723591453124999 0.46193930937500005 0.8759382453125 0.4783138046875 0.872907796875 0.4819264125 0.8699092593750001 0.48083743749999996 0.859548359375 0.48250762031249994 0.8567539796875 0.4743403125 0.77904724375 0.47601049531250006 0.7762528609375 0.4700211375 0.7192679234375 0.47169131875000003 0.7164735421875 0.46597420312500004 0.6620788265625001
0 0.48897434687499997 0.6753744453125 0.490644528125 0.6725800640624999 0.4843829265625 0.6130049 0.48605310937499996 0.61021051875 0.484419646875 0.5946691703125 0.48220497812499996 0.5922831046875 0.483875159375 0.589488721875 0.476796828125 0.5221428859375 0.478467009375 0.5193485015625 0.4730221375 0.46754401406249996 0.4746923203125 0.46474963125 0.4730588578125 0.44920828281249997 0.46973685468750004 0.44562918281249997 0.45419745 0.447262440625 0.45445133281250005 0.45902052812500005 0.45278115156250004 0.46181491093749993 0.4579537796875 0.5110291765625 0.456283596875 0.5138235578125 0.46227295625 0.5708084984374999 0.4606027734375 0.5736028796875 0.46414194062499997 0.6072757984375 0.4624717578125 0.610070178125 0.4681888734375 0.6644648921874999 0.46651869062499995 0.6672592749999999 0.47223580624999995 0.7216539890625 0.47056562343749997 0.724448371875 0.47682722499999997 0.7840235343749999 0.47515704375 0.7868179171875 0.48196313281250003 0.8515735281250001 0.4852851359375 0.85515263125 0.49583235468750003 0.852734653125 0.5005522984375 0.8509291484375 0.5008429015625 0.8443515078124999 0.5025130843750001 0.8415571281249999 0.4946180203125 0.766440615625 0.49628820156250003 0.7636462359375 0.49274903593749997 0.7299733171875 0.4944192171875 0.727178934375 0.48897434687499997 0.6753744453125
0 0.5003933765624999 0.65322355 0.502063559375 0.6504291671875 0.4966186875 0.5986246765625001 0.4982888703125 0.5958302953125 0.49257175468750003 0.54143558125 0.4942419375 0.5386411984375 0.4866191171875 0.46611491406249994 0.4882892984375 0.46332053125000006 0.48692808125000003 0.45036940937500003 0.48333383437500005 0.4442000828125 0.47362170625 0.44522086875 0.47111643281250004 0.449412440625 0.47333110156249997 0.451798509375 0.4746923203125 0.46474963125 0.4730221375 0.46754401406249996 0.47737803437500004 0.5089876062500001 0.475707853125 0.5117819859375 0.483875159375 0.589488721875 0.48220497812499996 0.5922831046875 0.484691890625 0.5972593953125 0.48550862187500005 0.60503006875 0.4838384390625 0.6078244500000001 0.4895555546875 0.6622191640625 0.48788537187500003 0.6650135453125 0.49333024375 0.7168180375000001 0.49166006093750003 0.7196124171875 0.49628820156250003 0.7636462359375 0.4946180203125 0.766440615625 0.5022408406250001 0.838966903125 0.5005706578125 0.8417612859375 0.5024947234375 0.8507249921875 0.5130419421875 0.8483070140625 0.514712125 0.8455126343750001 0.5117174453125 0.8170201640625001 0.5133876265625 0.81422578125 0.5093039734375 0.7753724156249999 0.5109741546875 0.7725780328125 0.504440309375 0.71041264375 0.5061104921874999 0.7076182640625001 0.5003933765624999 0.65322355
0 0.48937827343749996 0.473681428125 0.496312884375 0.47426199062499996 0.498527553125 0.47664805781249997 0.5013050703124999 0.47504670937500004 0.49803814687500003 0.4439640171875 0.4997083296875 0.4411696359375 0.4972581375 0.4178576140625 0.49226595156249997 0.41707289531249997 0.4900512828125 0.41468682812499996 0.48616643125000003 0.4150951421875 0.4817187328125 0.4194908703125 0.48937827343749996 0.473681428125
0 0.5381529140625 0.63877950625 0.539823096875 0.635985125 0.5330170078124999 0.5712295140625 0.5346871890625 0.56843513125 0.5284255875 0.5088599687500001 0.5300957687500001 0.5060655859375001 0.5230174359374999 0.43871975 0.524415375 0.43333514375000004 0.5210933718749999 0.42975604218749996 0.5172085203125001 0.43016435625 0.5149938515625 0.4277782890625 0.499454446875 0.42941154531250003 0.4999805734375 0.44375985937499995 0.49831039062500004 0.446554240625 0.5045719937500001 0.5061294046875 0.5029018109375001 0.5089237859375 0.5097079 0.5736794 0.50803771875 0.5764737796875 0.5132103453125 0.6256880453125 0.5115401640624999 0.628482428125 0.518074009375 0.6906478171875 0.516403828125 0.6934421984375 0.5221209421874999 0.7478369125000001 0.5204507609375 0.7506312937499999 0.52698460625 0.81279668125 0.5253144234375 0.8155910640625 0.528036859375 0.8414933078125 0.5313588640625 0.845072409375 0.5516182109375001 0.8416336484375 0.5532883921875 0.838839265625 0.5486602515625 0.7948054499999999 0.550330434375 0.79201106875 0.5457022921875 0.74797725 0.547372475 0.7451828703125 0.541927603125 0.693378378125 0.5435977859375 0.6905839984375 0.5381529140625 0.63877950625
0 0.56511135 0.6149953531250001 0.5645668625 0.60981490625 0.56207995 0.6048386140625001 0.5637501312500001 0.6020442328125 0.5574885296875001 0.54246906875 0.5591587109375 0.5396746875 0.5509914046875 0.46196795 0.5526615859375 0.4591735703125 0.5483056890625 0.417729978125 0.5449836859375 0.4141508765625 0.5236170046875 0.4163966046875 0.5227819140625 0.417793796875 0.5271378109375 0.4592373890625 0.525467628125 0.4620317703125 0.5320014734375 0.5241971578125 0.5303312921875001 0.5269915390625 0.53604840625 0.581386253125 0.534378225 0.5841806359375 0.5409120703125 0.6463460249999999 0.5392418890624999 0.64914040625 0.544686759375 0.7009448953125 0.543016578125 0.703739278125 0.5506393968750001 0.7762655625 0.548969215625 0.7790599453125 0.55414184375 0.8282742109375001 0.5524716609375 0.8310685921875001 0.5530161484375 0.8362490421875 0.5566103953125 0.8424183671875 0.5807545937499999 0.8385712906249999 0.5777599140625 0.8100788218750001 0.579430096875 0.8072844375000001 0.5728962515625 0.74511905 0.5745664328125 0.7423246703124999 0.5677603437500001 0.6775690562500001 0.569430525 0.6747746734375 0.5634411671875 0.6177897359375 0.56511135 0.6149953531250001
0 0.5782005625 0.590050075 0.5716667156249999 0.5278846875000001 0.5733368984375 0.5250903078125 0.5670752968749999 0.4655151421875 0.568745478125 0.46272076249999994 0.56357285 0.413506496875 0.5652430328125 0.4107121125 0.563065084375 0.3899903171875 0.5597430796875 0.3864112171875 0.550030953125 0.387432003125 0.5475256796875 0.3916235734375 0.548886896875 0.404574696875 0.5472167156250001 0.407369078125 0.555111778125 0.4824855890625 0.553441596875 0.485279971875 0.5605199296875 0.5526258078125 0.558849746875 0.555420190625 0.5667448109375 0.6305367015625001 0.565074628125 0.6333310812499999 0.57133623125 0.692906246875 0.5696660484375 0.6957006265625 0.57728886875 0.768226915625 0.5756186875 0.771021296875 0.5813358015625 0.8254160109375 0.57966561875 0.828210390625 0.58048235 0.835981065625 0.5838043546875 0.8395601671874999 0.5962939984375 0.836938034375 0.5927548328125 0.8032651156249999 0.5944250140625 0.8004707312500001 0.5884356562499999 0.7434857921875 0.5901058375 0.7406914125 0.5832997484375 0.6759357984375 0.5849699296875001 0.6731414171875 0.5765303796875 0.5928444578125001 0.5782005625 0.590050075
0 0.6020174359375 0.6111163671875001 0.6036876171875 0.6083219859375 0.597698259375 0.5513370484375 0.5993684406249999 0.5485426640625 0.59555703125 0.512279521875 0.5972272125 0.5094851421875 0.5917823421875 0.45768065 0.5934525234375 0.45488627031249995 0.59236355 0.4445253703125 0.5868268765625 0.43856020312500005 0.5665675296875 0.441998965625 0.568745478125 0.46272076249999994 0.5670752968749999 0.4655151421875 0.5725201671875 0.517319634375 0.5708499859375 0.520114015625 0.5776560749999999 0.5848696265625 0.5759858921875 0.587664009375 0.5852421734375 0.675731640625 0.5835719921875 0.678526025 0.5901058375 0.7406914125 0.5884356562499999 0.7434857921875 0.592791553125 0.784929384375 0.5911213703125 0.78772376875 0.5957495109375001 0.8317575843749999 0.5968568453125 0.8329506171875 0.6171161921875 0.8295118562500001 0.61851413125 0.8241272484375 0.614702721875 0.78786410625 0.616372903125 0.7850697249999999 0.6106557890625 0.7306750109375 0.6123259703125 0.7278806265625 0.6068810984375 0.6760761390625001 0.60855128125 0.6732817546875001 0.6020174359375 0.6111163671875001
0 0.6388868000000001 0.625573109375 0.6405569828125001 0.6227787296875 0.63347865 0.5554328921875 0.6351488328125 0.5526385109375 0.6280705 0.4852926734375 0.62974068125 0.482498290625 0.6229345921875 0.41774267812500004 0.6176701625 0.414367734375 0.59436105625 0.4168176203125 0.5904578453125 0.42639379999999993 0.5972639328125 0.4911494109375 0.5955937515625 0.4939437953125 0.6013108671875 0.5483385078125 0.599640684375 0.551132890625 0.6050855562499999 0.6029373796875 0.6034153734375 0.6057317624999999 0.6113104375 0.6808482734375 0.6096402546874999 0.6836426546875 0.6161741015625 0.74580804375 0.61450391875 0.7486024234374999 0.6207655203125 0.8081775890625 0.6190953390625 0.81097196875 0.6212732875 0.8316937640625 0.6268099609375 0.837658934375 0.6365220875000001 0.8366381484375 0.6387367578125 0.8390242156250001 0.6512264015625 0.8364020812499999 0.6548390093750001 0.8334035421875001 0.6526610609375 0.8126817453124999 0.6543312421875 0.809887365625 0.6480696406249999 0.7503122 0.6497398234375 0.7475178203125 0.641844759375 0.672401309375 0.643514940625 0.6696069265625 0.6388868000000001 0.625573109375
0 0.6656097125 0.5808630031249999 0.6672798953125 0.5780686234375 0.6593848312499999 0.5029521124999999 0.6610550140625 0.5001577296875 0.654248925 0.4354021171875 0.65591910625 0.43260773593749996 0.65483013125 0.4222468375 0.6515081281249999 0.4186677375 0.6262565953125 0.4213217796875 0.6262382359374999 0.4304896453125 0.624568053125 0.433284025 0.6313741421875 0.4980396390625 0.6297039609375 0.50083401875 0.63678229375 0.5681798578125 0.6351121109375 0.5709742375 0.6424626875 0.6409103 0.6407925062500001 0.6437046828125 0.6465096203125 0.6980993984375 0.6448394390625001 0.7008937796875 0.651917771875 0.7682396171875 0.6502475890625 0.771033996875 0.6527345015625 0.776010290625 0.6510643203125001 0.7788046703125 0.656781434375 0.8331993843750001 0.6601034390625 0.8367784859375 0.6842476359375 0.832931409375 0.685645575 0.8275468046875 0.6802007031249999 0.7757423125 0.6818708859375 0.7729479328125 0.6761537703125 0.71855321875 0.677823953125 0.7157588359375 0.6696566453125 0.6380521 0.671326828125 0.6352577203124999 0.6656097125 0.5808630031249999
0 0.675704246875 0.5274252578125 0.677374428125 0.5246308749999999 0.6727462875 0.48059705937499997 0.6674818578124999 0.4772221140625 0.658877065625 0.4794359328125 0.6621439875 0.5105186296875 0.66047380625 0.513313009375 0.6667354078125001 0.572888175 0.665065225 0.5756825546875 0.6732325328125001 0.6533892906250001 0.6715623515625 0.6561836734375001 0.6797296578124999 0.73389040625 0.6780594765625 0.7366847890625 0.684593321875 0.798850178125 0.6829231390625 0.8016445593749999 0.6845566 0.8171859046875 0.6867712703125 0.8195719734375 0.6851010875 0.8223663562500001 0.6873157562500001 0.824752421875 0.68786024375 0.8299328703125 0.688967578125 0.8311259046874999 0.699514796875 0.8287079281249999 0.7011849796875 0.825913546875 0.694651134375 0.763748159375 0.696321315625 0.7609537765625001 0.6886984968750001 0.688427490625 0.690368678125 0.6856331078125 0.6816568843749999 0.6027459234375 0.683327065625 0.5999515421875 0.675704246875 0.5274252578125
0 0.690735884375 0.502275821875 0.688521215625 0.49988975468749997 0.687704484375 0.49211908125 0.6891024234375001 0.486734475 0.6857804187500001 0.48315537343750004 0.674125865625 0.48438031718749996 0.676557696875 0.5168602015625 0.6748875156249999 0.5196545828125 0.682782578125 0.59477109375 0.6811123968749999 0.5975654765625 0.6922743828125 0.7037646796875 0.6906042015625 0.7065590609375 0.6928188703125 0.7089451296875 0.6936356015625 0.7167158031249999 0.69196541875 0.719510184375 0.6976825343749999 0.7739048984375 0.6960123515625 0.77669928125 0.6998237625 0.812962425 0.70203843125 0.815348490625 0.70258291875 0.8205289406249999 0.7011849796875 0.825913546875 0.706449409375 0.829288490625 0.716996628125 0.8268705125 0.7186668093749999 0.8240761328125 0.7134941828125 0.7748618671874999 0.7151643640625001 0.7720674843750001 0.7053635953125 0.678819403125 0.707033778125 0.6760250203125 0.6961440343749999 0.5724160406250001 0.6978142171874999 0.569621659375 0.690735884375 0.502275821875
0 0.7100715 0.40596538281249994 0.7089641656250001 0.4047723484375 0.67788535625 0.40803886250000004 0.6762151734375 0.4108332453125 0.6590055875 0.41526088437500003 0.6545578890625 0.41965661406250004 0.6580970546875 0.4533295328125 0.6564268734375001 0.4561239125 0.658332578125 0.4742554859375 0.66165458125 0.47783458593750006 0.669424284375 0.4770179578125 0.6780107171875 0.483972003125 0.6888301796875 0.4841442515625 0.6983587046874999 0.574802109375 0.696688521875 0.5775964890624999 0.7056725593750001 0.6630738984375 0.704002378125 0.6658682812500001 0.7157088515625001 0.777247934375 0.71403866875 0.7800423140625 0.718939053125 0.82666635625 0.7200463874999999 0.827859390625 0.7452979203125001 0.825205346875 0.7461330109375 0.8238081562499999 0.74753095 0.81842355 0.738002425 0.7277656921875 0.7396726078125 0.7249713125 0.727149403125 0.605820984375 0.7288195843749999 0.6030266015625 0.7149351625 0.4709251515625 0.7166053453125001 0.468130771875 0.7100715 0.40596538281249994
0 0.7766002140625 0.5718162703125 0.778270396875 0.5690218890625001 0.76248026875 0.4187888671875 0.7641504515624999 0.4159944875 0.7614280156250001 0.390092240625 0.7539489171875 0.3843312296875 0.726754959375 0.3871894296875 0.7242496859374999 0.391381003125 0.7247941734375 0.396561453125 0.7231239921875 0.399355834375 0.7361916828124999 0.5236866109375 0.7345214999999999 0.526480990625 0.7435055390625 0.6119584 0.74183535625 0.61475278125 0.7440500250000001 0.6171388484375 0.74541124375 0.6300899703125 0.7437410609375 0.6328843546875 0.7527250984375 0.7183617609375 0.7510549171875 0.7211561421875 0.761127928125 0.8169944499999999 0.759457746875 0.8197888328125 0.7605467203125 0.8301497296875 0.7663556375 0.8387051234375 0.7702404890625 0.8382968078124999 0.7724551578125001 0.8406828765625001 0.79659935625 0.8368358 0.8002119625 0.833837259375 0.7901389515624999 0.737998953125 0.7918091328125 0.735204571875 0.7890499765625 0.72763805625 0.790720159375 0.724843675 0.782280609375 0.644546715625 0.783950790625 0.6417523328125 0.7766002140625 0.5718162703125
0 0.7945746125 0.46255470781249997 0.79624479375 0.45976032812499995 0.78780524375 0.37946336718749996 0.7866979093750001 0.378270334375 0.7575615250000001 0.38133269062499997 0.756726434375 0.38272988125 0.761155771875 0.3875020171875 0.7706842968750001 0.47815987499999996 0.769014115625 0.48095425468749997 0.7796316140624999 0.5819730125 0.7779614328125 0.5847673921875 0.78803444375 0.6806057 0.7863642625 0.6834000828125 0.78857893125 0.68578615 0.78912341875 0.6909665984375 0.7874532359375 0.6937609796875 0.7958927874999999 0.774057940625 0.7942226046875 0.7768523203125001 0.7953115796875 0.7872132203125 0.7975262484375001 0.7895992875 0.798887465625 0.802550409375 0.7972172843750001 0.805344790625 0.7988507453125 0.8208861375 0.8021727500000001 0.8244652390624999 0.824374521875 0.8208223203125 0.8260447031249999 0.8180279374999999 0.8225055375 0.7843550203125 0.82417571875 0.7815606359375 0.8130137328125 0.6753614328124999 0.814683915625 0.6725670499999999 0.8024329546875 0.5560069484375 0.8041031359374999 0.553212565625 0.7945746125 0.46255470781249997
0 0.849507015625 0.4620187578125 0.851177196875 0.45922437499999996 0.8397429671875001 0.350434946875 0.8269810796874999 0.35046685625 0.824766409375 0.3480807890625 0.799514878125 0.35073483125 0.7978446953125 0.35352921249999997 0.7881325671875 0.3545499984375 0.7856272953125 0.3587415703125 0.7883497312500001 0.3846438171875 0.7905644 0.3870298828125 0.7888942171875 0.389824265625 0.7995117171875 0.49084302031249993 0.797841534375 0.493637403125 0.808186790625 0.592065934375 0.8065166078124999 0.594860315625 0.8204010296875 0.726961765625 0.8187308484375 0.7297561484374999 0.8274426421875001 0.8126433328125 0.8307646453125 0.8162224328125 0.8346494968749999 0.81581411875 0.836864165625 0.8182001859374999 0.875712678125 0.8141170421874999 0.8765477687500001 0.8127198515625 0.8796158890625 0.8045408625 0.8777101843749999 0.78640929375 0.8793803656250001 0.783614909375 0.8703963281249999 0.698137503125 0.8720665109375 0.6953431203125 0.85954330625 0.5761927921875001 0.8612134890625001 0.5733984125 0.849507015625 0.4620187578125
0 0.87414061875 0.49085572187500004 0.8758108015625 0.4880613421875 0.8649210593750001 0.3844523625 0.8665912406249999 0.38165797968750004 0.8578794468750001 0.2987707953125 0.8567721125000001 0.2975777609375 0.847059984375 0.298598546875 0.8448269546875 0.30538034375 0.8494550953125 0.3494141609375 0.8477849125000001 0.3522085421875 0.8521408109375 0.393652134375 0.850470628125 0.396446515625 0.8526485765625 0.41716831093750006 0.8509783953125 0.41996269531249997 0.85370083125 0.4458649390625 0.8520306484375 0.448659321875 0.85965346875 0.52118560625 0.8579832859375 0.5239799890625 0.860977965625 0.552472459375 0.8593077828125001 0.5552668390625 0.8691085515625 0.6485149234375001 0.8674383703125 0.651309303125 0.8788726 0.760098734375 0.8772024171874999 0.7628931140625 0.8812860718750001 0.8017464828125 0.883500740625 0.8041325484374999 0.8840452265625001 0.8093129984375 0.887639475 0.8154823234374999 0.891524325 0.8150740093750001 0.8937389953125001 0.8174600765625 0.9004013625 0.8154504140625001 0.9017993015625001 0.8100658078125 0.8933597499999999 0.7297688499999999 0.8950299328125 0.7269744671875 0.8855014078125001 0.636316609375 0.887171590625 0.633522228125 0.8765540906249999 0.5325034718749999 0.8782242734375 0.529709090625 0.87414061875 0.49085572187500004
0 0.8819837625 0.45336763593749996 0.8708217765624999 0.3471684328125 0.8724919578125 0.34437405 0.8678638187500001 0.300340234375 0.8667564828125001 0.2991472 0.858151690625 0.3013610203125 0.8641410484375 0.3583459578125 0.8624708671875 0.361140340625 0.86737125 0.40776438125 0.86570106875 0.4105587640625 0.86818798125 0.41553505468749996 0.8690047125 0.42330572968749997 0.8673345296875 0.4261001109375 0.8700936859375 0.43366662656250005 0.8684235046875 0.43646100781249997 0.87577408125 0.5063970703125 0.8741038984375 0.5091914531249999 0.8828156921874999 0.5920786359375 0.8811455109375 0.5948730171875 0.8936687140625 0.7140233453125 0.8919985328125 0.7168177265625 0.9023437875000001 0.81524625625 0.9034511234375 0.8164392906250001 0.912055915625 0.8142254718749999 0.904160853125 0.7391089609375 0.905831034375 0.7363145796875 0.8954857796875 0.6378860484375 0.8971559609374999 0.635091665625 0.88626621875 0.5314826859374999 0.8879364000000001 0.5286883062500001 0.88031358125 0.4561620171875 0.8819837625 0.45336763593749996
0 0.9106794984375 0.6703340250000001 0.9006064874999999 0.5744957187499999 0.9022766687500001 0.5717013343749999 0.8930203875 0.48363370312500004 0.8946905703124999 0.4808393203125 0.8870677499999999 0.40831303593749996 0.88873793125 0.40551865156250005 0.8800261375 0.3226314671875 0.8816963203125001 0.3198370875 0.8795183718749999 0.2991152921875 0.8761963671874999 0.2955361890625 0.8703690906249999 0.29614866093750003 0.8661936359375 0.30313461406250003 0.877627865625 0.41192404375 0.8759576843750001 0.41471842499999995 0.883580503125 0.4872447140625 0.881910321875 0.49003909375 0.8925278203125 0.5910578515625 0.8908576390625 0.59385223125 0.9022918687500001 0.7026416609374999 0.9006216859375 0.7054360421875 0.9117836718750001 0.8116352484375 0.9128910078124999 0.8128282812500001 0.9137260984375001 0.811431090625 0.9153962796874999 0.8086367078125001 0.9131816109375 0.806250640625 0.9120926375 0.79588974375 0.9195900953124999 0.7924828890625 0.9157786859374999 0.7562197484375 0.9174488671875001 0.753425365625 0.9090093171875001 0.67312840625 0.9106794984375 0.6703340250000001
0 0.9229887015625 0.61928234375 0.9246588828125001 0.6164879609375 0.9124079234375 0.49992785937499995 0.9140781046875001 0.49713347812500003 0.9007381703125 0.3702124765625 0.9024083515625 0.3674180953125 0.8947855328125 0.29489180937500004 0.891463528125 0.2913127078125 0.8798089750000001 0.2925376515625 0.8773037031250001 0.296729225 0.8795183718749999 0.2991152921875 0.8803351015624999 0.3068859640625 0.8786649203125 0.3096803453125 0.886015496875 0.3796164078125 0.8843453140624999 0.382410790625 0.890879159375 0.444576178125 0.889208978125 0.4473705578125 0.8990097468749999 0.5406186421875 0.8973395640625 0.543413021875 0.90822930625 0.647022003125 0.906559125 0.6498163859375 0.91690438125 0.7482449171875001 0.9152341984374999 0.7510392968749999 0.92176804375 0.8132046859375001 0.9228753781249999 0.8143977203125001 0.9392498734375 0.8113672703124999 0.93843314375 0.8035965968750001 0.9401033249999999 0.8008022171875 0.93788865625 0.7984161484375 0.9373441687499999 0.7932357015625 0.9390143515625 0.7904413171875 0.9319360187499999 0.72309548125 0.9336062 0.7203010984375 0.9229887015625 0.61928234375
0 0.9249526484375 0.46980213125 0.9266228312499999 0.46700775156249996 0.91736655 0.37894011875 0.91903673125 0.3761457375 0.9114139109374999 0.3036194484375 0.9103065765625 0.302426415625 0.89587450625 0.30525270625 0.9026805953125001 0.37000831875 0.9010104140624999 0.3728027015625 0.91298913125 0.4867725796875 0.9113189484375 0.4895669625 0.923297665625 0.6035368390625 0.921627484375 0.606331221875 0.93387844375 0.7228913234375 0.9322082625 0.72568570625 0.9411923 0.8111631140625001 0.9481269109375001 0.8117436765624999 0.9503415796875 0.81412974375 0.951176671875 0.8127325546874999 0.954789278125 0.8097340140625 0.9498888953125 0.763109971875 0.9515590765624999 0.760315590625 0.9428472828125001 0.67742840625 0.9445174640625 0.6746340265625 0.9325387468749999 0.560664146875 0.9342089296875 0.5578697671875 0.9249526484375 0.46980213125