0 0.5801994484375 0.3091158234375 0.5853689609375 0.30848108750000003 0.5896031328125 0.3109128859375 0.5938876015625 0.3458070859375 0.6009445546875 0.3498600828125 0.6423006453125 0.34478219375 0.644647375 0.342526259375 0.6472321296875 0.342208890625 0.6530989546875 0.3365690546875 0.652860928125 0.3346304875 0.6575543875000001 0.3301186171875 0.6573163609375 0.3281800515625 0.6702233734374999 0.315772409375 0.6777396140625 0.3128817390625 0.684779803125 0.306113934375 0.687364559375 0.305796565625 0.7002715703125 0.293388925 0.7000335453125001 0.2914503578125 0.7070737328125001 0.2846825546875 0.7068357078124999 0.2827439875 0.7115291671875 0.2782321171875 0.711291140625 0.2762935515625 0.7136378703124999 0.274037615625 0.708639321875 0.233327715625 0.7058165421875 0.2317065171875 0.7041671234375 0.2289573515625 0.5826836109375 0.24387365 0.579860828125 0.24225245156250003 0.5775140999999999 0.24450838749999998 0.3759031640625 0.269263096875 0.37308038125 0.2676418984375 0.36532611406250004 0.268594003125 0.362979384375 0.2708499375 0.3112842734375 0.2771973 0.308461490625 0.2755761 0.3058767359375 0.27589346875 0.30353000625000004 0.27814940312499997 0.2957757390625 0.2791015078125 0.29295295625 0.277480309375 0.28519869062500003 0.27843241406249997 0.2828519609375 0.2806883484375 0.27251293906249996 0.2819578203125 0.26969015625 0.28033662187499997 0.2645206453125 0.28097135781250004 0.262173915625 0.2832272921875 0.2544196484375 0.284179396875 0.25159686875 0.28255819843749996 0.2490121125 0.2828755671875 0.2466653828125 0.2851315015625 0.166537959375 0.2949699125 0.1637151765625 0.2933487125 0.16136844687500002 0.2956046484375 0.088995290625 0.3044909546875 0.086172509375 0.30286975625 0.0758334859375 0.304139228125 0.0734867578125 0.3063951625 0.060562978125 0.307982003125 0.0577401984375 0.30636080468750004 0.05257068593749999 0.306995540625 0.0490505921875 0.3103794421875 0.054525190625 0.3549664765625 0.0559365828125 0.3557770765625 0.057585998437499994 0.3585262421875 0.0702885171875 0.3658216359375 0.0728732734375 0.36550426874999997 0.075696053125 0.3671254671875 0.282476503125 0.3417360203125 0.2852992828125 0.34335721874999997 0.5773766671875 0.307494625 0.5801994484375 0.3091158234375
0 0.06830048125 0.2962090984375 0.072534653125 0.29864089531250004 0.07511940781250001 0.29832352812499996 0.08076497187500001 0.301565925 0.09368875 0.299979084375 0.0965115328125 0.3016002828125 0.38858891406249996 0.265737690625 0.3909356453125 0.2634817546875 0.393758425 0.2651029546875 0.57469131875 0.2428871875 0.5770380484375 0.24063125312500003 0.579622803125 0.24031388593749997 0.582445584375 0.24193508437500003 0.67291203125 0.2308272015625 0.6752587609375 0.228571265625 0.67901688125 0.22712593124999997 0.6787788546875 0.2251873640625 0.6834723140625 0.2206754953125 0.6832342875 0.218736928125 0.687689721875 0.2122864921875 0.686261565625 0.20065509062500003 0.68860829375 0.19839915624999999 0.6855139546875 0.1731977890625 0.682691175 0.171576590625 0.6819770953125001 0.165760890625 0.6777429234375 0.1633290921875 0.6751581671875 0.1636464609375 0.6723353859375 0.1620252625 0.504326271875 0.1826541875 0.5015034890625001 0.1810329890625 0.31798584218750003 0.2035661234375 0.315163059375 0.2019449234375 0.1859252796875 0.217813328125 0.18310249843749998 0.2161921296875 0.0874665421875 0.2279347484375 0.084643759375 0.22631355000000003 0.051041935937500005 0.23043933437500003 0.0475218421875 0.2338232375 0.04799789375 0.23770037031250002 0.045651165625000004 0.2399563046875 0.0489835296875 0.2670962390625 0.0503949203125 0.2679068390625 0.0518063109375 0.2687174375 0.052996440624999995 0.278410271875 0.055819223437499996 0.28003147031250003 0.056295275 0.283908603125 0.061940839062499996 0.287151 0.062178864062500006 0.2890895671875 0.065001646875 0.290710765625 0.06830048125 0.2962090984375
0 0.13375411718750002 0.22028355624999998 0.1415083828125 0.2193314515625 0.1443311640625 0.2209526515625 0.260645165625 0.20667108750000002 0.2634679484375 0.2082922859375 0.43147706250000006 0.1876633609375 0.43429984375 0.189284559375 0.594554690625 0.1696077375 0.5973774734374999 0.1712289359375 0.649072584375 0.164881575 0.651419315625 0.162625640625 0.6551774359375 0.1611803046875 0.6549394093750001 0.15924173749999998 0.6572861390625 0.156985803125 0.6568100875 0.1531086703125 0.6591568156250001 0.150852734375 0.6560624765624999 0.12565136875 0.6532396968749999 0.12403016874999999 0.65276364375 0.1201530359375 0.6487674984375 0.1196598046875 0.645944715625 0.11803860625 0.498613646875 0.1361285859375 0.4957908640625 0.1345073875 0.48827462343750005 0.137398059375 0.48545184218750004 0.13577686093750002 0.33553601718750004 0.154184209375 0.332713234375 0.1525630109375 0.33036650624999997 0.1548189453125 0.3275437234375 0.153197746875 0.21381447812499998 0.1671619421875 0.2109916953125 0.16554074375 0.058491115625 0.18426546093750001 0.055668334374999996 0.18264426250000002 0.0479140671875 0.18359636562499998 0.044393971875 0.18698026875 0.044870025 0.1908574015625 0.0425232953125 0.1931133359375 0.04514158125 0.21443757031250002 0.0465529734375 0.21524816875 0.0515012234375 0.2234956671875 0.058558176562499994 0.22754866406250002 0.0688972 0.22627919218749998 0.0717199828125 0.22790039062499998 0.12341509375 0.221553028125 0.12623787656250002 0.2231742265625 0.1314073859375 0.222539490625 0.13375411718750002 0.22028355624999998
0 0.15823726875 0.39831432499999997 0.160822025 0.39799695625 0.1631687546875 0.39574102187500004 0.168338265625 0.39510628593749997 0.1711610484375 0.396727484375 0.271966515625 0.3843501296875 0.274789296875 0.385971328125 0.2954673421875 0.3834323828125 0.29781407187500003 0.3811764484375 0.31073785 0.3795896078125 0.31896816875 0.38251463750000003 0.3241376796875 0.38187990156249996 0.326484409375 0.379623965625 0.3394081875 0.3780371265625 0.3422309703125 0.37965832499999996 0.48697728281249997 0.3618857125 0.489800065625 0.3635069109375 0.5027238421875 0.3619200703125 0.5050705734375 0.3596641359375 0.507655328125 0.3593467671875 0.5104781093749999 0.360967965625 0.5285713999999999 0.3587463890625 0.5309181281249999 0.35649045468749996 0.556765684375 0.3533167734375 0.5595884671875 0.354937971875 0.585436021875 0.3517642921875 0.588956115625 0.3483803890625 0.5887180890625 0.3464418234375 0.5910648203125 0.3441858875 0.5896366640624999 0.3325544875 0.59198339375 0.330298553125 0.5896031328125 0.3109128859375 0.5853689609375 0.30848108750000003 0.435453134375 0.32688843749999996 0.432630353125 0.3252672375 0.07076456875 0.3696987703125 0.067244475 0.373082671875 0.067958553125 0.378898371875 0.06936994375 0.379708971875 0.070781334375 0.3805195703125 0.073399621875 0.4018438046875 0.07739576718749999 0.4023370359375 0.08021854843750001 0.403958234375 0.113820371875 0.3998324484375 0.1166431546875 0.401453646875 0.1554144875 0.3966931265625 0.15823726875 0.39831432499999997
0 0.089501565625 0.4795623359375 0.55217281875 0.4227534484375 0.5549956 0.42437464687500004 0.5573423296875 0.4221187125 0.6452240203125 0.4113281984375 0.6475707484375001 0.40907226249999995 0.65039353125 0.41069346093750003 0.671071575 0.40815451718749995 0.6792851296875 0.4002587453125 0.6750006609375 0.3653645453125 0.6721778781250001 0.36374334531249997 0.671939853125 0.3618047796875 0.6742865828125 0.35954884374999996 0.672382375 0.3440403109375 0.6709709828125 0.3432297109375 0.4228344453125 0.373697046875 0.42001166406249996 0.3720758484375 0.164120859375 0.4034952890625 0.1612980765625 0.40187409062499996 0.068246875 0.41329934062499996 0.06472678125 0.41668324375 0.06924927656249999 0.4535160109375 0.0720720578125 0.455137209375 0.072310084375 0.45707577656250004 0.0699633546875 0.45933171093749997 0.07043940625 0.46320884375000004 0.071850796875 0.46401944375 0.07326218906250001 0.46483004218749996 0.0742142921875 0.472584309375 0.0770370734375 0.47420550781250004 0.0772751 0.476144075 0.08127124531249999 0.47663730624999995 0.084094028125 0.4782585046875 0.086678784375 0.47794113749999995 0.089501565625 0.4795623359375
0 0.6192055 0.45584651562499995 0.6215522296875 0.45359058125 0.678416853125 0.4466084828125 0.684283678125 0.4409686453125 0.68237946875 0.4254601125 0.6795566875 0.4238389140625 0.6781285296874999 0.4122075140625 0.676717140625 0.41139691406249995 0.170105040625 0.47360105781249995 0.16728225937500002 0.47197985937500003 0.1259261703125 0.4770577484375 0.123579440625 0.479313684375 0.08222335 0.4843915734375 0.076356528125 0.49003140937499995 0.079212840625 0.5132942109374999 0.08062423125 0.514104809375 0.0820356203125 0.514915409375 0.0825116734375 0.5187925421874999 0.0867458453125 0.521224340625 0.5520018546875 0.4640980859375 0.554348584375 0.4618421515625 0.556933340625 0.4615247828125 0.5597561203125 0.46314598125 0.6192055 0.45584651562499995
0 0.45898418437500005 0.49716493906250003 0.46133091249999997 0.49490900312499997 0.5466278484375 0.4844358578125 0.548974578125 0.482179921875 0.5541440890625 0.4815451859375 0.5553174546874999 0.48041721875 0.5538892984375 0.46878581874999997 0.549655125 0.46635402031249995 0.5341465921874999 0.4682582296875 0.531323809375 0.4666370296875 0.528739053125 0.46695439843750003 0.526392325 0.4692103328125 0.5160533015625 0.47047980625 0.5132305203125 0.46885860625 0.510645765625 0.469175975 0.5082990359374999 0.471431909375 0.3894002765625 0.4860308421875 0.3870535484375 0.48828677656249997 0.38446879218749996 0.48860414375000005 0.3816460109375 0.48698294531249997 0.37929928125 0.48923888125000004 0.27590905781249997 0.501933603125 0.2735623265625 0.5041895390625 0.17534161406249998 0.516249525 0.172994884375 0.5185054609375 0.0928674625 0.5283438703125001 0.09052073125 0.5305998062499999 0.08535122187500001 0.5312345421875 0.0818311265625 0.53461844375 0.0832592828125 0.54624984375 0.0846706734375 0.54706044375 0.08749345625 0.5486816421875 0.170205634375 0.5385258640624999 0.17255236406250002 0.5362699281250001 0.2578493 0.5257967828125001 0.260196028125 0.523540846875 0.363586253125 0.5108461234375 0.36593298281250003 0.5085901890625 0.45898418437500005 0.49716493906250003
0 0.27600965 0.566858409375 0.27835637968750004 0.5646024749999999 0.34814478125 0.5560335359375 0.35049151093750003 0.5537776015625 0.4125256453125 0.5461607671875 0.414872375 0.5439048328125 0.476906509375 0.5362879984375 0.47925323906250006 0.5340320640625 0.5387026171875 0.5267325984375 0.5410493484375001 0.5244766640625 0.613422503125 0.5155903578125 0.615769234375 0.513334421875 0.6700491015625001 0.5066696921875 0.6735691953125 0.503285790625 0.669522753125 0.47033015625 0.6652885796875 0.4678983578125 0.6627038234375 0.46821572656250005 0.6570582609375 0.46497332968749994 0.6544735046875 0.465290696875 0.651650725 0.46366949843749994 0.6438964578124999 0.464621603125 0.6356661390625 0.46169657343750004 0.6304966265624999 0.462331309375 0.6276738453124999 0.4607101109375 0.6199195796875 0.461662215625 0.6170967968750001 0.46004101718749996 0.6119272859375 0.46067575312500003 0.609104503125 0.4590545546875 0.59876548125 0.4603240265625 0.596418753125 0.4625799609375 0.5628169296875 0.46670574687500005 0.5569501046875 0.472345584375 0.5576641828125 0.47816128437499994 0.5541440890625 0.4815451859375 0.551559334375 0.48186255468750006 0.5492126046875 0.4841184890625 0.4923479796875 0.49110058749999996 0.49000125156249996 0.493356521875 0.41504333750000005 0.5025601953125001 0.412696609375 0.50481613125 0.409873828125 0.50319493125 0.407289071875 0.5035122999999999 0.40494234218749997 0.505768234375 0.3196454078125 0.51624138125 0.317298678125 0.518497315625 0.237171253125 0.5283357265624999 0.234824525 0.5305916609375 0.1133410109375 0.5455079609375 0.11099428281249998 0.547763896875 0.098070503125 0.5493507375 0.08985695 0.5572465078125 0.093189315625 0.5843864421875 0.09460070625 0.5851970421875 0.096012096875 0.586007640625 0.096726175 0.591823340625 0.098137565625 0.5926339406250001 0.1420784109375 0.5872386828125 0.144425140625 0.5849827484375 0.20904403125 0.5770485453124999 0.21139075937500001 0.5747926109375 0.27600965 0.566858409375
0 0.1525180265625 0.650894015625 0.15486475625 0.64863808125 0.1962208453125 0.6435601921874999 0.198567575 0.6413042578125 0.25284744375 0.634639528125 0.2551941734375 0.6323835921875001 0.2991350171875 0.6269883359375 0.3014817484375 0.6247324 0.3428378359375 0.6196545109375 0.3451845671875 0.6173985765625 0.3891254109375 0.61200331875 0.3914721421875 0.609747384375 0.44575200937500004 0.6030826546875 0.4480987390625 0.6008267203125001 0.48687007343750005 0.5960661984375 0.48921680156249997 0.5938102640625 0.5512509359375 0.5861934296875 0.553597665625 0.5839374953124999 0.610462290625 0.5769553968750001 0.6128090187499999 0.5746994625 0.6825974203125 0.5661305249999999 0.68494415 0.5638745890625 0.73146975 0.5581619640625 0.73381648125 0.5559060296875 0.7364012359375 0.5555886609375 0.7373365749999999 0.5525221265625 0.739683303125 0.5502661921875001 0.7363509390625 0.5231262578125 0.7335281578124999 0.521505059375 0.7328140796875 0.5156893593749999 0.7299912984375 0.5140681609375 0.729753271875 0.51212959375 0.714227971875 0.5032130015625 0.7062356796875 0.5022265390625 0.7005901156250001 0.4989841421875 0.6980053609375 0.4993015109375 0.6951825796875 0.4976803109375 0.6925978234375 0.49799767968750003 0.6843675046875 0.49507265 0.67919799375 0.49570738593749997 0.6756778999999999 0.4990912890625 0.6761539515625 0.502968421875 0.6726338578125 0.506352325 0.6545405671875 0.5085739015625 0.6521938375 0.5108298359375001 0.6108377484374999 0.515907725 0.60849101875 0.5181636593750001 0.5387026171875 0.5267325984375 0.5363558875 0.5289885328125 0.474321753125 0.5366053671875 0.471975025 0.5388613015625 0.4151104015625 0.5458434 0.4127636703125 0.548099334375 0.3507295359375 0.55571616875 0.34838280781250003 0.557972103125 0.30185720625 0.5636847281249999 0.29951047656249996 0.5659406625 0.268493409375 0.5697490796875 0.2661466796875 0.5720050156250001 0.196358278125 0.580573953125 0.19401155 0.5828298875 0.1578249703125 0.587273040625 0.1554782421875 0.5895289765625 0.1348001953125 0.5920679203125 0.1324534671875 0.5943238546875 0.12211444375 0.595593328125 0.1197677140625 0.5978492625 0.1016744265625 0.6000708390625 0.09932769687500001 0.6023267734375 0.096742940625 0.6026441421875 0.09204948125 0.6071560109374999 0.0842952140625 0.608108115625 0.08194848437499999 0.61036405 0.0767789734375 0.6109987859375 0.07443224375 0.613254721875 0.0718474890625 0.6135720890624999 0.07091215 0.6166386234375001 0.06621869062499999 0.62115049375 0.06978908125 0.65022899375 0.071200471875 0.65103959375 0.0726118640625 0.6518501921875 0.0733259421875 0.6576658921874999 0.07756011406249999 0.660097690625 0.082729625 0.6594629546874999 0.0855524078125 0.661084153125 0.09072191874999999 0.6604494171875 0.0930686484375 0.65819348125 0.1525180265625 0.650894015625
0 0.17020232500000002 0.688078509375 0.17254905625 0.685822575 0.2242441671875 0.6794752140625 0.22659089687499998 0.677219278125 0.2834555203125 0.67023718125 0.28580225000000004 0.6679812453125 0.34008211718750003 0.661316515625 0.34242884687499997 0.65906058125 0.3889544484375 0.65334795625 0.391301178125 0.6510920203125 0.4429962890625 0.6447446593749999 0.44534302031250006 0.642488725 0.4996228875 0.6358239953125 0.501969615625 0.6335680609375001 0.5588342390625 0.6265859625 0.5611809703125 0.6243300281249999 0.6232151046875 0.61671319375 0.6255618328125 0.6144572593750001 0.6384856125 0.61287041875 0.6396589765625 0.6117424515625001 0.6356125328125 0.5787868171875 0.6327897499999999 0.5771656187499999 0.6311403343750001 0.574416453125 0.5975385109375 0.5785422375 0.5951917828125 0.5807981718749999 0.5279881359374999 0.5890497421875 0.5256414078125 0.5913056765625 0.46619202812499994 0.59860514375 0.4638452984375 0.600861078125 0.41215018593749997 0.6072084390625 0.40980345781249994 0.6094643750000001 0.3606931 0.6154943671875001 0.3583463703125 0.617750303125 0.314405525 0.6231455593749999 0.31205879531249997 0.6254014953125 0.2655331953125 0.6311141203124999 0.263186465625 0.6333700546875 0.21666086562500003 0.63908268125 0.214314134375 0.6413386156249999 0.1781275578125 0.64578176875 0.1757808265625 0.648037703125 0.1731960703125 0.648355071875 0.170373290625 0.6467338734375 0.16802656093749999 0.6489898078125 0.118916203125 0.6550198015625 0.11656947499999999 0.6572757359375 0.0855524078125 0.661084153125 0.0820323140625 0.6644680546874999 0.0834604703125 0.6760994546875 0.084871859375 0.6769100546875 0.08628325 0.6777206546875 0.0886635109375 0.6971063203125001 0.09289768281250001 0.6995381187499999 0.0980671953125 0.6989033828125 0.1004139234375 0.6966474484375 0.10840621718750001 0.6976339109375 0.110752946875 0.695377975 0.17020232500000002 0.688078509375
0 0.2398197640625 0.7208542078125 0.24216649375000002 0.7185982734375 0.2964463609375 0.7119335437500001 0.2987930890625 0.709677609375 0.345318690625 0.703964984375 0.3476654203125 0.7017090484375 0.394191021875 0.6959964234375 0.39653775156250004 0.6937404890625001 0.437893840625 0.6886626 0.44024057031249997 0.6864066640625001 0.4893509265625 0.6803766703125 0.49169765625000006 0.6781207359375 0.5408080125 0.6720907421875 0.5431547421875 0.6698348078125 0.5870955875 0.66443955 0.5894423171875001 0.6621836156249999 0.6333831625 0.6567883578125 0.6357298921875 0.6545324234375001 0.643484159375 0.65358031875 0.647004253125 0.6501964171875 0.6443859671875 0.6288721828125 0.641563184375 0.627250984375 0.640135028125 0.615619584375 0.6387236374999999 0.614808984375 0.587028525 0.621156346875 0.584681796875 0.62341228125 0.525232415625 0.630711746875 0.5228856875 0.6329676828124999 0.46602106406250005 0.6399497796875 0.463674334375 0.6422057156250001 0.4197334890625 0.647600971875 0.41738675937499997 0.6498569078124999 0.3605221375 0.6568390046875 0.35817540625 0.6590949390625 0.3142345625 0.664490196875 0.31188783125 0.66674613125 0.252438453125 0.674045596875 0.2500917234375 0.6763015328125 0.20615087812500002 0.6816967890625001 0.2038041484375 0.6839527249999999 0.1572785484375 0.6896653500000001 0.1549318171875 0.691921284375 0.0980671953125 0.6989033828125 0.095720465625 0.7011593171875 0.093135709375 0.7014766859375 0.089615615625 0.7048605875 0.0929479796875 0.7320005218750001 0.094359371875 0.7328111203125001 0.0957707625 0.7336217203125 0.09672286718749999 0.7413759875 0.09813425625 0.7421865859375 0.139490346875 0.737108696875 0.1418370765625 0.7348527625 0.1987017 0.7278706640625 0.2010484296875 0.7256147296875 0.2398197640625 0.7208542078125
0 0.15180063906250002 0.7946309625 0.14146161875000002 0.795900434375 0.1400502265625 0.7950898343749999 0.1393361484375 0.789274134375 0.1405095140625 0.7881461671875 0.153433290625 0.7865593265624999 0.1576674640625 0.788991125 0.158143515625 0.7928682578124999 0.15955490625 0.7936788578125 0.2164195296875 0.786696759375 0.218766259375 0.784440825 0.270461371875 0.7780934640625 0.2728081015625 0.7758375281250001 0.3219184578125 0.769807534375 0.3242651875 0.7675516 0.37337554375000004 0.76152160625 0.3757222734375 0.7592656718749999 0.4222478734375 0.753553046875 0.42459460312499997 0.7512971109375 0.4685354484375 0.7459018546875 0.470882178125 0.7436459203125 0.5199925359375001 0.7376159265625 0.5223392640625 0.735359990625 0.5662801109375 0.729964734375 0.5686268390625 0.7277087984375 0.6151524390625001 0.7219961734375 0.6174991703125 0.7197402390625001 0.6640247703125 0.7140276140624999 0.6663715 0.7117716781250001 0.6701296203125 0.71032634375 0.66965356875 0.706449209375 0.6720002968750001 0.704193275 0.670572140625 0.692561875 0.6677493609375 0.6909406765624999 0.66394094375 0.659923609375 0.6611181609375001 0.658302409375 0.6578193265625 0.652804078125 0.6535851546875 0.6503722796875 0.6510004 0.6506896484375 0.6463069390625 0.6552015171875001 0.6256288953125 0.6577404625 0.6232821656249999 0.659996396875 0.571587053125 0.666343759375 0.5692403234375 0.66859969375 0.5252994796875 0.6739949515625 0.5229527484375 0.6762508859375 0.47125763750000005 0.682598246875 0.4689109078125 0.6848541828125 0.4249700625 0.6902494390625 0.4226233328125 0.692505375 0.3786824875 0.69790063125 0.3763357578125 0.7001565671875001 0.324640646875 0.706503928125 0.322293915625 0.7087598625 0.27059880468749997 0.715107225 0.26825207500000003 0.717363159375 0.234650253125 0.7214889437500001 0.23230352187499997 0.7237448796875 0.1780236546875 0.730409609375 0.175676925 0.73266554375 0.1317360796875 0.7380608015625 0.12938935000000001 0.7403167359375 0.0983722828125 0.7441251531249999 0.0960255546875 0.7463810875 0.092267434375 0.7478264234374999 0.09274348593750001 0.7517035562500001 0.09039675625 0.7539594921874999 0.09468122500000001 0.7888536921875 0.096092615625 0.7896642921875 0.0975040078125 0.790474890625 0.0991701890625 0.8040448578125 0.10058157968749999 0.80485545625 0.12384437968749999 0.80199914375 0.1261911109375 0.799743209375 0.15203866562499999 0.796569528125 0.15321203125 0.7954415609375001 0.15180063906250002 0.7946309625
0 0.28209111875000004 0.8514416296875 0.284437846875 0.8491856953125 0.330963446875 0.8434730703125 0.33331017812499997 0.841217134375 0.3850052890625 0.8348697734374999 0.38735201875 0.8326138390625 0.43129286406249995 0.82721858125 0.43363959375 0.824962646875 0.46982617187500003 0.82051949375 0.47217290156249997 0.8182635578124999 0.5109442359374999 0.8135030375 0.513290965625 0.8112471031249999 0.5572318109375 0.8058518453125 0.559578540625 0.8035959109374999 0.5957651187499999 0.7991527578125 0.5981118484375 0.796896821875 0.6523917171875 0.7902320921875 0.6547384453125 0.7879761578125 0.6960945359374999 0.78289826875 0.698441265625 0.780642334375 0.7501363765625 0.7742949718750001 0.7524831062499999 0.7720390375 0.7757459078125 0.7691827250000001 0.7766812453124999 0.766116190625 0.779027975 0.76386025625 0.7752195578125 0.7328431890625 0.7723967765624999 0.731221990625 0.7688263859375 0.7021434890625 0.7660036031249999 0.700522290625 0.7627047703125001 0.6950239593750001 0.7062491359374999 0.6625999859375 0.706011109375 0.6606614203125 0.700365546875 0.657419021875 0.700127521875 0.6554804562500001 0.6944819578125 0.6522380578125 0.6942439328125001 0.6502994921874999 0.6885983687499999 0.64705709375 0.6883603421875 0.645118528125 0.6784806062500001 0.6394443328125 0.6629720734375 0.641348540625 0.6606253421875 0.6436044765625 0.6554558328125 0.6442392124999999 0.65428246875 0.6453671796875 0.6547585203125 0.6492443125 0.6604040828125 0.652486709375 0.660642109375 0.6544252765625 0.663464890625 0.656046475 0.66679725625 0.683186409375 0.6696200359375 0.6848076078124999 0.6698580625 0.686746175 0.667511334375 0.689002109375 0.670334115625 0.6906233078125 0.672714375 0.710008975 0.66919428125 0.7133928765625 0.6407619703125 0.7168839265625 0.638415240625 0.7191398609374999 0.5970591515625 0.72421775 0.594712421875 0.7264736843749999 0.5404325531249999 0.7331384140625 0.5380858234375 0.73539435 0.4915602234375 0.741106975 0.48921349375 0.7433629093749999 0.43751838125000003 0.749710271875 0.435171653125 0.75196620625 0.39640031875 0.7567267265625001 0.3940535890625 0.7589826625 0.34235847656249996 0.7653300234375 0.340011746875 0.7675859578125 0.290901390625 0.7736159515625001 0.2885546609375 0.7758718874999999 0.23427479375 0.7825366171875 0.23192806406250002 0.7847925515624999 0.20091099687499997 0.78860096875 0.198564265625 0.790856903125 0.154623421875 0.7962521609375 0.1522766921875 0.7985080953125 0.1160901140625 0.8029512484374999 0.113743384375 0.8052071828124999 0.1059891171875 0.8061592875000001 0.104815753125 0.8072872546875001 0.1131466640625 0.8751370890624999 0.1145580546875 0.8759476890625001 0.11714281093750001 0.8756303203125 0.11996559375 0.87725151875 0.122312321875 0.8749955843749999 0.18951596875 0.8667440140625 0.191862696875 0.8644880796875001 0.23321878749999997 0.859410190625 0.23556551718750002 0.8571542546875 0.28209111875000004 0.8514416296875
0 0.2595759265625 0.8817552453124999 0.3086862828125 0.8757252515625 0.3110330125 0.8734693171875 0.36272812499999996 0.8671219546875 0.365074853125 0.8648660203125 0.4038461875 0.8601054984375001 0.40619291718749995 0.8578495640625 0.4578880296875 0.851502203125 0.460234759375 0.8492462671875 0.509345115625 0.8432162734374999 0.5116918453125 0.8409603390625 0.5608022015625 0.8349303453125 0.56314893125 0.8326744109374999 0.6096745328125001 0.8269617859375 0.6120212609375 0.82470585 0.66113161875 0.81867585625 0.6634783484375 0.8164199218749999 0.7022496828125 0.8116594015624999 0.7045964109375 0.8094034656250001 0.72010494375 0.8074992578125 0.7212783093749999 0.806371290625 0.7188980500000001 0.7869856234375 0.7160752671874999 0.785364425 0.715837240625 0.7834258578125 0.71160306875 0.780994059375 0.7012640453125 0.7822635328125 0.6989173171874999 0.7845194671875 0.6575612265624999 0.78959735625 0.655214496875 0.791853290625 0.611273653125 0.7972485484375 0.608926921875 0.7995044828125 0.564986078125 0.804899740625 0.562639346875 0.807155675 0.5238680140625 0.8119161968749999 0.521521284375 0.81417213125 0.47241092812499996 0.820202125 0.4700641984375 0.8224580593749999 0.42612335312500005 0.8278533171875001 0.4237766234375 0.8301092515624999 0.3850052890625 0.8348697734374999 0.3826585609375 0.8371257078125 0.330963446875 0.8434730703125 0.32861671875 0.8457290046875 0.28209111875000004 0.8514416296875 0.27974438749999997 0.8536975640625 0.23580354374999998 0.8590928218749999 0.2334568125 0.86134875625 0.18951596875 0.8667440140625 0.1871692390625 0.8689999484375001 0.1406436375 0.874712575 0.13829690781249998 0.876968509375 0.112449353125 0.8801421906250001 0.110102621875 0.8823981249999999 0.1063445015625 0.8838434609375 0.10896278906250001 0.90516769375 0.1103741796875 0.9059782937499999 0.11319696093750001 0.9075994921874999 0.115543690625 0.9053435578125001 0.1594845359375 0.8999482999999999 0.161831265625 0.897692365625 0.2057721109375 0.8922971078125 0.208118840625 0.8900411734375 0.257229196875 0.8840111796875 0.2595759265625 0.8817552453124999
0 0.17108075 0.951654865625 0.17342748125000002 0.9493989296875001 0.20702930312499998 0.9452731453125001 0.2093760328125 0.9430172109375 0.21971505468750002 0.9417477375000001 0.2225378375 0.9433689359375 0.22488456562499998 0.9411130015625 0.2378083453125 0.9395261609375 0.240631125 0.9411473593749999 0.24838539218750003 0.94019525625 0.250732121875 0.9379393203124999 0.2584863890625 0.9369872171875 0.26130917187499997 0.938608415625 0.2664786828125 0.9379736796874999 0.26882541249999997 0.93571774375 0.279164434375 0.9344482718749999 0.281987215625 0.9360694703125001 0.2897414828125 0.9351173656249999 0.2920882125 0.9328614312499999 0.30242723437499996 0.931591959375 0.305250015625 0.9332131578125 0.307596746875 0.9309572234375001 0.377385146875 0.922388284375 0.3797318765625 0.92013235 0.3825546578125 0.9217535484375 0.4368345265625 0.9150888187499999 0.43918125625000004 0.912832884375 0.4934611234375 0.9061681546875 0.4958078515625 0.9039122203125001 0.5397486984375 0.8985169624999999 0.5420954265625 0.8962610281250001 0.5937905406249999 0.8899136656250001 0.59613726875 0.88765773125 0.645247625 0.8816277375 0.6475943562500001 0.879371803125 0.6863656890625001 0.87461128125 0.68871241875 0.8723553468749999 0.750746553125 0.8647385125 0.7530932828125 0.862482578125 0.80478839375 0.8561352171875001 0.807135125 0.85387928125 0.8614149921875001 0.8472145515625 0.863761721875 0.8449586171875 0.90253305625 0.8401980953124999 0.904879784375 0.8379421609375 0.9126340515625 0.83699005625 0.9161541453125001 0.8336061546875 0.911393625 0.7948348203125 0.90857084375 0.793213621875 0.9080947921875 0.7893364890625 0.902449228125 0.786094090625 0.9022112015625 0.784155525 0.8951542484375 0.780102528125 0.8925694921874999 0.780419896875 0.8841011468750001 0.7755563000000001 0.881516390625 0.77587366875 0.8730480453125 0.7710100718749999 0.8704632921875 0.771327440625 0.8648177265625 0.76808504375 0.862232971875 0.7684024109375 0.8565874078125001 0.7651600140625 0.854002653125 0.7654773828125 0.8455343078125 0.7606137859375 0.842949553125 0.7609311546875 0.8373039890625 0.7576887578125 0.8347192328125 0.758006125 0.8290736703125001 0.754763728125 0.8264889140625 0.7550810968749999 0.8180205703125001 0.7502175 0.8154358140625 0.75053486875 0.8041446875 0.7440500734375 0.8015599312499999 0.7443674421875001 0.7902688046875 0.7378826468749999 0.78768405 0.738200015625 0.7820384859375 0.73495761875 0.780865121875 0.7360855859375001 0.7822932781249999 0.7477169859374999 0.779946546875 0.7499729203125 0.78185075625 0.7654814546875001 0.7783306624999999 0.76886535625 0.7757459078125 0.7691827250000001 0.7733991765625 0.771438659375 0.73462784375 0.77619918125 0.7322811125 0.778455115625 0.7193573359375 0.7800419562500001 0.718183971875 0.7811699234375 0.719136075 0.788924190625 0.72195885625 0.7905453890625 0.7236250390625 0.80411535625 0.717758215625 0.8097551921875 0.6841563921875 0.813880978125 0.6818096625 0.8161369125 0.67898688125 0.8145157140625001 0.6766401515625 0.8167716484374999 0.6352840609375 0.8218495375 0.6329373328125001 0.824105471875 0.5864117328125 0.8298180984375 0.5840650015625 0.8320740328125 0.532369890625 0.83842139375 0.5300231609375 0.8406773296875001 0.480912803125 0.8467073234375 0.478566075 0.8489632578125 0.439794740625 0.8537237781250001 0.43744801093749996 0.8559797140625 0.393507165625 0.8613749703125 0.3911604359375 0.86363090625 0.3420500796875 0.8696609000000001 0.33970335 0.8719168343750001 0.2957625046875 0.8773120921875 0.2934157765625 0.8795680265625 0.2417206625 0.8859153875000001 0.239373934375 0.8881713234375 0.19801784375 0.8932492125 0.19567111406249998 0.8955051468749999 0.169823559375 0.898678828125 0.1674768296875 0.9009347625 0.1106122046875 0.9079168609374999 0.105918746875 0.9124287296875 0.103333990625 0.9127460984375 0.099813896875 0.9161300000000001 0.10362231250000001 0.9471470671875 0.10503370468749999 0.9479576671875 0.10644509531249999 0.9487682656249999 0.10692114687500001 0.9526454 0.1168008828125 0.9583195953124999 0.12455514999999999 0.957367490625 0.1269018796875 0.95511155625 0.13724090312499998 0.9538420828125 0.14006368281249998 0.9554632812499999 0.17108075 0.951654865625