0 0.6015625 0.1220703125 0.59765625 0.125 0.5611979171875 0.126953125 0.5572916671875 0.1298828125 0.55859375 0.146484375 0.56640625 0.1484375 0.7044270828125 0.142578125 0.7122395828125 0.1484375 0.7213541671875 0.1357421875 0.71875 0.0966796875 0.6080729171875 0.099609375 0.6015625 0.1044921875 0.6015625 0.1220703125
0 0.4856770828125 0.12890625 0.4518229171875 0.12890625 0.4453125 0.1220703125 0.4453125 0.1142578125 0.4361979171875 0.107421875 0.1940104171875 0.1171875 0.1875 0.1220703125 0.1888020828125 0.138671875 0.1901041671875 0.1513671875 0.19921875 0.16015625 0.2565104171875 0.16015625 0.2981770828125 0.15625 0.5052083328125 0.1494140625 0.4986979171875 0.1328125 0.4908854171875 0.1328125 0.4856770828125 0.12890625
0 0.69921875 0.14453125 0.66796875 0.14453125 0.5533854171875 0.1484375 0.5299479171875 0.15234375 0.48828125 0.150390625 0.20182291718749998 0.162109375 0.1966145828125 0.16015625 0.1927083328125 0.1630859375 0.1940104171875 0.18359375 0.20442708281250002 0.193359375 0.21744791718749998 0.1953125 0.6497395828125 0.1796875 0.6861979171875 0.1796875 0.6940104171875 0.189453125 0.7057291671875 0.1708984375 0.7057291671875 0.1533203125 0.69921875 0.14453125
0 0.20703125 0.1953125 0.203125 0.2001953125 0.20442708281250002 0.22265625 0.21223958281250002 0.232421875 0.2721354171875 0.232421875 0.68359375 0.220703125 0.6901041671875 0.2138671875 0.6901041671875 0.1845703125 0.6861979171875 0.181640625 0.6341145828125 0.181640625 0.20703125 0.1953125
0 0.6901041671875 0.2333984375 0.6861979171875 0.22265625 0.5924479171875 0.22265625 0.21223958281250002 0.234375 0.20833333281250002 0.2431640625 0.20963541718749998 0.263671875 0.21223958281250002 0.267578125 0.3111979171875 0.267578125 0.6705729171875 0.259765625 0.6744791671875 0.2626953125 0.6744791671875 0.2763671875 0.6783854171875 0.279296875 0.6901041671875 0.2529296875 0.6901041671875 0.2333984375
0 0.63671875 0.2578125 0.3919270828125 0.267578125 0.20963541718749998 0.26953125 0.20572916718749998 0.2783203125 0.20703125 0.291015625 0.20963541718749998 0.302734375 0.42578125 0.298828125 0.60546875 0.291015625 0.6705729171875 0.29296875 0.6744791671875 0.2900390625 0.6744791671875 0.2626953125 0.66796875 0.2578125 0.63671875 0.2578125
0 0.65234375 0.341796875 0.6614583328125 0.3291015625 0.6614583328125 0.2958984375 0.6575520828125 0.29296875 0.6002604171875 0.29296875 0.4075520828125 0.30078125 0.24609375 0.302734375 0.20963541718749998 0.3046875 0.20572916718749998 0.3076171875 0.20703125 0.318359375 0.20833333281250002 0.3349609375 0.21744791718749998 0.341796875 0.2825520828125 0.337890625 0.4934895828125 0.3359375 0.5794270828125 0.33203125 0.6263020828125 0.33203125 0.6341145828125 0.33984375 0.65234375 0.341796875
0 0.21744791718749998 0.341796875 0.20833333281250002 0.3447265625 0.20963541718749998 0.3515625 0.3033854171875 0.353515625 0.61328125 0.345703125 0.6263020828125 0.34375 0.6276041671875 0.3349609375 0.6236979171875 0.33203125 0.6106770828125 0.33203125 0.5533854171875 0.3359375 0.21744791718749998 0.341796875
0 0.20963541718749998 0.380859375 0.34765625 0.3828125 0.6783854171875 0.375 0.6901041671875 0.3720703125 0.6927083328125 0.3583984375 0.6888020828125 0.34375 0.21223958281250002 0.353515625 0.20833333281250002 0.3564453125 0.20963541718749998 0.380859375
0 0.2109375 0.3876953125 0.21223958281250002 0.4140625 0.3606770828125 0.4140625 0.6861979171875 0.40625 0.6901041671875 0.4033203125 0.6901041671875 0.3779296875 0.6783854171875 0.375 0.41015625 0.3828125 0.22265625 0.3828125 0.2109375 0.3876953125
0 0.6927083328125 0.4111328125 0.6888020828125 0.408203125 0.6106770828125 0.408203125 0.5221354171875 0.412109375 0.21223958281250002 0.416015625 0.20833333281250002 0.4189453125 0.20963541718749998 0.443359375 0.21484375 0.451171875 0.42578125 0.451171875 0.47265625 0.447265625 0.4856770828125 0.44921875 0.67578125 0.4453125 0.6861979171875 0.443359375 0.6927083328125 0.4384765625 0.6927083328125 0.4111328125
0 0.3815104171875 0.533203125 0.68359375 0.52734375 0.6848958328125 0.5048828125 0.6809895828125 0.501953125 0.6002604171875 0.501953125 0.22005208281250002 0.5078125 0.22005208281250002 0.53125 0.3815104171875 0.533203125
0 0.4856770828125 0.529296875 0.23046875 0.533203125 0.21875 0.5380859375 0.22005208281250002 0.55078125 0.23828125 0.552734375 0.3268229171875 0.548828125 0.3372395828125 0.55078125 0.68359375 0.544921875 0.6875 0.5361328125 0.6809895828125 0.52734375 0.5481770828125 0.53125 0.4856770828125 0.529296875
0 0.5065104171875 0.548828125 0.22265625 0.55078125 0.21875 0.5537109375 0.22005208281250002 0.572265625 0.3606770828125 0.57421875 0.6627604171875 0.5703125 0.68359375 0.568359375 0.6875 0.5654296875 0.6875 0.5478515625 0.68359375 0.544921875 0.6341145828125 0.544921875 0.5065104171875 0.548828125
0 0.44921875 0.578125 0.3528645828125 0.58203125 0.23828125 0.580078125 0.20182291718749998 0.583984375 0.1979166671875 0.5869140625 0.1966145828125 0.625 0.20182291718749998 0.62890625 0.6940104171875 0.62890625 0.7018229171875 0.626953125 0.7057291671875 0.6220703125 0.703125 0.5830078125 0.6966145828125 0.580078125 0.6497395828125 0.58203125 0.44921875 0.578125
0 0.23046875 0.6328125 0.20052083281250002 0.6376953125 0.19921875 0.66796875 0.20442708281250002 0.671875 0.6888020828125 0.669921875 0.7096354171875 0.66796875 0.7135416671875 0.6650390625 0.7135416671875 0.6552734375 0.7109375 0.6337890625 0.7044270828125 0.62890625 0.23046875 0.6328125
0 0.33203125 0.673828125 0.23307291718749998 0.673828125 0.20182291718749998 0.685546875 0.1927083328125 0.6923828125 0.1940104171875 0.71484375 0.2591145828125 0.716796875 0.7044270828125 0.708984375 0.7109375 0.7021484375 0.7109375 0.6923828125 0.7057291671875 0.6767578125 0.6966145828125 0.669921875 0.4153645828125 0.669921875 0.33203125 0.673828125
0 0.2591145828125 0.716796875 0.2513020828125 0.71875 0.234375 0.7333984375 0.23567708281250002 0.767578125 0.23697916718749998 0.7763671875 0.24348958281250002 0.78125 0.7278645828125 0.7734375 0.7265625 0.7177734375 0.71484375 0.701171875 0.7096354171875 0.708984375 0.69140625 0.7109375 0.2591145828125 0.716796875
0 0.24088541718749998 0.783203125 0.21875 0.7978515625 0.21354166718749998 0.8056640625 0.21484375 0.84765625 0.5013020828125 0.853515625 0.7018229171875 0.853515625 0.7057291671875 0.8505859375 0.7057291671875 0.8056640625 0.6979166671875 0.7841796875 0.69140625 0.77734375 0.5403645828125 0.77734375 0.24088541718749998 0.783203125