0 0.14453125 0.720142090625 0.142578125 0.717537596875 0.14453125 0.7097241203125 0.142578125 0.7071196296875 0.142578125 0.678470215625 0.140625 0.6758657218749999 0.140625 0.6420073234375 0.138671875 0.63940283125 0.138671875 0.61856689375 0.13671875 0.615962403125 0.13671875 0.595126465625 0.134765625 0.592521971875 0.134765625 0.5664770515625001 0.1328125 0.5638725578125 0.1328125 0.54824560625 0.130859375 0.5456411140624999 0.130859375 0.5169916984375 0.12890625 0.51438720625 0.12890625 0.490946778125 0.126953125 0.488342284375 0.126953125 0.470110840625 0.125 0.46750634687500003 0.125 0.44667040937499997 0.123046875 0.44406591874999995 0.123046875 0.42062548906249997 0.12109375 0.4180209953125 0.12109375 0.3919760734375 0.119140625 0.38937158125 0.119140625 0.36853564375 0.1171875 0.365931153125 0.1171875 0.3503041984375 0.115234375 0.34769970625 0.115234375 0.32686376875 0.11328125 0.324259278125 0.11328125 0.2877963859375 0.111328125 0.28519189375 0.111328125 0.261751465625 0.109375 0.259146971875 0.109375 0.23831103437499998 0.107421875 0.23570654375000002 0.107421875 0.22268408125 0.1044921875 0.21877734375000002 0.0888671875 0.21877734375000002 0.0869140625 0.21617285156250002 0.0810546875 0.21617285156250002 0.0791015625 0.21877734375000002 0.0771484375 0.21617285156250002 0.0751953125 0.21877734375000002 0.0634765625 0.21877734375000002 0.060546875 0.22268408125 0.060546875 0.23831103437499998 0.0625 0.240915528125 0.0625 0.26435595625 0.064453125 0.2669604484375 0.064453125 0.2904008796875 0.06640625 0.2930053703125 0.06640625 0.3320727546875 0.068359375 0.3346772453125 0.068359375 0.36853564375 0.0703125 0.3711401359375 0.0703125 0.40239404375000004 0.072265625 0.40499853437500005 0.072265625 0.428438965625 0.07421875 0.43104345625 0.07421875 0.45187939374999997 0.076171875 0.4544838859375 0.076171875 0.4831333015625 0.078125 0.48573779375 0.078125 0.511782715625 0.080078125 0.51438720625 0.080078125 0.54824560625 0.08203125 0.550850096875 0.08203125 0.5742905281249999 0.083984375 0.5768950187499999 0.083984375 0.6055444328124999 0.0859375 0.6081489265625 0.0859375 0.6341938468749999 0.087890625 0.636798340625 0.087890625 0.66023876875 0.08984375 0.6628432609375 0.08984375 0.6888881828125 0.091796875 0.6914926765625 0.091796875 0.7279555671875 0.09375 0.7305600578125 0.09375 0.7513959953125 0.095703125 0.7540004890625001 0.095703125 0.759209471875 0.0986328125 0.7631162109375 0.1240234375 0.7631162109375 0.125 0.761813965625 0.1396484375 0.76051171875 0.142578125 0.75660498125 0.14453125 0.7513959953125 0.14453125 0.720142090625
0 0.220703125 0.7279555671875 0.22265625 0.7253510734375 0.22265625 0.720142090625 0.220703125 0.717537596875 0.220703125 0.678470215625 0.21875 0.6758657218749999 0.21875 0.636798340625 0.216796875 0.6341938468749999 0.216796875 0.615962403125 0.21484375 0.613357909375 0.21484375 0.6055444328124999 0.216796875 0.6003354484375001 0.21484375 0.5977309562500001 0.21484375 0.5847084953125 0.212890625 0.5821040046875 0.212890625 0.5638725578125 0.2109375 0.5612680671875 0.2109375 0.532618653125 0.208984375 0.5300141593750001 0.2109375 0.4961557609375 0.208984375 0.49355126875 0.208984375 0.4622973640625 0.20703125 0.4596928703125 0.20703125 0.43364794843750004 0.205078125 0.43104345625 0.205078125 0.41020751874999994 0.203125 0.40760302812500004 0.203125 0.38937158125 0.201171875 0.386767090625 0.201171875 0.36853564375 0.19921875 0.365931153125 0.19921875 0.3529086921875 0.1953125 0.342490721875 0.1953125 0.3112368171875 0.193359375 0.3086323234375 0.193359375 0.2904008796875 0.19140625 0.2877963859375 0.19140625 0.2487290046875 0.189453125 0.2461245109375 0.189453125 0.2278930671875 0.1875 0.2252885734375 0.1875 0.1914301765625 0.185546875 0.1888256828125 0.185546875 0.1497583015625 0.19140625 0.14194482343749998 0.1875 0.136735840625 0.189453125 0.134131346875 0.189453125 0.1289223640625 0.1826171875 0.11980664062499999 0.1767578125 0.11720214843750001 0.1728515625 0.1119931640625 0.1669921875 0.10938867187500001 0.1630859375 0.10417968749999999 0.1513671875 0.0963662109375 0.1396484375 0.0963662109375 0.138671875 0.092459471875 0.1318359375 0.08334375000000001 0.1298828125 0.08334375000000001 0.1259765625 0.078134765625 0.1201171875 0.078134765625 0.119140625 0.095063965625 0.12109375 0.09766845625000001 0.12109375 0.1237133796875 0.123046875 0.1263178703125 0.123046875 0.1445493171875 0.125 0.1471538078125 0.125 0.1679897453125 0.126953125 0.17059423906249999 0.126953125 0.19403466875 0.12890625 0.196639159375 0.12890625 0.22268408125 0.130859375 0.2252885734375 0.130859375 0.2487290046875 0.1328125 0.25133349531250004 0.1328125 0.27737841875 0.134765625 0.27998290937500003 0.134765625 0.2956098640625 0.13671875 0.29821435625000003 0.13671875 0.3164458015625 0.138671875 0.31905029375 0.138671875 0.33988623125 0.140625 0.342490721875 0.140625 0.3763491203125 0.142578125 0.3789536140625 0.142578125 0.39978955156249996 0.14453125 0.40239404375000004 0.14453125 0.425834471875 0.146484375 0.428438965625 0.146484375 0.44667040937499997 0.1484375 0.44927490312499996 0.1484375 0.47792431718749995 0.150390625 0.48052880781249996 0.150390625 0.488342284375 0.15234375 0.490946778125 0.15234375 0.5065737312499999 0.154296875 0.509178221875 0.154296875 0.5222006828125 0.15625 0.5248051765625 0.15625 0.5612680671875 0.158203125 0.5638725578125 0.158203125 0.5794995109375 0.16015625 0.5821040046875 0.16015625 0.63158935625 0.162109375 0.6341938468749999 0.162109375 0.65242529375 0.1640625 0.655029784375 0.1640625 0.6862836921875 0.16796875 0.69409716875 0.16796875 0.7071196296875 0.169921875 0.7097241203125 0.169921875 0.7305600578125 0.171875 0.7331645515625 0.171875 0.7644184562499999 0.1787109375 0.765720703125 0.1806640625 0.7683251953125 0.197265625 0.7670229484375 0.2001953125 0.765720703125 0.21875 0.740978028125 0.220703125 0.73576904375 0.220703125 0.7279555671875
0 0.236328125 0.678470215625 0.234375 0.6758657218749999 0.234375 0.636798340625 0.232421875 0.6341938468749999 0.23046875 0.5794995109375 0.228515625 0.5768950187499999 0.228515625 0.553454590625 0.2265625 0.550850096875 0.2265625 0.5169916984375 0.224609375 0.51438720625 0.224609375 0.47271533125 0.22265625 0.470110840625 0.22265625 0.44667040937499997 0.220703125 0.44406591874999995 0.220703125 0.4180209953125 0.21875 0.41541650468749997 0.21875 0.386767090625 0.216796875 0.384162596875 0.216796875 0.34769970625 0.21484375 0.345095215625 0.21484375 0.31905029375 0.212890625 0.3164458015625 0.212890625 0.2930053703125 0.2109375 0.2904008796875 0.2109375 0.261751465625 0.208984375 0.259146971875 0.208984375 0.23310205156250002 0.20703125 0.2304975578125 0.20703125 0.20705712968749998 0.205078125 0.2044526359375 0.205078125 0.17059423906249999 0.203125 0.1679897453125 0.203125 0.15236279375 0.1982421875 0.1484560546875 0.1943359375 0.1484560546875 0.1923828125 0.15106054687499998 0.1884765625 0.15106054687499998 0.185546875 0.16017626875 0.1875 0.1627807609375 0.1875 0.1862211921875 0.189453125 0.1888256828125 0.189453125 0.21487060625 0.19140625 0.21747509687500002 0.19140625 0.240915528125 0.193359375 0.24352001875 0.193359375 0.26435595625 0.1953125 0.2669604484375 0.1953125 0.2956098640625 0.197265625 0.29821435625000003 0.197265625 0.321654784375 0.19921875 0.324259278125 0.201171875 0.3737446296875 0.203125 0.3763491203125 0.203125 0.3971850578125 0.205078125 0.39978955156249996 0.205078125 0.428438965625 0.20703125 0.43104345625 0.20703125 0.4596928703125 0.208984375 0.4622973640625 0.208984375 0.49355126875 0.2109375 0.4961557609375 0.2109375 0.5430366203125 0.212890625 0.5456411140624999 0.212890625 0.5586635734375001 0.21484375 0.5612680671875 0.21484375 0.5742905281249999 0.216796875 0.5768950187499999 0.216796875 0.6055444328124999 0.21875 0.6081489265625 0.21875 0.636798340625 0.220703125 0.63940283125 0.220703125 0.6706567390625 0.22265625 0.6732612312499999 0.220703125 0.68107470625 0.22265625 0.6836791984375 0.22265625 0.6914926765625 0.224609375 0.69409716875 0.22265625 0.6967016593750001 0.22265625 0.7045151359374999 0.224609375 0.7071196296875 0.224609375 0.7253510734375 0.2265625 0.7279555671875 0.2265625 0.740978028125 0.2294921875 0.744884765625 0.2333984375 0.7474892578125 0.234375 0.7461870109375 0.23828125 0.74358251875 0.23828125 0.7123286140625 0.236328125 0.7097241203125 0.236328125 0.678470215625
0 0.259765625 0.720142090625 0.2578125 0.717537596875 0.2578125 0.6706567390625 0.255859375 0.6680522453125 0.255859375 0.6446118171874999 0.25390625 0.6420073234375 0.25390625 0.615962403125 0.251953125 0.613357909375 0.251953125 0.5847084953125 0.25 0.5821040046875 0.25 0.550850096875 0.248046875 0.54824560625 0.248046875 0.509178221875 0.24609375 0.5065737312499999 0.24609375 0.46750634687500003 0.244140625 0.46490185625 0.244140625 0.43885693281249993 0.2421875 0.43625244218750003 0.2421875 0.40499853437500005 0.240234375 0.40239404375000004 0.240234375 0.3789536140625 0.23828125 0.3763491203125 0.23828125 0.34769970625 0.236328125 0.345095215625 0.236328125 0.3138413078125 0.234375 0.3112368171875 0.234375 0.28519189375 0.232421875 0.282587403125 0.232421875 0.2487290046875 0.23046875 0.2461245109375 0.23046875 0.21487060625 0.228515625 0.2122661140625 0.228515625 0.1914301765625 0.2265625 0.1888256828125 0.2265625 0.15236279375 0.2216796875 0.1458515625 0.2041015625 0.1458515625 0.203125 0.1653852546875 0.205078125 0.1679897453125 0.205078125 0.196639159375 0.20703125 0.199243653125 0.20703125 0.2278930671875 0.208984375 0.2304975578125 0.208984375 0.25654248125 0.2109375 0.259146971875 0.212890625 0.3138413078125 0.21484375 0.3164458015625 0.21484375 0.345095215625 0.216796875 0.34769970625 0.216796875 0.3763491203125 0.21875 0.3789536140625 0.21875 0.40760302812500004 0.220703125 0.41020751874999994 0.220703125 0.44927490312499996 0.22265625 0.45187939374999997 0.22265625 0.47531982343749996 0.224609375 0.47792431718749995 0.224609375 0.511782715625 0.2265625 0.51438720625 0.2265625 0.53522314375 0.228515625 0.5378276359374999 0.228515625 0.5742905281249999 0.23046875 0.5768950187499999 0.23046875 0.6003354484375001 0.232421875 0.6029399421875 0.232421875 0.63158935625 0.234375 0.6341938468749999 0.234375 0.6628432609375 0.236328125 0.6654477546875001 0.236328125 0.6914926765625 0.23828125 0.69409716875 0.236328125 0.699306153125 0.23828125 0.70191064375 0.23828125 0.72274658125 0.240234375 0.7253510734375 0.240234375 0.7487915046875 0.2431640625 0.7526982421875 0.255859375 0.7513959953125 0.26171875 0.7461870109375 0.26171875 0.740978028125 0.259765625 0.738373534375 0.259765625 0.720142090625
0 0.287109375 0.7279555671875 0.287109375 0.6680522453125 0.28515625 0.6654477546875001 0.28515625 0.6341938468749999 0.283203125 0.63158935625 0.283203125 0.6081489265625 0.28125 0.6055444328124999 0.28125 0.5742905281249999 0.279296875 0.571686034375 0.279296875 0.5248051765625 0.27734375 0.5222006828125 0.27734375 0.49355126875 0.275390625 0.490946778125 0.275390625 0.4596928703125 0.2734375 0.4570883796875 0.2734375 0.428438965625 0.271484375 0.425834471875 0.271484375 0.38937158125 0.26953125 0.386767090625 0.26953125 0.36072216875 0.267578125 0.3581176765625 0.267578125 0.3320727546875 0.265625 0.32946826093750003 0.265625 0.2956098640625 0.263671875 0.2930053703125 0.263671875 0.26435595625 0.26171875 0.261751465625 0.26171875 0.22007959062500002 0.259765625 0.21747509687500002 0.259765625 0.1914301765625 0.2578125 0.1888256828125 0.2578125 0.16017626875 0.255859375 0.157571778125 0.255859375 0.15236279375 0.2529296875 0.1484560546875 0.2294921875 0.1484560546875 0.2265625 0.15236279375 0.2265625 0.178407715625 0.228515625 0.18101220625 0.228515625 0.20705712968749998 0.23046875 0.2096616203125 0.23046875 0.23831103437499998 0.232421875 0.240915528125 0.232421875 0.2695649421875 0.234375 0.2721694328125 0.234375 0.300818846875 0.236328125 0.303423340625 0.236328125 0.342490721875 0.23828125 0.345095215625 0.23828125 0.3711401359375 0.240234375 0.3737446296875 0.240234375 0.41020751874999994 0.2421875 0.4128120109375 0.2421875 0.44406591874999995 0.244140625 0.44667040937499997 0.244140625 0.4831333015625 0.24609375 0.48573779375 0.24609375 0.51438720625 0.248046875 0.5169916984375 0.248046875 0.54824560625 0.25 0.550850096875 0.25 0.5742905281249999 0.251953125 0.5768950187499999 0.251953125 0.6211713859375 0.25390625 0.6237758796875 0.25390625 0.6420073234375 0.255859375 0.6446118171874999 0.255859375 0.6888881828125 0.2578125 0.6914926765625 0.2578125 0.7123286140625 0.259765625 0.71493310625 0.2578125 0.72274658125 0.259765625 0.7253510734375 0.2607421875 0.744884765625 0.2646484375 0.7474892578125 0.28515625 0.7461870109375 0.287109375 0.74358251875 0.287109375 0.73576904375 0.2890625 0.7331645515625 0.287109375 0.7279555671875
0 0.30859375 0.6862836921875 0.30859375 0.655029784375 0.306640625 0.65242529375 0.306640625 0.6263803703125 0.3046875 0.6237758796875 0.3046875 0.5821040046875 0.302734375 0.5794995109375 0.3046875 0.5742905281249999 0.3046875 0.5690815437500001 0.302734375 0.5664770515625001 0.302734375 0.5378276359374999 0.30078125 0.53522314375 0.30078125 0.5013647453125001 0.298828125 0.4987602546875 0.298828125 0.470110840625 0.296875 0.46750634687500003 0.296875 0.42322998125 0.294921875 0.42062548906249997 0.294921875 0.3919760734375 0.29296875 0.38937158125 0.29296875 0.3555131828125 0.291015625 0.3529086921875 0.291015625 0.321654784375 0.2890625 0.31905029375 0.2890625 0.2904008796875 0.287109375 0.2877963859375 0.287109375 0.2539379890625 0.28515625 0.25133349531250004 0.28515625 0.2122661140625 0.283203125 0.2096616203125 0.283203125 0.17319873125000002 0.28125 0.17059423906249999 0.28125 0.16017626875 0.2763671875 0.15106054687499998 0.2626953125 0.15106054687499998 0.2578125 0.15496728437500001 0.2578125 0.18101220625 0.259765625 0.1836166984375 0.259765625 0.2122661140625 0.26171875 0.21487060625 0.26171875 0.2539379890625 0.263671875 0.25654248125 0.263671875 0.2877963859375 0.265625 0.2904008796875 0.265625 0.321654784375 0.267578125 0.324259278125 0.267578125 0.36853564375 0.26953125 0.3711401359375 0.26953125 0.3945805671875 0.271484375 0.3971850578125 0.271484375 0.43364794843750004 0.2734375 0.43625244218750003 0.2734375 0.47271533125 0.275390625 0.47531982343749996 0.275390625 0.5013647453125001 0.27734375 0.5039692390625 0.27734375 0.53522314375 0.279296875 0.5378276359374999 0.279296875 0.5690815437500001 0.28125 0.571686034375 0.28125 0.595126465625 0.283203125 0.5977309562500001 0.283203125 0.6420073234375 0.28515625 0.6446118171874999 0.28515625 0.6706567390625 0.287109375 0.6732612312499999 0.28515625 0.678470215625 0.287109375 0.68107470625 0.287109375 0.7045151359374999 0.2890625 0.7071196296875 0.2890625 0.73576904375 0.2939453125 0.7422802734375 0.296875 0.740978028125 0.3056640625 0.73967578125 0.310546875 0.7331645515625 0.310546875 0.6888881828125 0.30859375 0.6862836921875
0 0.3193359375 0.724048828125 0.31640625 0.717537596875 0.31640625 0.71493310625 0.3193359375 0.7110263671875 0.3232421875 0.7110263671875 0.3251953125 0.713630859375 0.328125 0.7097241203125 0.328125 0.678470215625 0.326171875 0.6758657218749999 0.326171875 0.6263803703125 0.32421875 0.6237758796875 0.32421875 0.58991748125 0.322265625 0.5873129890625 0.322265625 0.55605908125 0.3203125 0.553454590625 0.3203125 0.511782715625 0.318359375 0.509178221875 0.318359375 0.47271533125 0.31640625 0.470110840625 0.31640625 0.43364794843750004 0.314453125 0.43104345625 0.314453125 0.40499853437500005 0.3125 0.40239404375000004 0.3125 0.3763491203125 0.310546875 0.3737446296875 0.310546875 0.33988623125 0.30859375 0.3372817390625 0.30859375 0.303423340625 0.306640625 0.300818846875 0.306640625 0.2721694328125 0.3046875 0.2695649421875 0.3046875 0.23310205156250002 0.302734375 0.2304975578125 0.302734375 0.20705712968749998 0.30078125 0.2044526359375 0.302734375 0.20184814375000001 0.30078125 0.199243653125 0.30078125 0.1679897453125 0.298828125 0.1653852546875 0.2978515625 0.15887402343749998 0.2861328125 0.15887402343749998 0.28125 0.1679897453125 0.28125 0.17319873125000002 0.283203125 0.175803221875 0.283203125 0.2096616203125 0.28515625 0.2122661140625 0.28515625 0.2539379890625 0.287109375 0.25654248125 0.287109375 0.2956098640625 0.2890625 0.29821435625000003 0.2890625 0.32946826093750003 0.291015625 0.3320727546875 0.291015625 0.36853564375 0.29296875 0.3711401359375 0.29296875 0.3945805671875 0.294921875 0.3971850578125 0.294921875 0.43104345625 0.296875 0.43364794843750004 0.296875 0.46490185625 0.298828125 0.46750634687500003 0.298828125 0.5039692390625 0.30078125 0.5065737312499999 0.30078125 0.53522314375 0.302734375 0.5378276359374999 0.302734375 0.5742905281249999 0.3046875 0.5768950187499999 0.3046875 0.6081489265625 0.306640625 0.61075341875 0.306640625 0.6446118171874999 0.30859375 0.6472163078125 0.30859375 0.6732612312499999 0.310546875 0.6758657218749999 0.310546875 0.7097241203125 0.3125 0.7123286140625 0.3125 0.7305600578125 0.3154296875 0.7344667968749999 0.31640625 0.7331645515625 0.330078125 0.7305600578125 0.3291015625 0.7214443359375 0.3212890625 0.7214443359375 0.3193359375 0.724048828125
0 0.341796875 0.657634278125 0.341796875 0.61856689375 0.33984375 0.615962403125 0.33984375 0.571686034375 0.337890625 0.5690815437500001 0.337890625 0.53522314375 0.3359375 0.532618653125 0.3359375 0.509178221875 0.333984375 0.5065737312499999 0.333984375 0.47271533125 0.33203125 0.470110840625 0.33203125 0.43364794843750004 0.330078125 0.43104345625 0.330078125 0.40239404375000004 0.328125 0.39978955156249996 0.328125 0.3711401359375 0.326171875 0.36853564375 0.326171875 0.32946826093750003 0.32421875 0.32686376875 0.32421875 0.2877963859375 0.322265625 0.28519189375 0.322265625 0.25133349531250004 0.3203125 0.2487290046875 0.3203125 0.22268408125 0.318359375 0.22007959062500002 0.318359375 0.1888256828125 0.3212890625 0.1849189453125 0.3251953125 0.1849189453125 0.3271484375 0.182314453125 0.3427734375 0.182314453125 0.3447265625 0.1849189453125 0.34765625 0.18101220625 0.3447265625 0.17710546875 0.3427734375 0.17710546875 0.3330078125 0.16408300781250001 0.3310546875 0.16408300781250001 0.3232421875 0.15626953125 0.3017578125 0.15626953125 0.298828125 0.16017626875 0.298828125 0.175803221875 0.30078125 0.178407715625 0.30078125 0.2044526359375 0.302734375 0.20705712968749998 0.302734375 0.23831103437499998 0.3046875 0.240915528125 0.3046875 0.27737841875 0.306640625 0.27998290937500003 0.30859375 0.345095215625 0.310546875 0.34769970625 0.310546875 0.3763491203125 0.3125 0.3789536140625 0.3125 0.40760302812500004 0.314453125 0.41020751874999994 0.314453125 0.4414614265625 0.31640625 0.44406591874999995 0.31640625 0.48052880781249996 0.318359375 0.4831333015625 0.318359375 0.5222006828125 0.3203125 0.5248051765625 0.3203125 0.5586635734375001 0.322265625 0.5612680671875 0.322265625 0.595126465625 0.32421875 0.5977309562500001 0.32421875 0.63158935625 0.326171875 0.6341938468749999 0.326171875 0.68107470625 0.328125 0.6836791984375 0.330078125 0.7331645515625 0.3310546875 0.7344667968749999 0.345703125 0.7331645515625 0.345703125 0.7071196296875 0.34375 0.7045151359374999 0.34375 0.66023876875 0.341796875 0.657634278125
0 0.384765625 0.7253510734375 0.38671875 0.72274658125 0.384765625 0.717537596875 0.384765625 0.678470215625 0.3828125 0.6758657218749999 0.3828125 0.61856689375 0.380859375 0.615962403125 0.380859375 0.5742905281249999 0.37890625 0.571686034375 0.37890625 0.4987602546875 0.376953125 0.4961557609375 0.376953125 0.488342284375 0.375 0.48573779375 0.376953125 0.48052880781249996 0.375 0.47792431718749995 0.375 0.43885693281249993 0.373046875 0.43625244218750003 0.373046875 0.4180209953125 0.37109375 0.41541650468749997 0.37109375 0.3581176765625 0.369140625 0.3555131828125 0.369140625 0.32686376875 0.3671875 0.324259278125 0.3671875 0.2904008796875 0.365234375 0.2877963859375 0.365234375 0.2304975578125 0.375 0.22007959062500002 0.375 0.2122661140625 0.3662109375 0.2005458984375 0.3642578125 0.2005458984375 0.3505859375 0.1849189453125 0.3466796875 0.1849189453125 0.3447265625 0.182314453125 0.3369140625 0.182314453125 0.3330078125 0.1849189453125 0.3291015625 0.182314453125 0.3271484375 0.1849189453125 0.3212890625 0.1849189453125 0.318359375 0.1914301765625 0.318359375 0.199243653125 0.3203125 0.20184814375000001 0.3203125 0.2539379890625 0.322265625 0.25654248125 0.322265625 0.2877963859375 0.32421875 0.2904008796875 0.32421875 0.32946826093750003 0.326171875 0.3320727546875 0.326171875 0.363326659375 0.328125 0.365931153125 0.328125 0.3971850578125 0.330078125 0.39978955156249996 0.330078125 0.44406591874999995 0.33203125 0.44667040937499997 0.33203125 0.47271533125 0.333984375 0.47531982343749996 0.333984375 0.5013647453125001 0.3359375 0.5039692390625 0.3359375 0.53522314375 0.337890625 0.5378276359374999 0.337890625 0.636798340625 0.3359375 0.63940283125 0.337890625 0.6420073234375 0.337890625 0.657634278125 0.3359375 0.66023876875 0.3359375 0.6654477546875001 0.3291015625 0.6667500000000001 0.328125 0.6706567390625 0.341796875 0.6732612312499999 0.341796875 0.6758657218749999 0.337890625 0.68107470625 0.337890625 0.6862836921875 0.33984375 0.6914926765625 0.3359375 0.69409716875 0.337890625 0.699306153125 0.337890625 0.7045151359374999 0.341796875 0.7097241203125 0.341796875 0.717537596875 0.33984375 0.720142090625 0.33984375 0.7253510734375 0.345703125 0.7331645515625 0.345703125 0.740978028125 0.34765625 0.74358251875 0.34765625 0.7487915046875 0.3505859375 0.7526982421875 0.357421875 0.7513959953125 0.3759765625 0.75009375 0.3828125 0.740978028125 0.384765625 0.73576904375 0.384765625 0.7253510734375
0 0.39453125 0.6498208015625 0.39453125 0.5977309562500001 0.392578125 0.595126465625 0.392578125 0.54824560625 0.390625 0.5456411140624999 0.390625 0.5065737312499999 0.388671875 0.5039692390625 0.388671875 0.4596928703125 0.38671875 0.4570883796875 0.38671875 0.41020751874999994 0.384765625 0.40760302812500004 0.384765625 0.363326659375 0.3828125 0.36072216875 0.3828125 0.3164458015625 0.380859375 0.3138413078125 0.380859375 0.26435595625 0.37890625 0.261751465625 0.37890625 0.2304975578125 0.3759765625 0.2265908203125 0.3701171875 0.2265908203125 0.3671875 0.2304975578125 0.3671875 0.23831103437499998 0.365234375 0.240915528125 0.365234375 0.261751465625 0.3671875 0.26435595625 0.3671875 0.303423340625 0.369140625 0.30602783125 0.369140625 0.3372817390625 0.37109375 0.33988623125 0.37109375 0.3789536140625 0.373046875 0.38155810625000003 0.373046875 0.41541650468749997 0.375 0.4180209953125 0.375 0.4570883796875 0.376953125 0.4596928703125 0.376953125 0.4961557609375 0.37890625 0.4987602546875 0.37890625 0.5430366203125 0.380859375 0.5456411140624999 0.380859375 0.58991748125 0.3828125 0.592521971875 0.3828125 0.6446118171874999 0.384765625 0.6472163078125 0.384765625 0.6914926765625 0.38671875 0.69409716875 0.384765625 0.699306153125 0.38671875 0.70191064375 0.38671875 0.7253510734375 0.3896484375 0.7292578125 0.3984375 0.7279555671875 0.3984375 0.6967016593750001 0.396484375 0.69409716875 0.396484375 0.65242529375 0.39453125 0.6498208015625
0 0.421875 0.6732612312499999 0.419921875 0.6706567390625 0.421875 0.6654477546875001 0.419921875 0.6628432609375 0.419921875 0.6029399421875 0.41796875 0.6003354484375001 0.41796875 0.553454590625 0.416015625 0.550850096875 0.416015625 0.5169916984375 0.4140625 0.51438720625 0.4140625 0.470110840625 0.412109375 0.46750634687500003 0.412109375 0.42322998125 0.41015625 0.42062548906249997 0.41015625 0.36853564375 0.408203125 0.365931153125 0.408203125 0.321654784375 0.40625 0.31905029375 0.40625 0.27737841875 0.404296875 0.2747739265625 0.404296875 0.21487060625 0.4013671875 0.2109638671875 0.3876953125 0.2109638671875 0.3857421875 0.21356835937500002 0.37890625 0.21487060625 0.37890625 0.261751465625 0.380859375 0.26435595625 0.380859375 0.30602783125 0.3828125 0.3086323234375 0.3828125 0.3555131828125 0.384765625 0.3581176765625 0.384765625 0.40499853437500005 0.38671875 0.40760302812500004 0.38671875 0.45187939374999997 0.388671875 0.4544838859375 0.388671875 0.4987602546875 0.390625 0.5013647453125001 0.390625 0.5430366203125 0.392578125 0.5456411140624999 0.392578125 0.595126465625 0.39453125 0.5977309562500001 0.39453125 0.63940283125 0.396484375 0.6420073234375 0.396484375 0.6888881828125 0.3984375 0.6914926765625 0.3984375 0.7305600578125 0.4052734375 0.7370712890625 0.41015625 0.73576904375 0.4228515625 0.7344667968749999 0.423828125 0.7279555671875 0.421875 0.7253510734375 0.421875 0.6732612312499999
0 0.4765625 0.6758657218749999 0.474609375 0.6732612312499999 0.474609375 0.6211713859375 0.47265625 0.61856689375 0.47265625 0.5586635734375001 0.470703125 0.55605908125 0.470703125 0.5248051765625 0.46875 0.5222006828125 0.46875 0.46750634687500003 0.466796875 0.46490185625 0.466796875 0.40239404375000004 0.46484375 0.39978955156249996 0.466796875 0.3945805671875 0.46484375 0.38937158125 0.46484375 0.32686376875 0.462890625 0.324259278125 0.462890625 0.261751465625 0.46484375 0.259146971875 0.46484375 0.2539379890625 0.462890625 0.25133349531250004 0.462890625 0.23570654375000002 0.4609375 0.23310205156250002 0.4609375 0.2252885734375 0.4560546875 0.21877734375000002 0.4228515625 0.21877734375000002 0.4208984375 0.2213818359375 0.4072265625 0.2213818359375 0.404296875 0.2252885734375 0.404296875 0.259146971875 0.40625 0.261751465625 0.40625 0.324259278125 0.408203125 0.32686376875 0.408203125 0.36853564375 0.41015625 0.3711401359375 0.41015625 0.42062548906249997 0.412109375 0.42322998125 0.412109375 0.4596928703125 0.4140625 0.4622973640625 0.4140625 0.5169916984375 0.416015625 0.5195961921875 0.4140625 0.5248051765625 0.416015625 0.5274096687500001 0.416015625 0.553454590625 0.41796875 0.55605908125 0.41796875 0.6003354484375001 0.419921875 0.6029399421875 0.419921875 0.6654477546875001 0.421875 0.6680522453125 0.421875 0.7305600578125 0.4287109375 0.7370712890625 0.435546875 0.73576904375 0.4365234375 0.7344667968749999 0.4697265625 0.7344667968749999 0.4765625 0.72274658125 0.4765625 0.6758657218749999
0 0.494140625 0.592521971875 0.4921875 0.58991748125 0.494140625 0.5873129890625 0.4921875 0.5847084953125 0.4921875 0.5274096687500001 0.490234375 0.5248051765625 0.490234375 0.4570883796875 0.48828125 0.4544838859375 0.48828125 0.40239404375000004 0.486328125 0.39978955156249996 0.486328125 0.342490721875 0.484375 0.33988623125 0.484375 0.3164458015625 0.486328125 0.3138413078125 0.486328125 0.2904008796875 0.484375 0.2877963859375 0.486328125 0.28519189375 0.486328125 0.2747739265625 0.484375 0.2721694328125 0.484375 0.2669604484375 0.4814453125 0.26044921875 0.4658203125 0.26044921875 0.462890625 0.26435595625 0.462890625 0.300818846875 0.46484375 0.303423340625 0.46484375 0.3763491203125 0.466796875 0.3789536140625 0.466796875 0.44406591874999995 0.46875 0.44667040937499997 0.46875 0.5013647453125001 0.470703125 0.5039692390625 0.470703125 0.55605908125 0.47265625 0.5586635734375001 0.47265625 0.6081489265625 0.474609375 0.61075341875 0.474609375 0.6654477546875001 0.4765625 0.6680522453125 0.4765625 0.7045151359374999 0.4794921875 0.708421875 0.494140625 0.7071196296875 0.49609375 0.7045151359374999 0.49609375 0.657634278125 0.494140625 0.655029784375 0.494140625 0.592521971875
0 0.564453125 0.6420073234375 0.5625 0.63940283125 0.5625 0.5300141593750001 0.560546875 0.5274096687500001 0.560546875 0.5222006828125 0.5625 0.5195961921875 0.5625 0.509178221875 0.560546875 0.5065737312499999 0.560546875 0.3945805671875 0.55859375 0.3919760734375 0.55859375 0.3346772453125 0.556640625 0.3320727546875 0.556640625 0.3164458015625 0.5537109375 0.3125390625 0.5244140625 0.3125390625 0.5224609375 0.3151435546875 0.4892578125 0.3151435546875 0.486328125 0.31905029375 0.486328125 0.36853564375 0.48828125 0.3711401359375 0.48828125 0.42322998125 0.490234375 0.425834471875 0.490234375 0.47531982343749996 0.4921875 0.47792431718749995 0.490234375 0.4831333015625 0.4921875 0.48573779375 0.4921875 0.5690815437500001 0.494140625 0.571686034375 0.4921875 0.5742905281249999 0.494140625 0.5768950187499999 0.494140625 0.63940283125 0.49609375 0.6420073234375 0.49609375 0.7045151359374999 0.5009765625 0.7110263671875 0.5224609375 0.7110263671875 0.5244140625 0.708421875 0.5283203125 0.7110263671875 0.53125 0.7097241203125 0.5322265625 0.708421875 0.5615234375 0.708421875 0.564453125 0.7045151359374999 0.564453125 0.6420073234375
0 0.611328125 0.509178221875 0.609375 0.5065737312499999 0.609375 0.3138413078125 0.607421875 0.3112368171875 0.607421875 0.282587403125 0.6044921875 0.2786806640625 0.5830078125 0.2786806640625 0.5810546875 0.28128515625 0.5615234375 0.28128515625 0.556640625 0.2904008796875 0.55859375 0.2930053703125 0.55859375 0.30602783125 0.560546875 0.3086323234375 0.560546875 0.40760302812500004 0.5625 0.41020751874999994 0.5625 0.509178221875 0.564453125 0.511782715625 0.564453125 0.6758657218749999 0.56640625 0.678470215625 0.56640625 0.72274658125 0.5693359375 0.7266533203125001 0.6103515625 0.7266533203125001 0.611328125 0.7253510734375 0.61328125 0.72274658125 0.61328125 0.699306153125 0.611328125 0.6967016593750001 0.611328125 0.509178221875
0 0.642578125 0.43625244218750003 0.640625 0.43364794843750004 0.640625 0.2956098640625 0.638671875 0.2930053703125 0.638671875 0.23310205156250002 0.63671875 0.2304975578125 0.63671875 0.199243653125 0.6142578125 0.19794140625 0.607421875 0.2044526359375 0.607421875 0.2747739265625 0.609375 0.27737841875 0.609375 0.4180209953125 0.611328125 0.42062548906249997 0.611328125 0.61856689375 0.61328125 0.6211713859375 0.61328125 0.717537596875 0.6181640625 0.724048828125 0.640625 0.72274658125 0.64453125 0.717537596875 0.64453125 0.655029784375 0.642578125 0.65242529375 0.642578125 0.43625244218750003
0 0.671875 0.6680522453125 0.673828125 0.6654477546875001 0.673828125 0.65242529375 0.671875 0.6498208015625 0.673828125 0.6446118171874999 0.671875 0.63940283125 0.671875 0.46490185625 0.669921875 0.4622973640625 0.669921875 0.40760302812500004 0.671875 0.40499853437500005 0.669921875 0.40239404375000004 0.669921875 0.2721694328125 0.671875 0.2695649421875 0.6689453125 0.2630537109375 0.6611328125 0.2630537109375 0.6591796875 0.26044921875 0.6533203125 0.26044921875 0.6513671875 0.2630537109375 0.6416015625 0.2630537109375 0.638671875 0.2695649421875 0.640625 0.2721694328125 0.640625 0.425834471875 0.642578125 0.428438965625 0.642578125 0.5977309562500001 0.64453125 0.6003354484375001 0.642578125 0.6029399421875 0.642578125 0.6081489265625 0.64453125 0.61075341875 0.642578125 0.615962403125 0.64453125 0.6211713859375 0.642578125 0.6263803703125 0.64453125 0.63158935625 0.64453125 0.6446118171874999 0.642578125 0.6472163078125 0.64453125 0.6498208015625 0.64453125 0.71493310625 0.6474609375 0.71883984375 0.66796875 0.717537596875 0.673828125 0.71493310625 0.673828125 0.68107470625 0.671875 0.678470215625 0.671875 0.6680522453125
0 0.701171875 0.6836791984375 0.69921875 0.68107470625 0.69921875 0.6654477546875001 0.701171875 0.6628432609375 0.69921875 0.657634278125 0.69921875 0.2461245109375 0.6962890625 0.23961328124999998 0.6826171875 0.23961328124999998 0.6787109375 0.2422177734375 0.671875 0.25133349531250004 0.671875 0.261751465625 0.673828125 0.26435595625 0.671875 0.2669604484375 0.673828125 0.2695649421875 0.673828125 0.5378276359374999 0.67578125 0.5404321296875 0.67578125 0.550850096875 0.673828125 0.553454590625 0.673828125 0.5768950187499999 0.67578125 0.5794995109375 0.67578125 0.7123286140625 0.6826171875 0.7266533203125001 0.6865234375 0.7292578125 0.6953125 0.7279555671875 0.69921875 0.7253510734375 0.69921875 0.69409716875 0.701171875 0.6914926765625 0.701171875 0.6836791984375
0 0.7294921875 0.2708671875 0.7001953125 0.2708671875 0.69921875 0.2721694328125 0.69921875 0.6888881828125 0.701171875 0.69409716875 0.69921875 0.6967016593750001 0.69921875 0.720142090625 0.7041015625 0.7266533203125001 0.724609375 0.7253510734375 0.7275390625 0.724048828125 0.73046875 0.717537596875 0.73046875 0.2721694328125 0.7294921875 0.2708671875
0 0.765625 0.699306153125 0.765625 0.6888881828125 0.767578125 0.6862836921875 0.767578125 0.345095215625 0.7568359375 0.34379296875 0.7548828125 0.3411884765625 0.7529296875 0.34379296875 0.7431640625 0.34379296875 0.7412109375 0.3411884765625 0.7373046875 0.3411884765625 0.73046875 0.34769970625 0.73046875 0.54824560625 0.732421875 0.550850096875 0.73046875 0.553454590625 0.73046875 0.5768950187499999 0.732421875 0.5794995109375 0.732421875 0.6029399421875 0.73046875 0.6055444328124999 0.732421875 0.61075341875 0.73046875 0.615962403125 0.73046875 0.65242529375 0.732421875 0.655029784375 0.732421875 0.71493310625 0.7333984375 0.7162353515625 0.7509765625 0.7162353515625 0.7529296875 0.713630859375 0.7548828125 0.7162353515625 0.755859375 0.71493310625 0.7646484375 0.713630859375 0.765625 0.7071196296875 0.767578125 0.7045151359374999 0.765625 0.699306153125
0 0.818359375 0.5586635734375001 0.81640625 0.55605908125 0.81640625 0.5430366203125 0.818359375 0.5404321296875 0.81640625 0.53522314375 0.818359375 0.5300141593750001 0.818359375 0.345095215625 0.8154296875 0.338583984375 0.7802734375 0.338583984375 0.7783203125 0.3411884765625 0.7724609375 0.3411884765625 0.76953125 0.345095215625 0.76953125 0.6446118171874999 0.767578125 0.6472163078125 0.767578125 0.6758657218749999 0.76953125 0.678470215625 0.76953125 0.71493310625 0.7802734375 0.7292578125 0.7841796875 0.7318623046875 0.7890625 0.7305600578125 0.8134765625 0.7292578125 0.81640625 0.7253510734375 0.81640625 0.5612680671875 0.818359375 0.5586635734375001
0 0.8515625 0.51438720625 0.8515625 0.38155810625000003 0.853515625 0.3789536140625 0.853515625 0.32946826093750003 0.8505859375 0.3255615234375 0.8427734375 0.3255615234375 0.8408203125 0.32295703124999997 0.8349609375 0.32295703124999997 0.8330078125 0.3255615234375 0.8251953125 0.3255615234375 0.818359375 0.3320727546875 0.818359375 0.72274658125 0.8271484375 0.7318623046875 0.841796875 0.7305600578125 0.8466796875 0.7292578125 0.849609375 0.7253510734375 0.849609375 0.5169916984375 0.8515625 0.51438720625
0 0.89453125 0.5195961921875 0.89453125 0.51438720625 0.892578125 0.511782715625 0.892578125 0.5013647453125001 0.89453125 0.4987602546875 0.89453125 0.3971850578125 0.896484375 0.3945805671875 0.896484375 0.3346772453125 0.8984375 0.3320727546875 0.8984375 0.31905029375 0.8955078125 0.3151435546875 0.8623046875 0.3125390625 0.8603515625 0.3151435546875 0.8564453125 0.3151435546875 0.8544921875 0.31774804687499997 0.849609375 0.31905029375 0.849609375 0.321654784375 0.853515625 0.32686376875 0.853515625 0.43885693281249993 0.8515625 0.4414614265625 0.8515625 0.5847084953125 0.849609375 0.5873129890625 0.849609375 0.7253510734375 0.8544921875 0.7318623046875 0.8583984375 0.7318623046875 0.8662109375 0.7370712890625 0.875 0.73576904375 0.8896484375 0.7344667968749999 0.892578125 0.7305600578125 0.892578125 0.5222006828125 0.89453125 0.5195961921875
0 0.91796875 0.54824560625 0.919921875 0.5456411140624999 0.919921875 0.40499853437500005 0.921875 0.40239404375000004 0.921875 0.32686376875 0.9208984375 0.3255615234375 0.9013671875 0.3255615234375 0.8984375 0.32946826093750003 0.8984375 0.3346772453125 0.896484375 0.3372817390625 0.896484375 0.4180209953125 0.89453125 0.42062548906249997 0.89453125 0.5821040046875 0.892578125 0.5847084953125 0.892578125 0.7253510734375 0.8955078125 0.7292578125 0.8984375 0.7279555671875 0.916015625 0.7253510734375 0.916015625 0.6758657218749999 0.91796875 0.6732612312499999 0.91796875 0.54824560625
0 0.955078125 0.6029399421875 0.95703125 0.6003354484375001 0.95703125 0.58991748125 0.955078125 0.5847084953125 0.95703125 0.5821040046875 0.95703125 0.532618653125 0.958984375 0.5300141593750001 0.958984375 0.4570883796875 0.9609375 0.4544838859375 0.9609375 0.3581176765625 0.962890625 0.3555131828125 0.962890625 0.3503041984375 0.9609375 0.345095215625 0.962890625 0.342490721875 0.962890625 0.3346772453125 0.9599609375 0.3307705078125 0.9306640625 0.3307705078125 0.9287109375 0.33337500000000003 0.923828125 0.3346772453125 0.923828125 0.36072216875 0.921875 0.363326659375 0.923828125 0.36853564375 0.921875 0.3711401359375 0.921875 0.488342284375 0.919921875 0.490946778125 0.919921875 0.61075341875 0.91796875 0.613357909375 0.91796875 0.72274658125 0.9208984375 0.7266533203125001 0.9462890625 0.7266533203125001 0.947265625 0.7253510734375 0.953125 0.72274658125 0.953125 0.6706567390625 0.955078125 0.6680522453125 0.955078125 0.6029399421875
0 0.970703125 0.6498208015625 0.97265625 0.6472163078125 0.97265625 0.5821040046875 0.974609375 0.5794995109375 0.974609375 0.5039692390625 0.9765625 0.5013647453125001 0.9765625 0.42322998125 0.978515625 0.42062548906249997 0.978515625 0.321654784375 0.98046875 0.31905029375 0.98046875 0.259146971875 0.9775390625 0.255240234375 0.9599609375 0.255240234375 0.9580078125 0.2578447265625 0.9521484375 0.2578447265625 0.9501953125 0.26044921875 0.9423828125 0.26044921875 0.9384765625 0.2630537109375 0.935546875 0.2669604484375 0.927734375 0.2877963859375 0.904296875 0.3164458015625 0.904296875 0.31905029375 0.9091796875 0.3255615234375 0.9111328125 0.32295703124999997 0.9208984375 0.32295703124999997 0.9228515625 0.3255615234375 0.9267578125 0.3255615234375 0.9306640625 0.3307705078125 0.9599609375 0.3307705078125 0.962890625 0.3346772453125 0.962890625 0.3711401359375 0.9609375 0.3737446296875 0.962890625 0.3763491203125 0.9609375 0.38155810625000003 0.9609375 0.4414614265625 0.958984375 0.44406591874999995 0.958984375 0.511782715625 0.95703125 0.51438720625 0.95703125 0.58991748125 0.955078125 0.592521971875 0.955078125 0.699306153125 0.953125 0.70191064375 0.953125 0.72274658125 0.9541015625 0.724048828125 0.966796875 0.72274658125 0.96875 0.720142090625 0.96875 0.7123286140625 0.970703125 0.7097241203125 0.970703125 0.6498208015625