0 0.06341003125 0 0.06934498125 0.004368871875 0.097391759375 0.003876996875 0.1700029421875 0.0108247375 0.174815415625 0.0143673234375 0.1708930203125 0.0178212984375 0.1828362015625 0.020271632812500003 0.18836275156249999 0.0179985203125 0.1817080953125 0.015213637499999998 0.1872346453125 0.0129405234375 0.2290667875 0.0141412796875 0.246060465625 0.018195634375 0.360741815625 0.0244055625 0.4990715 0.0374547265625 0.627538215625 0.045357285937500005 0.6826796671875 0.0521278046875 0.8180390640624999 0.06087667812500001 0.8297442187499999 0.06526557968749999 0.8397831874999999 0.083224446875 0.87472265 0.0835788890625 0.9229714203125001 0.0895030921875 0.9371708109375 0.1020694171875 0.92956405 0.107038803125 0.9415072296875 0.1094891375 0.9514322265624999 0.0998849140625 0.9482239109374999 0.097523190625 0.9611812203125 0.077468428125 0.9640375328124999 0.054205628125 0.5185302093749999 0 0.06341003125 0
0 0.679233328125 0.051704646875 0.0661366671875 0.002007146875 0.05716377499999999 0.0038571031249999997 0.05710174999999999 0.0186079328125 0.1673846546875 0.032148970312500004 0.29585136875 0.0400515296875 0.8046057015624999 0.0848085734375 0.825521771875 0.0854089515625 0.8322384546875 0.07344300312499999 0.828140059375 0.0640847171875 0.8077000406250001 0.05960720625 0.679233328125 0.051704646875
0 0.2970314265625 0.0874234453125 0.5913985515625 0.111760428125 0.913098375 0.1414212359375 0.9236754234375001 0.1407521421875 0.9294399999999999 0.1365404609375 0.933010390625 0.1074619609375 0.9257036828125 0.09574194999999999 0.8705622296875 0.08897143125 0.839069109375 0.089040146875 0.555517059375 0.062095504687500004 0.305952365625 0.04325956875 0.240471890625 0.0352195765625 0.184616359375 0.034264757812500005 0.06375640625 0.0213928140625 0.0545454875 0.0251813375 0.054721489062499996 0.0379936 0.0539453859375 0.058560128125 0.06196617343750001 0.0644644390625 0.0759895625 0.0642185015625 0.0789598515625 0.06851879375 0.1306549625 0.07486615468749999 0.1759334453125 0.0764900671875 0.25864562343749997 0.086645846875 0.2970314265625 0.0874234453125
0 0.8893779421874999 0.20639757812499998 0.8837893671874999 0.22342152187500003 0.9053574921875001 0.23295702812500002 0.9148064343750001 0.22722993906250002 0.923603325 0.21256772031249999 0.935494553125 0.172704134375 0.9314581859375 0.14859501875 0.9234373984375001 0.14269070781249998 0.320917784375 0.09232411406249999 0.2209739015625 0.08005254843750001 0.178903734375 0.080790359375 0.0543594125 0.069433825 0.0485948375 0.0736455046875 0.046628603125 0.1039048671875 0.049360865625 0.110143725 0.083824275 0.1143753 0.8763686828124999 0.1841384203125 0.8873597578125001 0.19434302187500002 0.8866456796875 0.200158721875 0.8967466765625 0.2033667609375 0.8960325984375 0.2091824609375 0.8893779421874999 0.20639757812499998
0 0.9439092203125 0.3036116390625 0.9571045546875 0.2816183109375 0.9594848140625001 0.26223264375 0.9552104203124999 0.24006209531249997 0.93316624375 0.234403721875 0.8394009640625001 0.2287941703125 0.047570634375 0.15321535 0.038359715625 0.1570038734375 0.03615545625 0.18920180312499998 0.0772735203125 0.1962182578125 0.2431739296875 0.2126526828125 0.2953450953125 0.2151229109375 0.4472221171875 0.231803271875 0.9247213562500001 0.2746904640625 0.93274214375 0.280594775 0.9307759093750001 0.3108541375 0.9439092203125 0.3036116390625
0 0.8555565140624999 0.2681658828125 0.4713465015625 0.2347653734375 0.039363770312500004 0.1915635265625 0.0338372203125 0.193836640625 0.0321090125 0.22215743593749998 0.2147650765625 0.24458478125 0.6053917171875 0.28270873750000003 0.7060496781250001 0.2891646046875 0.9201988609375 0.31152323125 0.929409778125 0.30773470937499997 0.93274214375 0.280594775 0.9279296703125001 0.2770521890625 0.8555565140624999 0.2681658828125
0 1 0.31967110625 0.6986809453125 0.29219542187499997 0.6885799484375 0.28898738281249997 0.5118644640625 0.2751606203125 0.32207769375 0.25382552812500003 0.055757346875 0.228996671875 0.042210009375 0.22536547499999998 0.03323711875 0.22721543125000002 0.030442831250000003 0.23572740312499998 0.031984962500000005 0.25165909375 0.1457142109375 0.265623290625 0.3669941 0.286889665625 0.377095096875 0.2900977046875 0.7504900343750001 0.326105875 1 0.3586180953125 1 0.31967110625
0 0.7950963140625 0.4329241578125 0.7867754765625 0.44370924375 0.7915879484375 0.4472518296875 0.8499377156250001 0.4563840734375 0.8672314453125001 0.44374903125 0.868421575 0.43405619843750004 0.897420459375 0.42581005781250003 0.90301910625 0.351721365625 0.8949983203125 0.3458170546875 0.8053934593750001 0.3348149609375 0.5390731140625 0.3099861046875 0.3148229359375 0.2844194375 0.21416497343750002 0.277963571875 0.041847934375 0.2568057 0.0294287015625 0.2582324984375 0.02222589375 0.3311403296875 0.056451278125000004 0.3373104703125 0.12240780468750001 0.34147332812500003 0.34986629687500004 0.36940171875 0.7850573421875 0.414965290625 0.7880276328125 0.41926558125 0.8063874406249999 0.42643936406250005 0.792126025 0.4286238671875 0.7950963140625 0.4329241578125
0 0.7400168875 0.4114028109375 0.6120262234375 0.39962311875 0.1394014828125 0.3455276828125 0.0389815453125 0.33713325 0.032326890625 0.33434836875 0.016461318750000002 0.335352009375 0.015209162500000002 0.359795671875 0.1976272 0.3841615828125 0.30149347656250003 0.3929791734375 0.705191403125 0.43861146093750003 0.7704338515625 0.44859001875000004 0.780358846875 0.43898579531250004 0.7861854484374999 0.42002328593750005 0.781372975 0.4164807 0.7400168875 0.4114028109375
0 0.525505628125 0.42048440625000005 0.017941425 0.3660345296875 0.0119388234375 0.37218477656250004 0.0090204859375 0.41019840625 0.0186454296875 0.41728357968749996 0.615338440625 0.48661268281250003 0.914932065625 0.5253659468749999 0.9351960828125 0.517031196875 0.9407846578125 0.5000072531249999 0.936748290625 0.47589813750000004 0.922072846875 0.46720894687500003 0.525505628125 0.42048440625000005
0 0.0050880171875 0.47071713125 0.8873512640625 0.5790454375 0.897276259375 0.5694412140625 0.90203678125 0.5306698796875 0.8770223156249999 0.520711215625 0.207718121875 0.444434371875 0.021853743749999998 0.419645303125 0.0094345125 0.4210721015625 0.0050880171875 0.47071713125
0 0 0.485835340625 0.8645309843750001 0.5939535921875 0.8735038749999999 0.5921036359375 0.87493203125 0.5804722359375 0.7529439734375 0.562542296875 0.0878001984375 0.4808729109375 0.0014036515625 0.47223254062500003 0 0.4836643625 0 0.485835340625
0 0 0.5311049718749999 0.8174622687499999 0.6354013046875 0.8229888203125 0.633128190625 0.830243578125 0.60253428125 0.8277493421875001 0.59435685625 0.8128358734375001 0.58760623125 0.006392125 0.4885873890625 0 0.4912165203125 0 0.5311049718749999
0 0 0.597998921875 0.0861138671875 0.6085723765625 0.092530496875 0.6132958234375 0.1272319296875 0.61558883125 0.24369344062499998 0.635791884375 0.250824146875 0.6346996328125 0.40198709062500004 0.6571956937500001 0.5984285171875 0.68131566875 0.8113875671875 0.7133671296874999 0.8219646171875 0.7126980359374999 0.8628446546875 0.7216530578125 0.9179861062500001 0.7284235765625 0.92743505 0.7226964875 0.9320815953125001 0.6563620625000001 0.92085249375 0.648096028125 0.9004124765625001 0.6436185156249999 0.8241169265625 0.6381861859375 0.44894182968749996 0.588184890625 0.0009175265625 0.5331744234375 0 0.534363678125 0 0.597998921875
0 0 0.69100200625 0.7997242906250001 0.8083568984375 0.8548657437499999 0.8151274171875 0.8606303203125 0.8109157359375001 0.8671810734375001 0.729072778125 0.8626066281250001 0.723591625 0.85250563125 0.7203835859375001 0.0196812875 0.6082866515625 0 0.6076253140625 0 0.69100200625
0 0 0.7864859140625 0.13492244375 0.8093767859375 0.49559809843749997 0.8635011499999999 0.721628434375 0.9030609421875001 0.893469421875 0.928095946875 0.9100490734375001 0.92127660625 0.9188560375 0.8495496375 0.90935514375 0.8129628078125 0.8746017593750001 0.7683558796875001 0.862420553125 0.7678441109375 0.867647053125 0.78226039375 0.8638386359375 0.8132774609375 0.8583120843750001 0.8155505749999999 0.7307974749999999 0.7998937500000001 0.6554540296875 0.7867071515624999 0.3974545203125 0.7510932109375 0.3324500984375 0.7391760859375001 0 0.6946655234375 0 0.7180342734375 0.05780891406250001 0.725132315625 0.07640675 0.73036753125 0 0.7224867578125 0 0.7864859140625
0 0.8758949703125 1 0.883544428125 0.9377001703125 0.8759996921875001 0.9279187265625 0.8486669921875001 0.9225949 0.6940577078125 0.8996756828124999 0.3513278359375 0.8418514046875 0 0.7896494781250001 0 0.9081401281250001 0.2092936375 0.9444471484375001 0.40406888125 0.9821370890625 0.513875734375 0.9995552609375 0.515608371875 1 0.8758949703125 1
0 0.814096521875 0.17846015312500002 0.5576391468749999 0.1587779015625 0.05256918125 0.11250545 0.0433582640625 0.11629397187499999 0.041154003125 0.1484919015625 0.10639645312499998 0.15847045937499998 0.2968973015625 0.17398985312499998 0.403733865625 0.18710773281249998 0.846531671875 0.22770191875 0.8727362671875 0.22796775 0.8807051031249999 0.19155813906250002 0.87613065625 0.1860769859375 0.814096521875 0.17846015312500002