0 0.1783002078125 0.912417128125 0.17639282812499998 0.9097792703125 0.1781653390625 0.8082322390625001 0.176257959375 0.8055943828125001 0.1787122046875 0.6649908015625 0.17680482656250002 0.66235294375 0.1791681734375 0.5269569015625 0.17726079374999998 0.5243190453125 0.1799877328125 0.3680928421875 0.182985146875 0.36423831875 0.20446625 0.36461327187500003 0.2063736296875 0.367251128125 0.21809059375 0.3674556484375 0.2199979734375 0.3700935046875 0.2297621109375 0.3702639390625 0.2316694890625 0.372901796875 0.247292109375 0.37317449062499997 0.2491994875 0.3758123453125 0.260916453125 0.376016865625 0.2639138671875 0.372162340625 0.2640502140625 0.36435103125 0.26604849062499997 0.3617813484375 0.267093078125 0.3578927375 0.276857215625 0.3580631703125 0.28085376875 0.352923803125 0.2984292171875 0.353230584375 0.30142663125 0.349376059375 0.3033354890625 0.24001771718749998 0.3004744203125 0.23606093281249999 0.29852159375 0.2360268453125 0.29470683593749997 0.23075113281249998 0.2927540078125 0.23071704531249998 0.2889392515625 0.2254413328125 0.2869864234375 0.2254072453125 0.28317166718750003 0.22013153124999998 0.2812188390625 0.22009744531250003 0.2774040828125 0.21482173124999998 0.2754512546875 0.2147876453125 0.2735438765625 0.21214978750000002 0.2677308421875 0.2094437578125 0.2639160859375 0.20416804375000003 0.2619632578125 0.20413395625000003 0.2561956734375 0.1988241578125 0.25424284531249997 0.1987900703125 0.2504280890625 0.19351435781249998 0.24461505468750003 0.1908083265625 0.2408002984375 0.1855326140625 0.2388474703125 0.18549852656250002 0.2369400921875 0.1828606703125 0.2349872640625 0.1828265828125 0.2330798859375 0.180188725 0.22726685156249998 0.177482696875 0.22345209531250002 0.17220698125 0.2176390609375 0.169500953125 0.20805671874999998 0.1589154390625 0.20610389218749997 0.1588813515625 0.2041965140625 0.15624349375 0.2022436859375 0.15620940781249998 0.2003363078125 0.1535715515625 0.1983834796875 0.15353746562499998 0.1964761015625 0.1508996078125 0.1945232734375 0.150865521875 0.1926158953125 0.14822766406250001 0.19066306718749998 0.1481935765625 0.1887556890625 0.14555572187500002 0.1868028609375 0.14552163437500001 0.18489548281249998 0.142883778125 0.18294265625 0.142849690625 0.1771750703125 0.137539890625 0.1595996234375 0.13723311093749999 0.15769224375 0.134595253125 0.12839983125 0.1340839515625 0.1264015546875 0.1366536359375 0.11663741718750001 0.1364832015625 0.113640003125 0.14033772656250001 0.1124128796875 0.21063951875 0.11432025937500001 0.21327737343750003 0.11332038124999999 0.270560315625 0.115227759375 0.273198171875 0.11372794374999999 0.359122584375 0.115635321875 0.3617604390625 0.1144082 0.43206223125000004 0.116315578125 0.4347000875 0.11486121093749999 0.518020728125 0.116768590625 0.5206585859375 0.11540512031250001 0.5987716875 0.1173125 0.6014095453125 0.11585813281249999 0.6847301859375 0.11776551093750001 0.6873680421875 0.11612934687500001 0.7811037640625 0.1180367265625 0.7837416203124999 0.11658235937500001 0.8670622625 0.1184897375 0.8697001171875 0.1177171046875 0.913964209375 0.1196244828125 0.916602065625 0.11921544218749999 0.9400359953124999 0.12207651093750001 0.9439927812500001 0.1240293375 0.9440268671875 0.1259367171875 0.946664725 0.129842371875 0.9467328984375 0.13174975 0.9493707562499999 0.1610421625 0.9498820562500001 0.16204130156250002 0.9485972140625 0.16304043906250001 0.947312371875 0.168898921875 0.9474146328125 0.1708971984375 0.9448449484375001 0.17285002656249998 0.9448790359375 0.175847440625 0.9410245109375 0.17598378750000002 0.9332132 0.1779820640625 0.93064351875 0.1783002078125 0.912417128125
0 0.11512947031250001 0.8383867031250001 0.11322209218749998 0.8357488484375001 0.11399472343749999 0.79148475625 0.1120873453125 0.7888469 0.1130872234375 0.7315639593750001 0.11117984375000001 0.7289261015624999 0.1151339046875 0.5023981078124999 0.11322652656250001 0.499760253125 0.11449909843749999 0.42685469062500003 0.11259171875 0.424216834375 0.11263716875 0.421613065625 0.1146354453125 0.41904338125 0.1148626890625 0.40602453125000004 0.1129553109375 0.40338667343749995 0.1136824953125 0.361726353125 0.110775978125 0.3603733390625 0.10886860000000001 0.35773548125 0.0717648765625 0.3570878328125 0.0687674609375 0.3609423578125 0.06799482968750001 0.40520645 0.06990220781249999 0.40784430625 0.068720534375 0.47554232812499997 0.0706279125 0.4781801828125 0.0695825859375 0.5380668953125001 0.071489965625 0.5407047515625 0.0703991890625 0.60319523125 0.07230656875 0.6058330890625 0.07126124218749999 0.6657198 0.0731686203125 0.66835765625 0.0720323953125 0.7334519078125 0.073939775 0.7360897640624999 0.0731216921875 0.782957625 0.07502907187499999 0.7855954828125 0.0741200921875 0.8376708828125 0.0760274703125 0.8403087390625 0.075391184375 0.8767615203125001 0.07729856406249999 0.8793993765625 0.07661682812500001 0.918455928125 0.0785242078125 0.9210937843749999 0.078160615625 0.9419239453125 0.0810216828125 0.9458807296874999 0.110314096875 0.94639203125 0.111313234375 0.9451071890625 0.11530978750000001 0.9399678218749999 0.115446134375 0.9321565125 0.1174444109375 0.9295868296875 0.117489859375 0.9269830593749999 0.11558248125 0.9243452015625 0.116309665625 0.8826848828125 0.11440228593749999 0.880047025 0.11512947031250001 0.8383867031250001
0 0.202188628125 0.8867884671875 0.204186903125 0.8842187859375 0.20423235312500002 0.8816150140625 0.20232497500000002 0.8789771578125001 0.20423383125 0.769618815625 0.20232645312500003 0.766980959375 0.2043247296875 0.7644112765625 0.2045519734375 0.7513924265624999 0.2026445953125 0.74875456875 0.20269004375000002 0.7461507984375 0.2046883203125 0.743581115625 0.20477921875 0.738373575 0.202871840625 0.73573571875 0.2054169828125 0.589924596875 0.2035096046875 0.587286740625 0.20355505312500002 0.5846829703124999 0.2055533296875 0.5821132859375 0.205598778125 0.5795095171875 0.2036914 0.576871659375 0.2039186453125 0.5638528093749999 0.20591692187500002 0.5612831265625 0.20400954375000002 0.55864526875 0.20673648125000002 0.4024190671875 0.20773562031249998 0.401134225 0.250697825 0.40188413437500003 0.2526961015625 0.39931445 0.2566017578125 0.39938262343750003 0.25850913593749997 0.40202048125 0.262414790625 0.40208865468750005 0.26541220625 0.3982341296875 0.2656849 0.382611509375 0.26282383125000003 0.3786547234375 0.25305969375 0.378484290625 0.251152315625 0.3758464328125 0.23943535 0.3756419125 0.237527971875 0.37300405625 0.22385817812500003 0.37276545 0.22195079999999998 0.3701275921875 0.2082810078125 0.369888984375 0.2063736296875 0.367251128125 0.180986871875 0.36680799999999997 0.1799877328125 0.3680928421875 0.17835157031249999 0.46182856406250006 0.1802589484375 0.4644664203125 0.18012260156249998 0.4722777296875 0.178124325 0.47484741406250003 0.1780334265625 0.48005495312499996 0.17994080625 0.48269281093750005 0.17748656093749998 0.62329639375 0.1793939390625 0.62593425 0.1769396953125 0.7665378328125 0.1788470734375 0.7691756875 0.1768927671875 0.8811378 0.1788001453125 0.8837756578124999 0.1787092484375 0.888983196875 0.176710971875 0.89155288125 0.176665521875 0.89415665 0.1785729015625 0.8967945078125 0.1777093703125 0.9462661390625 0.1805704390625 0.9502229234374999 0.1981458859375 0.9505297046875001 0.199145025 0.9492448609374999 0.20314157812500003 0.9441054953125001 0.203232475 0.9388979562499999 0.201325096875 0.9362600984375 0.2017341375 0.91282616875 0.2037324140625 0.9102564843750001 0.2038687609375 0.9024451750000001 0.20196138281249998 0.89980731875 0.202188628125 0.8867884671875
0 0.211641275 0.40120239843750005 0.206645584375 0.40762660781250004 0.2065092375 0.4154379171875 0.20841661562499997 0.41807577343749996 0.205371534375 0.5925283671875 0.2072789125 0.5951662234375 0.20723346406249998 0.59776999375 0.20523518749999997 0.6003396765625 0.20714256562500002 0.602977534375 0.2047337703125 0.7409773453125 0.2066411484375 0.743615203125 0.20318702656249998 0.941501725 0.20604809375 0.9454585109375 0.22557636875 0.945799378125 0.2274837484375 0.9484372343749999 0.2567761609375 0.9489485359375 0.2577753 0.9476636953125 0.259773575 0.9450940109375001 0.26431847343750003 0.68471700625 0.2624110953125 0.6820791500000001 0.2657288703125 0.4920039375 0.263821490625 0.4893660796875 0.26527585781249996 0.4060454390625 0.262414790625 0.40208865468750005 0.211641275 0.40120239843750005
0 0.299198153125 0.5889569906250001 0.2992436015625 0.5863532203124999 0.30124187812500003 0.5837835359375 0.30501414375 0.3676706234375 0.303106765625 0.365032765625 0.302198525 0.3611100671875 0.26900045625 0.36053059374999996 0.26600304218750004 0.36438511875 0.2679104203125 0.367022975 0.26591214375 0.36959265937499997 0.2650940625 0.4164605203125 0.267001440625 0.419098375 0.263138278125 0.6404188296875 0.26504565625 0.6430566875 0.2650002078125 0.64566045625 0.26300193125 0.6482301390625 0.264909309375 0.650867996875 0.262409615625 0.7940753484374999 0.2643169953125 0.7967132046875001 0.26231871875 0.7992828890625 0.264226096875 0.8019207453125 0.26163550468749996 0.9503356374999999 0.263542884375 0.9529734937500001 0.263497434375 0.9555772656249999 0.26640395156249996 0.9569302796875 0.26831132968750004 0.9595681375 0.28783960625 0.9599090046875001 0.28883874375 0.9586241609374999 0.29179070937499996 0.95737340625 0.294788125 0.9535188828125 0.29574255312500003 0.8988397109375 0.293835175 0.8962018546875001 0.2938806234375 0.893598084375 0.2958789 0.8910284015625001 0.30110553125 0.5915948453125 0.299198153125 0.5889569906250001
0 0.34429498281250004 0.5793259046875 0.342387603125 0.576688046875 0.3424785015625 0.5714805078125 0.344476778125 0.5689108234375 0.3481581453125 0.35800545 0.345297078125 0.35404866562500004 0.3062405265625 0.35336693124999996 0.3052413890625 0.3546517734375 0.2962424921875 0.870198240625 0.2981498703125 0.872836096875 0.29683185 0.9483454296874999 0.2996929171875 0.9523022140625 0.30555140000000003 0.952404475 0.307458778125 0.9550423296874999 0.30941160624999997 0.9550764171875 0.3114098828125 0.9525067343750001 0.31531553749999996 0.9525749078124999 0.3172229171875 0.9552127640625001 0.3328455375 0.9554854578124999 0.33384467500000004 0.9542006171875 0.3358429515625 0.9516309328125001 0.33616109375000003 0.93340454375 0.3381593703125 0.9308348593750001 0.3433405546875 0.6340050749999999 0.34143317500000003 0.63136721875 0.34147862500000004 0.6287634484375 0.3434769015625 0.626193765625 0.34429498281250004 0.5793259046875
0 0.37167558125 0.91318794375 0.37172103125 0.910584175 0.37371930781249996 0.9080144906250001 0.3768552859375 0.7283543578125 0.3788535625 0.7257846734375 0.3867162359375 0.2753324578125 0.3838551671875 0.271375671875 0.381902340625 0.2713415859375 0.3799949609375 0.268703728125 0.3526553765625 0.26822651406250003 0.3496579609375 0.27208103906250003 0.3412044515625 0.7563822671875 0.34311183125 0.7590201234375 0.34274823906249996 0.7798502843749999 0.3407499625 0.7824199671875001 0.33902290156250003 0.8813632281249999 0.3409302796875 0.8840010859375 0.34088483125 0.88660485625 0.3388865546875 0.8891745390624999 0.3388411046875 0.891778309375 0.340748484375 0.8944161671874999 0.3405212390625 0.9074350156250001 0.3385229625 0.9100047 0.337841228125 0.94906125 0.33974860625000003 0.9516991062500001 0.33956681093749996 0.9621141874999999 0.3405205 0.9634331156249999 0.3698129125 0.9639444156250001 0.3708120515625 0.962659575 0.3709483984375 0.9548482640625 0.372946675 0.9522785812500001 0.37321936875 0.9366559609375 0.37131198906249996 0.9340181046874999 0.371539234375 0.920999253125 0.3735375109375 0.9184295718750001 0.3735829609375 0.9158258 0.37167558125 0.91318794375
0 0.48526363437500003 0.44895379062499996 0.4872619109375 0.44638410625 0.49030699218749996 0.271931515625 0.49230526875 0.26936183125 0.4938050859375 0.18343742031250002 0.49094401718749997 0.179480634375 0.4714157421875 0.1791397671875 0.46941746562500003 0.1817094515625 0.4674646375 0.1816753640625 0.465557259375 0.1790375078125 0.4616516046875 0.178969334375 0.45965332812500004 0.1815390171875 0.4537948453125 0.1814367578125 0.45279570781249995 0.1827215984375 0.45193217656250007 0.2321932296875 0.4499339 0.2347629125 0.44561624687499996 0.4821210671875 0.4436179703125 0.48469074843750004 0.43989115468750006 0.6981998921875 0.437892878125 0.7007695765624999 0.4337115734375 0.9403164203125 0.43171329687500004 0.942886103125 0.4314860515625 0.955904953125 0.43339342968750005 0.9585428109375 0.43430167031250005 0.9624655093750001 0.4479714625 0.962704115625 0.4498788421875 0.9653419718749999 0.46550146249999996 0.965614665625 0.4665006 0.9643298250000001 0.470497153125 0.9591904578125 0.471860621875 0.8810773578125 0.4738588984375 0.8785076734375 0.4760858984375 0.750922940625 0.47808417499999994 0.748353259375 0.4807656640625 0.594730825 0.48276394062500005 0.5921611437500001 0.48526363437500003 0.44895379062499996
0 0.5029240671874999 0.8920378234375 0.50492234375 0.8894681421874999 0.506422159375 0.8035437312499999 0.5084204359375 0.800974046875 0.5100565984375 0.707238325 0.512054875 0.7046686421875 0.51405463125 0.5901027609375 0.5160529078125 0.5875330765625 0.517916315625 0.4807785046875 0.5199145921875 0.478208821875 0.5213689593749999 0.39488818124999997 0.5233672359375 0.392318496875 0.524548909375 0.3246204765625 0.5265471859375 0.3220507921875 0.5276379609374999 0.2595603109375 0.5296362375 0.2569906296875 0.5298634812499999 0.243971778125 0.5318617578125 0.2414020953125 0.532361696875 0.21276062499999998 0.5343599734375 0.21019094218749998 0.5324525953125 0.20755308437500003 0.5344508718750001 0.2049834015625 0.536132484375 0.1086439109375 0.5342251046875 0.106006053125 0.5344069015625 0.095590971875 0.5315458328125 0.09163418749999999 0.5022534203125 0.0911228859375 0.49925600625 0.09497741093749999 0.49921055625 0.09758118125000001 0.49721227968750004 0.100150865625 0.495348871875 0.20690543749999998 0.4933505953125 0.20947512031249998 0.49175988125 0.300607071875 0.4897616046875 0.3031767546875 0.48967070625 0.3083842953125 0.4915780859375 0.3110221515625 0.49107814687499995 0.339663621875 0.4890798703125 0.34223330625 0.486216584375 0.50627081875 0.4842183078125 0.5088405 0.4840365125 0.51925558125 0.48594389062500004 0.5218934390625 0.4858984421875 0.5244972078125001 0.483900165625 0.5270668921875 0.4817186140625 0.652047853125 0.4797203375 0.6546175375 0.4775387875 0.7795984984375 0.47554051093750005 0.78216818125 0.47326806250000003 0.912356684375 0.4712697859375 0.9149263671875 0.4705426015625 0.9565866875 0.47344911874999995 0.957939703125 0.47535649687500003 0.960577559375 0.49879042812499996 0.9609866 0.499789565625 0.9597017593749999 0.5017878421875 0.957132075 0.502560475 0.9128679859375 0.5045587515625 0.9102983015625 0.5046042 0.90769453125 0.5026968218750001 0.905056675 0.5046950984375 0.9024869921875001 0.5048314453125 0.8946756812500001 0.5029240671874999 0.8920378234375
0 0.43371305156249995 0.8283202203125001 0.4338039484375 0.8231126812499999 0.43580222500000004 0.820542996875 0.43939269531249997 0.614845165625 0.44139097187500004 0.61227548125 0.445254134375 0.390955028125 0.44725241093749996 0.3883853453125 0.44784324687500005 0.354536334375 0.44593586875 0.3518984765625 0.4464358078125 0.3232570078125 0.448434084375 0.3206873234375 0.45084287968750003 0.18268751249999998 0.45384029375 0.1788329875 0.45774594999999996 0.1789011609375 0.4597442265625 0.17633147656249998 0.46560270781249996 0.1764337359375 0.466601846875 0.1751488953125 0.46673819375000003 0.1673375859375 0.46483081562499995 0.164699728125 0.4648762640625 0.16209595937500001 0.4610615078125 0.15682024375 0.46128875156250004 0.1438013953125 0.45938137343749996 0.1411635375 0.459472271875 0.1359559984375 0.45756489218749996 0.133318140625 0.45761034218749996 0.13071437187499999 0.45570296250000003 0.1280765140625 0.45574841250000003 0.12547274375 0.4538410328125 0.1228348875 0.4538864828125 0.12023111718749999 0.4519791046875 0.1175932609375 0.4510708640625 0.1136705625 0.4491180359375 0.113636475 0.44721065781249997 0.11099861875000001 0.39643714218750004 0.1101123640625 0.394438865625 0.11268204687500001 0.39148689999999997 0.11393280312500001 0.3887145125 0.2727627734375 0.3867162359375 0.2753324578125 0.3844437875 0.405520959375 0.386351165625 0.40815881718749997 0.3862602671875 0.41336635624999996 0.384261990625 0.415936040625 0.38417109374999997 0.42114357968749994 0.386078471875 0.4237814375 0.385942125 0.431592746875 0.3839438484375 0.43416243125 0.3837620515625 0.444577509375 0.38566943125 0.4472153671875 0.38562398125 0.4498191375 0.3836257046875 0.4523888203125 0.383443909375 0.46280390000000005 0.3853512875 0.46544175781249997 0.3850331453125 0.48366814687500004 0.38303486875 0.48623783125 0.37803548125 0.7726525343749999 0.3760372046875 0.77522221875 0.375537265625 0.8038636890624999 0.3774446453125 0.8065015453125 0.3773991953125 0.809105315625 0.37540091875 0.8116749984375 0.37490097968749997 0.8403164703125 0.376808359375 0.8429543265625 0.3747631546875 0.9601239781249999 0.3776242234375 0.9640807625000001 0.4283977390625 0.9649670171875 0.42939687656250003 0.9636821765624999 0.431395153125 0.9611124921875 0.43207688749999995 0.9220559421875001 0.4340751640625 0.9194862593750001 0.4321677859375 0.9168484031249999 0.43348580625000005 0.841339071875 0.4354840828125 0.8387693875 0.43562042968750003 0.830958078125 0.43371305156249995 0.8283202203125001
0 0.51405463125 0.5901027609375 0.5160529078125 0.5875330765625 0.5175527234375 0.501608665625 0.519551 0.49903898281250003 0.5195964484375 0.49643521249999994 0.5176890703125 0.49379735468749997 0.51773451875 0.4911935859375 0.5197327953124999 0.48862390156249996 0.5213689593749999 0.39488818124999997 0.5233672359375 0.392318496875 0.5244580109375 0.329828015625 0.5264562875000001 0.327258334375 0.5275925109374999 0.2621640828125 0.5295907875 0.2595943984375 0.5298180328125001 0.2465755484375 0.531816309375 0.24400586406250002 0.5323162484374999 0.2153643953125 0.534314525 0.2127947109375 0.536132484375 0.1086439109375 0.5342251046875 0.106006053125 0.5344069015625 0.095590971875 0.5315458328125 0.09163418749999999 0.5022534203125 0.0911228859375 0.49925600625 0.09497741093749999 0.49921055625 0.09758118125000001 0.49721227968750004 0.100150865625 0.495348871875 0.20690543749999998 0.4933505953125 0.20947512031249998 0.49171443281249994 0.3032108421875 0.48971615625 0.30578052499999997 0.49162353437500006 0.30841838125 0.49098724843749997 0.3448711625 0.488988971875 0.3474408453125 0.486216584375 0.50627081875 0.4842183078125 0.5088405 0.4840365125 0.51925558125 0.48594389062500004 0.5218934390625 0.4858984421875 0.5244972078125001 0.483900165625 0.5270668921875 0.48367292031250003 0.540085740625 0.4855802984375 0.5427235984375 0.48553484999999996 0.54532736875 0.4835365734375 0.5478970515625 0.4817186140625 0.652047853125 0.4797203375 0.6546175375 0.4775387875 0.7795984984375 0.47554051093750005 0.78216818125 0.47331351093749996 0.9097529140624999 0.471315234375 0.9123225984375001 0.4705880515625 0.9539829171875001 0.47535649687500003 0.960577559375 0.49879042812499996 0.9609866 0.499789565625 0.9597017593749999 0.5017878421875 0.957132075 0.5025150265625 0.9154717546875 0.504513303125 0.912902071875 0.506422159375 0.8035437312499999 0.5084204359375 0.800974046875 0.51001115 0.7098420953125 0.5120094265625 0.7072724125 0.51405463125 0.5901027609375
0 0.554061175 0.8720939187500001 0.5560594515624999 0.8695242359375 0.5572865734375 0.79922244375 0.55928485 0.7966527625000001 0.5603301765625 0.7367660500000001 0.562328453125 0.7341963671875 0.5623739015625 0.731592596875 0.5604665234375 0.728954740625 0.560784665625 0.7107283515625 0.5627829421875 0.7081586671875 0.563419228125 0.6717058875 0.5654175046875001 0.669136203125 0.5635101265625 0.6664983453125 0.563555575 0.6638945765625001 0.5655538515625 0.66132489375 0.5637373703125 0.653479496875 0.565735646875 0.6509098125 0.5665991781249999 0.6014381828124999 0.5685974546875 0.5988684984375 0.5666900765625 0.5962306421875 0.566871871875 0.5858155625 0.5688701484375 0.583245878125 0.5700063734375 0.5181516265624999 0.57200465 0.5155819453125 0.572959078125 0.4609027734375 0.5749573546875 0.45833309062499994 0.5759117828125 0.40365391875 0.577910059375 0.40108423593750003 0.5791826312499999 0.32817867500000003 0.58118090625 0.3256089921875 0.5824080296874999 0.25530719999999996 0.5776395828124999 0.2487125578125 0.5346773765624999 0.24796265 0.5316799624999999 0.251817175 0.5316345140625 0.25442094531250004 0.5296362375 0.2569906296875 0.5288181562500001 0.30385849062500003 0.5268198796875 0.30642817187500004 0.5266835328125 0.3142394828125 0.5285909109375 0.31687733906250004 0.526592634375 0.31944702343750003 0.52613814375 0.3454847234375 0.5241398671875 0.34805440625 0.523958071875 0.35846948749999996 0.5219597953124999 0.3610391703125 0.5215507546875 0.3844731 0.5195524781249999 0.387042784375 0.5195070296875001 0.3896465546875 0.5214144078125 0.39228440937500003 0.5211871625 0.4053032609375 0.5191888859375 0.40787294375 0.5186434984375 0.439118184375 0.5205508765625 0.4417560421875 0.5185526 0.444325725 0.51832535625 0.45734457500000003 0.5202327343750001 0.4599824328125 0.5201872859375001 0.46258620156249997 0.518189009375 0.465155884375 0.515689315625 0.6083632375 0.5136910390625 0.6109329203125 0.51346379375 0.6239517718750001 0.515371171875 0.6265896265625 0.51500758125 0.6474197890625 0.5130093046875001 0.6499894703125 0.51100955 0.764555353125 0.5090112734375001 0.7671250359374999 0.5073296609375 0.863464528125 0.5092370390625 0.866102384375 0.509191590625 0.8687061546875 0.5071933140625 0.8712758375 0.5066024765625 0.9051248484375 0.50850985625 0.9077627046875 0.5084189578125 0.9129702453125 0.5064206812500001 0.9155399281250001 0.5057843953125001 0.951992709375 0.50378611875 0.9545623921875 0.5037406703125 0.9571661625000001 0.5056480484375 0.9598040203125 0.50555715 0.9650115593749999 0.5084636671875 0.9663645734375 0.5103710453125 0.9690024312500001 0.5201351843750001 0.9691728640624999 0.5220425625 0.971810721875 0.5240408390625 0.9692410375 0.5259936656249999 0.969275125 0.5279010453125 0.9719129828125 0.529853871875 0.9719470687499999 0.5318521484375001 0.969377384375 0.5338049765624999 0.9694114718750001 0.5357123546875 0.9720493296875 0.53671149375 0.9707644859375 0.53771063125 0.9694796453125001 0.5455219421875 0.9696159921874999 0.54851935625 0.9657614671875001 0.5486102546875 0.960553928125 0.55060853125 0.95798424375 0.551562959375 0.9033050734374999 0.5535612359375001 0.9007353890625 0.554061175 0.8720939187500001
0 0.6459818937499999 0.7538884859375 0.6479801703125 0.7513188046875 0.649025496875 0.6914320921875 0.6510237734375 0.688862409375 0.652159996875 0.623768159375 0.6541582734375 0.621198475 0.6557944375 0.527462753125 0.6577927140625001 0.5248930703125 0.65838355 0.49104405937499995 0.6603818265625 0.48847437656250003 0.6614726015625 0.42598389531249997 0.6634708781249999 0.4234142125 0.6644253078125 0.36873504218750003 0.666423584375 0.36616535781250004 0.6675598078125 0.30107110625 0.669558084375 0.298501425 0.6699216765625 0.2776712625 0.6651532296875 0.271076621875 0.6632004031250001 0.2710425359375 0.6612021265625 0.2736122171875 0.6572964703124999 0.27354404374999997 0.6553890921875001 0.2709061890625 0.6475777828125 0.2707698421875 0.64557950625 0.2733395234375 0.6319097124999999 0.27310091718749996 0.6309105749999999 0.274385759375 0.6308196765625 0.27959329843749997 0.6288214 0.28216298281249996 0.6279124203124999 0.3342383828125 0.62591414375 0.3368080671875 0.6251415109375 0.3810721578125 0.6231432359375 0.383641840625 0.622097909375 0.4435285515625 0.6200996328125 0.44609823593750003 0.61905430625 0.5059849453124999 0.6170560296875001 0.5085546296875 0.6159652546875 0.5710451109375 0.613966978125 0.5736147921875 0.6128762015625 0.6361052734375 0.610877925 0.6386749578125 0.609923496875 0.693354128125 0.6079252203125 0.6959238125 0.6065163015625 0.7766406828125 0.6045180265625001 0.779210365625 0.603609046875 0.8312857671874999 0.6016107703125 0.83385545 0.5997928109374999 0.938006253125 0.597794534375 0.9405759343750001 0.5976581875 0.9483872453125001 0.5956599109375 0.950956928125 0.5953872171875 0.9665795484374999 0.6020630421875001 0.975812046875 0.6098743515625 0.9759483937500001 0.61178173125 0.9785862515625 0.6332628328125 0.9789612046875 0.634261971875 0.9776763640624999 0.6362602484375001 0.9751066796875 0.63698743125 0.933446359375 0.6389857078125 0.9308766765625001 0.639803790625 0.8840088156249999 0.6418020656250001 0.8814391328125 0.6428473921875 0.821552421875 0.64484566875 0.8189827375000001 0.6459818937499999 0.7538884859375
0 0.604108984375 0.802644296875 0.6051543109375 0.7427575859375 0.6071525875 0.7401879015625 0.607334384375 0.7297728218749999 0.6054270046875 0.727134965625 0.6074252812500001 0.7245652828125 0.6074707312500001 0.7219615109374999 0.6055633515625 0.71932365625 0.6056088015625 0.7167198859374999 0.607607078125 0.7141502015625 0.6082433640625 0.677697421875 0.610241640625 0.6751277375 0.6114233125 0.6074297171875 0.6134215890625 0.6048600328125 0.6144214671875 0.54757709375 0.6164197437500001 0.5450074093749999 0.617374171875 0.4903282390625 0.6193724484375001 0.4877585546875 0.6204632234375 0.42526807343749995 0.6224615 0.4226983921875 0.623461378125 0.36541545000000003 0.6254596546875 0.3628457671875 0.62645953125 0.3055628265625 0.6284578078124999 0.3029931421875 0.6293667875 0.2509177421875 0.6313650640625 0.24834805937499999 0.6316377578125 0.23272543906249998 0.6268693125 0.22613079531250002 0.5897655890625 0.2254831484375 0.5847698968749999 0.23190735624999997 0.5832246328124999 0.3204355390625 0.58122635625 0.3230052203125 0.580271928125 0.3776843921875 0.5782736515625 0.38025407499999997 0.577091978125 0.44795209687500004 0.5750937015625001 0.45052177968749996 0.5739574765625 0.51561603125 0.5719592 0.5181857140624999 0.5707775265625 0.5858837359375 0.56877925 0.58845341875 0.5677793734375001 0.6457363593750001 0.565781096875 0.64830604375 0.5647357703125 0.708192753125 0.56273749375 0.7107624375 0.5611467796875 0.8018943890625 0.5591485031250001 0.8044640718749999 0.5581486250000001 0.8617470125000001 0.5561503484375 0.8643166953125 0.5551959203125 0.9189958671875 0.5599643671875 0.925590509375 0.5609635046875 0.9243056671875 0.56119075 0.9112868171875 0.566186440625 0.9048626078125 0.56813926875 0.9048966953124999 0.5710003359375 0.9088534796875001 0.570818540625 0.9192685609375 0.57272591875 0.9219064171875001 0.572635021875 0.9271139578125001 0.5706367453125 0.929683640625 0.570545846875 0.93489118125 0.5675484328125 0.93874570625 0.5636427765625001 0.9386775328124999 0.5617353984375 0.936039675 0.5558769156250001 0.9359374140625001 0.5528795015625 0.9397919390625 0.5523795625 0.9684334109374999 0.5533332515625 0.9697523390624999 0.5591917343749999 0.9698546 0.5610991125 0.97249245625 0.592344353125 0.97303784375 0.5933434921875 0.9717530015625 0.5933889406249999 0.9691492328125 0.5953872171875 0.9665795484374999 0.59643254375 0.9066928390625 0.5984308203125 0.9041231546875 0.5991125546875 0.8650666046875 0.60111083125 0.8624969203124999 0.6021107078125 0.8052139796875 0.604108984375 0.802644296875
0 0.688351784375 0.9004836046875001 0.6893516609375 0.8432006640624999 0.6913499375 0.8406309796875 0.6925770609375 0.7703291890624999 0.6945753375 0.76775950625 0.6957570109375 0.700061484375 0.6977552874999999 0.6974918015625 0.6990733078125 0.6219824703125 0.701071584375 0.6194127875000001 0.7023896046875 0.5439034546875 0.7043878796875 0.5413337734375 0.705342309375 0.48665460156250007 0.7073405859374999 0.48408491875 0.708794953125 0.40076427812500004 0.7107932296875 0.39819459375 0.7116567593750001 0.3487229625 0.7136550359375 0.3461532796875 0.7149730562500001 0.2706439484375 0.7140193671875 0.2693250203125 0.6730099890625 0.2686091984375 0.670012575 0.27246372343749997 0.669012696875 0.329746665625 0.6670144203125 0.332316346875 0.6658781953124999 0.3974105984375 0.66387991875 0.3999802828125 0.66278914375 0.4624707640625 0.6607908671875 0.4650404453125 0.6592910515625 0.5509648578124999 0.6572927749999999 0.5535345406250001 0.6563383468749999 0.6082137125 0.6543400703125 0.6107833953124999 0.6536583359375 0.649839946875 0.6516600593749999 0.652409628125 0.650796528125 0.701881259375 0.6487982515625 0.7044509437500001 0.647071190625 0.8033942046875 0.6450729140625 0.8059638890624999 0.6440275875 0.8658505984374999 0.6420293109374999 0.8684202828125 0.64062039375 0.9491371531249999 0.6386221171875001 0.9517068359374999 0.6404385968749999 0.9595522328125 0.6384403203125 0.9621219171875 0.6383494234375 0.9673294562500001 0.6402568015625001 0.9699673140625 0.640165903125 0.975174853125 0.643026971875 0.9791316390624999 0.6449797984375001 0.979165725 0.6468871765624999 0.9818035828125 0.6820380734375 0.98241714375 0.6830372109375 0.9811323015625 0.683082659375 0.9785285328125 0.6850809359375 0.9759588484374999 0.6861262625 0.9160721374999999 0.6881245390624999 0.9135024546875 0.6882154375 0.9082949140625001 0.6863080593750001 0.9056570578124999 0.6863535078125 0.9030532875 0.688351784375 0.9004836046875001
0 0.7277719265625 0.8803351781250001 0.7281809671875 0.8569012468749999 0.7262735890625 0.8542633921875 0.7263644874999999 0.8490558500000001 0.7304064890624999 0.8413127140625001 0.731133671875 0.79965239375 0.7331319484375001 0.7970827109374999 0.7341318265625 0.73979976875 0.736130103125 0.7372300875 0.7370845312500001 0.682550915625 0.7390828078125 0.6799812328125 0.7403099296875 0.609679440625 0.7423082062499999 0.6071097578125 0.7434898796875 0.5394117375 0.74548815625 0.536842053125 0.74662438125 0.471747803125 0.7486226578124999 0.46917811875000004 0.7487135546875 0.4639705796875 0.7468061765625 0.461332721875 0.7468516265625 0.4587289515625 0.7488499015625 0.45615927031250003 0.7495770859374999 0.4144989484375 0.7515753625 0.41192926406249997 0.752802484375 0.3416274734375 0.7548007609375 0.33905779062499997 0.7549825578125 0.32864271093749997 0.753075178125 0.326004853125 0.753211525 0.31819354375 0.7503504578125 0.3142367578125 0.7171523890625 0.31365728437499996 0.714154975 0.317511809375 0.7134732406250001 0.35656835937500003 0.7114749640625 0.35913804374999997 0.7114295140625 0.3617418140625 0.71333689375 0.36437966875 0.71329144375 0.366983440625 0.7112931671875 0.3695531234375 0.7102478421875 0.429439834375 0.708249565625 0.43200951718749997 0.7072042390625 0.491896228125 0.7052059625 0.49446591250000005 0.7040242890624999 0.5621639328125 0.7020260125 0.5647336171874999 0.7007079921875 0.640242946875 0.698709715625 0.64281263125 0.697618940625 0.7053031125 0.6956206640625 0.70787279375 0.6955752140625 0.7104765640624999 0.69748259375 0.7131144218750001 0.6973916953125 0.7183219609375 0.6953934187499999 0.7208916453125 0.6943480921875 0.78077835625 0.692349815625 0.7833480390625 0.6913044890625 0.84323475 0.692258178125 0.844553678125 0.6961638328124999 0.8446218515625 0.6970720734375 0.8485445500000001 0.6960729359375 0.8498293921875 0.6941201078125 0.8497953062500001 0.6922127296875 0.8471574484375 0.691213590625 0.8484422890625 0.690668203125 0.8796875296875 0.6886699265625 0.8822572140625 0.69057730625 0.884895071875 0.6903500609375001 0.8979139203125 0.69130375 0.8992328484375 0.6952094046874999 0.8993010218749999 0.6961176453125 0.9032237203125 0.6951185078125001 0.9045085640625 0.6912128515625 0.9044403890625 0.690168265625 0.9083290015625 0.6881699890624999 0.910898684375 0.68767005 0.9395401546875 0.69153025625 0.9422120984375001 0.69148480625 0.9448158687499999 0.688532840625 0.9460666234374999 0.687488253125 0.9499552343750001 0.6903947703125 0.95130825 0.6913030109375 0.9552309484375 0.68735190625 0.95776654375 0.6873064578125 0.9603703156250001 0.68530818125 0.9629399984375 0.6852172828125 0.9681475390625 0.6880783515625 0.9721043234375 0.72127641875 0.9726837984375001 0.7222755578125 0.9713989562500001 0.7228209453125001 0.9401537171875001 0.724819221875 0.9375840328124999 0.7253191609375 0.9089425625 0.7273174375 0.9063728781249999 0.727453784375 0.8985615687499999 0.7255464046875 0.8959237109375 0.72577365 0.8829048625 0.7277719265625 0.8803351781250001
0 0.7500271406250001 0.7244498421875 0.7520254171875 0.7218801609375001 0.752888946875 0.6724085296875 0.7548872234374999 0.6698388453125 0.7558871015624999 0.61255590625 0.757885378125 0.6099862218750001 0.7590670515625 0.5422882015625 0.761065328125 0.5397185171875 0.7622470015625 0.47202049687500003 0.764245278125 0.4694508125 0.7655178484375 0.3965452515625 0.767516125 0.39397556875 0.7681524109375 0.3575227875 0.76529134375 0.353566003125 0.7594328609375001 0.3534637421875 0.757434584375 0.3560334265625 0.75548175625 0.3559993390625 0.75443716875 0.35988795156250003 0.7524388921875 0.362457634375 0.751711709375 0.4041179546875 0.7497134328125 0.40668763906249994 0.7485772078124999 0.471781890625 0.74657893125 0.47435157187500004 0.7454427078125 0.5394458234374999 0.74344443125 0.5420155078125 0.7423082062499999 0.6071097578125 0.7403099296875 0.609679440625 0.739264603125 0.6695661515625 0.7372663265625 0.6721358359375 0.736130103125 0.7372300875 0.7341318265625 0.73979976875 0.7329956015625 0.8048940203124999 0.7309973249999999 0.8074637046875001 0.7301337953125 0.856935334375 0.72813551875 0.85950501875 0.7269083968750001 0.929806809375 0.7249101203125 0.93237649375 0.72436473125 0.9636217328125 0.7253184218750001 0.9649406609375 0.7370353859375001 0.9651451812499999 0.738034525 0.963860340625 0.7400328015625 0.9612906562499999 0.7410781281250001 0.9014039468749999 0.7430764046875 0.8988342625 0.743939934375 0.84936263125 0.7459382109375 0.8467929484375001 0.7469835375 0.7869062375 0.7489818140625 0.7843365546875 0.7500271406250001 0.7244498421875
0 0.777365246875 0.8369232562500001 0.7787287171874999 0.7588101546875 0.78072699375 0.7562404703125 0.7816359734375 0.7041650703125 0.78363425 0.7015953875000001 0.7846341265625 0.644312446875 0.7866324031249999 0.6417427640625 0.788041321875 0.5610258921875 0.7900395984374999 0.558456209375 0.7909940265625 0.5037770390625 0.792992303125 0.5012073546875 0.7942648734375 0.42830179375000005 0.7962631499999999 0.42573211093749996 0.7944466703125 0.4178867140625 0.796444946875 0.41531702968750006 0.7972630281249999 0.36844916875 0.7992613046875 0.36587948593749997 0.7999884875000001 0.324219165625 0.7971274203125 0.32026238125 0.7951745921875 0.32022829375 0.7932672140625 0.3175904375 0.7776445937500001 0.31731774218750003 0.7756463171875 0.3198874265625 0.7717406625 0.31981925312500004 0.7697423859375 0.3223889359375 0.7658367312500001 0.3223207625 0.7638384546875 0.3248904453125 0.7579345234375 0.32739195625 0.7568899359375 0.3312805671875 0.7548916593749999 0.33385025 0.7548462109375 0.3364540203125 0.7567535890625 0.33909187812499997 0.7566172421874999 0.34690318750000004 0.759478309375 0.35085997343750003 0.7614765859375 0.34829028906250004 0.7633839640625 0.35092814687499996 0.7672896203125 0.3509963203125 0.7682433093750001 0.3523152484375 0.7669252890625 0.42782457812499997 0.7649270125000001 0.4303942625 0.763927134375 0.4876772046875 0.7619288578125001 0.49024688593750004 0.7607017359375 0.5605486765625 0.758703459375 0.5631183609375 0.757294540625 0.6438352328125 0.7552962640625001 0.646404915625 0.7544781828125 0.6932727765625 0.7524799062499999 0.695842459375 0.7514345796875 0.7557291703125 0.749436303125 0.7582988546875 0.748345528125 0.8207893343749999 0.7463472515625 0.8233590187500001 0.74507468125 0.896264578125 0.7430764046875 0.8988342625 0.74189473125 0.9665322828124999 0.7447557984375 0.9704890687500001 0.7525671093749999 0.970625415625 0.7544744875 0.9732632718750001 0.7564273140625 0.973297359375 0.758425590625 0.970727675 0.7603329703124999 0.9733655328124999 0.766191453125 0.9734677921875001 0.7671905906250001 0.9721829515625 0.7712325921875001 0.964439815625 0.7693252140625 0.9618019578125001 0.7693706625 0.9591981875 0.7713689390625 0.9566285046875 0.77227791875 0.904553103125 0.7742761953125 0.9019834203125001 0.7753669703125 0.839492940625 0.777365246875 0.8369232562500001
0 0.8074742640625001 0.9025628953125 0.808519590625 0.8426761828125 0.8105178671875001 0.8401065015625001 0.8114722953125 0.7854273296875001 0.813470571875 0.7828576468749999 0.8143341015625 0.733386015625 0.816332378125 0.7308163328124999 0.8172413578125 0.67874093125 0.8192396343749999 0.6761712484375 0.8203304093750001 0.6136807671875 0.8223286859375 0.611111084375 0.823283115625 0.5564319125 0.8252813921875 0.5538622296875 0.8265994109375001 0.47835289843749995 0.8285976875 0.47578321562500003 0.8295066671875 0.4237078140625 0.8315049437500001 0.42113813125000005 0.8327320671875 0.3508363390625 0.8347303437500001 0.3482666578125 0.8357302203125 0.29098371562500003 0.8377284968750001 0.2884140328125 0.838682925 0.2337348609375 0.8406812015625 0.2311651796875 0.841453834375 0.1869010875 0.8385927671875001 0.1829443015625 0.8053946984374999 0.182364828125 0.803396421875 0.1849345109375 0.8014435953125 0.18490042499999998 0.7994453187499999 0.187470109375 0.7935413859375 0.1899716171875 0.7895448328125 0.1951109859375 0.7875920062499999 0.1950768984375 0.783595453125 0.20021626406249998 0.781642625 0.200182178125 0.7716966921874999 0.210426825 0.7657927609375 0.212928334375 0.7617962078125 0.21806770156250002 0.7598433796874999 0.21803361406250002 0.7558468265625 0.22317298124999999 0.7538940000000001 0.22313889374999998 0.7478991703125 0.23084794375 0.7459463421875 0.2308138578125 0.7379532359375001 0.24109259062500002 0.736000409375 0.2410585046875 0.728007303125 0.2513372359375 0.726054475 0.25130315 0.71706223125 0.26286672499999997 0.7162895984375 0.307130815625 0.7172432875 0.30844974375 0.719196115625 0.30848383125 0.72110349375 0.3111216875 0.7250091484375 0.3111898609375 0.7269165265625 0.3138277171875 0.7288693546875 0.3138618046875 0.73086763125 0.311292121875 0.75039590625 0.3116329890625 0.7523032859375001 0.3142708453125 0.7552098015625 0.3156238609375 0.755164353125 0.3182276296875 0.75707173125 0.3208654875 0.757979971875 0.32478818593750003 0.7599328 0.324822271875 0.7658821796875 0.31971699375 0.7717406625 0.31981925312500004 0.7737389390625 0.31724956875 0.7971728687499999 0.31765861093750003 0.8000339375 0.3216153953125 0.799079509375 0.37629456562499997 0.7970812328125 0.37886425 0.7961268031250001 0.4335434203125 0.7941285265625 0.436113103125 0.79285595625 0.5090186640625001 0.7908576796875 0.5115883484375 0.7898123531250001 0.571475059375 0.7878140765625 0.5740447421875 0.7866324031249999 0.6417427640625 0.7846341265625 0.644312446875 0.7833615546875 0.7172180078125 0.781363278125 0.719787690625 0.7803634015625 0.7770706328125 0.778365125 0.7796403140625 0.7769107578125001 0.86296095625 0.77491248125 0.8655306390625 0.7743216453125 0.89937965 0.7771827124999999 0.9033364359375 0.7800892296875 0.90468945 0.7760926765625 0.9098288171875 0.7760472265625 0.9124325859375 0.77404895 0.9150022703125 0.773958053125 0.920209809375 0.77586543125 0.9228476671875001 0.7755927375 0.9384702875 0.771596184375 0.943609653125 0.7712325921875001 0.964439815625 0.7740936609375 0.9683965999999999 0.7819049703125 0.968532946875 0.783903246875 0.9659632640625 0.785810625 0.9686011203125 0.7887625921875 0.9673503640625001 0.7897617296874999 0.9660655234375 0.8014786953125 0.96627004375 0.8044761093749999 0.96241551875 0.8048397015625 0.9415853593750001 0.8029323234374999 0.9389475015625001 0.8049305999999999 0.9363778187499999 0.8054759875 0.905132578125 0.8074742640625001 0.9025628953125
0 0.8566145734375 0.7731924734375 0.8586128499999999 0.7706227921875 0.8601581140624999 0.682094609375 0.8621563906249999 0.6795249265625001 0.862429084375 0.66390230625 0.8605217062499999 0.66126445 0.8607489515625 0.6482455984375 0.862747228125 0.645675915625 0.8637471046874999 0.588392975 0.86574538125 0.5858232906249999 0.8668361578124999 0.5233328109375 0.868834434375 0.520763128125 0.8701524546874999 0.4452537953125 0.87215073125 0.4426841140625 0.8733778531249999 0.37238232187500003 0.8753761296875 0.3698126390625 0.8766487 0.29690707656250004 0.8786469765625 0.2943373953125 0.8795105078125 0.2448657640625 0.881508784375 0.2422960796875 0.8826450078124999 0.1772018296875 0.8816913187500001 0.1758829 0.854351734375 0.1754056859375 0.8523534578125 0.1779753703125 0.846494975 0.177873109375 0.8414992828125 0.18429731875 0.840363059375 0.24939156875 0.8383647828124999 0.2519612515625 0.8372285578125 0.317055503125 0.83523028125 0.3196251859375 0.83413950625 0.3821156671875 0.8321412296874999 0.38468535 0.8310504546875 0.44717583125000004 0.829052178125 0.449745515625 0.827688709375 0.5278586171875 0.8256904328125 0.5304282984375 0.82487235 0.577296159375 0.8228740734375 0.57986584375 0.8217832984375001 0.642356325 0.819785021875 0.6449260078125 0.8191032874999999 0.683982559375 0.8171050109375001 0.686552240625 0.8158778890624999 0.7568540328125 0.8138796125000001 0.759423715625 0.81306153125 0.8062915765625001 0.8110632546875 0.8088612609375 0.8099270296875 0.8739555109375001 0.8079287531249999 0.87652519375 0.8064289375 0.9624496062500001 0.808336315625 0.9650874625 0.8082908671875 0.9676912312500001 0.8111973828125001 0.9690442484374999 0.8131047625000001 0.9716821031249999 0.8150575890624999 0.971716190625 0.81696496875 0.9743540484375 0.844304553125 0.9748312625000001 0.8453036921875 0.9735464203124999 0.8473019687500001 0.9709767375 0.8478019078125 0.9423352671874999 0.8498001828125 0.9397655828125 0.8507091625 0.8876901828125 0.8527074390625 0.8851205 0.8537527656250001 0.8252337890625 0.8557510421875 0.8226641046875001 0.8566145734375 0.7731924734375
0 0.928185978125 0.9255064328125 0.9301842546874999 0.9229367484375001 0.9308659890625 0.8838801984375 0.932864265625 0.881310515625 0.9335460015624999 0.8422539656250001 0.935544278125 0.8396842812499999 0.9361351140625 0.8058352703124999 0.9381333906249999 0.8032655875 0.938951471875 0.7563977265624999 0.9409497484375 0.75382804375 0.9419496265625 0.6965451015624999 0.943947903125 0.6939754203125 0.945038678125 0.6314849390624999 0.9470369546875 0.6289152546875 0.9482640765625 0.5586134640625 0.9502623531250001 0.5560437796875 0.951671271875 0.475326909375 0.9536695484375001 0.47275722656249997 0.95176216875 0.47011936875 0.9518985171875001 0.462308059375 0.9538967921875001 0.45973837656249994 0.955396609375 0.373813965625 0.9573948859374999 0.37124428125 0.95871290625 0.29573495 0.9607111828124999 0.29316526718749997 0.96075663125 0.290561496875 0.9588492531249999 0.287923640625 0.9592128453125 0.2670934796875 0.9612111203125 0.264523796875 0.9614838156250001 0.2489011765625 0.9595764359375 0.24626331875 0.9596218859375 0.2436595484375 0.9567608171875 0.23970276406250002 0.945043853125 0.23949824375 0.9430455765625 0.2420679265625 0.9293757828125001 0.2418293203125 0.9274684046875 0.2391914625 0.9177042671875 0.2390210296875 0.915705990625 0.2415907125 0.9137986124999999 0.23895285624999998 0.9118457843750001 0.23891876875 0.9098475078125 0.24148845312499997 0.8961777156249999 0.2412498453125 0.8941794390625001 0.2438195296875 0.88832095625 0.24371726875 0.8863226796875001 0.2462869515625 0.8843698515625 0.2462528640625 0.8813724374999999 0.25010738906249996 0.881236090625 0.2579187 0.8792378140625001 0.260488384375 0.8781015890624999 0.3255826359375 0.8761033125000001 0.3281523171875 0.8760124156250001 0.3333598578125 0.87791979375 0.3359977140625 0.8759215171875001 0.3385673984375 0.8748307421874999 0.40105787968750006 0.872832465625 0.4036275625 0.87155989375 0.4765331234375 0.8695616171875 0.47910280624999996 0.8683799437499999 0.5468008265625001 0.8663816671875001 0.5493705109375 0.8652454437499999 0.6144647625 0.8632471671875 0.6170344453125 0.8611110640625 0.7394116375 0.8591127875 0.7419813203125 0.8579765640625 0.807075571875 0.8559782874999999 0.8096452546874999 0.855023859375 0.8643244265625001 0.8530255828125 0.8668941078125 0.852116603125 0.9189695109375 0.8501183265625001 0.9215391921875 0.8520257046875 0.9241770499999999 0.850027428125 0.9267467343750001 0.8493456937499999 0.965803284375 0.851253071875 0.968441140625 0.851162175 0.97364868125 0.854068690625 0.9750016953125 0.8559306203125001 0.980243321875 0.8578834484375 0.980277409375 0.863605584375 0.9881909796875 0.8675112390624999 0.988259153125 0.871325996875 0.9935348671875 0.8752316515624999 0.9936030406249999 0.8771390296874999 0.996240896875 0.89276165 0.996513590625 0.8937607875 0.9952287484375001 0.8947599265624999 0.9939439078125 0.9181938562499999 0.9943529484375 0.9201921328125 0.9917832656250001 0.9221449609375 0.9918173515625 0.9251423750000001 0.9879628265625 0.9255514171874999 0.964528896875 0.9275496921874999 0.9619592125 0.928185978125 0.9255064328125