0 0.162109375 0.66015625 0.150390625 0.48828125 0.142578125 0.4205729171875 0.142578125 0.3893229171875 0.126953125 0.19140625 0.123046875 0.1731770828125 0.1083984375 0.1640625 0.0673828125 0.1640625 0.06640625 0.21484375 0.08203125 0.5403645828125 0.095703125 0.68359375 0.103515625 0.7330729171875 0.103515625 0.7565104171875 0.107421875 0.7721354171875 0.107421875 0.7981770828125 0.109375 0.8111979171874999 0.1162109375 0.8177083328125001 0.154296875 0.81640625 0.1611328125 0.8151041671874999 0.173828125 0.8033854171874999 0.173828125 0.7825520828125 0.162109375 0.66015625
0 0.22265625 0.7018229171875 0.189453125 0.1731770828125 0.189453125 0.1627604171875 0.1923828125 0.1588541671875 0.2080078125 0.1536458328125 0.212890625 0.14453125 0.19921875 0.13671875 0.20703125 0.1341145828125 0.205078125 0.1236979171875 0.1787109375 0.09114583281250001 0.1259765625 0.09114583281250001 0.123046875 0.09505208281250001 0.123046875 0.1236979171875 0.130859375 0.20703125 0.1328125 0.2643229171875 0.13671875 0.2877604171875 0.154296875 0.55078125 0.17578125 0.8059895828125001 0.1787109375 0.8125 0.203125 0.8111979171874999 0.2255859375 0.8098958328125001 0.23046875 0.8059895828125001 0.23046875 0.7747395828125 0.22265625 0.7018229171875
0 0.279296875 0.4440104171875 0.27734375 0.3736979171875 0.2734375 0.3502604171875 0.2734375 0.31640625 0.26953125 0.2903645828125 0.265625 0.1809895828125 0.263671875 0.16796875 0.2587890625 0.1614583328125 0.2001953125 0.1588541671875 0.193359375 0.1627604171875 0.19140625 0.1809895828125 0.201171875 0.3606770828125 0.21484375 0.5247395828125 0.220703125 0.66015625 0.232421875 0.80859375 0.2392578125 0.8151041671874999 0.28125 0.8138020828125001 0.294921875 0.8059895828125001 0.294921875 0.73828125 0.28515625 0.51171875 0.279296875 0.4440104171875
0 0.341796875 0.1653645828125 0.3388671875 0.1614583328125 0.2724609375 0.1614583328125 0.26953125 0.1653645828125 0.26953125 0.19140625 0.291015625 0.5872395828125 0.298828125 0.80078125 0.3037109375 0.8098958328125001 0.3515625 0.80859375 0.3583984375 0.8072916671874999 0.36328125 0.80078125 0.365234375 0.7018229171875 0.341796875 0.1653645828125
0 0.439453125 0.3216145828125 0.435546875 0.29296875 0.4375 0.25390625 0.43359375 0.23046875 0.431640625 0.1627604171875 0.4169921875 0.15625 0.3583984375 0.15625 0.353515625 0.1627604171875 0.357421875 0.20182291718749998 0.35546875 0.3190104171875 0.359375 0.34765625 0.357421875 0.3502604171875 0.36328125 0.4466145828125 0.369140625 0.7643229171875 0.3837890625 0.7760416671875 0.40625 0.7747395828125 0.4267578125 0.7708333328125 0.439453125 0.76171875 0.44140625 0.3971354171875 0.439453125 0.3216145828125
0 0.5009765625 0.1223958328125 0.4755859375 0.1223958328125 0.4658203125 0.125 0.4609375 0.1341145828125 0.46484375 0.4075520828125 0.46875 0.43359375 0.46875 0.79296875 0.4716796875 0.796875 0.505859375 0.7955729171875 0.5107421875 0.7942708328125 0.513671875 0.7877604171875 0.515625 0.12890625 0.5009765625 0.1223958328125
0 0.5322265625 0.203125 0.517578125 0.20963541718749998 0.513671875 0.7955729171875 0.5166015625 0.7994791671875 0.54296875 0.7981770828125 0.546875 0.6627604171875 0.55078125 0.20963541718749998 0.5419921875 0.203125 0.5322265625 0.203125
0 0.5888671875 0.20572916718749998 0.5556640625 0.20572916718749998 0.552734375 0.20963541718749998 0.5546875 0.29296875 0.548828125 0.4830729171875 0.544921875 0.7955729171875 0.5498046875 0.7994791671875 0.572265625 0.7981770828125 0.576171875 0.79296875 0.576171875 0.6940104171875 0.591796875 0.21744791718749998 0.5888671875 0.20572916718749998
0 0.61328125 0.2591145828125 0.61328125 0.19140625 0.5986328125 0.1875 0.5869140625 0.1901041671875 0.578125 0.19921875 0.5791015625 0.20572916718749998 0.58984375 0.20703125 0.591796875 0.22526041718749998 0.58203125 0.48828125 0.576171875 0.7825520828125 0.5810546875 0.7864583328125 0.58984375 0.78515625 0.59765625 0.7799479171875 0.599609375 0.7486979171875 0.603515625 0.4856770828125 0.61328125 0.2591145828125
0 0.705078125 0.20963541718749998 0.7001953125 0.203125 0.6865234375 0.203125 0.68359375 0.20703125 0.681640625 0.23567708281250002 0.673828125 0.5299479171875 0.673828125 0.6341145828125 0.66796875 0.7122395828125 0.66796875 0.7252604171875 0.6728515625 0.7317708328125 0.6875 0.73046875 0.69140625 0.7252604171875 0.6953125 0.44140625 0.705078125 0.24348958281250002 0.705078125 0.20963541718749998
0 0.736328125 0.2591145828125 0.73828125 0.1653645828125 0.7353515625 0.1588541671875 0.7197265625 0.15625 0.7041015625 0.15625 0.693359375 0.1627604171875 0.6953125 0.19140625 0.69921875 0.20182291718749998 0.705078125 0.20703125 0.705078125 0.2747395828125 0.6953125 0.45703125 0.689453125 0.7252604171875 0.701171875 0.7252604171875 0.7158203125 0.7213541671875 0.720703125 0.71484375 0.7265625 0.4752604171875 0.736328125 0.2591145828125
0 0.767578125 0.59765625 0.7734375 0.51953125 0.7734375 0.4700520828125 0.77734375 0.43359375 0.787109375 0.1783854171875 0.787109375 0.16015625 0.7744140625 0.1536458328125 0.7431640625 0.1536458328125 0.73828125 0.1627604171875 0.73828125 0.23046875 0.732421875 0.3502604171875 0.732421875 0.45703125 0.7265625 0.51171875 0.7265625 0.60546875 0.720703125 0.71484375 0.7294921875 0.7265625 0.748046875 0.7252604171875 0.7607421875 0.7239583328125 0.763671875 0.7200520828125 0.767578125 0.6471354171875 0.767578125 0.59765625
0 0.814453125 0.58203125 0.828125 0.36328125 0.828125 0.3111979171875 0.833984375 0.2799479171875 0.837890625 0.21744791718749998 0.8330078125 0.20833333281250002 0.8095703125 0.20572916718749998 0.7880859375 0.20833333281250002 0.78515625 0.22005208281250002 0.77734375 0.45703125 0.76953125 0.58203125 0.765625 0.72265625 0.7705078125 0.7265625 0.791015625 0.7252604171875 0.8076171875 0.7239583328125 0.810546875 0.70703125 0.81640625 0.5846354171875 0.814453125 0.58203125
0 0.84765625 0.51171875 0.84765625 0.4674479171875 0.853515625 0.4153645828125 0.861328125 0.2513020828125 0.861328125 0.21744791718749998 0.8564453125 0.21354166718749998 0.8408203125 0.21354166718749998 0.8359375 0.22526041718749998 0.8359375 0.27734375 0.830078125 0.32421875 0.830078125 0.36328125 0.82421875 0.4309895828125 0.826171875 0.4361979171875 0.81640625 0.5716145828125 0.81640625 0.6263020828125 0.810546875 0.6966145828125 0.810546875 0.72265625 0.82421875 0.7252604171875 0.83203125 0.7200520828125 0.833984375 0.7096354171875 0.83984375 0.5924479171875 0.84765625 0.51171875
0 0.892578125 0.2877604171875 0.896484375 0.2565104171875 0.8935546875 0.2421875 0.8662109375 0.2421875 0.861328125 0.24869791718749998 0.859375 0.2721354171875 0.85546875 0.3893229171875 0.849609375 0.4440104171875 0.833984375 0.7252604171875 0.8388671875 0.7317708328125 0.86328125 0.73046875 0.8671875 0.7122395828125 0.873046875 0.5950520828125 0.88671875 0.4205729171875 0.892578125 0.2877604171875
0 0.919921875 0.3736979171875 0.93359375 0.22265625 0.93359375 0.1549479171875 0.9306640625 0.1484375 0.9169921875 0.1458333328125 0.9091796875 0.1484375 0.90234375 0.1575520828125 0.8984375 0.1861979171875 0.896484375 0.2669270828125 0.88671875 0.3919270828125 0.884765625 0.4622395828125 0.865234375 0.7200520828125 0.865234375 0.7278645828125 0.8701171875 0.7369791671875 0.89453125 0.73828125 0.8984375 0.72265625 0.912109375 0.48828125 0.921875 0.3763020828125 0.919921875 0.3736979171875
0 0.953125 0.32421875 0.962890625 0.22265625 0.962890625 0.1627604171875 0.9560546875 0.1510416671875 0.9482421875 0.1458333328125 0.9423828125 0.1484375 0.939453125 0.1549479171875 0.935546875 0.1940104171875 0.896484375 0.7252604171875 0.896484375 0.7356770828125 0.8994140625 0.7395833328125 0.919921875 0.73828125 0.92578125 0.72265625 0.935546875 0.55859375 0.943359375 0.4908854171875 0.953125 0.32421875