0 0.2918857125 0.6780541015625 0.2957705640625 0.6776457875 0.2972652765625 0.673181925 0.2999550578125 0.6707458374999999 0.2856282390625 0.53443526875 0.2832381015625 0.5303797203125 0.26712043125 0.377030334375 0.2647302921875 0.3729747859375 0.24682177031250002 0.20258657656249998 0.24443163124999998 0.1985310296875 0.23368651875 0.096298103125 0.230101309375 0.09021478125 0.21456190625 0.0918480390625 0.2121717671875 0.087792490625 0.2005172140625 0.08901743437500001 0.1990225015625 0.093481296875 0.187367946875 0.0947062390625 0.186620590625 0.0969381703125 0.193784 0.16509345312499998 0.1961741390625 0.16914900156249998 0.208262390625 0.2841610421875 0.2106525296875 0.288216590625 0.21871136562500001 0.36489128593750003 0.22110150312500002 0.36894683281249996 0.23632374843749998 0.513776809375 0.23871388593749998 0.5178323578125 0.247668146875 0.6030264609375 0.2500582859375 0.6070820109375 0.26169882499999997 0.7178343453125 0.26408896406250004 0.72188989375 0.26722295625000003 0.7517078296874999 0.268418025 0.7537356046875 0.27110780624999997 0.751299515625 0.27559194374999996 0.7379079296875 0.27469651875 0.72938851875 0.27619123125 0.7249246546875 0.2757435171875 0.72066495 0.2817223671875 0.7028095015625 0.2820220109375 0.696317865625 0.2839644359375 0.6961137078124999 0.2918857125 0.6780541015625
0 0.33299030625000003 0.5552978859375 0.3217974796875 0.44880525625 0.3232921921875 0.44434139375 0.32284447968749996 0.4400816890625 0.320454340625 0.436026140625 0.2940392703125 0.18470353281250002 0.29164913124999997 0.18064798437500001 0.29030599218750003 0.16786886875 0.2918007046875 0.16340500625 0.289410565625 0.1593494578125 0.2876197140625 0.1423106375 0.28911442656249997 0.137846775 0.2877712875 0.125067659375 0.2853811484375 0.12101211249999999 0.2844857234375 0.11249270156249999 0.2859804359375 0.1080288375 0.28508500937500003 0.099509428125 0.28269487031249996 0.09545387968749999 0.2810520875 0.0891664015625 0.2791096625 0.0893705578125 0.2767195234375 0.085315009375 0.2728346734375 0.08572332499999999 0.270444534375 0.0816677765625 0.23548087343750002 0.0853426046875 0.23323880468749997 0.0920383984375 0.24129764062499998 0.1687130921875 0.24368777812500003 0.172768640625 0.2589100234375 0.31759861875 0.26130016093749997 0.321654165625 0.2729407015625 0.4324065015625 0.2753308390625 0.43646205 0.2945825015625 0.6196293734375 0.2969726390625 0.623684921875 0.3018974828125 0.6705416796875 0.303092553125 0.672569453125 0.3108622546875 0.671752825 0.31325239374999997 0.6758083734375 0.3190796703125 0.6751959015625 0.322664878125 0.6812792234375 0.323112590625 0.685538928125 0.3262500859375 0.6873625453125001 0.33342050156249997 0.6995291890625001 0.337305353125 0.699120875 0.3396954921875 0.7031764234375 0.34358034375 0.7027681078125 0.34597048125 0.70682365625 0.3467178375 0.704591725 0.34821255 0.7001278625 0.33791515 0.6021546437499999 0.3394098625 0.5976907812500001 0.33851443593749997 0.5891713703125 0.3361242984375 0.585115821875 0.3338857328125 0.563817296875 0.3353804453125 0.559353434375 0.33299030625000003 0.5552978859375
0 0.2552512421875 0.8993960078125 0.252861103125 0.895340459375 0.2519656765625 0.8868210484375 0.2495755375 0.8827655015625 0.24823239843749997 0.8699863859375 0.24972711093750002 0.8655225234374999 0.248383971875 0.8527434078124999 0.249878684375 0.84827954375 0.2476401203125 0.82698101875 0.24913483281249998 0.82251715625 0.24868711875 0.8182574515625 0.25391861250000003 0.802633934375 0.2578034640625 0.80222561875 0.2592981765625 0.7977617578125 0.263183028125 0.7973534421874999 0.264677740625 0.7928895812500001 0.266620165625 0.7926854234375 0.266919809375 0.7861937859375 0.268414521875 0.7817299234374999 0.26796680781250004 0.77747021875 0.26946152031250004 0.77300635625 0.265432103125 0.734669009375 0.263041965625 0.7306134625 0.2545354171875 0.6496790625 0.252145278125 0.6456235140625 0.253639990625 0.6411596515625 0.253192278125 0.6368999468750001 0.25080213906250004 0.6328443984375001 0.24005702499999998 0.5306114734375 0.2376668875 0.526555925 0.22826491249999997 0.4371021171875 0.2258747734375 0.43304656875 0.21423423437500003 0.32229423281249997 0.21184409531249998 0.31823868437499997 0.20065126875 0.2117460546875 0.19826113125 0.20769050625 0.193784 0.16509345312499998 0.19258893125 0.16306567968750002 0.1867616546875 0.1636781515625 0.184371515625 0.159622603125 0.1785442390625 0.160235075 0.1761541 0.1561795265625 0.15478741875 0.1584252546875 0.1540400625 0.1606571859375 0.156726340625 0.1862154171875 0.1591164796875 0.1902709671875 0.1667276015625 0.2626859546875 0.169117740625 0.266741503125 0.1776242875 0.3476759015625 0.1800144265625 0.35173145 0.1903118265625 0.4497046703125 0.192701965625 0.45376021718750004 0.20299936562499998 0.5517334375 0.2053895046875 0.5557889859375 0.2156869046875 0.6537622046875 0.21807704375 0.657817753125 0.2265835921875 0.738752153125 0.22897373124999998 0.7428077015625 0.23658485312500002 0.8152226890625001 0.238974990625 0.8192782375000001 0.24524297343749998 0.8789141109375 0.24763311250000003 0.8829696578125 0.24613839999999998 0.8874335203125 0.2465861125 0.891693225 0.24897625156249997 0.8957487734375 0.254796521875 0.9511249421875 0.25793401718750003 0.9529485578125 0.26032415468750003 0.95700410625 0.2630139375 0.9545680171875001 0.26376129375 0.9523360875 0.26764614375 0.9519277718750001 0.2698882125 0.9452319796875001 0.2689927875 0.93671256875 0.26421250937499996 0.9286014734375 0.2609269453125 0.916026515625 0.2561466671875 0.9079154171875 0.2552512421875 0.8993960078125
0 0.426195203125 0.79744721875 0.4226099953125 0.791363896875 0.41947600312500005 0.761545959375 0.41708586406250003 0.7574904124999999 0.4152950125 0.7404515921875 0.4129048734375 0.73639604375 0.4143995859375 0.73193218125 0.41395187343749995 0.7276724765625 0.41544658593749995 0.7232086140625 0.41455115937500003 0.7146892046875 0.41604587187500003 0.710225340625 0.41291188125 0.6804074046874999 0.41440659375 0.6759435421875 0.4130634546875 0.6631644265625 0.4160528796875 0.654236703125 0.41291888749999994 0.624418765625 0.41441359999999994 0.619954903125 0.4130704609375 0.6071757875 0.410680321875 0.6031202390625 0.4030692 0.5307052515625 0.4045639125 0.5262413875 0.392027946875 0.40696964218750004 0.393522659375 0.4025057796875 0.393074946875 0.3982460734375 0.3906848078125 0.3941905265625 0.3902370953125 0.3899308203125 0.3917318078125 0.38546695937500003 0.367555303125 0.1554428765625 0.369797371875 0.1487470828125 0.371739796875 0.1485429265625 0.37323450937499997 0.14407906406249998 0.3829466375 0.143058278125 0.38369399375 0.140826346875 0.38324628125000004 0.1365666421875 0.38474099375000004 0.1321027796875 0.3816070015625 0.10228484374999999 0.37802179375 0.0962015203125 0.37607936875000003 0.096405678125 0.364128675 0.07612793749999999 0.36218625000000004 0.0763320953125 0.35501583281250004 0.0641654515625 0.3530734078125 0.0643696078125 0.35068326875 0.060314060937500004 0.34679841875 0.060722374999999995 0.3444082796875 0.056666826562499995 0.28419308593750003 0.0629956984375 0.28195101718750004 0.06969149218750001 0.2846372953125 0.0952497234375 0.287027434375 0.0993052703125 0.29463855625 0.171720259375 0.29314384375 0.1761841234375 0.296429409375 0.18875908125000002 0.294934696875 0.19322294375 0.29538240937500004 0.19748264843750002 0.2977725484375 0.201538196875 0.3152333578125 0.3676667 0.317623496875 0.3717222484375 0.3418000015625 0.6017463296875001 0.344190140625 0.6058018781250001 0.342695428125 0.6102657406249999 0.3476202703125 0.657122496875 0.346125559375 0.661586359375 0.348515696875 0.6656419078125 0.35344054062499997 0.7124986640625 0.35941588750000003 0.7226375359375 0.3633007390625 0.7222292218749999 0.368081015625 0.7303403171875 0.3739082921875 0.7297278453125 0.37629843125 0.73378339375 0.38018328281249997 0.7333750796875 0.3825734203125 0.7374306265625 0.3903431234375 0.7366139984375 0.39153819218749997 0.738641771875 0.3870540546875 0.752033359375 0.3942244703125 0.764200003125 0.39467218437499996 0.7684597078125 0.3982573921875 0.7745430296875 0.40139488749999996 0.7763666484375 0.4018426 0.780626353125 0.4003478875 0.785090215625 0.40079560000000003 0.7893499203125 0.40318573906250005 0.79340546875 0.4054243046875 0.81470399375 0.4039295921875 0.81916785625 0.40527273125 0.831946971875 0.40377801875 0.8364108359375001 0.4069155140625 0.838234453125 0.40930565156250004 0.84229 0.42096020625 0.8410650578125001 0.42170756249999997 0.8388331265625 0.42245491875 0.8366011953125 0.42828219531249995 0.8359887234375 0.4285818375 0.8294970859375 0.43007655 0.8250332234375 0.42962883749999997 0.82077351875 0.43112355 0.81630965625 0.4293326984375 0.7992708359375 0.426195203125 0.79744721875
0 0.45550418125 0.609175965625 0.45774625 0.6024801734375 0.4474488484375 0.504506953125 0.4489435609375 0.500043090625 0.43416903125 0.35947281875 0.43566374375 0.35500895625 0.428948046875 0.29111337812500004 0.433432184375 0.277721790625 0.43298447187500005 0.273462084375 0.43447918437500005 0.268998221875 0.43044976718749994 0.2306608765625 0.43194447968749994 0.22619701406249998 0.42701963593750003 0.17934025625 0.4285143484375 0.17487639375 0.4280666359375 0.1706166890625 0.425676496875 0.1665611421875 0.4240337140625 0.1602736625 0.4220912890625 0.16047781875 0.4173110109375 0.152366721875 0.4153685859375 0.1525708796875 0.4086458828125 0.14466394062500001 0.393106478125 0.1462971984375 0.39071633906250003 0.14224165 0.37323450937499997 0.14407906406249998 0.369497728125 0.1552387203125 0.38561539843750003 0.3085881078125 0.38412068593750004 0.3130519703125 0.41993773125 0.6538283875 0.4211328 0.6558561625 0.42188015625 0.65362423125 0.42860636249999995 0.6335368484375 0.4305487875 0.6333326921875 0.43353821249999996 0.6244049671874999 0.4354806390625 0.6242008109375 0.4369753515625 0.6197369484374999 0.4389177765625 0.619532790625 0.4438496265625 0.610400909375 0.45550418125 0.609175965625
0 0.46958040468749995 0.3600576953125 0.46913269062499996 0.355797990625 0.466742553125 0.3517424421875 0.4640562734375 0.326184209375 0.4655509859375 0.321720346875 0.4628647078125 0.2961621171875 0.4643594203125 0.2916982546875 0.46346399531250004 0.28317884375 0.46226892499999994 0.28115107031250003 0.43507496718749994 0.2840092703125 0.43358025468749994 0.2884731328125 0.4308904734375 0.290909221875 0.444769578125 0.4229600828125 0.443274865625 0.42742394531250005 0.46207881406249995 0.6063315640625 0.46521630937499997 0.60815518125 0.46760644687499997 0.612210728125 0.4734337234375 0.6115982578125 0.47582386249999997 0.6156538046875 0.4797087140625 0.615245490625 0.4864314171875 0.6231524296875001 0.49225869375000003 0.6225399578124999 0.49300605 0.6203080265625001 0.4889766328125 0.58197068125 0.49047134375 0.5775068171875 0.48957591875000006 0.56898740625 0.4871857796875 0.564931859375 0.483604075 0.5308542187499999 0.4850987875 0.5263903562500001 0.46808569218749996 0.3645215578125 0.46958040468749995 0.3600576953125
0 0.5524633765625 0.7001940453125 0.55156795 0.691674634375 0.5541096609375 0.6784872046875 0.5532142359375001 0.6699677937499999 0.5576983734375001 0.6565762078125 0.557250659375 0.652316503125 0.5636772234375 0.6387207593750001 0.5632295093749999 0.6344610515625 0.5647242218749999 0.6299971890625 0.5401000046875 0.3957134046875 0.537709865625 0.3916578546875 0.539204578125 0.3871939921875 0.5369660125 0.3658954671875 0.534575875 0.36183991875 0.532337309375 0.34054139375000003 0.533832021875 0.33607753125 0.53159345625 0.3147790046875 0.5292033171875 0.31072345625 0.5287556046875 0.3064637515625 0.5302503171875 0.3019998890625 0.523534621875 0.2381043109375 0.525029334375 0.2336404484375 0.5205522031250001 0.1910433953125 0.5174147078125 0.18921977968749998 0.5150245703125 0.18516423125 0.4897730375 0.18781827499999998 0.48753096874999996 0.1945140671875 0.48992110625 0.198569615625 0.4903688203125 0.2028293203125 0.4888741078125 0.20729318281250003 0.4946943765625 0.2626693515625 0.497084515625 0.2667248984375 0.49797994218749997 0.2752443109375 0.4954382296875 0.288431740625 0.54647751875 0.774038134375 0.5488676578125 0.7780936828125 0.552153221875 0.7906686406250001 0.5557384296875 0.7967519625 0.55768085625 0.7965478046875 0.5600709937499999 0.8006033531250001 0.569783121875 0.7995825671875 0.570530478125 0.7973506359375 0.5691873390625 0.7845715203125 0.5644070625000001 0.776460425 0.5635116359375 0.7679410156250001 0.5587313593750001 0.75982991875 0.55738821875 0.7470508015624999 0.55499808125 0.7429952546874999 0.5509686640625 0.7046579078125 0.5524633765625 0.7001940453125
0 0.4987237953125 0.3010066984375 0.49633365625000003 0.29695115 0.4954382296875 0.288431740625 0.4969329421875 0.283967878125 0.49603751718750005 0.2754484671875 0.49245230781249993 0.26936514375 0.476912903125 0.2709984015625 0.475418190625 0.2754622640625 0.4657060640625 0.27648305 0.46346399531250004 0.28317884375 0.467941125 0.3257758953125 0.4703312640625 0.32983144375 0.4707789765625 0.3340911484375 0.4692842640625 0.3385550125 0.500176465625 0.6324746703125 0.5025666046875 0.63653021875 0.5030143171875 0.6407899234375 0.50540445625 0.6448454734375 0.5086900203125 0.65742043125 0.5134702984375 0.6655315265625 0.5143657234375001 0.6740509375 0.5167558624999999 0.6781064859375 0.5180990015625 0.6908856 0.520489140625 0.6949411484375 0.5249662703125 0.7375382015625 0.5234715578125 0.7420020640625 0.5261578375 0.7675602953125 0.52735290625 0.7695880703125 0.5351226078125 0.7687714406249999 0.537512746875 0.7728269890624999 0.5382601031250001 0.7705950578125 0.5416972421875 0.7659270390625 0.5367723984375 0.7190702812499999 0.5382671109375 0.7146064187500001 0.511852040625 0.46328381093750004 0.513346753125 0.4588199484375 0.4976767953125 0.309730265625 0.49917150781249997 0.305266403125 0.4987237953125 0.3010066984375
0 0.6428829734375 0.51411333125 0.642435259375 0.5098536265625 0.6400451203124999 0.505798078125 0.6415398328124999 0.5013342140625 0.627213015625 0.3650236484375 0.628707728125 0.3605597859375 0.6179626140625001 0.2583268609375 0.6194573265625001 0.2538629984375 0.6170671890625 0.24980745 0.6134854843750001 0.21572980937500003 0.614980196875 0.211265946875 0.6042350828124999 0.109033021875 0.6057297953125 0.104569159375 0.5999095265625 0.049192990625 0.6014042390625 0.0447291296875 0.5990141 0.04067358125 0.5985663875 0.0364138765625 0.5954288921875001 0.034590259375 0.593038753125 0.030534710937499997 0.5813842 0.0317596546875 0.5789940609374999 0.02770410625 0.5692819328125001 0.0287248921875 0.5677872203125001 0.0331887546875 0.5250538578125 0.0376802109375 0.5235591453125 0.0421440734375 0.5138470171875 0.043164859374999996 0.5123523046875 0.047628721875 0.5084674546875 0.0480370359375 0.5054780296875 0.056964760937500004 0.503535603125 0.0571689171875 0.496809396875 0.07725629843750001 0.49815253593750003 0.090035415625 0.4966578234375 0.0944992765625 0.5042689453125 0.166914265625 0.5066590843750001 0.1709698140625 0.5075545109374999 0.1794892234375 0.5087495796875 0.181516996875 0.5184617078125 0.1804962125 0.522046915625 0.186579534375 0.5489096984375 0.44216184687500004 0.5512998375 0.44621739375 0.549805125 0.45068125625000005 0.5520436906249999 0.4719797828125 0.5544338296875 0.47603533125 0.5701037859375 0.6251250125000001 0.57129885625 0.6271527875 0.57518370625 0.6267444734375001 0.57667841875 0.6222806109375 0.5980451 0.62003488125 0.6004352390625 0.6240904296875 0.606262515625 0.6234779578125 0.6086526546875 0.62753350625 0.61492764375 0.6311807421875 0.619707921875 0.6392918375 0.621650346875 0.6390876796875 0.632405971875 0.6573376453125 0.632853684375 0.6615973515625 0.6376339609375 0.669708446875 0.638081675 0.6739681515625 0.6433096640625 0.686338953125 0.6446528046875 0.6991180703125 0.6470429421875 0.7031736171875 0.651072359375 0.7415109640625 0.649577646875 0.7459748265624999 0.6504730734375 0.7544942375 0.6474836484375001 0.7634219625 0.6498737875 0.7674775109375 0.6503215 0.771737215625 0.6488267875 0.7762010781249999 0.654802134375 0.786339946875 0.6625718375 0.7855233187499999 0.66331919375 0.7832913875 0.66630861875 0.7743636625 0.659145209375 0.7062083796875 0.660639921875 0.7017445171875 0.6431791125 0.5356160140624999 0.644673825 0.5311521515625001 0.6437783984375 0.5226327421875 0.6413882609375 0.51857719375 0.6428829734375 0.51411333125
0 0.6746846140625 0.7045751234375001 0.6742369 0.7003154171875 0.6767786124999999 0.6871279875 0.6664812125 0.5891547671875 0.667975925 0.5846909046875 0.6496196890625 0.41004299218750007 0.6511144015625 0.40557912968750004 0.6502189765625 0.39705971875 0.6478288375 0.3930041703125 0.6469334109375 0.3844847609375 0.6484281234375 0.38002089687499996 0.6358921578125 0.260749153125 0.6373868703125 0.2562852890625 0.63499673125 0.252229740625 0.6333539499999999 0.2459422625 0.6216993953125 0.24716720468750003 0.6209520390625001 0.2493991359375 0.6308017265625 0.3431126515625 0.6293070140625 0.3475765140625 0.6418429796875 0.466848259375 0.6403482671875 0.47131212187499993 0.67168818125 0.7694914859375 0.6752733890625 0.775574809375 0.6760207453125 0.773342878125 0.6775154578125 0.7688790156249999 0.6751253203124999 0.7648234671874999 0.6728867546874999 0.743524940625 0.6743814671874999 0.739061078125 0.6725906140625 0.7220222578125 0.674085328125 0.7175583953125 0.6731899015625 0.709038984375 0.6746846140625 0.7045751234375001
0 0.7015859359375 0.65221991875 0.7030806484375 0.6477560578125 0.7108503500000001 0.6469394281249999 0.71159770625 0.644707496875 0.708463715625 0.6148895609375 0.709958428125 0.6104256984374999 0.6933930453125 0.45281660625000003 0.6948877578125 0.44835274375 0.6796655125 0.303522765625 0.681160225 0.299058903125 0.6672811203125 0.1670080421875 0.6641436265625 0.165184425 0.6617534875 0.1611288765625 0.650098934375 0.1623538203125 0.648604221875 0.1668176828125 0.6466617953125 0.1670218390625 0.6442716578125001 0.1629662921875 0.6427769453125001 0.1674301546875 0.627237540625 0.1690634109375 0.625742828125 0.17352727343750002 0.6140882734375 0.174752215625 0.6133409171875 0.176984146875 0.6151317703125 0.1940229671875 0.6136370578125 0.1984868296875 0.614532484375 0.2070062421875 0.616922621875 0.211061790625 0.6173703359375 0.2153214953125 0.6158756234375 0.21978535781250003 0.6167710484375 0.22830476718749998 0.6191611875 0.23236031562499998 0.6200566140625 0.24087972500000002 0.6212516828125 0.2429075 0.6309638109375 0.2418867140625 0.63454901875 0.24797003593750003 0.6363398703125 0.2650088578125 0.638730009375 0.26906440625 0.6391777234375 0.27332411093750003 0.6376830109375 0.2777879734375 0.6381307234375 0.282047678125 0.6405208625000001 0.2861032265625 0.6390261500000001 0.2905670890625 0.651562115625 0.409838834375 0.650067403125 0.414302696875 0.650515115625 0.41856240156249996 0.6529052546874999 0.42261794999999996 0.6533529671875 0.42687765468750005 0.6518582546875 0.43134151718749997 0.665737359375 0.5633923796875 0.664242646875 0.5678562421875 0.6646903609375 0.572115946875 0.6670804984375 0.5761714953125 0.6655857859375 0.5806353578125 0.6758831859375001 0.6786085765625 0.67707825625 0.68063635 0.68096310625 0.6802280359374999 0.6817104625 0.6779961046875 0.6839525328125 0.6713003109375 0.6858949578125 0.6710961546875 0.6873896703125 0.6666322921875001 0.6893320953125001 0.666428134375 0.6908268078125 0.661964271875 0.692769234375 0.661760115625 0.697701084375 0.6526282343750001 0.7015859359375 0.65221991875
0 0.7328408421875 0.435750190625 0.7220957296875 0.333517265625 0.7235904421875 0.329053403125 0.7137407546875 0.23533988749999998 0.7152354671875 0.230876025 0.7026995015625 0.1116042796875 0.7041942140625 0.1071404171875 0.69882165625 0.0560239546875 0.6952364484375 0.04994063125 0.6602727890625 0.053615460937500005 0.6587780765625 0.0580793234375 0.6529507999999999 0.05869179375 0.6492140187500001 0.06985145000000001 0.6536911484375 0.11244850312500002 0.6521964359375 0.116912365625 0.656225853125 0.1552497125 0.6574209234375 0.1572774859375 0.6632482000000001 0.156665015625 0.6668334078125 0.1627483375 0.667728834375 0.171267746875 0.670118971875 0.1753232953125 0.6763869546875 0.23495916874999997 0.6748922421875 0.2394230296875 0.6887713468750001 0.3714738921875 0.6872766343750001 0.3759377546875 0.7056328703125 0.5505856671875 0.7041381578125 0.5550495296875 0.71309241875 0.6402436359375 0.7162299140624999 0.6420672515625 0.718620053125 0.6461228 0.7399867343750001 0.643877071875 0.740734090625 0.641645140625 0.7434238718749999 0.6392090515625 0.7437235156249999 0.632717415625 0.746413296875 0.6302813281249999 0.748655365625 0.623585534375 0.7419396703125 0.55968995625 0.7434343828125 0.55522609375 0.7313461296875 0.44021405312499995 0.7328408421875 0.435750190625
0 0.7609372343749999 0.3854227609375 0.753773825 0.317267478125 0.7552685375 0.312803615625 0.7472097015625 0.23612892031250002 0.7487044140625 0.2316650578125 0.7410932921875 0.1592500703125 0.7425880046875 0.15478620781250002 0.7340814578125 0.073851809375 0.7355761703125 0.069387946875 0.7302036125 0.018271484375 0.72900854375 0.0162437109375 0.7115267140625 0.018081125 0.7100320015625 0.0225449875 0.7022622984375 0.023361615625000002 0.7007675859375 0.027825478125000004 0.696882734375 0.028233792187500002 0.695388021875 0.0326976546875 0.6895607453125 0.0333101265625 0.6880660328125 0.0377739875 0.6841811828125001 0.038182303125 0.6826864687499999 0.042646164062500005 0.67880161875 0.0430544796875 0.6780542625 0.0452864109375 0.67969704375 0.0515738890625 0.697178875 0.049736475 0.69837394375 0.05176424843750001 0.705985065625 0.1241792375 0.704490353125 0.1286431 0.7188171718749999 0.2649536671875 0.7173224593749999 0.2694175296875 0.7262767203125 0.3546116328125 0.7247820078125 0.3590754953125 0.7368702593750001 0.47408753593749997 0.7353755468750001 0.4785513984375 0.7479115125 0.5978231453125 0.7464168 0.60228700625 0.7482076531249999 0.619325828125 0.7517928609375 0.6254091515625 0.7556777125 0.6250008359375 0.7624004156249999 0.632907775 0.766285265625 0.6324994609375 0.7686754046875001 0.636555009375 0.7706178296874999 0.6363508515625 0.7773405328125 0.644257790625 0.780030315625 0.6418217015625001 0.7782394625 0.62478288125 0.779734175 0.62031901875 0.7712276265625 0.53938461875 0.7727223390625 0.5349207578125 0.76555893125 0.46676547343749997 0.76705364375 0.4623016125 0.7594425218749999 0.38988662343749997 0.7609372343749999 0.3854227609375