0 0.0595703125 0.9609375 0.060546875 0.95703125 0.0625 0.9544270828125001 0.0625 0.94921875 0.060546875 0.9466145828125001 0.060546875 0.8372395828125001 0.05859375 0.8346354171874999 0.05859375 0.6002604171875 0.056640625 0.59765625 0.05859375 0.58984375 0.056640625 0.5872395828125 0.056640625 0.3658854171875 0.0537109375 0.3619791671875 0.0322265625 0.3619791671875 0.0302734375 0.359375 0.0185546875 0.359375 0.0166015625 0.3619791671875 0.013671875 0.36328125 0.013671875 0.3736979171875 0.01171875 0.3763020828125 0.01171875 0.3841145828125 0.013671875 0.38671875 0.013671875 0.39453125 0.01171875 0.3971354171875 0.01171875 0.41015625 0.013671875 0.4127604171875 0.013671875 0.4153645828125 0.01171875 0.41796875 0.01171875 0.4309895828125 0.013671875 0.43359375 0.013671875 0.4361979171875 0.01171875 0.4388020828125 0.01171875 0.44921875 0.013671875 0.4518229171875 0.013671875 0.4596354171875 0.01171875 0.4622395828125 0.01171875 0.4700520828125 0.013671875 0.47265625 0.013671875 0.72265625 0.015625 0.7252604171875 0.015625 0.83984375 0.017578125 0.8424479171874999 0.017578125 0.95703125 0.01953125 0.9596354171874999 0.01953125 0.96484375 0.0205078125 0.9661458328125001 0.0419921875 0.9661458328125001 0.04296875 0.96484375 0.0439453125 0.9635416671874999 0.0537109375 0.9635416671874999 0.0556640625 0.9609375 0.0595703125 0.9609375
0 0.130859375 0.4466145828125 0.130859375 0.4440104171875 0.12890625 0.44140625 0.12890625 0.4283854171875 0.130859375 0.42578125 0.130859375 0.4231770828125 0.12890625 0.4205729171875 0.12890625 0.3841145828125 0.130859375 0.3815104171875 0.12890625 0.37890625 0.12890625 0.3658854171875 0.130859375 0.36328125 0.12890625 0.35546875 0.130859375 0.3528645828125 0.130859375 0.34765625 0.1337890625 0.34375 0.1904296875 0.34375 0.19140625 0.3424479171875 0.19140625 0.3138020828125 0.193359375 0.3111979171875 0.193359375 0.3059895828125 0.1943359375 0.3046875 0.2216796875 0.3046875 0.2236328125 0.3072916671875 0.2314453125 0.3072916671875 0.234375 0.3033854171875 0.2333984375 0.3020833328125 0.2294921875 0.3020833328125 0.2275390625 0.2994791671875 0.2255859375 0.2994791671875 0.2236328125 0.296875 0.2216796875 0.296875 0.2158203125 0.2916666671875 0.2119140625 0.2916666671875 0.2099609375 0.2890625 0.2080078125 0.2890625 0.2060546875 0.2864583328125 0.2041015625 0.2864583328125 0.2021484375 0.2838541671875 0.2001953125 0.2838541671875 0.1982421875 0.28125 0.1962890625 0.28125 0.1904296875 0.2760416671875 0.1865234375 0.2760416671875 0.1845703125 0.2734375 0.1826171875 0.2734375 0.1806640625 0.2708333328125 0.1787109375 0.2708333328125 0.1767578125 0.2682291671875 0.1708984375 0.265625 0.1669921875 0.2604166671875 0.1650390625 0.2604166671875 0.16015625 0.25390625 0.16015625 0.2513020828125 0.1474609375 0.234375 0.1435546875 0.234375 0.1416015625 0.23177083281250002 0.1318359375 0.23177083281250002 0.1298828125 0.22916666718749998 0.1279296875 0.22916666718749998 0.1259765625 0.23177083281250002 0.1220703125 0.23177083281250002 0.1181640625 0.23697916718749998 0.1083984375 0.23697916718749998 0.107421875 0.23828125 0.107421875 0.24869791718749998 0.10546875 0.2513020828125 0.10546875 0.37890625 0.107421875 0.3815104171875 0.107421875 0.3841145828125 0.10546875 0.38671875 0.10546875 0.7434895828125 0.103515625 0.74609375 0.103515625 0.75390625 0.10546875 0.7565104171875 0.10546875 0.7643229171875 0.103515625 0.7669270828125 0.103515625 0.7799479171875 0.10546875 0.7825520828125 0.10546875 0.78515625 0.103515625 0.7877604171875 0.103515625 0.8190104171874999 0.10546875 0.8216145828125001 0.10546875 0.8268229171874999 0.103515625 0.8294270828125001 0.103515625 0.8580729171874999 0.10546875 0.8606770828125001 0.10546875 0.8684895828125001 0.103515625 0.87109375 0.103515625 0.8763020828125001 0.10546875 0.87890625 0.10546875 0.9700520828125001 0.107421875 0.97265625 0.1083984375 0.9765625 0.1220703125 0.9765625 0.123046875 0.9752604171874999 0.1259765625 0.9739583328125001 0.12890625 0.9700520828125001 0.12890625 0.44921875 0.130859375 0.4466145828125
0 0.185546875 0.96484375 0.185546875 0.8815104171874999 0.1875 0.87890625 0.1875 0.8763020828125001 0.185546875 0.8736979171874999 0.185546875 0.87109375 0.1875 0.8684895828125001 0.1875 0.7200520828125 0.189453125 0.7174479171875 0.189453125 0.71484375 0.1875 0.7122395828125 0.1875 0.7096354171875 0.189453125 0.70703125 0.189453125 0.7044270828125 0.1875 0.7018229171875 0.1875 0.69921875 0.189453125 0.6966145828125 0.189453125 0.6940104171875 0.1875 0.69140625 0.1875 0.67578125 0.189453125 0.6731770828125 0.1875 0.6705729171875 0.189453125 0.66796875 0.189453125 0.3763020828125 0.19140625 0.3736979171875 0.189453125 0.37109375 0.189453125 0.34765625 0.1884765625 0.3463541671875 0.1806640625 0.3463541671875 0.1787109375 0.34375 0.1337890625 0.34375 0.130859375 0.34765625 0.130859375 0.7096354171875 0.12890625 0.7122395828125 0.12890625 0.8971354171874999 0.130859375 0.8997395828125001 0.130859375 0.9049479171874999 0.12890625 0.9075520828125001 0.130859375 0.91015625 0.130859375 0.9700520828125001 0.1337890625 0.9739583328125001 0.1708984375 0.9739583328125001 0.171875 0.97265625 0.1728515625 0.9713541671874999 0.1826171875 0.9713541671874999 0.18359375 0.9674479171874999 0.185546875 0.96484375
0 0.244140625 0.9596354171874999 0.24609375 0.95703125 0.24609375 0.7434895828125 0.248046875 0.7408854171875 0.24609375 0.73828125 0.24609375 0.7356770828125 0.248046875 0.7330729171875 0.248046875 0.73046875 0.24609375 0.7278645828125 0.24609375 0.7252604171875 0.248046875 0.72265625 0.248046875 0.70703125 0.24609375 0.7044270828125 0.24609375 0.6940104171875 0.248046875 0.69140625 0.24609375 0.6888020828125 0.24609375 0.6809895828125 0.248046875 0.6783854171875 0.24609375 0.67578125 0.24609375 0.6731770828125 0.248046875 0.6705729171875 0.248046875 0.66796875 0.24609375 0.6653645828125 0.24609375 0.6627604171875 0.248046875 0.66015625 0.248046875 0.5299479171875 0.25 0.52734375 0.25 0.33984375 0.251953125 0.3372395828125 0.251953125 0.3346354171875 0.25 0.33203125 0.25 0.3111979171875 0.2490234375 0.3098958328125 0.2412109375 0.3098958328125 0.2392578125 0.3072916671875 0.2060546875 0.3072916671875 0.2041015625 0.3046875 0.1982421875 0.3046875 0.193359375 0.3111979171875 0.193359375 0.3450520828125 0.19140625 0.34765625 0.193359375 0.3502604171875 0.19140625 0.3528645828125 0.19140625 0.43359375 0.193359375 0.4361979171875 0.19140625 0.4388020828125 0.19140625 0.5143229171875 0.189453125 0.5169270828125 0.189453125 0.51953125 0.19140625 0.5221354171875 0.19140625 0.5924479171875 0.189453125 0.5950520828125 0.189453125 0.6002604171875 0.19140625 0.6028645828125 0.19140625 0.6106770828125 0.189453125 0.61328125 0.189453125 0.88671875 0.1875 0.8893229171874999 0.1875 0.9700520828125001 0.1904296875 0.9739583328125001 0.2333984375 0.9739583328125001 0.234375 0.97265625 0.2353515625 0.9713541671874999 0.2412109375 0.9713541671874999 0.244140625 0.9674479171874999 0.244140625 0.9596354171874999
0 0.3203125 0.9622395828125001 0.3203125 0.95703125 0.318359375 0.9544270828125001 0.3203125 0.9518229171874999 0.3203125 0.8190104171874999 0.322265625 0.81640625 0.322265625 0.6236979171875 0.32421875 0.62109375 0.32421875 0.3971354171875 0.326171875 0.39453125 0.326171875 0.3736979171875 0.3349609375 0.3697916671875 0.337890625 0.3658854171875 0.3359375 0.36328125 0.3369140625 0.3619791671875 0.3388671875 0.3619791671875 0.3447265625 0.3671875 0.3583984375 0.3671875 0.3642578125 0.3723958328125 0.3720703125 0.3723958328125 0.375 0.3684895828125 0.375 0.3424479171875 0.3642578125 0.328125 0.3623046875 0.328125 0.3583984375 0.3229166671875 0.3564453125 0.3229166671875 0.3525390625 0.3177083328125 0.3505859375 0.3177083328125 0.3447265625 0.3098958328125 0.3427734375 0.3098958328125 0.3349609375 0.2994791671875 0.3330078125 0.2994791671875 0.3310546875 0.296875 0.3271484375 0.296875 0.3251953125 0.2942708328125 0.3173828125 0.2942708328125 0.3154296875 0.2916666671875 0.2548828125 0.2916666671875 0.25390625 0.29296875 0.25390625 0.3059895828125 0.251953125 0.30859375 0.251953125 0.48828125 0.25 0.4908854171875 0.25 0.7018229171875 0.248046875 0.7044270828125 0.248046875 0.9049479171874999 0.24609375 0.9075520828125001 0.248046875 0.9153645828125001 0.24609375 0.91796875 0.24609375 0.96484375 0.2490234375 0.96875 0.2529296875 0.96875 0.2548828125 0.9713541671874999 0.3115234375 0.9713541671874999 0.3125 0.9700520828125001 0.3134765625 0.96875 0.3173828125 0.96875 0.318359375 0.96484375 0.3203125 0.9622395828125001
0 0.341796875 0.7643229171875 0.341796875 0.76171875 0.33984375 0.7591145828125 0.341796875 0.7565104171875 0.341796875 0.62890625 0.34375 0.6263020828125 0.34375 0.4440104171875 0.345703125 0.44140625 0.34375 0.43359375 0.345703125 0.4309895828125 0.345703125 0.3763020828125 0.3427734375 0.3723958328125 0.3291015625 0.3723958328125 0.326171875 0.3763020828125 0.326171875 0.4596354171875 0.32421875 0.4622395828125 0.32421875 0.6783854171875 0.322265625 0.6809895828125 0.322265625 0.9361979171874999 0.3203125 0.9388020828125001 0.3203125 0.9440104171874999 0.322265625 0.9466145828125001 0.322265625 0.9674479171874999 0.3251953125 0.96875 0.3271484375 0.9713541671874999 0.3369140625 0.9713541671874999 0.337890625 0.9700520828125001 0.337890625 0.9361979171874999 0.33984375 0.93359375 0.33984375 0.7669270828125 0.341796875 0.7643229171875
0 0.3671875 0.9518229171874999 0.3671875 0.94921875 0.365234375 0.9466145828125001 0.365234375 0.9440104171874999 0.3671875 0.94140625 0.3671875 0.89453125 0.369140625 0.8919270828125001 0.369140625 0.7122395828125 0.37109375 0.7096354171875 0.37109375 0.5716145828125 0.373046875 0.5690104171875 0.373046875 0.41015625 0.3759765625 0.40625 0.3798828125 0.40625 0.3818359375 0.4036458328125 0.3896484375 0.4036458328125 0.392578125 0.3997395828125 0.392578125 0.39453125 0.390625 0.3919270828125 0.390625 0.3893229171875 0.3876953125 0.3854166671875 0.3857421875 0.3854166671875 0.3837890625 0.3828125 0.3818359375 0.3828125 0.3798828125 0.3802083328125 0.3779296875 0.3802083328125 0.3720703125 0.375 0.3466796875 0.375 0.345703125 0.3763020828125 0.345703125 0.44140625 0.34375 0.4440104171875 0.34375 0.5950520828125 0.341796875 0.59765625 0.341796875 0.7591145828125 0.33984375 0.76171875 0.33984375 0.9075520828125001 0.337890625 0.91015625 0.33984375 0.9127604171874999 0.33984375 0.9153645828125001 0.337890625 0.91796875 0.337890625 0.9205729171874999 0.33984375 0.9231770828125001 0.33984375 0.92578125 0.337890625 0.9283854171874999 0.337890625 0.94140625 0.3408203125 0.9427083328125001 0.341796875 0.9466145828125001 0.3388671875 0.9479166671874999 0.337890625 0.9518229171874999 0.33984375 0.9544270828125001 0.33984375 0.95703125 0.34375 0.9622395828125001 0.341796875 0.96484375 0.341796875 0.9674479171874999 0.3447265625 0.9713541671874999 0.3623046875 0.9713541671874999 0.36328125 0.9700520828125001 0.3671875 0.96484375 0.3671875 0.95703125 0.365234375 0.9544270828125001 0.3671875 0.9518229171874999
0 0.392578125 0.80859375 0.392578125 0.8033854171874999 0.390625 0.80078125 0.390625 0.7981770828125 0.392578125 0.7955729171875 0.392578125 0.5950520828125 0.39453125 0.5924479171875 0.392578125 0.58984375 0.392578125 0.5846354171875 0.39453125 0.58203125 0.39453125 0.41015625 0.3916015625 0.40625 0.3759765625 0.40625 0.373046875 0.41015625 0.373046875 0.58203125 0.37109375 0.5846354171875 0.37109375 0.7356770828125 0.369140625 0.73828125 0.369140625 0.96484375 0.3740234375 0.9713541671874999 0.3876953125 0.9713541671874999 0.388671875 0.9700520828125001 0.388671875 0.9205729171874999 0.390625 0.91796875 0.390625 0.8111979171874999 0.392578125 0.80859375
0 0.4287109375 0.9713541671874999 0.4306640625 0.96875 0.4345703125 0.96875 0.4375 0.96484375 0.4375 0.9622395828125001 0.439453125 0.9596354171874999 0.439453125 0.9518229171874999 0.44140625 0.94921875 0.44140625 0.8736979171874999 0.443359375 0.87109375 0.443359375 0.8658854171874999 0.44140625 0.86328125 0.44140625 0.8528645828125001 0.443359375 0.8502604171874999 0.443359375 0.7669270828125 0.4453125 0.7643229171875 0.4453125 0.7434895828125 0.443359375 0.7408854171875 0.443359375 0.69140625 0.4453125 0.6888020828125 0.4453125 0.68359375 0.443359375 0.6809895828125 0.4453125 0.6783854171875 0.4453125 0.5638020828125 0.447265625 0.5611979171875 0.447265625 0.5325520828125 0.4453125 0.5299479171875 0.4453125 0.5247395828125 0.447265625 0.5221354171875 0.447265625 0.4309895828125 0.44921875 0.4283854171875 0.447265625 0.42578125 0.44921875 0.4231770828125 0.44921875 0.41796875 0.447265625 0.4153645828125 0.447265625 0.4049479171875 0.44921875 0.40234375 0.44921875 0.3033854171875 0.451171875 0.30078125 0.451171875 0.2825520828125 0.44921875 0.2799479171875 0.44921875 0.27734375 0.451171875 0.2747395828125 0.451171875 0.2721354171875 0.44921875 0.26953125 0.44921875 0.2669270828125 0.451171875 0.2643229171875 0.451171875 0.24088541718749998 0.44921875 0.23828125 0.44921875 0.23046875 0.451171875 0.22786458281250002 0.451171875 0.20442708281250002 0.4462890625 0.1979166671875 0.4287109375 0.1979166671875 0.4267578125 0.1953125 0.4033203125 0.1953125 0.4013671875 0.1979166671875 0.3984375 0.19921875 0.3984375 0.2903645828125 0.396484375 0.29296875 0.396484375 0.4205729171875 0.3984375 0.4231770828125 0.3984375 0.45703125 0.396484375 0.4596354171875 0.396484375 0.4622395828125 0.3984375 0.46484375 0.3984375 0.5091145828125 0.396484375 0.51171875 0.396484375 0.5143229171875 0.3984375 0.5169270828125 0.3984375 0.51953125 0.396484375 0.5221354171875 0.396484375 0.5247395828125 0.3984375 0.52734375 0.3984375 0.5325520828125 0.396484375 0.53515625 0.3984375 0.5377604171875 0.396484375 0.5403645828125 0.396484375 0.6653645828125 0.39453125 0.66796875 0.39453125 0.8997395828125001 0.392578125 0.90234375 0.392578125 0.96484375 0.3994140625 0.9739583328125001 0.4033203125 0.9739583328125001 0.4052734375 0.9765625 0.4150390625 0.9765625 0.416015625 0.9752604171874999 0.4169921875 0.9739583328125001 0.4228515625 0.9739583328125001 0.4248046875 0.9713541671874999 0.4287109375 0.9713541671874999
0 0.48046875 0.9622395828125001 0.482421875 0.9596354171874999 0.482421875 0.8528645828125001 0.484375 0.8502604171874999 0.484375 0.7799479171875 0.486328125 0.77734375 0.486328125 0.6627604171875 0.48828125 0.66015625 0.486328125 0.65234375 0.48828125 0.6497395828125 0.48828125 0.5690104171875 0.490234375 0.56640625 0.490234375 0.4518229171875 0.4921875 0.44921875 0.4921875 0.3658854171875 0.494140625 0.36328125 0.494140625 0.29296875 0.49609375 0.2903645828125 0.49609375 0.2825520828125 0.494140625 0.2799479171875 0.494140625 0.2721354171875 0.49609375 0.26953125 0.49609375 0.2591145828125 0.498046875 0.2565104171875 0.498046875 0.20182291718749998 0.4912109375 0.1927083328125 0.4580078125 0.1927083328125 0.45703125 0.1940104171875 0.45703125 0.1966145828125 0.455078125 0.19921875 0.455078125 0.24869791718749998 0.453125 0.2513020828125 0.453125 0.2955729171875 0.455078125 0.2981770828125 0.455078125 0.32421875 0.453125 0.3268229171875 0.453125 0.40234375 0.451171875 0.4049479171875 0.451171875 0.45703125 0.44921875 0.4596354171875 0.44921875 0.5846354171875 0.447265625 0.5872395828125 0.447265625 0.67578125 0.4453125 0.6783854171875 0.4453125 0.7825520828125 0.443359375 0.78515625 0.443359375 0.9205729171874999 0.4453125 0.9231770828125001 0.443359375 0.92578125 0.443359375 0.9700520828125001 0.4453125 0.97265625 0.4462890625 0.9765625 0.4521484375 0.9765625 0.4541015625 0.9791666671874999 0.4658203125 0.9791666671874999 0.466796875 0.9778645828125001 0.4677734375 0.9765625 0.4755859375 0.9765625 0.48046875 0.9700520828125001 0.48046875 0.9622395828125001
0 0.513671875 0.8580729171874999 0.515625 0.85546875 0.515625 0.7565104171875 0.517578125 0.75390625 0.517578125 0.7513020828125 0.515625 0.7486979171875 0.515625 0.7434895828125 0.517578125 0.7408854171875 0.517578125 0.6184895828125 0.51953125 0.6158854171875 0.51953125 0.5299479171875 0.521484375 0.52734375 0.521484375 0.5221354171875 0.51953125 0.51953125 0.51953125 0.5143229171875 0.521484375 0.51171875 0.521484375 0.40234375 0.5234375 0.3997395828125 0.521484375 0.3919270828125 0.5234375 0.3893229171875 0.521484375 0.38671875 0.521484375 0.3815104171875 0.5185546875 0.3776041671875 0.4970703125 0.3776041671875 0.494140625 0.3815104171875 0.494140625 0.40234375 0.4921875 0.4049479171875 0.4921875 0.4986979171875 0.490234375 0.5013020828125 0.490234375 0.60546875 0.48828125 0.6080729171875 0.490234375 0.6106770828125 0.490234375 0.62109375 0.48828125 0.6236979171875 0.48828125 0.7252604171875 0.486328125 0.7278645828125 0.486328125 0.83203125 0.484375 0.8346354171874999 0.484375 0.97265625 0.4873046875 0.9765625 0.5087890625 0.9765625 0.509765625 0.9752604171874999 0.51171875 0.97265625 0.51171875 0.9388020828125001 0.513671875 0.9361979171874999 0.513671875 0.8580729171874999
0 0.544921875 0.9674479171874999 0.546875 0.96484375 0.546875 0.8971354171874999 0.548828125 0.89453125 0.548828125 0.8059895828125001 0.55078125 0.8033854171874999 0.55078125 0.7200520828125 0.552734375 0.7174479171875 0.552734375 0.6158854171875 0.5546875 0.61328125 0.5546875 0.5299479171875 0.556640625 0.52734375 0.556640625 0.4205729171875 0.55859375 0.41796875 0.55859375 0.3424479171875 0.5556640625 0.3385416671875 0.5263671875 0.3385416671875 0.5224609375 0.34375 0.5205078125 0.34375 0.517578125 0.34765625 0.517578125 0.3502604171875 0.51171875 0.3580729171875 0.51171875 0.3606770828125 0.5078125 0.3658854171875 0.5078125 0.3684895828125 0.505859375 0.37109375 0.5068359375 0.375 0.5126953125 0.375 0.5146484375 0.3776041671875 0.5224609375 0.3776041671875 0.5234375 0.37890625 0.5234375 0.4544270828125 0.521484375 0.45703125 0.521484375 0.54296875 0.51953125 0.5455729171875 0.51953125 0.6575520828125 0.517578125 0.66015625 0.517578125 0.7747395828125 0.515625 0.77734375 0.517578125 0.78515625 0.515625 0.7877604171875 0.515625 0.8841145828125001 0.513671875 0.88671875 0.513671875 0.9752604171874999 0.5146484375 0.9765625 0.5205078125 0.9765625 0.5224609375 0.9791666671874999 0.5302734375 0.9791666671874999 0.53125 0.9778645828125001 0.5322265625 0.9765625 0.5419921875 0.9765625 0.544921875 0.97265625 0.544921875 0.9674479171874999
0 0.60546875 0.8971354171874999 0.607421875 0.89453125 0.607421875 0.8372395828125001 0.609375 0.8346354171874999 0.609375 0.78515625 0.611328125 0.7825520828125 0.611328125 0.7096354171875 0.61328125 0.70703125 0.61328125 0.64453125 0.615234375 0.6419270828125 0.615234375 0.5768229171875 0.6171875 0.57421875 0.6171875 0.52734375 0.619140625 0.5247395828125 0.619140625 0.4752604171875 0.62109375 0.47265625 0.62109375 0.4309895828125 0.623046875 0.4283854171875 0.62109375 0.42578125 0.62109375 0.4205729171875 0.623046875 0.41796875 0.623046875 0.3763020828125 0.625 0.3736979171875 0.625 0.33203125 0.626953125 0.3294270828125 0.626953125 0.27734375 0.62890625 0.2747395828125 0.62890625 0.22005208281250002 0.630859375 0.21744791718749998 0.630859375 0.1653645828125 0.6328125 0.1627604171875 0.6328125 0.1184895828125 0.634765625 0.1158854171875 0.634765625 0.07682291718749999 0.63671875 0.07421875 0.63671875 0.04296875 0.6337890625 0.0390625 0.6142578125 0.0390625 0.6123046875 0.0364583328125 0.5966796875 0.0364583328125 0.5947265625 0.0338541671875 0.5712890625 0.0338541671875 0.5693359375 0.0364583328125 0.5673828125 0.0364583328125 0.5625 0.04296875 0.5625 0.0481770828125 0.560546875 0.05078125 0.560546875 0.05598958281250001 0.55859375 0.05859375 0.55859375 0.06380208281250001 0.5546875 0.07161458281250001 0.5546875 0.07942708281250001 0.55078125 0.08723958281250001 0.55078125 0.09505208281250001 0.548828125 0.09765625 0.548828125 0.1028645828125 0.546875 0.10546875 0.546875 0.11328125 0.544921875 0.1158854171875 0.544921875 0.1236979171875 0.54296875 0.1263020828125 0.54296875 0.1315104171875 0.541015625 0.1341145828125 0.541015625 0.1419270828125 0.5390625 0.14453125 0.5390625 0.15234375 0.537109375 0.1549479171875 0.537109375 0.1653645828125 0.53515625 0.16796875 0.53515625 0.1809895828125 0.533203125 0.18359375 0.533203125 0.21223958281250002 0.53125 0.21484375 0.53125 0.3294270828125 0.5341796875 0.3333333328125 0.5419921875 0.3333333328125 0.5439453125 0.3359375 0.5576171875 0.3359375 0.560546875 0.33984375 0.560546875 0.4049479171875 0.55859375 0.4075520828125 0.55859375 0.5091145828125 0.556640625 0.51171875 0.556640625 0.5846354171875 0.5546875 0.5872395828125 0.5546875 0.6731770828125 0.552734375 0.67578125 0.5546875 0.6783854171875 0.5546875 0.6809895828125 0.552734375 0.68359375 0.552734375 0.75390625 0.55078125 0.7565104171875 0.55078125 0.8424479171874999 0.548828125 0.8450520828125001 0.548828125 0.9388020828125001 0.546875 0.94140625 0.546875 0.9622395828125001 0.548828125 0.96484375 0.5498046875 0.96875 0.5986328125 0.96875 0.599609375 0.9674479171874999 0.603515625 0.9622395828125001 0.603515625 0.94140625 0.60546875 0.9388020828125001 0.60546875 0.8971354171874999
0 0.626953125 0.8893229171874999 0.626953125 0.8424479171874999 0.62890625 0.83984375 0.62890625 0.8033854171874999 0.630859375 0.80078125 0.630859375 0.7565104171875 0.6328125 0.75390625 0.6328125 0.70703125 0.634765625 0.7044270828125 0.634765625 0.6471354171875 0.63671875 0.64453125 0.63671875 0.5872395828125 0.638671875 0.5846354171875 0.638671875 0.54296875 0.640625 0.5403645828125 0.640625 0.4934895828125 0.642578125 0.4908854171875 0.642578125 0.4544270828125 0.64453125 0.4518229171875 0.64453125 0.41015625 0.646484375 0.4075520828125 0.646484375 0.3736979171875 0.6484375 0.37109375 0.6484375 0.33203125 0.650390625 0.3294270828125 0.650390625 0.2981770828125 0.65234375 0.2955729171875 0.65234375 0.2591145828125 0.654296875 0.2565104171875 0.654296875 0.23307291718749998 0.6513671875 0.22916666718749998 0.6318359375 0.22916666718749998 0.630859375 0.23046875 0.630859375 0.24869791718749998 0.62890625 0.2513020828125 0.62890625 0.30078125 0.626953125 0.3033854171875 0.626953125 0.34765625 0.625 0.3502604171875 0.625 0.3971354171875 0.623046875 0.3997395828125 0.623046875 0.4466145828125 0.62109375 0.44921875 0.62109375 0.4934895828125 0.619140625 0.49609375 0.619140625 0.55078125 0.6171875 0.5533854171875 0.6171875 0.6028645828125 0.615234375 0.60546875 0.615234375 0.6705729171875 0.61328125 0.6731770828125 0.61328125 0.7200520828125 0.611328125 0.72265625 0.611328125 0.7799479171875 0.609375 0.7825520828125 0.609375 0.8424479171874999 0.607421875 0.8450520828125001 0.607421875 0.92578125 0.60546875 0.9283854171874999 0.60546875 0.9544270828125001 0.6083984375 0.9583333328125001 0.6220703125 0.9583333328125001 0.623046875 0.95703125 0.623046875 0.9388020828125001 0.625 0.9361979171874999 0.625 0.8919270828125001 0.626953125 0.8893229171874999
0 0.65625 0.8893229171874999 0.658203125 0.88671875 0.65625 0.8841145828125001 0.658203125 0.8815104171874999 0.658203125 0.85546875 0.66015625 0.8528645828125001 0.66015625 0.80078125 0.662109375 0.7981770828125 0.662109375 0.7565104171875 0.6640625 0.75390625 0.6640625 0.7096354171875 0.666015625 0.70703125 0.666015625 0.6653645828125 0.66796875 0.6627604171875 0.66796875 0.6158854171875 0.669921875 0.61328125 0.669921875 0.5716145828125 0.671875 0.5690104171875 0.671875 0.5299479171875 0.673828125 0.52734375 0.673828125 0.4830729171875 0.67578125 0.48046875 0.67578125 0.4309895828125 0.677734375 0.4283854171875 0.677734375 0.3893229171875 0.6796875 0.38671875 0.6796875 0.34765625 0.6787109375 0.3463541671875 0.6669921875 0.3463541671875 0.6650390625 0.34375 0.6513671875 0.34375 0.650390625 0.34765625 0.6484375 0.3502604171875 0.6484375 0.37890625 0.646484375 0.3815104171875 0.646484375 0.41796875 0.64453125 0.4205729171875 0.64453125 0.4596354171875 0.642578125 0.4622395828125 0.642578125 0.50390625 0.640625 0.5065104171875 0.640625 0.5455729171875 0.638671875 0.5481770828125 0.638671875 0.6028645828125 0.63671875 0.60546875 0.63671875 0.65234375 0.634765625 0.6549479171875 0.634765625 0.7122395828125 0.6328125 0.71484375 0.6328125 0.76171875 0.630859375 0.7643229171875 0.630859375 0.8190104171874999 0.62890625 0.8216145828125001 0.62890625 0.8528645828125001 0.626953125 0.85546875 0.626953125 0.9127604171874999 0.625 0.9153645828125001 0.625 0.9544270828125001 0.6259765625 0.9557291671874999 0.6376953125 0.9557291671874999 0.6396484375 0.9583333328125001 0.6494140625 0.9583333328125001 0.650390625 0.95703125 0.654296875 0.9544270828125001 0.654296875 0.9466145828125001 0.65625 0.9440104171874999 0.65625 0.8893229171874999
0 0.7578125 0.9309895828125001 0.7578125 0.9205729171874999 0.759765625 0.91796875 0.7578125 0.9153645828125001 0.759765625 0.9127604171874999 0.759765625 0.8919270828125001 0.76171875 0.8893229171874999 0.76171875 0.7981770828125 0.763671875 0.7955729171875 0.763671875 0.7278645828125 0.765625 0.7252604171875 0.765625 0.66796875 0.767578125 0.6653645828125 0.767578125 0.6184895828125 0.76953125 0.6158854171875 0.76953125 0.55078125 0.771484375 0.5481770828125 0.771484375 0.51953125 0.7734375 0.5169270828125 0.771484375 0.5143229171875 0.771484375 0.4934895828125 0.7734375 0.4908854171875 0.7734375 0.4231770828125 0.775390625 0.4205729171875 0.775390625 0.3841145828125 0.77734375 0.3815104171875 0.77734375 0.3502604171875 0.779296875 0.34765625 0.779296875 0.3190104171875 0.7763671875 0.3151041671875 0.7392578125 0.3151041671875 0.7373046875 0.3125 0.6787109375 0.3125 0.6767578125 0.3151041671875 0.6728515625 0.3151041671875 0.6708984375 0.3177083328125 0.6689453125 0.3177083328125 0.6669921875 0.3203125 0.6650390625 0.3203125 0.6630859375 0.3229166671875 0.6572265625 0.3255208328125 0.65234375 0.33203125 0.654296875 0.33984375 0.6572265625 0.34375 0.6787109375 0.34375 0.6796875 0.3450520828125 0.6796875 0.3971354171875 0.677734375 0.3997395828125 0.677734375 0.4544270828125 0.67578125 0.45703125 0.67578125 0.48828125 0.673828125 0.4908854171875 0.67578125 0.4934895828125 0.67578125 0.4986979171875 0.673828125 0.5013020828125 0.673828125 0.5455729171875 0.671875 0.5481770828125 0.671875 0.60546875 0.669921875 0.6080729171875 0.669921875 0.64453125 0.66796875 0.6471354171875 0.66796875 0.69140625 0.666015625 0.6940104171875 0.666015625 0.7200520828125 0.6640625 0.72265625 0.6640625 0.7903645828125 0.662109375 0.79296875 0.662109375 0.8111979171874999 0.66015625 0.8138020828125001 0.66015625 0.8190104171874999 0.662109375 0.8216145828125001 0.662109375 0.8268229171874999 0.6640625 0.8294270828125001 0.66015625 0.8372395828125001 0.662109375 0.83984375 0.662109375 0.8502604171874999 0.66015625 0.8528645828125001 0.66015625 0.86328125 0.658203125 0.8658854171874999 0.662109375 0.87109375 0.658203125 0.8736979171874999 0.658203125 0.89453125 0.65625 0.8971354171874999 0.65625 0.93359375 0.658203125 0.9361979171874999 0.658203125 0.94140625 0.6611328125 0.9453125 0.6630859375 0.9453125 0.6650390625 0.9479166671874999 0.6708984375 0.9479166671874999 0.6728515625 0.9505208328125001 0.7490234375 0.9505208328125001 0.75 0.94921875 0.7529296875 0.9453125 0.755859375 0.9440104171874999 0.755859375 0.93359375 0.7578125 0.9309895828125001
0 1 0.3372395828125 0.9970703125 0.3359375 0.9951171875 0.3333333328125 0.9638671875 0.3333333328125 0.962890625 0.3346354171875 0.962890625 0.35546875 0.9609375 0.3580729171875 0.9609375 0.41015625 0.958984375 0.4127604171875 0.958984375 0.44921875 0.95703125 0.4518229171875 0.95703125 0.49609375 0.955078125 0.4986979171875 0.955078125 0.55078125 0.953125 0.5533854171875 0.953125 0.5872395828125 0.951171875 0.58984375 0.951171875 0.6341145828125 0.94921875 0.63671875 0.94921875 0.6783854171875 0.947265625 0.6809895828125 0.947265625 0.72265625 0.9453125 0.7252604171875 0.9453125 0.7565104171875 0.943359375 0.7591145828125 0.943359375 0.80078125 0.94140625 0.8033854171874999 0.94140625 0.8372395828125001 0.939453125 0.83984375 0.939453125 0.8763020828125001 0.9375 0.87890625 0.9375 0.90234375 0.935546875 0.9049479171874999 0.935546875 0.9388020828125001 0.93359375 0.94140625 0.93359375 0.95703125 0.9345703125 0.9583333328125001 0.9951171875 0.9583333328125001 0.99609375 0.95703125 1 0.94921875 1 0.3372395828125
0 0.81640625 0.92578125 0.818359375 0.9231770828125001 0.818359375 0.8893229171874999 0.8203125 0.88671875 0.8203125 0.8450520828125001 0.822265625 0.8424479171874999 0.822265625 0.80078125 0.82421875 0.7981770828125 0.82421875 0.7591145828125 0.826171875 0.7565104171875 0.826171875 0.7044270828125 0.828125 0.7018229171875 0.828125 0.6575520828125 0.830078125 0.6549479171875 0.830078125 0.6158854171875 0.83203125 0.61328125 0.83203125 0.58203125 0.833984375 0.5794270828125 0.833984375 0.5455729171875 0.8359375 0.54296875 0.8359375 0.5091145828125 0.837890625 0.5065104171875 0.837890625 0.4674479171875 0.83984375 0.46484375 0.83984375 0.4283854171875 0.841796875 0.42578125 0.841796875 0.38671875 0.8408203125 0.3854166671875 0.8271484375 0.3854166671875 0.8251953125 0.3828125 0.7861328125 0.3828125 0.7841796875 0.3854166671875 0.7802734375 0.3854166671875 0.77734375 0.3893229171875 0.77734375 0.4205729171875 0.775390625 0.4231770828125 0.775390625 0.4830729171875 0.7734375 0.4856770828125 0.7734375 0.54296875 0.771484375 0.5455729171875 0.771484375 0.6028645828125 0.76953125 0.60546875 0.76953125 0.6575520828125 0.767578125 0.66015625 0.767578125 0.72265625 0.765625 0.7252604171875 0.765625 0.7825520828125 0.763671875 0.78515625 0.763671875 0.85546875 0.76171875 0.8580729171874999 0.76171875 0.8997395828125001 0.759765625 0.90234375 0.759765625 0.9388020828125001 0.76171875 0.94140625 0.76171875 0.9440104171874999 0.7666015625 0.9505208328125001 0.7685546875 0.9505208328125001 0.7724609375 0.9557291671874999 0.7744140625 0.9557291671874999 0.7763671875 0.9583333328125001 0.7841796875 0.9583333328125001 0.7861328125 0.9609375 0.8056640625 0.9609375 0.806640625 0.9596354171874999 0.8076171875 0.9583333328125001 0.8134765625 0.9583333328125001 0.81640625 0.9544270828125001 0.81640625 0.92578125
0 0.875 0.8997395828125001 0.876953125 0.8971354171874999 0.876953125 0.8763020828125001 0.87890625 0.8736979171874999 0.87890625 0.8111979171874999 0.880859375 0.80859375 0.880859375 0.7799479171875 0.8828125 0.77734375 0.8828125 0.7356770828125 0.884765625 0.7330729171875 0.884765625 0.7044270828125 0.88671875 0.7018229171875 0.88671875 0.6419270828125 0.888671875 0.6393229171875 0.888671875 0.6002604171875 0.890625 0.59765625 0.890625 0.5533854171875 0.892578125 0.55078125 0.892578125 0.5481770828125 0.890625 0.5455729171875 0.892578125 0.54296875 0.892578125 0.5247395828125 0.89453125 0.5221354171875 0.89453125 0.4856770828125 0.896484375 0.4830729171875 0.896484375 0.48046875 0.89453125 0.4778645828125 0.896484375 0.4752604171875 0.896484375 0.4518229171875 0.8984375 0.44921875 0.8984375 0.4075520828125 0.900390625 0.4049479171875 0.900390625 0.37109375 0.90234375 0.3684895828125 0.90234375 0.35546875 0.8994140625 0.3515625 0.8857421875 0.3515625 0.8837890625 0.3489583328125 0.8603515625 0.3489583328125 0.8583984375 0.3515625 0.8486328125 0.3515625 0.8466796875 0.3541666671875 0.8369140625 0.3541666671875 0.8349609375 0.3567708328125 0.8291015625 0.3567708328125 0.8271484375 0.359375 0.8193359375 0.359375 0.8173828125 0.3619791671875 0.8134765625 0.3619791671875 0.8115234375 0.3645833328125 0.8017578125 0.3645833328125 0.7998046875 0.3671875 0.7958984375 0.3671875 0.7939453125 0.3697916671875 0.7880859375 0.3697916671875 0.7861328125 0.3723958328125 0.783203125 0.3736979171875 0.7861328125 0.3776041671875 0.7900390625 0.3776041671875 0.7919921875 0.3802083328125 0.8017578125 0.3802083328125 0.8037109375 0.3828125 0.8056640625 0.3828125 0.8076171875 0.3802083328125 0.8154296875 0.3802083328125 0.8173828125 0.3828125 0.8330078125 0.3828125 0.8359375 0.37890625 0.8369140625 0.375 0.837890625 0.37890625 0.84375 0.38671875 0.84375 0.3971354171875 0.841796875 0.3997395828125 0.841796875 0.44140625 0.83984375 0.4440104171875 0.83984375 0.4752604171875 0.837890625 0.4778645828125 0.837890625 0.5065104171875 0.8359375 0.5091145828125 0.8359375 0.5481770828125 0.833984375 0.55078125 0.833984375 0.58984375 0.83203125 0.5924479171875 0.83203125 0.62890625 0.830078125 0.6315104171875 0.830078125 0.6731770828125 0.828125 0.67578125 0.828125 0.7252604171875 0.826171875 0.7278645828125 0.826171875 0.7747395828125 0.82421875 0.77734375 0.82421875 0.8138020828125001 0.822265625 0.81640625 0.822265625 0.8372395828125001 0.8203125 0.83984375 0.8203125 0.9049479171874999 0.818359375 0.9075520828125001 0.818359375 0.94921875 0.8271484375 0.9609375 0.8291015625 0.9609375 0.8349609375 0.9661458328125001 0.8701171875 0.9661458328125001 0.87109375 0.96484375 0.873046875 0.9622395828125001 0.873046875 0.92578125 0.875 0.9231770828125001 0.875 0.8997395828125001