0 0.26184052812499997 0.1121628109375 0.2605409703125 0.1141252609375 0.2531705828125 0.1606600546875 0.2563181921875 0.17199998593750002 0.3585593671875 0.188193396875 0.36115848125 0.1842684953125 0.3630875609375 0.1845740328125 0.3643466046875 0.18911000625000002 0.37399199843750003 0.1906376859375 0.3765911125 0.186712784375 0.38044927031250003 0.18732385625 0.3817083125 0.19185982968749998 0.38430742812499996 0.18793492812499998 0.38623650625 0.18824046562500002 0.38749555 0.1927764390625 0.389424628125 0.193081975 0.3920237421875 0.1891570734375 0.3958819 0.1897681453125 0.39714094375000003 0.19430411875 0.3997400578125 0.1903792171875 0.4016691359375 0.190684753125 0.4029281796875 0.1952207265625 0.40485725937500006 0.1955262625 0.4074563734375 0.1916013609375 0.4711159734375 0.20168405156250002 0.47237501562500006 0.206220025 0.48202041093750003 0.20774770625 0.484619525 0.2038228046875 0.486548603125 0.204128340625 0.487807646875 0.20866431406250002 0.49040676093749996 0.2047394125 0.4981230765625 0.20596155624999998 0.49938211875 0.21049752968750002 0.561112640625 0.220274684375 0.5637117546875 0.2163497828125 0.5649707984375001 0.22088575625 0.56882895625 0.221496828125 0.5701285125 0.21953437656250002 0.57465670625 0.2159150140625 0.5840371984375 0.156688909375 0.582148634375 0.14988495156249998 0.5628578453124999 0.1468295921875 0.56025873125 0.150754490625 0.41557782187500003 0.1278392859375 0.4129787078125 0.1317641859375 0.2953049015625 0.11312648593750001 0.2927057875 0.11705138749999999 0.26184052812499997 0.1121628109375
0 0.26017635 0.1726110578125 0.256277678125 0.17849840781249998 0.2535975375 0.1954201515625 0.2509984234375 0.1993450515625 0.2503283890625 0.2035754859375 0.25158743125 0.20811145937500003 0.24823725625 0.22926363749999998 0.24886677812500002 0.2315316234375 0.493859784375 0.2703347046875 0.49511882656250006 0.274870678125 0.5626365843750001 0.2855644390625 0.5639361421875 0.2836019890625 0.5691343703125 0.2757521890625 0.5724845468749999 0.254600009375 0.571225503125 0.2500640375 0.5752457140625 0.224681421875 0.5746161921875 0.2224134359375 0.5032402765625 0.21110860156250003 0.5006411625 0.2150335015625 0.498712084375 0.214727965625 0.49745304062500006 0.21019199375 0.26017635 0.1726110578125
0 0.2829201609375 0.2412617109375 0.28099108125 0.240956175 0.2797320375 0.23642020000000002 0.27201572343749997 0.23519805625 0.269416609375 0.23912295781249998 0.2674875296875 0.23881742187500002 0.2662284875 0.23428144843749998 0.2546540140625 0.23244823124999997 0.25205489999999997 0.2363731328125 0.2488262640625 0.23803004687499998 0.2454760875 0.2591822265625 0.24287697343749998 0.2631071265625 0.2441360171875 0.2676430984375 0.24145587656249998 0.284564840625 0.2433444421875 0.2913687984375 0.2452735203125 0.2916743359375 0.24653256406250001 0.29621030937500004 0.269681509375 0.29987674062499997 0.27228062343750004 0.295951840625 0.2780678609375 0.29686844843750004 0.27932690312499997 0.301404421875 0.4452276796875 0.3276805234375 0.44782679375 0.323755621875 0.45747218749999996 0.32528330156249996 0.45873123125 0.329819275 0.5571142499999999 0.345401615625 0.55841380625 0.343439165625 0.5671242640624999 0.2884434984375 0.5664947421875001 0.2861755125 0.48161527656249997 0.272731925 0.48035623281250006 0.2681959515625 0.4707108390625 0.26666827187500003 0.468111725 0.270593171875 0.4642535671875 0.2699821 0.46299452343749997 0.2654461265625 0.285519275 0.23733680937499999 0.2829201609375 0.2412617109375
0 0.5101463234375 0.34229918593750003 0.5088872796875 0.3377632140625 0.5069582015625 0.33745767656250003 0.5043590874999999 0.3413825765625 0.5005009296875 0.3407715046875 0.4992418859375 0.3362355328125 0.4876674125 0.3344023171875 0.4850682984375 0.3383272171875 0.43684132968749995 0.3306888140625 0.43558228593750004 0.3261528421875 0.43172412812500005 0.3255417703125 0.42912501406250003 0.3294666703125 0.4278659703125 0.3249306984375 0.42526685625000005 0.3288555984375 0.4214086984375 0.32824452656249997 0.4201496546875 0.3237085546875 0.412433340625 0.32248641093749997 0.4098342265625 0.32641130937499996 0.407905146875 0.3261057734375 0.40664610312500005 0.32156980156250003 0.2446034859375 0.295904771875 0.24263389375000002 0.3020976578125 0.24003477968750003 0.3060225578125 0.23601456718749997 0.3314051734375 0.2372736109375 0.33594114531249997 0.23526350625 0.348632453125 0.2371520703125 0.3554364125 0.23908115 0.3557419484375 0.24034019375 0.3602779203125 0.24805650781250002 0.3615000640625 0.250655621875 0.3575751640625 0.304669828125 0.3661301734375 0.3072689421875 0.3622052734375 0.4056519609375 0.37778761250000004 0.4069110046875 0.3823235859375 0.43584718593750005 0.38690662656249997 0.4371062296875 0.39144259843749996 0.45446793906250005 0.3941924234375 0.457067053125 0.39026752343750004 0.4628542890625 0.39118413125 0.4641133328125 0.395720103125 0.47954596250000003 0.3981643921875 0.4808455203125 0.3962019421875 0.48214507656250005 0.3942394921875 0.5168684953125 0.399739140625 0.519467609375 0.395814240625 0.5406874765625 0.3991751359375 0.5419465203125 0.403711109375 0.5458046765625 0.4043221828125 0.5523024624999999 0.39450993125 0.5583327796875001 0.356436009375 0.5564442140625 0.3496320515625 0.5101463234375 0.34229918593750003
0 0.6891829031250001 0.22321278281249998 0.762487896875 0.2348231546875 0.7650870109375 0.23089825468749997 0.8229593749999999 0.2400643359375 0.8255584890625001 0.23613943593750003 0.831345725 0.2370560453125 0.8326047687499999 0.24159201718749998 0.8422501625000001 0.243119696875 0.8448492765625 0.23919479687499998 0.8815017734374999 0.24499998281250002 0.8841008875 0.24107508281249998 0.9053207546875001 0.24443597968750003 0.90791986875 0.2405110796875 0.9111485046875 0.238854165625 0.912488575 0.23039329375 0.9150876890624999 0.22646839375 0.9204479703124999 0.19262490625 0.9191889265625001 0.18808893437500002 0.9198589625 0.1838584984375 0.9179703968749999 0.17705454062499998 0.8581689546875 0.16758292187499998 0.8555698406250001 0.171507821875 0.820846421875 0.16600817343750002 0.8182473078125 0.1699330734375 0.7835238906249999 0.1644334234375 0.7809247765625 0.16835832343749998 0.7384850421875 0.1616365296875 0.735885928125 0.1655614296875 0.6857298796875 0.1576174921875 0.683130765625 0.1615423921875 0.6484073484375 0.1560427421875 0.645808234375 0.15996764218749998 0.5956521859375 0.15202370468749998 0.593053071875 0.1559486046875 0.58533675625 0.1547264609375 0.5840371984375 0.156688909375 0.575326740625 0.211684578125 0.5772153062500001 0.2184885359375 0.6061514890625 0.22307157656249998 0.6074510453124999 0.22110912656249998 0.6087506015625 0.2191466765625 0.6299704687500001 0.2225075734375 0.6325695828125 0.21858267343749999 0.6338286265625 0.22311864531249997 0.637686784375 0.22372971718749998 0.6402858984375001 0.2198048171875 0.6454031 0.2249518625 0.6480022140624999 0.2210269625 0.6865837890625001 0.22713768281250002 0.6891829031250001 0.22321278281249998
0 0.8675930875000001 0.3078454484375 0.8701922015625 0.30392055 0.8971993046875 0.3081980546875 0.9010979765625 0.3023107046875 0.9031080812500001 0.289619396875 0.9057071953125 0.28569449687500004 0.9083873359375 0.26877275312500004 0.9071282937499999 0.26423678125 0.9084683640625 0.255775909375 0.9065797984374999 0.24897195156250002 0.8660691437500001 0.24255569375000002 0.8634700296875 0.24648059375 0.8094558234375 0.23792558437500003 0.806856709375 0.24185048281250002 0.7412680296875 0.2314622578125 0.7386689171875 0.23538715625 0.6885128671875 0.22744321875 0.685913753125 0.23136811875 0.666622965625 0.2283127578125 0.665363921875 0.2237767859375 0.66343484375 0.22347125 0.6608357296875 0.22739615 0.6318995484375 0.222813109375 0.6293004343749999 0.226738009375 0.5907188578125 0.2206272875 0.58811974375 0.22455218906250002 0.5765452703125 0.2227189734375 0.5752457140625 0.224681421875 0.5705554671875 0.2542944734375 0.5718145109375 0.2588304453125 0.5691343703125 0.2757521890625 0.5710229359375 0.282556146875 0.5825974078125 0.2843893625 0.5838969656249999 0.28242691249999996 0.585196521875 0.2804644625 0.6353525703125 0.2884084015625 0.637951684375 0.2844835015625 0.6900368125 0.292732975 0.6926359265625 0.288808075 0.7640118421875 0.300112909375 0.7666109546875 0.296188009375 0.814837925 0.3038264109375 0.8174370390625001 0.2999015109375 0.8675930875000001 0.3078454484375
0 0.8421099296874999 0.3688577 0.84470904375 0.3649328 0.885219696875 0.3713490578125 0.8891183687499999 0.3654617078125 0.889788403125 0.36123127187500004 0.8923875171875 0.357306371875 0.8977478 0.323462884375 0.8964887562499999 0.3189269125 0.8965292703125 0.312428490625 0.8405859843749999 0.30356794374999996 0.8379868703125 0.30749284375 0.803263453125 0.3019931953125 0.8006643390624999 0.30591809531249997 0.735075659375 0.29552986875 0.7324765453125 0.29945476875 0.682320496875 0.29151083125 0.6797213828124999 0.2954357296875 0.6257071765625 0.2868807203125 0.6231080625 0.2908056203125 0.5922428015625 0.28591704375 0.5896436875 0.28984194531249996 0.5883846453125 0.285305971875 0.5857855296875 0.28923087187499996 0.5703528999999999 0.28678658437500004 0.5683833078125 0.2929794703125 0.56578419375 0.29690436875000004 0.5670432375 0.301440340625 0.5610129203125 0.3395142640625 0.5629014859375 0.3463182234375 0.5783341156249999 0.3487625109375 0.5796336734375 0.3468000625 0.5809332296874999 0.3448376109375 0.627231121875 0.3521704765625 0.6298302359375 0.3482455765625 0.6684118109375 0.354356296875 0.671010925 0.3504313984375 0.732741446875 0.3602085515625 0.7353405609375 0.35628365156249997 0.775851215625 0.36269990937499996 0.7784503296875 0.358775009375 0.8421099296874999 0.3688577
0 0.7831623953125 0.42890627343750004 0.785761509375 0.42498137343750003 0.8378466375 0.433230846875 0.8404457515624999 0.429305946875 0.8417047953125 0.43384191875000006 0.8764282124999999 0.43934156875 0.8803268843750001 0.43345421875 0.8816669546875 0.424993346875 0.88426606875 0.421068446875 0.888956315625 0.3914553953125 0.887697271875 0.3869194234375 0.8890373421875 0.37845855156249997 0.8871487765625 0.37165459375 0.8659289093750001 0.368293696875 0.8633297953125 0.372218596875 0.81124466875 0.3639691234375 0.8086455546875 0.36789402187500003 0.7565604265625 0.3596445484375 0.7539613125 0.3635694484375 0.69608895 0.3544033671875 0.6934898359375 0.35832826562500003 0.64719194375 0.3509954 0.6445928296875 0.35492029999999997 0.60022401875 0.3478929703125 0.5976249046875 0.351817871875 0.587979509375 0.3502901921875 0.5853803953125001 0.35421509218749997 0.56223145 0.350548659375 0.5609318937500001 0.352511109375 0.55356150625 0.399045903125 0.5561201062500001 0.401619425 0.5573791499999999 0.40615539843750004 0.5599782640625001 0.402230496875 0.56190734375 0.4025360328125 0.5631663859375 0.40707200625000006 0.613322434375 0.41501594375 0.61592155 0.41109104375000005 0.6236378640625 0.4123131875 0.6248969078125 0.41684916093749996 0.62812554375 0.4151922453125 0.6294251 0.4132297953125 0.671864834375 0.4199515890625 0.6744639484375 0.41602668906250007 0.6763930265625 0.416332225 0.6776520703125 0.420868196875 0.6950137796875 0.42361802187500003 0.69761289375 0.41969312187499996 0.7439107843749999 0.4270259875 0.7465098984375 0.4231010875 0.7831623953125 0.42890627343750004
0 0.36860058281249997 0.8489407515625 0.372458740625 0.8495518234375 0.373758296875 0.8475893734375 0.392519284375 0.7291371671875 0.391260240625 0.7246011953125 0.41605154375 0.5680750671875 0.4147925 0.56353909375 0.429533275 0.470469503125 0.42827423124999997 0.46593353125 0.43832475937500004 0.40247699218750005 0.4364361953125 0.395673034375 0.4094290921875 0.3913955296875 0.4055304203125 0.3972828796875 0.40218024375 0.41843505781249996 0.4034392875 0.4229710296875 0.3846783015625 0.5414232359375 0.3859373453125 0.5459592078125 0.3772268875 0.6009548765625 0.37848593125 0.6054908484375 0.35302459218750004 0.7662474140625 0.3542836359375 0.7707833859375001 0.3368627203125 0.8807747203125 0.33812176250000003 0.8853106921875 0.337451728125 0.8895411281250001 0.33808125 0.8918091140625 0.33938080625 0.8898466640624999 0.34005084218750004 0.8856162281250001 0.34264995625 0.8816913296875001 0.345330096875 0.8647695843750001 0.34922876875000003 0.858882234375 0.35115784687499996 0.8591877703125 0.35375696093750003 0.8552628703125 0.35761511874999996 0.8558739421875 0.3602142328125 0.85194904375 0.36600146875 0.8528656515625 0.36860058281249997 0.8489407515625
0 0.4711596125 0.4011726828125 0.444152509375 0.39689517812499997 0.4402538390625 0.40278252812500004 0.4261830984375 0.4916216828125 0.4274421421875 0.49615765468750006 0.4006407328125 0.6653750921875 0.40189977656250003 0.6699110640625 0.38045865 0.8052850140625001 0.38171769375000003 0.8098209875 0.37635741093749997 0.8436644734375 0.37824597656250003 0.85046843125 0.3853732828125 0.84292416875 0.39501867812499997 0.8444518484374999 0.3969072421875 0.85125580625 0.3962372078125 0.8554862421875 0.3974962515625 0.8600222140625 0.39615618124999996 0.8684830859374999 0.3999333109375 0.882091003125 0.398593240625 0.8905518750000001 0.3992227625 0.8928198609375 0.4005223203125 0.8908574109374999 0.4011923546875 0.8866269750000001 0.40379146875 0.8827020750000001 0.41786220937499996 0.7938629203125 0.41660316562500005 0.7893269484375 0.443404575 0.620109509375 0.44214553125 0.6155735375 0.46425669375 0.47596915156249997 0.46299765 0.47143317968750004 0.473048178125 0.407976640625 0.4711596125 0.4011726828125
0 0.434351315625 0.8333352906249999 0.43695042968750003 0.8294103906249999 0.442737665625 0.8303269984374999 0.4440372234375 0.8283645484375001 0.4741888078125 0.6379949296875 0.4729297640625 0.6334589578125 0.49772106875000005 0.4769328296875 0.49646202500000003 0.47239685781249996 0.506512553125 0.40894031875000003 0.5046239875 0.40213636093750005 0.4834041203125 0.3987754640625 0.48080500625000006 0.4027003640625 0.47694685000000003 0.4020892921875 0.4756472921875 0.4040517421875 0.44884588281250004 0.5732691796875 0.4501049265625 0.5778051515625 0.4286638 0.7131791015625 0.4299228421875 0.7177150734375 0.40982178593749996 0.8446281515624999 0.4110808296875 0.8491641234375 0.402370371875 0.9041597906250001 0.40362941562500004 0.9086957625000001 0.4035889015625 0.915194184375 0.4132342953125 0.9167218640625 0.414533853125 0.9147594140624999 0.4152038875 0.9105289781250001 0.41780300156249994 0.9066040796875001 0.4184730375 0.9023736437500001 0.41721399375 0.8978376718750001 0.4205641703125 0.876685490625 0.423163284375 0.872760590625 0.42718349531250005 0.8473779765625 0.429782609375 0.8434530765625 0.4311226796875 0.8349922046874999 0.434351315625 0.8333352906249999
0 0.5297020125 0.4061083296875 0.5284429687500001 0.4015723578125 0.5245848109375 0.4009612859375 0.5219856968750001 0.40488618593750003 0.512340303125 0.4033585046875 0.50844163125 0.4092458546875 0.500401209375 0.46001108593750006 0.5016602531250001 0.4645470578125 0.4661483859375 0.6887601625 0.46740742968750004 0.6932961343749999 0.4459663015625 0.8286700859374999 0.4465958234375 0.8309380718750001 0.47360292656249997 0.8352155765625 0.4749024828125 0.8332531265625001 0.47943067656249994 0.8296337625 0.48881116875 0.770407659375 0.4875521265625 0.7658716875 0.5150235703125 0.5924238140625 0.5137645265625 0.5878878421875 0.539225865625 0.427131275 0.537966821875 0.42259530312500004 0.539976928125 0.4099039953125 0.53934740625 0.407636009375 0.5297020125 0.4061083296875
0 0.531855478125 0.47366607031249996 0.533114521875 0.4782020421875 0.5029629359375 0.668571659375 0.5042219796875 0.67310763125 0.4841209234375 0.8000207093749999 0.4853799671875 0.80455668125 0.48135975468750003 0.8299392984375 0.4819892765625 0.832207284375 0.5070673015625 0.836179253125 0.5083668578125 0.8342168031250001 0.5109659718749999 0.8302919031249999 0.525706746875 0.7372223124999999 0.524447703125 0.732686340625 0.5552693234375 0.5380862875 0.55401028125 0.533550315625 0.57210123125 0.4193285453125 0.570212665625 0.4125245875 0.5451346421875 0.40855261875000004 0.541235971875 0.4144399671875 0.531855478125 0.47366607031249996
0 0.585645296875 0.414968875 0.584386253125 0.41043290312499997 0.5805280953125 0.40982183125000005 0.57792898125 0.41374673125 0.5747003453125 0.4154036453125 0.54588883125 0.597312390625 0.5471478750000001 0.6018483625 0.525706746875 0.7372223124999999 0.526965790625 0.741758284375 0.5128950515625 0.8305974390624999 0.5147836156250001 0.837401396875 0.5186417734375001 0.8380124703125 0.5217893828125 0.8493524000000001 0.5204493125 0.857813271875 0.52170835625 0.86234924375 0.5203682859375001 0.8708101140625001 0.5216273296875 0.8753460859375 0.5176071171875 0.900728703125 0.515008003125 0.904653603125 0.5136679328125 0.9131144750000001 0.5149269765625 0.917650446875 0.5142569421875 0.9218808828125 0.5116578281249999 0.9258057828125 0.5109877921875 0.9300362171875 0.5116173140625 0.9323042031250001 0.525120865625 0.9344429562500001 0.5264204218749999 0.9324805062499999 0.559922184375 0.720958709375 0.558663140625 0.7164227375000001 0.5928349374999999 0.5006705046875 0.59157589375 0.4961345328125 0.603636528125 0.4199866859375 0.6010779265624999 0.4174131640625 0.5998188828125001 0.41287719218749996 0.594031646875 0.41196058437499994 0.5914325328125 0.41588548281250004 0.585645296875 0.414968875
0 0.5477818921875001 1 0.5524333828125 0.9929758234375001 0.5671741578125 0.8999062312499999 0.5659151140625001 0.895370259375 0.569265290625 0.8742180796874999 0.5718644046875 0.8702931812499999 0.577894721875 0.8322192562499999 0.5766356781249999 0.827683284375 0.6215280375 0.544244078125 0.6202689953125 0.53970810625 0.6376899109374999 0.4297167703125 0.6364308671875001 0.42518079843749995 0.63647138125 0.4186823765625 0.609464278125 0.41440487187499997 0.60556560625 0.42029222187500004 0.6042255359375 0.42875309375 0.6054845796875 0.433289065625 0.596774121875 0.4882847328125 0.5941750078125 0.49220963281249996 0.590154796875 0.5175922484375 0.591413840625 0.5221282203125 0.5632723609375 0.6998065296875 0.5645314031249999 0.7043425015625 0.5397401000000001 0.86086863125 0.54099914375 0.8654046031249999 0.5275984390625 0.950013321875 0.524999325 0.9539382218749999 0.5223191843749999 0.9708599671875 0.523578228125 0.9753959390625001 0.519681328125 1 0.5477818921875001 1
0 0.5765406796875 1 0.5775114078125 0.9969477921875001 0.5807400421875 0.9952908781250001 0.582709634375 0.9890979921874999 0.5872378281249999 0.985478628125 0.591928075 0.9558655765624999 0.5945271890625 0.9519406765625 0.6045777171875 0.8884841375000001 0.6033186734375 0.8839481656249999 0.6059177874999999 0.880023265625 0.6092679640625 0.8588710859375001 0.6080089203125 0.8543351140625 0.6756824781249999 0.427061084375 0.6737939125 0.420257125 0.64485773125 0.415674084375 0.640959059375 0.42156143593750006 0.6242081796875001 0.5273223328125 0.6254672234374999 0.5318583046875001 0.6241271515625 0.5403191781250001 0.6215280375 0.544244078125 0.6195179328125 0.556935384375 0.6207769765625 0.56147135625 0.566504121875 0.90413666875 0.567763165625 0.908672640625 0.5543624609375 0.993281359375 0.5562273453125 1 0.5765406796875 1
0 0.6398683234375 0.8030058796875 0.64120839375 0.7945450078125 0.646406621875 0.7866952078125 0.6470766578125 0.782464771875 0.6496757718749999 0.778539871875 0.6510158421875001 0.770079 0.65361495625 0.7661541 0.656295096875 0.7492323562500001 0.662163359375 0.737152121875 0.6655135359375 0.7159999406249999 0.6681126500000001 0.712075040625 0.670792790625 0.6951532968749999 0.669533746875 0.6906173250000001 0.6702037828125 0.6863868906249999 0.6728028968750001 0.682461990625 0.7130050109375 0.4286358328125 0.7123754890625 0.426367846875 0.67958115 0.42117373281250003 0.6782815921875 0.42313618281250004 0.676941521875 0.43159705625000006 0.6743424078125 0.43552195625 0.6756014515625 0.440057928125 0.6488000421875 0.6092753656250001 0.6500590859375001 0.6138113374999999 0.647459971875 0.6177362375000001 0.6441097953125 0.6388884171875 0.6453688390625001 0.6434243890625 0.6212475703125 0.7957200828125 0.61864845625 0.7996449828125 0.617978421875 0.80387541875 0.619237465625 0.808411390625 0.605166725 0.8972505453125 0.6025676109375 0.9011754453125 0.601227540625 0.90963631875 0.602486584375 0.9141722906249999 0.5937761265625 0.9691679578124999 0.5950351703125001 0.9737039296875001 0.594365134375 0.9779343656249999 0.595624178125 0.9824703375 0.5955836640625 0.9889687593750001 0.6032999796875 0.990190903125 0.6045995375000001 0.9882284531250001 0.6206803828125 0.886697990625 0.6232794968750001 0.882773090625 0.6246195671875 0.8743122187499999 0.6233605234375 0.869776246875 0.62470059375 0.861315375 0.62344155 0.8567794031249999 0.62545165625 0.8440880937499999 0.63131991875 0.8320078593750001 0.6340000609375 0.815086115625 0.6398683234375 0.8030058796875
0 0.7111195718750001 0.6278189281250001 0.7137186859375 0.6238940281249999 0.71505875625 0.6154331562500001 0.7176578703125001 0.6115082546874999 0.71832790625 0.60727781875 0.72419616875 0.5951975843749999 0.7503275421875 0.43021058125 0.7496980203125 0.4279425953125 0.7188327609375 0.42305401875 0.7149340890625 0.42894136875 0.7109138781250001 0.45432398437500005 0.7121729218749999 0.45885995625 0.7095738078125 0.46278485625 0.7108328515625 0.467320828125 0.7061426046875 0.49693388125000004 0.703543490625 0.50085878125 0.6774121171874999 0.66584578125 0.6780416375 0.6681137671874999 0.6793411953125 0.6661513171875 0.6845394234375 0.6583015171875 0.6852094578125 0.65407108125 0.687808571875 0.6501461828124999 0.689818678125 0.637454875 0.6963164625 0.627642625 0.6982455421875 0.6279481609374999 0.6982050281250001 0.6344465828125 0.7013526375 0.6457865125 0.7104495359375 0.6320493640625 0.7111195718750001 0.6278189281250001
0 0.7313639890625 0.5811548984375 0.75258385625 0.5845157953125 0.7538429 0.5890517671875 0.75770105625 0.5896628390624999 0.7590006140625001 0.5877003890625 0.7837919171875 0.431174259375 0.7831623953125 0.42890627343750004 0.7619425296875 0.4255453765625 0.759343415625 0.4294702765625 0.7554852578125 0.42885920468750005 0.7515865859375 0.434746553125 0.7489064453125 0.45166829843749995 0.7501654890625 0.4562042703125 0.7307344671875 0.5788869125 0.7313639890625 0.5811548984375
0 0.7692755296875 0.59149605625 0.7705345734375 0.596032028125 0.7821090453124999 0.59786524375 0.7833680890625 0.602401215625 0.787226246875 0.6030122875 0.7885258046875 0.6010498375 0.8005864375 0.5249019921875 0.8031855515625 0.5209770921875 0.8019265078125001 0.5164411203125 0.8146571781249999 0.4360628359375 0.8140276562500001 0.43379485000000007 0.7889496312500001 0.42982288124999996 0.7850509609375 0.43571023125 0.7609296921875 0.588005925 0.7615592140625 0.5902739109375 0.7692755296875 0.59149605625
0 0.79620160625 0.6087704046875 0.8019888421875001 0.6096870125 0.8032478859375001 0.614222984375 0.80710604375 0.61483405625 0.80962413125 0.6239060000000001 0.811553209375 0.6242115359375 0.8128122531249999 0.6287475078125 0.8166704109375 0.6293585796875 0.8179699671874999 0.6273961296875 0.8474515171875 0.4412569484375 0.8455629515625 0.434452990625 0.82241400625 0.43078655781249997 0.8185153359375 0.4366739078125 0.807794771875 0.5043608828125 0.8051956578125001 0.508285784375 0.79112491875 0.5971249390625 0.7930134828125001 0.6039288968750001 0.7949425625 0.6042344328125 0.79620160625 0.6087704046875
0 0.8211175765625001 0.6387360625 0.8236356625000001 0.64780800625 0.8287528640625 0.65295505 0.8312709515625001 0.66202699375 0.8332000296875 0.6623325296875 0.837647196875 0.671710009375 0.8408758328125 0.6700530953125 0.8515963953125001 0.6023661203125 0.854195509375 0.5984412203125 0.86625614375 0.5222933750000001 0.864367578125 0.5154894156250001 0.8392895546875 0.511517446875 0.8373199625 0.5177103328125 0.8347208484375 0.5216352328125 0.81729993125 0.6316265671875 0.819188496875 0.638430525 0.8211175765625001 0.6387360625
0 1 0.12499836718749999 0.999396840625 0.1249028359375 0.9967977265625001 0.12882773593750002 0.9890814109375 0.12760559062500001 0.986482296875 0.131530490625 0.9826241390625 0.13091941875 0.9800250265624999 0.13484431875 0.9723087109374999 0.133622175 0.969709596875 0.1375470734375 0.9658514390624999 0.13693600156250002 0.963252325 0.1408609015625 0.9593941671874999 0.1402498296875 0.956795053125 0.1441747296875 0.9510078171874999 0.143258121875 0.948408703125 0.1471830203125 0.9445505453124999 0.14657194843750002 0.9374232390625 0.15411621250000002 0.93356508125 0.153505140625 0.9309659671875 0.1574300421875 0.927107809375 0.15681896875 0.9245086953125 0.16074386875 0.9225796171875 0.1604383328125 0.9199805031249999 0.1643632328125 0.9167518671874999 0.166020146875 0.91608183125 0.1702505828125 0.9186404328125001 0.1728241046875 0.921788040625 0.184164034375 0.9137476187500001 0.234929265625 0.9111485046875 0.238854165625 0.9091383984375 0.2515454734375 0.9103974421875 0.2560814453125 0.9036970890625 0.2983858046875 0.9010979765625 0.3023107046875 0.900427940625 0.306541140625 0.901686984375 0.3110771125 0.8969967375 0.3406901640625 0.8982557812499999 0.3452261359375 0.8956566671875 0.34915103593749997 0.88962635 0.387224959375 0.89088539375 0.39176093125 0.8882862796875 0.3956858328125 0.8876162437499999 0.39991626875 0.8888752875 0.40445224062499996 0.888205253125 0.408682675 0.8856061390625 0.412607575 0.8467440953125 0.6579728593749999 0.8480031390624999 0.66250883125 0.8459930328124999 0.6752001390625 0.8472520765624999 0.6797361109375 0.8459120062500001 0.6881969828125001 0.8477600578125 0.7014993640625 0.8451609437500001 0.7054242640624999 0.8418107687499999 0.72657644375 0.8430698109374999 0.731112415625 0.84105970625 0.743803721875 0.8384605921875 0.747728621875 0.8377905562500001 0.7519590578125 0.8390496000000001 0.7564950296874999 0.8296691078125 0.8157211328124999 0.8309281500000001 0.82025710625 0.8295880796875 0.828717978125 0.8308471234375 0.8332539499999999 0.82883701875 0.8459452578125 0.8300960609375 0.8504812296875001 0.8267458859374999 0.871633409375 0.8280049296875 0.8761693812500001 0.824654753125 0.8973215609375 0.825913796875 0.9018575328124999 0.8233146828125 0.9057824328124999 0.8172843656250001 0.9438563578125001 0.8146852515624999 0.9477812578125 0.8159442953125 0.9523172296875 0.815274259375 0.9565476640625 0.8190513906250001 0.97015558125 0.8183813546875 0.9743860156249999 0.8202699203125 0.9811899734375 0.822199 0.9814955109374999 0.8240875640624999 0.98829946875 0.8234175296874999 0.9925299046875 0.8254909937500001 1 0.8442036015625 1 0.8471959968749999 0.9984643234374999 0.852394225 0.9906145234375 0.8562523828125 0.9912255953125 0.858851496875 0.9873006953125 0.8646387328125 0.988217303125 0.867237846875 0.984292403125 0.8730250828124999 0.9852090125 0.87952286875 0.9753967625 0.8895733968749999 0.9119402234375 0.8921725109375 0.9080153234375 0.9116035328125 0.78533268125 0.914202646875 0.78140778125 0.9389939500000001 0.6248816515625 0.9415930640625 0.6209567515625001 0.9637042265625 0.481352365625 0.9663033406249999 0.47742746562500005 0.984394290625 0.3632056953125 0.9869934046875001 0.3592807953125 1 0.27716038906249996 1 0.12499836718749999