0 0.6513215671875 0.1828703078125 0.5425329984375 0.194348659375 0.359021653125 0.21824616406250003 0.330825278125 0.2246341984375 0.32510565156250004 0.2339572359375 0.309928190625 0.32939320156249996 0.2552512234375 0.6008164609375 0.2593979484375 0.6033945484375 0.4235170453125 0.5968783296875 0.6063066203125 0.5946104140624999 0.63864971875 0.5908004671875 0.6431573296875001 0.5825637593749999 0.645962678125 0.554870125 0.6528875578125 0.42486562499999997 0.6596898375 0.3830982046875 0.662025375 0.32015513125 0.67218455 0.2271187953125 0.6708227421874999 0.211553253125 0.65768123125 0.2107424 0.6582327734375 0.18716711875 0.6513215671875 0.1828703078125
0 1 0.47816952968750004 0.9714569703124999 0.1519212109375 0.9643755359374999 0.14567870624999998 0.9100663656249999 0.152390728125 0.7786103875 0.1736945640625 0.7274061515625 0.186016696875 0.7192624953125 0.1975123953125 0.7164571453125 0.22520602968749998 0.7130593859375 0.30588730625 0.7090624531249999 0.3199610921875 0.69478375 0.5153082921875 0.69346956875 0.5899255218749999 0.69761629375 0.592503609375 0.7185405765625 0.5926335578125 0.780972971875 0.589132015625 0.80985025 0.590526753125 0.8774711578125001 0.5865712750000001 0.9063484390625 0.5879660125 0.9189792718750001 0.5829397859375 0.9245082375000001 0.5863772359375 0.9480267765624999 0.586280215625 1 0.5826047265625001 1 0.5120026453125 0.9949957953125 0.510609584375 1 0.5061243109375 1 0.47816952968750004
0 0 0.5124253624999999 0.0074349984375 0.6068128859375 0.014346206249999998 0.6111096984375 0.18382404218749998 0.6060852375 0.21357288593749998 0.6025022578125 0.2230987828125 0.591865921875 0.233006 0.5557086109375 0.23963805312500003 0.5119954984375 0.246059015625 0.49574905156250004 0.24503765937500002 0.4840748953125 0.2627685125 0.41782432031249994 0.266636084375 0.3723924828125 0.2714841484375 0.3680471609375 0.2706330171875 0.358318696875 0.275481078125 0.353973375 0.2815615890625 0.33383554375 0.28334558125 0.2944677515625 0.28819364531249997 0.2901224296875 0.2844078046875 0.2767295484375 0.2894260921875 0.2743299203125 0.29116921875 0.2643744875 0.2617812625 0.2571426734375 0.26233280625 0.23356739218749997 0.2554215984375 0.2292705796875 0.1130779140625 0.24564520937499998 0 0.2653222875 0 0.5124253624999999
0 0.175154234375 1 0.1688507625 0.927950978125 0.1619599890625 0.9089479859375 0.1556616234375 0.836957353125 0.144515196875 0.7693120437500001 0.1412809015625 0.73234388125 0.1509770265625 0.7236532375 0.1310945328125 0.720491265625 0.024049092187500003 0.7220141859375 0.0178187875 0.7255001453125 0.0418344125 1 0.175154234375 1
0 0.23479500937500003 1 0.2095418484375 0.7655835343749999 0.27271644687499996 0.725746225 0.308184915625 0.7128402078125 0.3280878421875 0.7012959984375 0.33657195 0.6936916859375 0.3346994625 0.672289065625 0.3277882546875 0.667992253125 0.299251428125 0.670488903125 0.288533946875 0.6675053890625 0.27832714687500004 0.6703589546875001 0.22312597812499999 0.6967548734375 0.1926757984375 0.7072612609375 0.143875159375 0.7321169125 0.17438515625 1 0.23479500937500003 1
0 0.28494702968749996 1 0.264531925 0.7666542828125 0.2953429890625 0.7453331000000001 0.3133325640625 0.74179863125 0.3282172015625 0.7326540515625 0.335999971875 0.7319731468749999 0.351585946875 0.715905159375 0.344844965625 0.7135540390624999 0.303166628125 0.7152398359375 0.298318565625 0.7195851578125 0.28292324999999996 0.722892659375 0.2557482296875 0.7409548499999999 0.23308082031250002 0.750780334375 0.20971207500000003 0.7675292265625 0.237167990625 1 0.28494702968749996 1
0 0.31370228437500003 1 0.293238978125 0.7661033265625 0.3140134671875 0.7495814015625 0.34880103125 0.7288926140624999 0.348290353125 0.7230555359374999 0.3157565953125 0.7396259703125 0.302955534375 0.742706503125 0.264531925 0.7666542828125 0.28736080468749997 1 0.31370228437500003 1
0 0.3816692546875 1 0.36137056562500003 0.767984928125 0.3771267671875 0.75386263125 0.4352830765625 0.7164249515625001 0.43373060781249995 0.7136198968749999 0.4231833546875 0.712582075 0.3737222453125 0.7149487765625 0.293409203125 0.76804901875 0.31613915625 1 0.3816692546875 1
0 0.42880091093750006 1 0.41100190000000003 0.76756391875 0.45861095625 0.72908841875 0.47730186718749995 0.718630540625 0.46779640312500004 0.714560696875 0.43666531875 0.7172843140625 0.3797210234375 0.7536356640624999 0.363964821875 0.767757959375 0.3817894859375 1 0.42880091093750006 1
0 0.510625675 1 0.5383042453125 0.9975784390625 0.5137916921875 0.7173986796875 0.5096449671875 0.7148205921875 0.48353217031250006 0.71514458125 0.43662445156249996 0.7466966734375 0.41134235312499995 0.7714553046875 0.4313374234375 1 0.510625675 1
0 0.636593334375 0.7017534640624999 0.6153286015625 0.69773213125 0.5788387765625 0.698963990625 0.5655270390625 0.6962074453125 0.5553202374999999 0.6990610109375 0.54460275625 0.6960774984375 0.534225728125 0.6969853703125 0.5191708640625 0.70418425625 0.5157050437499999 0.709388940625 0.5434927578125001 0.997124503125 0.8418323171875001 0.9710231734375 0.834676059375 0.7697089453125 0.838332540625 0.751743775 0.8350982453125001 0.7147756125 0.8288883734375 0.7035553921875 0.819382909375 0.6994855484375 0.8065818515625001 0.70256608125 0.7801286015625 0.698998684375 0.7438090046875 0.7021762375 0.6886487031249999 0.6991597953124999 0.636593334375 0.7017534640624999
0 0.8360378687500001 0.7852744875 0.8444265734374999 0.9707962046875 0.922254284375 0.9639871624999999 0.9197008921875 0.934801771875 0.92250624375 0.9071081359375001 0.9050614515625 0.76747219375 0.9127148625 0.7354332359375 0.90965079375 0.7004107671875001 0.856042959375 0.70019938125 0.8499420171875001 0.7350433921875 0.8430103750000001 0.7454527609375 0.837100090625 0.767536284375 0.8360378687500001 0.7852744875
0 1 0.932404125 0.9762094812500001 0.7141934921875001 0.978463284375 0.7100751390625 0.9684471421874999 0.7001682171875 0.926768803125 0.7018540140625 0.916562003125 0.7047075781250001 0.91309618125 0.7099122625 0.9130553156250001 0.739324621875 0.909058384375 0.7533984078125 0.93160995625 0.951405134375 0.9366078109375 0.963711684375 1 0.957225003125 1 0.932404125
0 1 0.6993682859375 0.9841829109375 0.7007521015625 0.9819086734375 0.719576634375 0.99024975 0.8149155796875001 1 0.8932837390625 1 0.6993682859375