0 0.25390625 0.6960149390625 0.26171875 0.6788822640625 0.2626953125 0.6724575109375001 0.2646484375 0.6724575109375001 0.2744140625 0.6553248359375 0.2783203125 0.6553248359375 0.2802734375 0.6510416671875 0.283203125 0.6489000828125 0.283203125 0.511838678125 0.28125 0.507555509375 0.28125 0.35336143125 0.279296875 0.3490782625 0.279296875 0.1777515078125 0.27734375 0.1734683390625 0.27734375 0.0706722859375 0.2744140625 0.0642475328125 0.2587890625 0.0642475328125 0.2568359375 0.0599643640625 0.2451171875 0.0599643640625 0.2431640625 0.0642475328125 0.2314453125 0.0642475328125 0.23046875 0.0663891171875 0.23046875 0.13491981875 0.232421875 0.13920298749999999 0.232421875 0.254848546875 0.234375 0.25913171562500004 0.234375 0.33622875625000004 0.236328125 0.340511925 0.236328125 0.486139665625 0.23828125 0.490422834375 0.23828125 0.5760862109375 0.240234375 0.5803693812499999 0.240234375 0.6917317703125 0.2421875 0.6960149390625 0.2421875 0.725997121875 0.2431640625 0.72813870625 0.24609375 0.725997121875 0.251953125 0.713147615625 0.251953125 0.704581278125 0.25390625 0.7002981078125 0.25390625 0.6960149390625
0 0.330078125 0.5718030421875 0.328125 0.5675198734375 0.328125 0.5461040296874999 0.330078125 0.5418208609375 0.328125 0.5375376921874999 0.328125 0.4304584703125 0.330078125 0.42617530156249994 0.330078125 0.4218921328125 0.328125 0.41760896406250003 0.328125 0.16490200156249998 0.326171875 0.1606188328125 0.326171875 0.147769325 0.328125 0.14348615625 0.326171875 0.13920298749999999 0.326171875 0.1220703125 0.328125 0.11778714374999999 0.328125 0.1049376375 0.326171875 0.10065446874999999 0.326171875 0.09208813125000001 0.328125 0.0878049609375 0.328125 0.0792386234375 0.326171875 0.0749554546875 0.3251953125 0.06853070156249999 0.3232421875 0.06853070156249999 0.3212890625 0.0642475328125 0.3173828125 0.0642475328125 0.3154296875 0.0599643640625 0.2802734375 0.0599643640625 0.27734375 0.0663891171875 0.27734375 0.14348615625 0.279296875 0.147769325 0.279296875 0.2933970671875 0.28125 0.29768023593750004 0.28125 0.4090426265625 0.283203125 0.41332579531249997 0.283203125 0.59750205625 0.28515625 0.601785225 0.28515625 0.6489000828125 0.2861328125 0.6510416671875 0.2939453125 0.6510416671875 0.2958984375 0.6553248359375 0.3017578125 0.6553248359375 0.3046875 0.6617495890625 0.3046875 0.6660327578125 0.3076171875 0.6681743421874999 0.3134765625 0.6810238484375 0.3173828125 0.6810238484375 0.3193359375 0.6853070171875 0.3232421875 0.6853070171875 0.3251953125 0.6895901859375 0.326171875 0.6874486015625 0.328125 0.6831654328125001 0.328125 0.58465255 0.330078125 0.5803693812499999 0.330078125 0.5718030421875
0 0.224609375 0.9101733828125 0.220703125 0.9016070453125 0.21875 0.8887575390625001 0.21484375 0.8801912 0.21484375 0.8716248625 0.212890625 0.86734169375 0.212890625 0.85877535625 0.2109375 0.8544921875 0.2109375 0.84164268125 0.212890625 0.8373595125 0.212890625 0.82451000625 0.21484375 0.8202268359374999 0.21484375 0.7988109921875 0.216796875 0.7945278234375001 0.216796875 0.7902446546874999 0.2236328125 0.7752535640625 0.2275390625 0.7752535640625 0.2294921875 0.7709703953125 0.2333984375 0.7709703953125 0.2353515625 0.7666872265625 0.2373046875 0.7666872265625 0.23828125 0.760262471875 0.240234375 0.755979303125 0.240234375 0.751696134375 0.2421875 0.7474129656249999 0.2421875 0.708864446875 0.240234375 0.704581278125 0.240234375 0.62320106875 0.23828125 0.6189179 0.240234375 0.61463473125 0.240234375 0.6103515625 0.23828125 0.60606839375 0.23828125 0.5032723406249999 0.236328125 0.498989171875 0.236328125 0.4090426265625 0.234375 0.40475945781249995 0.234375 0.2933970671875 0.232421875 0.2891138984375 0.232421875 0.1820346765625 0.23046875 0.1777515078125 0.23046875 0.13491981875 0.2294921875 0.132778234375 0.2236328125 0.132778234375 0.2216796875 0.128495065625 0.2158203125 0.128495065625 0.2138671875 0.124211896875 0.1923828125 0.124211896875 0.19140625 0.12635348125 0.19140625 0.15205249375000002 0.193359375 0.1563356640625 0.193359375 0.229149534375 0.1953125 0.233432703125 0.1953125 0.3148129109375 0.197265625 0.3190960796875 0.197265625 0.41760896406250003 0.19921875 0.4218921328125 0.19921875 0.5204050171875 0.201171875 0.5246881859375 0.201171875 0.62320106875 0.203125 0.6274842375 0.203125 0.708864446875 0.205078125 0.713147615625 0.205078125 0.7859614859375 0.20703125 0.7902446546874999 0.20703125 0.85020901875 0.208984375 0.8544921875 0.20703125 0.85877535625 0.20703125 0.8630585249999999 0.208984375 0.86734169375 0.208984375 0.9230228890625 0.2119140625 0.9251644734375001 0.2138671875 0.9294476421875 0.216796875 0.9273060578125 0.2177734375 0.9251644734375001 0.2216796875 0.9251644734375001 0.224609375 0.9187397203125001 0.224609375 0.9101733828125
0 0.396484375 0.8159436671875 0.396484375 0.8116604984375 0.3984375 0.8073773296875 0.3984375 0.7902446546874999 0.3955078125 0.7881030703125 0.392578125 0.7816783171874999 0.392578125 0.751696134375 0.390625 0.7474129656249999 0.390625 0.730280290625 0.388671875 0.725997121875 0.390625 0.721713953125 0.390625 0.7174307843750001 0.392578125 0.713147615625 0.392578125 0.704581278125 0.39453125 0.7002981078125 0.39453125 0.6703159265624999 0.396484375 0.6660327578125 0.396484375 0.6531832515625 0.400390625 0.6446169140625 0.400390625 0.61463473125 0.40234375 0.6103515625 0.40234375 0.59750205625 0.400390625 0.5932188875 0.400390625 0.5204050171875 0.40234375 0.516121846875 0.40234375 0.39619311874999996 0.404296875 0.39190995 0.404296875 0.38762678125 0.40234375 0.3833436125 0.40234375 0.37906044375 0.404296875 0.374777275 0.404296875 0.14348615625 0.4072265625 0.13706140312499998 0.4091796875 0.13706140312499998 0.4111328125 0.132778234375 0.4208984375 0.132778234375 0.421875 0.13063665 0.421875 0.12635348125 0.423828125 0.1220703125 0.423828125 0.09208813125000001 0.4208984375 0.0856633765625 0.4189453125 0.0856633765625 0.4091796875 0.0642475328125 0.4072265625 0.0642475328125 0.4013671875 0.0513980265625 0.3994140625 0.0513980265625 0.3974609375 0.0471148578125 0.3935546875 0.0471148578125 0.3916015625 0.0428316890625 0.3310546875 0.0428316890625 0.328125 0.0492564421875 0.328125 0.0749554546875 0.330078125 0.0792386234375 0.330078125 0.15205249375000002 0.328125 0.1563356640625 0.330078125 0.1691851703125 0.328125 0.1734683390625 0.328125 0.1777515078125 0.330078125 0.1820346765625 0.330078125 0.3490782625 0.33203125 0.35336143125 0.33203125 0.58465255 0.333984375 0.58893571875 0.33203125 0.5932188875 0.33203125 0.6403337437500001 0.330078125 0.6446169140625 0.33203125 0.6489000828125 0.33203125 0.6960149390625 0.3369140625 0.7067228625 0.3408203125 0.7067228625 0.3447265625 0.7152892 0.3505859375 0.7152892 0.3525390625 0.71957236875 0.3564453125 0.71957236875 0.3583984375 0.7238555375 0.3662109375 0.7238555375 0.3671875 0.725997121875 0.361328125 0.738846628125 0.3671875 0.751696134375 0.3671875 0.755979303125 0.3701171875 0.7624040562500001 0.373046875 0.7645456421875 0.373046875 0.7688288109375 0.37109375 0.7731119796875 0.37109375 0.7773951484375 0.373046875 0.7816783171874999 0.373046875 0.8030941609375001 0.37109375 0.8073773296875 0.37109375 0.8202268359374999 0.369140625 0.82451000625 0.3720703125 0.8266515906249999 0.3740234375 0.8309347593749999 0.3857421875 0.8309347593749999 0.38671875 0.828793175 0.3876953125 0.8266515906249999 0.3935546875 0.8266515906249999 0.39453125 0.8202268359374999 0.396484375 0.8159436671875
0 0.4228515625 0.616776315625 0.4248046875 0.612493146875 0.4267578125 0.612493146875 0.4326171875 0.603926809375 0.4443359375 0.603926809375 0.447265625 0.59750205625 0.447265625 0.498989171875 0.44921875 0.494706003125 0.44921875 0.35336143125 0.451171875 0.3490782625 0.451171875 0.2848307296875 0.45703125 0.271981221875 0.45703125 0.267698053125 0.458984375 0.263414884375 0.458984375 0.224866365625 0.4609375 0.220583196875 0.4609375 0.1734683390625 0.462890625 0.1691851703125 0.462890625 0.16490200156249998 0.4609375 0.1606188328125 0.4599609375 0.1541940796875 0.4580078125 0.1541940796875 0.4541015625 0.145627740625 0.4521484375 0.145627740625 0.4462890625 0.13706140312499998 0.4306640625 0.13706140312499998 0.4287109375 0.132778234375 0.4111328125 0.132778234375 0.40625 0.14348615625 0.40625 0.29768023593750004 0.404296875 0.3019634046875 0.404296875 0.6446169140625 0.4052734375 0.6467584984375 0.40625 0.6446169140625 0.4150390625 0.6253426531249999 0.4169921875 0.6253426531249999 0.4208984375 0.616776315625 0.4228515625 0.616776315625
0 0.48046875 0.5632367046875 0.48046875 0.5289713546875 0.482421875 0.5246881859375 0.482421875 0.36192776875 0.484375 0.3576446 0.484375 0.35336143125 0.482421875 0.3490782625 0.482421875 0.3233792484375 0.484375 0.3190960796875 0.484375 0.2933970671875 0.486328125 0.2891138984375 0.486328125 0.2805475609375 0.4853515625 0.2784059765625 0.4580078125 0.2784059765625 0.4560546875 0.2826891453125 0.453125 0.2848307296875 0.453125 0.41760896406250003 0.451171875 0.4218921328125 0.451171875 0.601785225 0.4541015625 0.603926809375 0.4560546875 0.608209978125 0.4619140625 0.608209978125 0.4638671875 0.612493146875 0.4677734375 0.612493146875 0.4736328125 0.621059484375 0.4794921875 0.621059484375 0.48046875 0.6189179 0.48046875 0.5803693812499999 0.482421875 0.5760862109375 0.482421875 0.5675198734375 0.48046875 0.5632367046875
0 0.53125 0.7645456421875 0.53125 0.751696134375 0.529296875 0.7474129656249999 0.529296875 0.708864446875 0.53125 0.704581278125 0.53125 0.6960149390625 0.53515625 0.6831654328125001 0.53515625 0.6745990953125001 0.541015625 0.6617495890625 0.541015625 0.6574664203125 0.548828125 0.6446169140625 0.548828125 0.6403337437500001 0.55078125 0.636050575 0.55078125 0.4004762890625 0.548828125 0.39619311874999996 0.55078125 0.39190995 0.55078125 0.37049410625 0.548828125 0.3662109375 0.548828125 0.34479509375 0.55078125 0.340511925 0.55078125 0.3190960796875 0.548828125 0.3148129109375 0.548828125 0.3105297421875 0.55078125 0.3062465734375 0.55078125 0.24199904062500002 0.552734375 0.237715871875 0.552734375 0.1948841828125 0.5498046875 0.1927425984375 0.5478515625 0.1884594296875 0.5224609375 0.1884594296875 0.51953125 0.1948841828125 0.521484375 0.1991673515625 0.521484375 0.20345052031250002 0.51953125 0.20773368906249998 0.51953125 0.263414884375 0.521484375 0.267698053125 0.521484375 0.2762643921875 0.517578125 0.2891138984375 0.517578125 0.7773951484375 0.51953125 0.7816783171874999 0.521484375 0.7945278234375001 0.5244140625 0.8009525765625 0.5263671875 0.8009525765625 0.5283203125 0.8052357453125 0.5380859375 0.8052357453125 0.5390625 0.8030941609375001 0.5390625 0.7902446546874999 0.53515625 0.7816783171874999 0.53515625 0.7731119796875 0.53125 0.7645456421875
0 0.515625 0.464723821875 0.517578125 0.46044065312500004 0.517578125 0.3105297421875 0.51953125 0.3062465734375 0.51953125 0.3019634046875 0.517578125 0.29768023593750004 0.517578125 0.2891138984375 0.51953125 0.2848307296875 0.51953125 0.2762643921875 0.5166015625 0.2698396375 0.5009765625 0.2698396375 0.4990234375 0.27412280624999996 0.4892578125 0.27412280624999996 0.486328125 0.2805475609375 0.486328125 0.3233792484375 0.48828125 0.3276624171875 0.48828125 0.3319455859375 0.486328125 0.33622875625000004 0.486328125 0.63176740625 0.48828125 0.636050575 0.48828125 0.6403337437500001 0.490234375 0.6446169140625 0.4921875 0.6574664203125 0.49609375 0.6660327578125 0.49609375 0.6745990953125001 0.498046875 0.6788822640625 0.498046875 0.6917317703125 0.5 0.6960149390625 0.5 0.738846628125 0.498046875 0.743129796875 0.498046875 0.7688288109375 0.4990234375 0.7709703953125 0.5068359375 0.7709703953125 0.5087890625 0.7752535640625 0.509765625 0.7731119796875 0.513671875 0.7688288109375 0.513671875 0.721713953125 0.515625 0.7174307843750001 0.515625 0.464723821875
0 0.638671875 0.5503871984375001 0.640625 0.5461040296874999 0.640625 0.5375376921874999 0.638671875 0.5332545234375 0.640625 0.5289713546875 0.640625 0.5246881859375 0.638671875 0.5204050171875 0.640625 0.516121846875 0.640625 0.37906044375 0.642578125 0.374777275 0.642578125 0.271981221875 0.64453125 0.267698053125 0.642578125 0.263414884375 0.642578125 0.229149534375 0.64453125 0.224866365625 0.64453125 0.1220703125 0.646484375 0.11778714374999999 0.646484375 0.0621059484375 0.6484375 0.057822779687500006 0.646484375 0.0535396109375 0.646484375 0.0492564421875 0.6435546875 0.0471148578125 0.6416015625 0.0428316890625 0.6298828125 0.0428316890625 0.6279296875 0.0385485203125 0.6181640625 0.0385485203125 0.6162109375 0.0428316890625 0.5732421875 0.0428316890625 0.5712890625 0.0471148578125 0.5615234375 0.0471148578125 0.5595703125 0.0513980265625 0.5556640625 0.0513980265625 0.5517578125 0.0599643640625 0.5498046875 0.0599643640625 0.541015625 0.0792386234375 0.541015625 0.09208813125000001 0.5390625 0.09637130000000001 0.5390625 0.1691851703125 0.541015625 0.1734683390625 0.541015625 0.1820346765625 0.5419921875 0.1841762609375 0.5517578125 0.1841762609375 0.5546875 0.19060101406250002 0.5546875 0.4475911453125 0.556640625 0.4518743140625 0.5546875 0.4561574828125 0.5546875 0.477573328125 0.556640625 0.481856496875 0.556640625 0.63176740625 0.5576171875 0.633908990625 0.5615234375 0.633908990625 0.5634765625 0.629625821875 0.5849609375 0.629625821875 0.5869140625 0.633908990625 0.5927734375 0.633908990625 0.5947265625 0.638192159375 0.6005859375 0.6424753296875 0.6044921875 0.6510416671875 0.6064453125 0.6510416671875 0.615234375 0.6703159265624999 0.615234375 0.6745990953125001 0.619140625 0.6831654328125001 0.619140625 0.6874486015625 0.623046875 0.7002981078125 0.623046875 0.713147615625 0.625 0.7174307843750001 0.625 0.755979303125 0.623046875 0.760262471875 0.623046875 0.7688288109375 0.619140625 0.7773951484375 0.62109375 0.7816783171874999 0.62109375 0.7859614859375 0.619140625 0.7902446546874999 0.6240234375 0.8009525765625 0.6318359375 0.8009525765625 0.6328125 0.7988109921875 0.63671875 0.7902446546874999 0.63671875 0.721713953125 0.638671875 0.7174307843750001 0.638671875 0.5503871984375001
0 0.6484375 0.755979303125 0.6484375 0.738846628125 0.650390625 0.734563459375 0.650390625 0.725997121875 0.65234375 0.721713953125 0.65234375 0.7174307843750001 0.65625 0.704581278125 0.65625 0.60606839375 0.658203125 0.601785225 0.658203125 0.42617530156249994 0.66015625 0.4218921328125 0.66015625 0.41332579531249997 0.658203125 0.4090426265625 0.658203125 0.4004762890625 0.66015625 0.39619311874999996 0.66015625 0.2762643921875 0.662109375 0.271981221875 0.66015625 0.267698053125 0.6591796875 0.2612733 0.6474609375 0.2612733 0.646484375 0.263414884375 0.646484375 0.3576446 0.64453125 0.36192776875 0.64453125 0.481856496875 0.642578125 0.486139665625 0.642578125 0.7859614859375 0.6455078125 0.7923862390624999 0.646484375 0.7902446546874999 0.6484375 0.7859614859375 0.646484375 0.7816783171874999 0.646484375 0.760262471875 0.6484375 0.755979303125
0 0.6708984375 0.6853070171875 0.6728515625 0.6810238484375 0.6748046875 0.6810238484375 0.6806640625 0.6724575109375001 0.6845703125 0.6724575109375001 0.6865234375 0.6681743421874999 0.6943359375 0.6681743421874999 0.6953125 0.6660327578125 0.6953125 0.636050575 0.697265625 0.63176740625 0.697265625 0.473290159375 0.69921875 0.46900699062499995 0.69921875 0.3233792484375 0.701171875 0.3190960796875 0.701171875 0.1863178453125 0.6982421875 0.1841762609375 0.6962890625 0.1798930921875 0.6845703125 0.1798930921875 0.6826171875 0.1841762609375 0.6806640625 0.1841762609375 0.6787109375 0.1798930921875 0.6767578125 0.1841762609375 0.6611328125 0.1841762609375 0.6591796875 0.1884594296875 0.6474609375 0.1884594296875 0.646484375 0.19060101406250002 0.646484375 0.20773368906249998 0.64453125 0.2120168578125 0.64453125 0.220583196875 0.646484375 0.224866365625 0.646484375 0.229149534375 0.64453125 0.233432703125 0.64453125 0.24199904062500002 0.646484375 0.24628220937499998 0.646484375 0.254848546875 0.6474609375 0.25699013125 0.6572265625 0.25699013125 0.66015625 0.263414884375 0.66015625 0.2805475609375 0.662109375 0.2848307296875 0.662109375 0.2891138984375 0.66015625 0.2933970671875 0.66015625 0.29768023593750004 0.662109375 0.3019634046875 0.66015625 0.3062465734375 0.66015625 0.42617530156249994 0.658203125 0.4304584703125 0.658203125 0.43474163906249996 0.66015625 0.43902480781250003 0.66015625 0.4433079765625 0.658203125 0.4475911453125 0.658203125 0.5803693812499999 0.65625 0.58465255 0.65625 0.58893571875 0.658203125 0.5932188875 0.65625 0.59750205625 0.65625 0.6960149390625 0.6572265625 0.6981565234375 0.6611328125 0.6981565234375 0.662109375 0.6960149390625 0.6650390625 0.6895901859375 0.6669921875 0.6895901859375 0.6689453125 0.6853070171875 0.6708984375 0.6853070171875
0 0.734375 0.6489000828125 0.734375 0.58465255 0.736328125 0.5803693812499999 0.736328125 0.464723821875 0.73828125 0.46044065312500004 0.73828125 0.3576446 0.740234375 0.35336143125 0.740234375 0.25913171562500004 0.7421875 0.254848546875 0.7421875 0.13491981875 0.744140625 0.13063665 0.744140625 0.0792386234375 0.7412109375 0.0728138703125 0.7060546875 0.0728138703125 0.7041015625 0.0770970390625 0.6982421875 0.0770970390625 0.693359375 0.0878049609375 0.693359375 0.13063665 0.69140625 0.13491981875 0.69140625 0.1734683390625 0.6923828125 0.17560992343749998 0.6982421875 0.17560992343749998 0.701171875 0.1820346765625 0.701171875 0.19060101406250002 0.703125 0.1948841828125 0.703125 0.254848546875 0.701171875 0.25913171562500004 0.701171875 0.39190995 0.69921875 0.39619311874999996 0.69921875 0.5718030421875 0.697265625 0.5760862109375 0.697265625 0.6617495890625 0.7001953125 0.6638911734375 0.7021484375 0.6681743421874999 0.7236328125 0.6681743421874999 0.724609375 0.6660327578125 0.7275390625 0.6638911734375 0.728515625 0.6574664203125 0.7314453125 0.6553248359375 0.734375 0.6489000828125
0 0.767578125 0.5632367046875 0.767578125 0.494706003125 0.76953125 0.490422834375 0.76953125 0.41760896406250003 0.771484375 0.41332579531249997 0.771484375 0.34479509375 0.7734375 0.340511925 0.7734375 0.263414884375 0.775390625 0.25913171562500004 0.775390625 0.1863178453125 0.77734375 0.1820346765625 0.77734375 0.10065446874999999 0.779296875 0.09637130000000001 0.779296875 0.0449732734375 0.7783203125 0.0428316890625 0.7607421875 0.0428316890625 0.7587890625 0.0471148578125 0.7509765625 0.0471148578125 0.7490234375 0.0513980265625 0.7451171875 0.0513980265625 0.7431640625 0.0556811953125 0.7373046875 0.0556811953125 0.7353515625 0.0599643640625 0.7314453125 0.0599643640625 0.7294921875 0.0642475328125 0.7255859375 0.0642475328125 0.724609375 0.0663891171875 0.7255859375 0.0728138703125 0.7431640625 0.0728138703125 0.744140625 0.0749554546875 0.744140625 0.147769325 0.7421875 0.15205249375000002 0.7421875 0.2891138984375 0.740234375 0.2933970671875 0.740234375 0.37906044375 0.73828125 0.3833436125 0.73828125 0.498989171875 0.736328125 0.5032723406249999 0.736328125 0.62320106875 0.734375 0.6274842375 0.734375 0.6446169140625 0.7373046875 0.6510416671875 0.7412109375 0.6510416671875 0.7470703125 0.6596080046874999 0.7509765625 0.6596080046874999 0.7529296875 0.6638911734375 0.7548828125 0.6638911734375 0.7607421875 0.6724575109375001 0.763671875 0.6703159265624999 0.763671875 0.6531832515625 0.765625 0.6489000828125 0.765625 0.5675198734375 0.767578125 0.5632367046875