0 0.23828125 0.57421875 0.234375 0.5247395828125 0.234375 0.40234375 0.23046875 0.3658854171875 0.23046875 0.3216145828125 0.2275390625 0.3177083328125 0.1669921875 0.3177083328125 0.162109375 0.3268229171875 0.166015625 0.3997395828125 0.1640625 0.41015625 0.18359375 0.87890625 0.181640625 0.88671875 0.1875 0.90234375 0.185546875 0.91796875 0.1875 0.9388020828125001 0.1904296875 0.9427083328125001 0.2265625 0.94140625 0.2451171875 0.9401041671874999 0.248046875 0.93359375 0.23828125 0.6731770828125 0.23828125 0.57421875
0 0.1865234375 0.2526041671875 0.1865234375 0.2708333328125 0.1943359375 0.2708333328125 0.193359375 0.2643229171875 0.1982421875 0.2604166671875 0.2021484375 0.2604166671875 0.203125 0.2669270828125 0.19921875 0.2721354171875 0.19921875 0.2955729171875 0.1943359375 0.3020833328125 0.1904296875 0.3020833328125 0.1875 0.2955729171875 0.19140625 0.2877604171875 0.18359375 0.2877604171875 0.18359375 0.30078125 0.1875 0.3033854171875 0.185546875 0.30859375 0.1884765625 0.3125 0.1962890625 0.3072916671875 0.2158203125 0.3125 0.21875 0.30859375 0.21875 0.29296875 0.21484375 0.28515625 0.2197265625 0.28125 0.2265625 0.3059895828125 0.224609375 0.30859375 0.228515625 0.3111979171875 0.23046875 0.2669270828125 0.2060546875 0.2604166671875 0.1982421875 0.2526041671875 0.1865234375 0.2526041671875
0 0.17578125 0.69921875 0.171875 0.6653645828125 0.171875 0.57421875 0.166015625 0.5065104171875 0.16796875 0.4908854171875 0.1640625 0.4361979171875 0.162109375 0.3190104171875 0.1650390625 0.3151041671875 0.1787109375 0.3151041671875 0.181640625 0.3111979171875 0.181640625 0.24869791718749998 0.1748046875 0.24479166718749998 0.1259765625 0.24479166718749998 0.12109375 0.2513020828125 0.12109375 0.27734375 0.125 0.3111979171875 0.125 0.3736979171875 0.13671875 0.6158854171875 0.138671875 0.72265625 0.1484375 0.9049479171874999 0.1513671875 0.9114583328125001 0.1611328125 0.9166666671874999 0.177734375 0.9153645828125001 0.18359375 0.91015625 0.18359375 0.8763020828125001 0.177734375 0.80078125 0.17578125 0.69921875
0 0.302734375 0.33984375 0.302734375 0.1002604171875 0.3056640625 0.09635416718749999 0.3232421875 0.09635416718749999 0.333984375 0.08984375 0.2861328125 0.0052083328125 0.2314453125 0 0.2265625 0.006510417187500001 0.2265625 0.0325520828125 0.23046875 0.09765625 0.240234375 0.6419270828125 0.25 0.94140625 0.2607421875 0.9479166671874999 0.298828125 0.9466145828125001 0.3125 0.9231770828125001 0.30859375 0.8190104171874999 0.30859375 0.55859375 0.302734375 0.33984375
0 0.3759765625 0.1041666671875 0.3701171875 0.1015625 0.3095703125 0.09895833281250001 0.3046875 0.10546875 0.3046875 0.1419270828125 0.30859375 0.22526041718749998 0.30859375 0.3528645828125 0.3125 0.4778645828125 0.31640625 0.91796875 0.318359375 0.92578125 0.3251953125 0.9322916671874999 0.357421875 0.9309895828125001 0.3740234375 0.9296875 0.37890625 0.9205729171874999 0.37890625 0.1106770828125 0.3759765625 0.1041666671875
0 0.447265625 0.5325520828125 0.453125 0.3424479171875 0.455078125 0.14453125 0.453125 0.1184895828125 0.4462890625 0.109375 0.3857421875 0.1041666671875 0.380859375 0.1080729171875 0.37890625 0.1263020828125 0.380859375 0.9231770828125001 0.3857421875 0.9322916671874999 0.3974609375 0.9375 0.421875 0.9361979171874999 0.44140625 0.92578125 0.4453125 0.8997395828125001 0.443359375 0.8815104171874999 0.447265625 0.5325520828125
0 0.49609375 0.3059895828125 0.49609375 0.1731770828125 0.4873046875 0.1692708328125 0.4619140625 0.1692708328125 0.458984375 0.17578125 0.447265625 0.9309895828125001 0.4501953125 0.9348958328125001 0.4609375 0.9361979171874999 0.4775390625 0.9348958328125001 0.48046875 0.9309895828125001 0.484375 0.6653645828125 0.49609375 0.3059895828125
0 0.529296875 0.49609375 0.52734375 0.4934895828125 0.541015625 0.1497395828125 0.5341796875 0.1432291671875 0.5009765625 0.140625 0.49609375 0.16015625 0.498046875 0.24609375 0.490234375 0.4622395828125 0.48046875 0.9283854171874999 0.4833984375 0.9322916671874999 0.509765625 0.9309895828125001 0.515625 0.9231770828125001 0.517578125 0.8763020828125001 0.525390625 0.5559895828125 0.529296875 0.49609375
0 0.560546875 0.8893229171874999 0.568359375 0.7330729171875 0.576171875 0.4544270828125 0.5859375 0.2643229171875 0.5859375 0.22786458281250002 0.5810546875 0.22395833281250002 0.5556640625 0.22395833281250002 0.552734375 0.23307291718749998 0.541015625 0.55859375 0.54296875 0.5638020828125 0.5390625 0.59765625 0.533203125 0.8997395828125001 0.5419921875 0.8958333328125001 0.5537109375 0.9010416671874999 0.560546875 0.8997395828125001 0.5546875 0.89453125 0.5546875 0.8841145828125001 0.5576171875 0.8828125 0.560546875 0.8893229171874999
0 0.60546875 0.8372395828125001 0.62109375 0.41796875 0.634765625 0.1966145828125 0.63671875 0.1341145828125 0.6337890625 0.1302083328125 0.6201171875 0.1302083328125 0.6123046875 0.1354166671875 0.560546875 0.21484375 0.5634765625 0.22135416718749998 0.6044921875 0.22135416718749998 0.607421875 0.22526041718749998 0.580078125 0.84765625 0.583984375 0.8815104171874999 0.580078125 0.9466145828125001 0.5830078125 0.953125 0.59765625 0.9518229171874999 0.599609375 0.93359375 0.595703125 0.9283854171874999 0.599609375 0.92578125 0.60546875 0.8372395828125001
0 0.64453125 0.34765625 0.658203125 0.1783854171875 0.658203125 0.1393229171875 0.6533203125 0.1354166671875 0.6396484375 0.1354166671875 0.63671875 0.1393229171875 0.630859375 0.2877604171875 0.623046875 0.3815104171875 0.60546875 0.8606770828125001 0.6015625 0.8997395828125001 0.6015625 0.9440104171874999 0.611328125 0.9440104171874999 0.6171875 0.8893229171874999 0.623046875 0.7330729171875 0.62890625 0.6783854171875 0.64453125 0.34765625
0 0.673828125 0.4283854171875 0.673828125 0.3971354171875 0.677734375 0.3684895828125 0.67578125 0.3606770828125 0.6875 0.23046875 0.6845703125 0.22395833281250002 0.6767578125 0.22395833281250002 0.673828125 0.23046875 0.66015625 0.4466145828125 0.662109375 0.4778645828125 0.6640625 0.4596354171875 0.6669921875 0.4557291671875 0.669921875 0.4700520828125 0.673828125 0.4283854171875
0 0.66015625 0.4544270828125 0.67578125 0.2877604171875 0.67578125 0.1966145828125 0.6796875 0.13671875 0.6748046875 0.1328125 0.6611328125 0.1380208328125 0.658203125 0.14453125 0.658203125 0.18359375 0.64453125 0.3580729171875 0.62890625 0.67578125 0.623046875 0.7408854171875 0.615234375 0.94140625 0.6220703125 0.9557291671874999 0.6328125 0.9544270828125001 0.638671875 0.91015625 0.654296875 0.5638020828125 0.66015625 0.50390625 0.66015625 0.4544270828125
0 0.74609375 0.3841145828125 0.74609375 0.3294270828125 0.7373046875 0.3255208328125 0.7021484375 0.3255208328125 0.697265625 0.3372395828125 0.697265625 0.3919270828125 0.685546875 0.58984375 0.68359375 0.71484375 0.6796875 0.7669270828125 0.681640625 0.7747395828125 0.67578125 0.88671875 0.6845703125 0.8984375 0.705078125 0.8971354171874999 0.7158203125 0.8958333328125001 0.720703125 0.88671875 0.724609375 0.83203125 0.74609375 0.3841145828125
0 0.775390625 0.6731770828125 0.779296875 0.64453125 0.779296875 0.6080729171875 0.783203125 0.5768229171875 0.783203125 0.5377604171875 0.798828125 0.2799479171875 0.798828125 0.22786458281250002 0.7939453125 0.22395833281250002 0.7568359375 0.22395833281250002 0.7099609375 0.2421875 0.701171875 0.2513020828125 0.69921875 0.2669270828125 0.701171875 0.3190104171875 0.7119140625 0.3255208328125 0.7412109375 0.3255208328125 0.74609375 0.3294270828125 0.74609375 0.3997395828125 0.7421875 0.4309895828125 0.732421875 0.6940104171875 0.728515625 0.72265625 0.720703125 0.8893229171874999 0.7314453125 0.8984375 0.755859375 0.8971354171874999 0.763671875 0.8919270828125001 0.767578125 0.80078125 0.775390625 0.7122395828125 0.775390625 0.6731770828125
0 0.8056640625 0.1666666671875 0.802734375 0.17578125 0.794921875 0.3736979171875 0.779296875 0.6080729171875 0.775390625 0.71484375 0.765625 0.8372395828125001 0.763671875 0.8997395828125001 0.7685546875 0.9088541671874999 0.779296875 0.9075520828125001 0.814453125 0.3450520828125 0.8203125 0.22005208281250002 0.8193359375 0.1640625 0.8056640625 0.1666666671875
0 0.78125 0.87890625 0.78125 0.9127604171874999 0.7841796875 0.921875 0.79296875 0.9231770828125001 0.796875 0.90234375 0.796875 0.8736979171874999 0.7841796875 0.8723958328125001 0.78125 0.87890625
0 0.818359375 0.5716145828125 0.837890625 0.21744791718749998 0.83984375 0.1653645828125 0.8349609375 0.1614583328125 0.8251953125 0.1640625 0.8203125 0.17578125 0.8203125 0.21744791718749998 0.802734375 0.51171875 0.798828125 0.6236979171875 0.787109375 0.7825520828125 0.7890625 0.8268229171874999 0.796875 0.8190104171874999 0.8046875 0.7955729171875 0.802734375 0.77734375 0.818359375 0.5716145828125
0 0.7998046875 0.9322916671874999 0.80859375 0.9309895828125001 0.8125 0.87890625 0.7998046875 0.8723958328125001 0.794921875 0.9205729171874999 0.7998046875 0.9322916671874999
0 0.8583984375 0.1614583328125 0.8427734375 0.1614583328125 0.837890625 0.1809895828125 0.826171875 0.44140625 0.806640625 0.75390625 0.80078125 0.7955729171875 0.806640625 0.7981770828125 0.8203125 0.77734375 0.82421875 0.75390625 0.857421875 0.24609375 0.8583984375 0.1614583328125
0 0.8125 0.89453125 0.810546875 0.9361979171874999 0.8173828125 0.9453125 0.826171875 0.9440104171874999 0.830078125 0.9205729171874999 0.830078125 0.88671875 0.8173828125 0.8776041671874999 0.8125 0.89453125
0 0.873046875 0.3294270828125 0.873046875 0.29296875 0.87890625 0.23307291718749998 0.8828125 0.1653645828125 0.8798828125 0.1536458328125 0.8681640625 0.1536458328125 0.861328125 0.16015625 0.837890625 0.5611979171875 0.822265625 0.75390625 0.822265625 0.7591145828125 0.828125 0.76171875 0.845703125 0.73046875 0.845703125 0.6966145828125 0.857421875 0.5690104171875 0.873046875 0.3294270828125
0 0.84375 0.9127604171874999 0.8388671875 0.9166666671874999 0.8349609375 0.9114583328125001 0.830078125 0.91796875 0.828125 0.9388020828125001 0.8310546875 0.9453125 0.84375 0.9466145828125001 0.84765625 0.91015625 0.8447265625 0.8984375 0.841796875 0.9075520828125001 0.84375 0.9127604171874999
0 0.900390625 0.1575520828125 0.8974609375 0.1536458328125 0.8837890625 0.15625 0.880859375 0.17578125 0.861328125 0.5143229171875 0.845703125 0.7018229171875 0.845703125 0.7252604171875 0.849609375 0.7252604171875 0.861328125 0.70703125 0.865234375 0.68359375 0.900390625 0.1888020828125 0.900390625 0.1575520828125
0 0.845703125 0.94921875 0.8505859375 0.9583333328125001 0.859375 0.95703125 0.861328125 0.91015625 0.8505859375 0.90625 0.845703125 0.9205729171874999 0.845703125 0.94921875
0 0.90234375 0.4518229171875 0.916015625 0.30078125 0.923828125 0.1731770828125 0.9228515625 0.1510416671875 0.9033203125 0.1536458328125 0.900390625 0.1627604171875 0.888671875 0.36328125 0.86328125 0.69140625 0.8642578125 0.6979166671875 0.869140625 0.6966145828125 0.88671875 0.6731770828125 0.890625 0.58203125 0.90234375 0.4778645828125 0.90234375 0.4518229171875
0 0.9296875 0.18359375 0.935546875 0.16796875 0.931640625 0.1653645828125 0.9287109375 0.1510416671875 0.923828125 0.15234375 0.921875 0.17578125 0.9140625 0.3372395828125 0.90234375 0.4622395828125 0.904296875 0.4908854171875 0.912109375 0.44140625 0.912109375 0.4049479171875 0.9296875 0.21744791718749998 0.9296875 0.18359375