0 0.5006151234375 0.18584331406250001 0.4970209609375 0.19201183125000001 0.4948617640625 0.22189776718749998 0.49684114843750005 0.2404353875 0.5143229781249999 0.24227280312500002 0.7037901390625 0.23338298124999998 0.8253093625 0.23568112187499998 0.838615653125 0.230533390625 0.844332053125 0.176145475 0.8418267281249999 0.1719543890625 0.8165751968749999 0.1693003453125 0.508657034375 0.1840700421875 0.5006151234375 0.18584331406250001
0 0.4929747765625 0.24919380625 0.4902711609375 0.28425954375 0.4927949640625 0.2976173609375 0.511947009375 0.302248834375 0.7127965140625 0.29717385625000003 0.8401430140624999 0.30008446875 0.8437371765625 0.2939159515625 0.8491813671875 0.2421179375 0.8466760437499999 0.23792684999999997 0.8194820859374999 0.23506865000000002 0.502668425 0.241047859375 0.4929747765625 0.24919380625
0 0.490654246875 0.33667003125 0.5214608453125 0.3425264453125 0.8333008171875 0.346498525 0.8366227703125 0.342919909375 0.8407059140625 0.3040713984375 0.6634192453125001 0.2998396296875 0.5374707515625 0.302312975 0.5349839078125 0.3072886203125 0.508062159375 0.30184051875 0.495028078125 0.3043983484375 0.490654246875 0.33667003125
0 0.4848454484375 0.345224290625 0.48241404218749995 0.377700128125 0.48521005468749995 0.38846804687500003 0.4927075484375 0.391874575 0.7942909734375 0.4000056703125 0.8270399984375001 0.4060662421875 0.8325765859375001 0.400101884375 0.8377485671875 0.35089376875 0.827473540625 0.345886053125 0.5605815671875 0.34401968906249997 0.49232446249999995 0.3394640875 0.4848454484375 0.345224290625
0 0.48688027187499994 0.391262103125 0.48161589375 0.3946365625 0.4756457625 0.46078111093749996 0.52587661875 0.468679096875 0.787250484375 0.4856765515625 0.7947479765625001 0.48908308125 0.7975439890625 0.49985099999999993 0.8053136921874999 0.500667628125 0.8130649140624999 0.4923175265625 0.8217756203125001 0.4094407015625 0.8192702953125 0.40524961406250004 0.7745945078124999 0.4005539984375 0.48688027187499994 0.391262103125
0 0.76292645625 0.5302531953125 0.7698795296875 0.5388395265625 0.7881779890625 0.5329072390625 0.7937145765625 0.5269428796875 0.7945312046875 0.5191731765625 0.7928055515625 0.488878925 0.48314325625 0.4641876390625 0.4739940265625 0.46715378437500005 0.471290409375 0.5022195218750001 0.76292645625 0.5302531953125
0 0.47190874687499995 0.5337066453125 0.722481646875 0.56004291875 0.745246334375 0.5676726078125001 0.7563379890624999 0.5649106203125001 0.759604503125 0.5338318109375 0.7570991796875 0.5296407249999999 0.4751752609375 0.5026278359374999 0.46963867343750004 0.508592196875 0.4685683140625 0.52811853125 0.47190874687499995 0.5337066453125
0 0.469966321875 0.5335024890625 0.4641575234375 0.5420567484375 0.4622705359375 0.5693527859375 0.466736765625 0.5829147609375 0.7242627390624999 0.617837365625 0.730814246875 0.5648464765625001 0.469966321875 0.5335024890625
0 0.45677090781249996 0.5936506078125 0.45488392031249997 0.62094664375 0.4579521421875 0.6291246609375001 0.482931465625 0.6343686046875 0.75879285625 0.6816923828125 0.764601653125 0.6731381234375 0.76895700625 0.6316997109375 0.752273325 0.6129258625 0.73284906875 0.6108842906249999 0.722048103125 0.620223109375 0.46479434062499997 0.582710603125 0.45677090781249996 0.5936506078125
0 0.7626777078125 0.682100696875 0.7449236671875 0.6828531828125 0.4579521421875 0.6291246609375001 0.45435798125 0.6352931749999999 0.4516543640625 0.6703589140624999 0.45445037812500005 0.6811268328125 0.477487275 0.6861666203125 0.5374302578125 0.6950853921875 0.7600295296875 0.7446666296875 0.7755689343750001 0.7462998859375001 0.779163096875 0.740131371875 0.784335078125 0.69092325625 0.7718084578125 0.669967821875 0.7668162890625 0.6707523796875 0.7626777078125 0.682100696875
0 0.45445037812500005 0.6811268328125 0.451128425 0.6847054499999999 0.4472990125 0.7117973281250001 0.451765240625 0.7253593031250001 0.46509001093749996 0.7293783046875 0.49616881875 0.7326448203125 0.5225461484375 0.7432727203125 0.6796473703125 0.7807328140625 0.7712320609375001 0.79690503125 0.7761318328125 0.7502868171875 0.7716840828125 0.745891571875 0.4719322078125 0.682964246875 0.45445037812500005 0.6811268328125
0 0.538159471875 0.781572903125 0.624479784375 0.801119578125 0.6766530656249999 0.809221721875 0.6799750171875 0.80564310625 0.68215269375 0.7849239 0.6721498765625 0.7773262843750001 0.555295175 0.74933329375 0.50506431875 0.74143530625 0.4945725203125 0.7665176859375 0.538159471875 0.781572903125
0 0.45637930468750004 0.8122551296875 0.63900426875 0.8497793640625 0.685350271875 0.8572690359375 0.688672225 0.8536904203125 0.687490990625 0.8182163671874999 0.6289460124999999 0.814681553125 0.44826347499999997 0.7773614765625 0.44494152343750004 0.7809400906249999 0.44332674531249994 0.8056462265625 0.45637930468750004 0.8122551296875
0 0.6759473125000001 0.8719918124999999 0.681211690625 0.8686173546875 0.6795229953125 0.8566565640625001 0.5854329796875 0.8362932624999999 0.4758035609375 0.8142967015625 0.4544368796875 0.812050971875 0.453348040625 0.8224105749999999 0.6451407125 0.866135396875 0.6759473125000001 0.8719918124999999
0 0.45371120156250005 0.31445758281249997 0.4573053640625 0.3082890671875 0.4624403859375 0.24074748906250001 0.415148396875 0.1768604 0.1369110390625 0.189512653125 0.1288691265625 0.1912859265625 0.1230603296875 0.1998401859375 0.11786986875000001 0.23988156875 0.118197515625 0.2647918609375 0.1257134890625 0.277365121875 0.27302866406250004 0.27713750312499996 0.308808953125 0.27304263125 0.3473852546875 0.279715675 0.3651392953125 0.2789631890625 0.3676261390625 0.27398754375 0.390935246875 0.27643742968749996 0.4459414984375 0.313640953125 0.45371120156250005 0.31445758281249997
0 0.3973439015625 0.2902035609375 0.38040648906249996 0.283186346875 0.31937466875 0.28462717656250003 0.24944734687499998 0.27727751875 0.12544127968750002 0.2799550234375 0.11963248124999999 0.288509284375 0.115530859375 0.3181910625 0.11473270937499999 0.3351274984375 0.118636040625 0.34470254218749996 0.2296265078125 0.3537496 0.2828886265625 0.351492140625 0.38443917656250004 0.3569285109375 0.4385918421875 0.383568275 0.4477410703125 0.3806021296875 0.45236863281249995 0.336573815625 0.44485266093750003 0.32400055625 0.3973439015625 0.2902035609375
0 0.3445018265625 0.3632049703125 0.17496638281250002 0.3506231 0.1258613234375 0.350698971875 0.1189636875 0.3696128359375 0.11626007187500001 0.404678575 0.16260607656249998 0.41216824687500003 0.3984562 0.4291015609375 0.420948678125 0.4393211484375 0.44231535937500005 0.441566878125 0.4456373125 0.43798826249999995 0.4483594078125 0.4120892546875 0.4480502390625 0.39634569218750004 0.4419322734375 0.3891563890625 0.3838947578125 0.36210831250000003 0.3445018265625 0.3632049703125
0 0.3845870109375 0.4302623609375 0.11960050468750001 0.410266690625 0.11157707187499999 0.42120669375 0.109417875 0.45109263125 0.1091641453125 0.46284926249999997 0.1150099 0.47262846718749996 0.24682263125 0.489101053125 0.40276109531250004 0.5002538249999999 0.42634241250000005 0.5001138093749999 0.43797848593750005 0.4921720203125 0.4417894203125 0.455913409375 0.42817396093750004 0.44531757812499995 0.40874970624999996 0.44327600624999997 0.3845870109375 0.4302623609375
0 0.36569367656249996 0.5539651265625001 0.4192280046875 0.5491177671874999 0.43474893124999997 0.54158429375 0.43692660625 0.5208650859375 0.43329548593749995 0.508700140625 0.11473769062500001 0.4752183671875 0.111706428125 0.48537381249999995 0.1117803453125 0.5220407375 0.36569367656249996 0.5539651265625001
0 0.1076972015625 0.5608892484375 0.31304989375000003 0.587709709375 0.36297158125 0.579864134375 0.376822290625 0.5695366015625 0.357923975 0.553148496875 0.14064451875 0.527692996875 0.1092935 0.5270163812499999 0.10597154843750001 0.530594996875 0.10435677031249999 0.555301134375 0.1076972015625 0.5608892484375
0 0.1527191171875 0.5996618890625001 0.3330924859375 0.6212384046875 0.3896580796875 0.6062355984375001 0.3946132890625 0.587117578125 0.374353925 0.583678978125 0.320819596875 0.5885263390625 0.1054825671875 0.56327499375 0.10216061406250002 0.5668536078125 0.10081804531250001 0.5889698421875 0.1527191171875 0.5996618890625001
0 0.3508465265625 0.62048591875 0.326720790625 0.6258057328125 0.1638292515625 0.6060666328125001 0.11192817968749999 0.5953745875 0.10223453125 0.6035205328125001 0.10116417343749999 0.6230468671875 0.10423239531249999 0.631224884375 0.1117298890625 0.6346314125 0.351501821875 0.6703065031250001 0.3775699828125 0.66519084375 0.41859617031249996 0.64855478125 0.42634739374999997 0.6402046796875001 0.4290694890625 0.614305671875 0.4207368890625 0.6095021125 0.36832835625000004 0.6223233328125 0.3508465265625 0.62048591875
0 0.348452078125 0.6712952171875 0.10590261249999999 0.6340189406250001 0.10372493593750001 0.6547381484375 0.3179731265625 0.6903490953125 0.348452078125 0.6712952171875
0 0.1034527265625 0.65732805 0.09793461718749999 0.6724591390625 0.101002840625 0.68063715625 0.1259821625 0.6858810984375 0.326905584375 0.717473046875 0.38537664375 0.6843409359375 0.3950702921875 0.6761949890625 0.3956147109375 0.6710151875 0.385067475 0.6685973734374999 0.3490149765625 0.6752821484375 0.31991555312500003 0.690553253125 0.1034527265625 0.65732805
0 0.1318094390625 0.6864935703125 0.10461548125 0.6836353703125 0.0993695828125 0.696176559375 0.0999509609375 0.7093302218749999 0.1113333046875 0.713145065625 0.29089004531249996 0.742491284375 0.3155971578125 0.7503251265624999 0.340848690625 0.7529791703125001 0.34417064375 0.7494005546875 0.3466205296875 0.72609145 0.3421727796875 0.7216962031249999 0.241438859375 0.7084901328125001 0.1318094390625 0.6864935703125
0 0.3067755765625 0.778201565625 0.3378543859375 0.7814680796875 0.3411763390625 0.7778894640625 0.343354015625 0.757170259375 0.340848690625 0.7529791703125001 0.2287324265625 0.73595825625 0.1057782375 0.70994269375 0.0988436421875 0.71052309375 0.09722886562500001 0.7352292296875 0.3067755765625 0.778201565625
0 0.101732053125 0.7671246671875 0.26493276093749996 0.80260733125 0.322661109375 0.8139118453125 0.33958004062499997 0.8117623296875 0.33979681093749997 0.7816722375 0.2643144234375 0.7711202078125 0.09917129062499999 0.7354333875 0.09584933749999999 0.739012 0.0945067703125 0.7611282359375 0.101732053125 0.7671246671875