0 0.1313463 0.7438475796875 0.129892859375 0.723062396875 0.1277628109375 0.72060049375 0.12649105 0.7024134578125001 0.12436100312500001 0.6999515546875 0.12272588124999999 0.676568225 0.1205958328125 0.67410631875 0.119324071875 0.6559192859375 0.11719402500000001 0.6534573796875 0.11555890312499999 0.6300740515625 0.1134288546875 0.6276121453125 0.112338775 0.6120232578125 0.1102087265625 0.6095613546875 0.10893696562499999 0.59137431875 0.10680691875 0.5889124156250001 0.10553515625000001 0.5707253796875 0.103405109375 0.5682634765625 0.1019516671875 0.5474782953124999 0.0998216203125 0.5450163890625 0.098549859375 0.52682935625 0.09641981093749999 0.52436745 0.0949663703125 0.5035822671875 0.092836321875 0.5011203625 0.0915645609375 0.482933328125 0.0894345140625 0.4804714234375 0.0881627515625 0.4622843890625 0.08603270468749999 0.45982248437499995 0.0845792625 0.439037303125 0.082449215625 0.4365754 0.080995775 0.41579021718750003 0.0788657265625 0.4133283109375 0.07759396562500001 0.395141278125 0.072970509375 0.38502117187499996 0.07042698750000001 0.34864710468750004 0.072193675 0.3459127140625 0.0679335796875 0.3409889046875 0.0695185859375 0.3356563640625 0.0684535625 0.3344254125 0.0643751484375 0.33209974999999997 0.0546333109375 0.332780965625 0.050034914062500005 0.3370187953125 0.050398273437499995 0.3422150921875 0.05252832187499999 0.3446769953125 0.053436721875 0.357667734375 0.0555667703125 0.3601296390625 0.057383571875 0.3861111171875 0.05951361875 0.3885730234375 0.061148740624999996 0.411956353125 0.0632787890625 0.41441825625 0.0643688703125 0.43000714375 0.06649891718749999 0.4324690484375 0.06795235937500001 0.45325423125000003 0.07008240624999999 0.45571613437499997 0.0713541671875 0.47390317031249996 0.0734842140625 0.4763650734375 0.0747559765625 0.494552109375 0.07688602343749999 0.49701401250000005 0.078157784375 0.5152010484375 0.0802878328125 0.5176629515625 0.0817412734375 0.5384481328125 0.083871321875 0.5409100390625 0.0851430828125 0.559097071875 0.08727312968749999 0.561558978125 0.0885448921875 0.5797460109375 0.0906749390625 0.5822079171875 0.0919467 0.60039495 0.0940767484375 0.6028568562500001 0.095348509375 0.6210438890625001 0.09747855625 0.6235057953124999 0.0989319984375 0.644290978125 0.1010620453125 0.6467528812500001 0.10251548749999999 0.6675380640624999 0.10464553437499999 0.66999996875 0.105735615625 0.68558885625 0.1078656640625 0.688050759375 0.10931910468749999 0.7088359421875 0.11144915156249999 0.711297846875 0.1127209140625 0.72948488125 0.1148509609375 0.7319467859375 0.11648608281249999 0.7553301171875 0.11861612968749999 0.7577920203125 0.1197062109375 0.77338090625 0.121836259375 0.7758428125 0.12328969999999999 0.7966279953125001 0.12541974843749998 0.7990898984375 0.1265098296875 0.814678784375 0.1286398765625 0.817140690625 0.13009331875000002 0.8379258734375 0.1332883890625 0.8416187296875 0.14586193593750002 0.839434075 0.14368177499999998 0.8082563031250001 0.14155172656249998 0.8057943968749999 0.1404616453125 0.790205509375 0.1383315984375 0.7877436062500001 0.13687815625 0.766958425 0.13474810937499998 0.76449651875 0.1334763484375 0.7463094859375 0.1313463 0.7438475796875
0 0.152778340625 0.7423489046875 0.15064829375 0.7398870015625 0.1497398921875 0.7268962609375 0.14760984531250002 0.7244343578125 0.146156403125 0.7036491765624999 0.14402635625 0.7011872703125 0.1456113625 0.6958547328125 0.143481315625 0.6933928265625 0.14275459375 0.6830002375 0.14062454687499998 0.68053833125 0.138989425 0.657155003125 0.136859378125 0.6546930984375 0.1350676328125 0.6430695531249999 0.1349110109375 0.654829340625 0.1340276671875 0.6561965359374999 0.13296264375 0.654965584375 0.1320542421875 0.6419748453125 0.13382092968749998 0.639240453125 0.13127740625 0.6028663843750001 0.129147359375 0.60040448125 0.12860231875 0.5926100375 0.1264722703125 0.59014813125 0.12483715 0.566764803125 0.1227071015625 0.564302896875 0.12161702031249999 0.548714009375 0.1194869734375 0.54625210625 0.11730681093749999 0.5150743328125 0.11517676406249999 0.5126124296875 0.11463172343750001 0.5048179859374999 0.112501675 0.5023560796875 0.11050319374999999 0.47377645468749996 0.1083731453125 0.4713145515625 0.10728306406250002 0.4557256640625 0.1051530171875 0.45326375781249995 0.1035178953125 0.42988042968749995 0.1061679265625 0.42577884218750006 0.12370323125 0.42455265468750003 0.12811995 0.41771667656249994 0.127574909375 0.4099222328125 0.1358883609375 0.4028137703125 0.1690106046875 0.4004976375 0.17077729218749998 0.397763246875 0.1785707609375 0.3972182734375 0.17763730312499998 0.3698696 0.172312184375 0.3637148390625 0.164518715625 0.3642598125 0.1623886671875 0.3617979078125 0.1584919328125 0.36207039375 0.1542318375 0.357146584375 0.14838673593750001 0.35755531406249996 0.1462566890625 0.355093409375 0.1404115875 0.3555021375 0.13828153906250001 0.3530402328125 0.1365148515625 0.3557746234375 0.1343848046875 0.3533127203125 0.11100439687500001 0.35494763749999997 0.10887435000000001 0.3524857328125 0.0991325140625 0.3531669484375 0.095417459375 0.35603758124999996 0.089208996875 0.35125001562499997 0.073622059375 0.35233996093750003 0.070972028125 0.3564415453125 0.072062109375 0.37203043281250003 0.07419215625 0.3744923390625 0.0751005578125 0.387483078125 0.07723060468750001 0.3899449828125 0.077957325 0.400337571875 0.0800873734375 0.40279947812500005 0.0820858546875 0.431379103125 0.084215903125 0.43384100625000005 0.08566934375 0.45462618906249996 0.0877993921875 0.4570880953125 0.089071153125 0.475275128125 0.09120120000000001 0.47773703437500004 0.0926546421875 0.4985222171875 0.09478468906250001 0.5009841203125001 0.09623813125 0.5217693015625 0.09836817812500001 0.52423120625 0.0998216203125 0.5450163890625 0.1019516671875 0.5474782953124999 0.1032234296875 0.5656653281249999 0.1053534765625 0.568127234375 0.10680691875 0.5889124156250001 0.10893696562499999 0.59137431875 0.110027046875 0.60696320625 0.11215709375 0.6094251125000001 0.1134288546875 0.6276121453125 0.11555890312499999 0.6300740515625 0.11701234375 0.6508592328125 0.1191423921875 0.6533211359375 0.12041415312499999 0.671508171875 0.12254419999999999 0.673970075 0.1239976421875 0.6947552578125 0.1261276890625 0.6972171640625 0.1277628109375 0.72060049375 0.129892859375 0.723062396875 0.1311646203125 0.7412494328125 0.1332946671875 0.7437113359375 0.13474810937499998 0.76449651875 0.13687815625 0.766958425 0.138513278125 0.790341753125 0.14313673437500002 0.8004618593749999 0.14477185625 0.8238451890625 0.146901903125 0.8263070921875 0.1476286234375 0.8366996859375 0.148693646875 0.8379306375000001 0.159318828125 0.8358822265624999 0.1646188890625 0.8276790546875 0.1640738484375 0.8198846109375 0.1619438 0.8174227046875 0.15994531875 0.7888430796875 0.157815271875 0.7863811765625 0.15708855 0.7759885828125 0.15495850312499998 0.7735266796875 0.152778340625 0.7423489046875
0 0.1809638828125 0.753432240625 0.1788338359375 0.7509703375 0.17792543593750001 0.7379795984374999 0.1757953875 0.73551769375 0.174341946875 0.7147325109375 0.1722118984375 0.7122706046875 0.17094013749999998 0.694083571875 0.1688100890625 0.6916216656249999 0.16808336875000002 0.6812290765625 0.165953321875 0.6787671703125 0.1652266015625 0.6683745812499999 0.163096553125 0.6659126750000001 0.1646815609375 0.6605801375 0.1625515125 0.65811823125 0.16091639062500002 0.634734903125 0.15878634375 0.6322729984375 0.1576962625 0.6166841109375001 0.155566215625 0.6142222078125 0.155021175 0.6064277640625 0.15289112656249998 0.6039658578125 0.151074325 0.5779843812500001 0.148944278125 0.575522475 0.147672515625 0.5573354421875 0.14554246875000001 0.5548735359375 0.142817265625 0.5159013203125 0.14068721875 0.5134394140625 0.139052096875 0.4900560859375 0.1369220484375 0.48759418125 0.135286928125 0.46421085 0.1331568796875 0.46174894687499995 0.13097671718749998 0.43057117187499994 0.127599965625 0.42428016875 0.10811629375000001 0.42564260000000004 0.1035178953125 0.42988042968749995 0.10424461562500001 0.44027301874999997 0.1063746640625 0.442734925 0.1083731453125 0.4713145515625 0.11050319374999999 0.47377645468749996 0.11177495468750001 0.491963490625 0.11390500156250001 0.49442539375 0.11517676406249999 0.5126124296875 0.11730681093749999 0.5150743328125 0.11857857187500001 0.5332613687500001 0.1207086203125 0.535723271875 0.1223437421875 0.5591066031249999 0.12447378906249999 0.56156850625 0.12574555 0.5797555421875 0.12787559843750002 0.5822174453125 0.129147359375 0.60040448125 0.13127740625 0.6028663843750001 0.1325491671875 0.6210534203125 0.13467921562500001 0.6235153234374999 0.13613265624999998 0.6443005046875 0.1382627046875 0.646762409375 0.14329963437499998 0.69079468125 0.1454296828125 0.693256584375 0.14670144375 0.7114436203125 0.148831490625 0.7139055234375 0.15046661249999999 0.7372888546875 0.1525966609375 0.739750759375 0.157633590625 0.7837830265625 0.1597636390625 0.7862449328125 0.1606720390625 0.799235671875 0.1628020875 0.8016975765625001 0.16443720781249999 0.8250809046875001 0.16781395937500002 0.8313719109375001 0.186232609375 0.8287785265625001 0.19171434999999998 0.8231735015625 0.191350990625 0.8179772078124999 0.18922094218750002 0.8155153015625001 0.18794918124999999 0.7973282687500001 0.185819134375 0.7948663625 0.184547371875 0.7766793296875 0.18241732500000002 0.7742174234375 0.1809638828125 0.753432240625
0 0.21652942031250003 0.7300584390625 0.2139858984375 0.693684371875 0.21185584999999998 0.6912224671875 0.21040240937500002 0.6704372843749999 0.20827236093749998 0.667975378125 0.2060921984375 0.63679760625 0.2039621515625 0.6343357015625 0.20196366875 0.6057560750000001 0.199833621875 0.603294171875 0.1981985 0.579910840625 0.19606845312500001 0.5774489359375 0.19352492968749999 0.54107486875 0.1913948828125 0.5386129625 0.19048648125 0.525622225 0.188356434375 0.52316031875 0.1865396328125 0.497178840625 0.184409584375 0.4947169359375 0.18295614375 0.47393175468750004 0.1808260953125 0.4714698515625 0.1779192125 0.4298994875 0.18056924375 0.42579789999999995 0.182699290625 0.4282598046875 0.185349321875 0.42415821875 0.18425924062500001 0.4085693328125 0.18088248906249998 0.40227832656249995 0.1399667765625 0.40513943125 0.1382000890625 0.4078738234375 0.1304066203125 0.4084187953125 0.1277565890625 0.4125203828125 0.12848330937500002 0.42291297187500004 0.1306133578125 0.42537487812499997 0.13188511875 0.44356191093749997 0.134015165625 0.4460238171875 0.1360136484375 0.47460344218749995 0.13814369531249998 0.4770653453125 0.13977881718750002 0.5004486765625 0.141908865625 0.5029105828125 0.1429989453125 0.5184994671875 0.14512899375 0.520961371875 0.146219075 0.536550259375 0.148349121875 0.5390121625 0.1496208828125 0.5571991984375 0.15175093125 0.5596611015625 0.153386053125 0.5830444328125 0.1555161 0.5855063390625 0.1569695421875 0.6062915203125 0.1590995890625 0.6087534234375 0.16037135 0.626940459375 0.1625013984375 0.6294023625 0.163773159375 0.6475893984375001 0.16590320625 0.6500513015625 0.16717496874999999 0.6682383375 0.169305015625 0.670700240625 0.172393578125 0.7148687546875 0.1745236265625 0.717330659375 0.1754320265625 0.7303213984375 0.177562075 0.7327833015625 0.1788338359375 0.7509703375 0.1809638828125 0.753432240625 0.186364175 0.8026608046874999 0.188494221875 0.8051227109375001 0.18922094218750002 0.8155153015625001 0.191350990625 0.8179772078124999 0.19171434999999998 0.8231735015625 0.194909421875 0.8268663593750001 0.22023819687500001 0.8250951984375 0.221121540625 0.823728003125 0.22590161874999998 0.822088321875 0.2285516484375 0.8179867359375 0.22600812656249997 0.7816126671875 0.223878078125 0.7791507609375 0.2224246375 0.758365578125 0.22029458906250002 0.755903675 0.21865946875 0.7325203453125 0.21652942031250003 0.7300584390625
0 0.22432288906250003 0.7295134671875 0.22590789687499999 0.724180928125 0.2237778484375 0.7217190234374999 0.2217793671875 0.6931394 0.21964931875000002 0.6906774953125 0.22141600625 0.6879431015625 0.21817082031249999 0.655534378125 0.21783251718750002 0.6646960171875 0.2151824875 0.668797603125 0.21305243906250002 0.6663356984375 0.210220728125 0.6678391359375 0.21094745 0.678231728125 0.2091807625 0.6809661171875 0.2136225375 0.688488075 0.214167578125 0.69628251875 0.2125825703125 0.70161505625 0.21471261875 0.7040769609375 0.21616605937500002 0.72486214375 0.22078951562500002 0.7349822500000001 0.2192045078125 0.7403147890625 0.2197495484375 0.7481092312500001 0.22187959687499997 0.750571134375 0.2233330375 0.7713563171875 0.22795649375 0.7814764234375 0.228501534375 0.7892708671875 0.2308132609375 0.7943309203125 0.2318782859375 0.7955618703125 0.2327616296875 0.7941946765625 0.2343466359375 0.7888621375 0.2322165890625 0.78640023125 0.23167154843749999 0.7786057875 0.227411453125 0.7736819796875001 0.22917814062500003 0.7709475875 0.226997978125 0.739769815625 0.22486792968749997 0.737307909375 0.22432288906250003 0.7295134671875
0 0.2103272359375 0.62736348125 0.2073138453125 0.626268771875 0.204952003125 0.59249285 0.20264027499999998 0.5874328 0.2044069625 0.58469840625 0.2036802421875 0.5743058171875 0.20544692812499998 0.571571425 0.2036301265625 0.5455899484375 0.2015000796875 0.5431280421875 0.2032667671875 0.540393653125 0.2027217265625 0.532599209375 0.20059167812499998 0.530137303125 0.1993199171875 0.5119502703125 0.1971898703125 0.5094883640625001 0.1951913875 0.4809087390625 0.193061340625 0.47844683593750004 0.19106285781250001 0.4498672109375 0.1889328109375 0.44740530468750006 0.1876610484375 0.42921827187500006 0.18251761093750002 0.42566165624999996 0.1779192125 0.4298994875 0.1799176953125 0.45847911249999995 0.1820477421875 0.460941015625 0.184591265625 0.497315084375 0.1867213125 0.49977699062500003 0.1881747546875 0.5205621734375 0.19030480156250001 0.5230240765625 0.19175824218749998 0.5438092578125 0.193888290625 0.5462711640625 0.1955234125 0.56965449375 0.197653459375 0.572116396875 0.199833621875 0.603294171875 0.2044570765625 0.613414275 0.202690390625 0.6161486671875 0.2048204375 0.6186105703125 0.20663723906250003 0.64459205 0.21159899843750002 0.645550515625 0.2153140515625 0.6426798812500001 0.2167424359375 0.6491071296875 0.21780745937499998 0.6503380812499999 0.21869080312500003 0.6489708875 0.2181457625 0.6411764421874999 0.2158340359375 0.6361163921874999 0.2117556203125 0.6337907281249999 0.21528899531249998 0.6283219484375 0.21258885 0.603707665625 0.20975713906250001 0.605211103125 0.21121057968749998 0.625996284375 0.2103272359375 0.62736348125
0 0.276383765625 0.7180404593749999 0.27425371875 0.71557855625 0.27298195625 0.6973915203125001 0.27085190937500003 0.6949296171875 0.2692167875 0.6715462859375 0.26708674062500004 0.6690843828124999 0.265996659375 0.6534954953125001 0.2617365640625 0.6485716859374999 0.260464803125 0.63038465 0.2562047078125 0.6254608421875 0.25529630625 0.6124701031249999 0.25316625937500004 0.6100081984375 0.2533228828125 0.5982484125 0.254932946875 0.6072738078125 0.25706299375 0.6097357109375 0.2588547390625 0.62135925625 0.26150476875 0.61725766875 0.260051328125 0.5964724859375 0.2579212796875 0.59401058125 0.25610447812500003 0.5680291046875 0.25397443124999997 0.5655672015625 0.25288435 0.5499783140625001 0.2507543015625 0.5475164078125 0.24893749999999998 0.52153493125 0.24680745312500002 0.519073025 0.24499065 0.4930915484375 0.24286060312500002 0.49062964375 0.23709695156250002 0.4362047828125 0.23496690468749998 0.43374287968749997 0.2329934796875 0.4195211875 0.22130327656249998 0.420338646875 0.22187337343750002 0.442491025 0.224003421875 0.44495292812500004 0.22563854375 0.468336259375 0.227768590625 0.47079816250000006 0.2292220328125 0.4915833453125 0.2313520796875 0.49404525 0.2335322421875 0.5252230250000001 0.23566228906250003 0.527684928125 0.23711573125 0.548470109375 0.239245778125 0.550932015625 0.24142594062499997 0.5821097875000001 0.2435559890625 0.58457169375 0.24573615000000001 0.615749465625 0.2478661984375 0.6182113703125001 0.2498646796875 0.646790996875 0.251994728125 0.6492529015625 0.254174890625 0.6804306734375001 0.2563049375 0.6828925796875 0.259030140625 0.7218647953125 0.2611601875 0.7243267015625 0.2624319484375 0.742513734375 0.26456199687500004 0.744975640625 0.262795309375 0.7477100296875 0.26492535781250004 0.7501719359375 0.2663787984375 0.77095711875 0.2685088453125 0.7734190234375 0.2695989265625 0.7890079078125 0.271728975 0.7914698140625 0.2730007359375 0.8096568468750001 0.2763774875 0.8159478531250001 0.2850543 0.8140356859375 0.28840599375 0.8059687562500001 0.2871342328125 0.7877817203124999 0.2850041859375 0.7853198171875 0.28355074375 0.764534634375 0.28142069687500004 0.7620727281249999 0.280330615625 0.7464838421875 0.27820056718749997 0.7440219390625 0.276383765625 0.7180404593749999
0 0.30542759531249997 0.7133986671875 0.303297546875 0.7109367609375 0.2971705359375 0.6513156062500001 0.2950404875 0.6488537 0.2937687265625 0.6306666671875 0.2916386796875 0.6282047609375 0.28982187812500004 0.6022232843750001 0.2876918296875 0.599761378125 0.2862383890625 0.578976196875 0.284108340625 0.5765142937500001 0.28247321875 0.5531309609374999 0.280343171875 0.5506690562500001 0.27870805 0.5272857281250001 0.27657800312499997 0.524823821875 0.27512456093750004 0.5040386406249999 0.27299451406249997 0.5015767375 0.2711777109375 0.4755952578125 0.2690476640625 0.47313335468749995 0.2679575828125 0.4575444671875 0.2658275359375 0.4550825609375 0.26437409375 0.43429737968750004 0.26224404687499997 0.4318354765625 0.2564803953125 0.377410615625 0.2543503484375 0.3749487109375 0.25289690625 0.3541635296875 0.250766859375 0.3517016234375 0.2487683765625 0.323121996875 0.24557330624999998 0.319429140625 0.224141265625 0.320927815625 0.221491234375 0.32502940156250004 0.222762996875 0.3432164375 0.22489304375 0.345678340625 0.22707320625 0.376856115625 0.22920325312499998 0.3793180203125 0.23083837499999998 0.4027013484375 0.23296842187500003 0.40516325468750003 0.234785225 0.43114473125 0.236915271875 0.4336066359375 0.23891375468749998 0.46218626250000006 0.2410438015625 0.464648165625 0.24286060312500002 0.49062964375 0.24499065 0.4930915484375 0.24644409218750002 0.5138767296875 0.248574140625 0.5163386359375 0.2502092609375 0.5397219640625 0.25233930937500004 0.5421838703125 0.253429390625 0.5577727578125 0.2555594375 0.5602346609375 0.25701287968750003 0.5810198421874999 0.2591429265625 0.5834817484375 0.2613230890625 0.6146595203125 0.26345313593749997 0.617121425 0.26545161875 0.645701053125 0.26758166562499996 0.6481629578125 0.2693984671875 0.6741444343749999 0.271528515625 0.6766063375 0.2728002765625 0.6947933734375 0.2749303234375 0.6972552765625 0.276383765625 0.7180404593749999 0.2785138125 0.7205023640625 0.280330615625 0.7464838421875 0.285474053125 0.75004045625 0.29131915468749997 0.7496317265625 0.293449203125 0.75209363125 0.2973459375 0.7518211453125 0.29877432187499997 0.7582483921875001 0.304099440625 0.7644031546875001 0.3060478078125 0.7642669125 0.3083595359375 0.7693269640625 0.3131396140625 0.7676872828125 0.311009565625 0.7652253765625 0.3102828453125 0.7548327875 0.308152796875 0.75237088125 0.3077894375 0.7471745875 0.30955612499999996 0.7444401953125 0.3082843625 0.7262531625 0.306154315625 0.72379125625 0.30542759531249997 0.7133986671875
0 0.3344714234375 0.7087568703125 0.3324729421875 0.6801772453125 0.33034289375000003 0.6777153421875 0.32816273125 0.6465375671875 0.326032684375 0.6440756640624999 0.3243975625 0.6206923343749999 0.322267515625 0.6182304281250001 0.3199056734375 0.58445450625 0.317775625 0.581992603125 0.31650386406250003 0.5638055671875 0.3143738171875 0.5613436640625 0.31219365468750004 0.5301658890625001 0.31006360625 0.527703984375 0.308065125 0.4991243609375 0.3059350765625 0.49666245625 0.303573234375 0.46288653437500005 0.3014431875 0.460424628125 0.299808065625 0.4370413 0.29767801875 0.4345793953125 0.295861215625 0.40859791875000007 0.29373116875 0.40613601250000003 0.28760415781250004 0.3465148578125 0.285474109375 0.34405295156250004 0.28438402812499997 0.3284640640625 0.287034059375 0.3243624796875 0.302620996875 0.323272534375 0.305271028125 0.31917094687500003 0.299945909375 0.31301618593749997 0.296049175 0.313288671875 0.29391912656249997 0.3108267671875 0.288074025 0.311235496875 0.27991719531250003 0.3065841734375 0.2506916859375 0.3086278203125 0.24627496875000002 0.3154637984375 0.246820009375 0.323258240625 0.24895005625 0.3257201453125 0.25022181875 0.3439071796875 0.252351865625 0.34636908437499997 0.2541686671875 0.3723505625 0.256298715625 0.37481246874999996 0.25775215625 0.39559764999999997 0.2598822046875 0.3980595546875 0.26188068593749997 0.42663917968750004 0.264010734375 0.42910108437499994 0.265464175 0.449886265625 0.2675942234375 0.45234817187500004 0.268865984375 0.47053520468750004 0.27099603125 0.47299711093749996 0.27639632187499996 0.5222256765625 0.2785263703125 0.5246875796875 0.2799798109375 0.5454727609375001 0.282109859375 0.5479346671875 0.28751015 0.5971632328124999 0.28964019687500003 0.5996251359375 0.29145699999999997 0.6256066140625001 0.29358704687500004 0.6280685171875 0.294677128125 0.64365740625 0.296807175 0.6461193109375001 0.2986239765625 0.6721007875 0.300754025 0.674562690625 0.3020257859375 0.6927497265625 0.30415583281249997 0.6952116296875 0.3059726359375 0.7211931093749999 0.30810268281250003 0.7236550125 0.30919276406249996 0.7392439000000001 0.3113228109375 0.7417058062499999 0.3136846546875 0.7754817265625 0.3158147015625 0.7779436296875 0.3170864625 0.796130665625 0.3192165109375 0.79859256875 0.31994323125 0.8089851609375 0.3231383015625 0.8126780171875 0.34350531875 0.8099483921875 0.348987059375 0.8043433656250001 0.3468570125 0.8018814624999999 0.3444951703125 0.7681055421874999 0.3423651234375 0.7656436375 0.34054832031250004 0.739662159375 0.3384182734375 0.7372002531249999 0.336601471875 0.7112187765625 0.3344714234375 0.7087568703125
0 0.357306790625 0.699327509375 0.35517674375 0.69686560625 0.352451540625 0.6578933890625 0.35032149375 0.6554314859375 0.3483230109375 0.626851859375 0.3461929640625 0.624389953125 0.34419448125 0.595810328125 0.342064434375 0.5933484250000001 0.339702590625 0.559572503125 0.33757254375 0.5571105984375 0.33539238125000004 0.525932825 0.33326233437499997 0.523470921875 0.3316272125 0.5000875890625001 0.329497165625 0.4976256859375 0.32677196249999996 0.45865346875 0.3246419140625 0.456191565625 0.3230067921875 0.4328082359375 0.3208767453125 0.4303463296875 0.3183332234375 0.3939722625 0.316203175 0.3915103578125 0.314568053125 0.368127025 0.31243800625 0.365665121875 0.3098944828125 0.329291053125 0.30651773125 0.3230000484375 0.29093079374999997 0.32408999375 0.284565709375 0.3310622140625 0.28492906875 0.3362585078125 0.2870591171875 0.33872041406250003 0.289420959375 0.3724963359375 0.29155100625 0.374958240625 0.2933678078125 0.40093971718750004 0.29549785625 0.4034016203125 0.29749633750000004 0.43198124687500006 0.2996263859375 0.434443153125 0.3014431875 0.460424628125 0.303573234375 0.46288653437500005 0.305753396875 0.49406430625000003 0.3078834453125 0.49652621249999995 0.31006360625 0.527703984375 0.31219365468750004 0.5301658890625001 0.31401045625 0.5561473671875 0.316140503125 0.5586092734375 0.31723058437499996 0.5741981593750001 0.3193606328125 0.5766600625 0.3220858359375 0.61563228125 0.3242158828125 0.6180941843750001 0.326032684375 0.6440756640624999 0.32816273125 0.6465375671875 0.33034289375000003 0.6777153421875 0.3324729421875 0.6801772453125 0.33428974375 0.7061587234375 0.336419790625 0.7086206265625 0.33823659375 0.7346021046875 0.340366640625 0.7370640093749999 0.34218344218749996 0.7630454875 0.344313490625 0.76550739375 0.34631197187499996 0.79408701875 0.34844201875 0.796548921875 0.348987059375 0.8043433656250001 0.35218213125000003 0.8080362234375 0.3667040453125 0.8057153265625001 0.3704191 0.802844690625 0.3696923796875 0.7924521015625 0.36756233125 0.7899901953125 0.36610889062499996 0.7692050140625 0.36397884375 0.7667431109375 0.361253640625 0.7277708921875 0.3591235921875 0.7253089890625 0.357306790625 0.699327509375
0 0.40429940000000003 0.72737169375 0.402169353125 0.7249097875 0.3996258296875 0.6885357171875001 0.3974957828125 0.6860738140625 0.39440722031250003 0.6419053015625 0.392277171875 0.6394433984375001 0.390278690625 0.610863771875 0.3881486421875 0.608401865625 0.3859684796875 0.5772240937500001 0.3838384328125 0.5747621890625 0.3812949109375 0.53838811875 0.37916486250000003 0.535926215625 0.37662134062499997 0.499552146875 0.3744912921875 0.49709024062499996 0.3724928109375 0.46851061562499996 0.3703627625 0.4660487125 0.367819240625 0.42967464375000003 0.36568919218749996 0.4272127375 0.364054071875 0.403829409375 0.3667041015625 0.399727821875 0.3764459375 0.39904660625 0.378212625 0.39631221562499996 0.391851196875 0.3953585140625 0.39644959375 0.3911206828125 0.396086234375 0.38592438906250004 0.3996196078125 0.3804556078125 0.397257765625 0.3466796859375 0.39512771875 0.34421778125 0.39421931718750003 0.33122704375 0.39208927031249996 0.32876513749999997 0.39172590937499996 0.3235688421875 0.386400790625 0.3174140796875 0.3619303015625 0.3034601109375 0.3580335671875 0.303732596875 0.347746690625 0.2966193703125 0.322417915625 0.2983905296875 0.319949565625 0.3050902640625 0.3220796125 0.30755217031250004 0.324259775 0.338729940625 0.326389821875 0.3411918453125 0.32820662500000003 0.3671733234375 0.330336671875 0.3696352296875 0.332516834375 0.40081300156250005 0.33464688125 0.40327490624999995 0.3371904046875 0.43964897656249996 0.3393204515625 0.4421108796875 0.34077389375 0.46289606250000004 0.34290394062499996 0.4653579671875 0.3452657828125 0.49913388750000004 0.34739583125 0.50159579375 0.34957599375 0.532773565625 0.351706040625 0.535235471875 0.35443124375 0.5742076875000001 0.356561290625 0.5766695937499999 0.3591048140625 0.6130436625 0.3612348609375 0.615505565625 0.363596703125 0.6492814859375 0.3657267515625 0.651743390625 0.36772523281249997 0.68032301875 0.36985528125 0.6827849234375 0.3731255234375 0.7295515828125 0.375255571875 0.7320134859375 0.3765273328125 0.750200521875 0.3786573796875 0.752662425 0.3815642640625 0.7942327890625 0.3836943109375 0.79669469375 0.3842393515625 0.8044891390625001 0.3874344234375 0.8081819953125 0.4039047046875 0.80572485625 0.406736415625 0.8042214156249999 0.410971453125 0.794787290625 0.40933633125 0.7714039609375 0.40720628437500006 0.7689420578124999 0.40538948125 0.7429605796875001 0.40325943437499995 0.740498675 0.40502612187500003 0.7377642828125001 0.40429940000000003 0.72737169375
0 0.422642878125 0.6817045046875 0.42028103437500003 0.647928584375 0.41815098749999996 0.6454666796875 0.415062425 0.60129816875 0.41293237656250004 0.5988362625 0.40802701093750005 0.5286862718750001 0.40589696406250003 0.52622436875 0.40389848281249996 0.49764474375 0.401768434375 0.4951828375 0.39904323124999996 0.45621062187500006 0.396913184375 0.453748715625 0.39327958125 0.40178576250000003 0.390084509375 0.3980929046875 0.3764459375 0.39904660625 0.37467925156250004 0.401780996875 0.36600243906249996 0.403693165625 0.3694543625 0.45305797343750004 0.371584409375 0.4555198765625 0.3734012109375 0.4815013546875 0.375531259375 0.483963259375 0.3782564625 0.5229354765625 0.38038650937499996 0.52539738125 0.3829300328125 0.5617714515625 0.3850600796875 0.5642333546875 0.387421921875 0.5980092765625 0.38955196875000003 0.6004711796875 0.392458853125 0.64204154375 0.3945889 0.64450345 0.3974957828125 0.6860738140625 0.3996258296875 0.6885357171875001 0.40144263281250003 0.7145171968749999 0.4035726796875 0.7169791 0.4062978828125 0.75595131875 0.40842792968749997 0.7584132218749999 0.4104264125 0.786992846875 0.41273814062499997 0.7920529000000001 0.41769989843750005 0.7930113671875 0.4198299453125 0.7954732718749999 0.426558390625 0.7936973453125 0.43417017968750005 0.7905542249999999 0.43575518750000003 0.7852216859375 0.4348467859375 0.7722309484375 0.4327167390625 0.76976904375 0.42962817500000006 0.7256005328125 0.427498128125 0.7231386265624999 0.42477292499999997 0.6841664109375001 0.422642878125 0.6817045046875
0 0.4333557859375 0.5269151125 0.43122573906249995 0.5244532093750001 0.42868221562500003 0.488079140625 0.42655216874999996 0.485617234375 0.423826965625 0.44664501874999996 0.42169691875000004 0.44418311250000003 0.42133355781250004 0.43898681718750004 0.4231002453125 0.43625242656249996 0.4225552046875 0.42845798437499993 0.4252052359375 0.42435639687500004 0.4310503375 0.4239476671875 0.43281702343750006 0.4212132765625 0.44149383750000004 0.419301109375 0.44307884375000006 0.4139685703125 0.4419887625 0.398379684375 0.43861201093749996 0.3920886796875 0.4191283390625 0.393451109375 0.41736165156249994 0.3961855015625 0.4134649171875 0.3964579875 0.4093865015625 0.394132325 0.40761981406250003 0.3968667171875 0.3930979 0.3991876125 0.394733021875 0.4225709453125 0.39686306875 0.4250328484375 0.40086003437500006 0.4821920984375 0.40299008125 0.4846540046875 0.4044435234375 0.5054391875 0.4065735703125 0.507901090625 0.410570534375 0.565060340625 0.41270058125000003 0.5675222468750001 0.411115575 0.5728547859375 0.41324562187499997 0.575316690625 0.4166975453125 0.624681496875 0.41882759375 0.6271434015625 0.42173447656249996 0.668713765625 0.42386452343750003 0.671175671875 0.4222795171875 0.6765082109375 0.42440956406249997 0.678970115625 0.42767980781250003 0.725736775 0.42980985625 0.7281986781249999 0.43289841874999996 0.772367190625 0.435028465625 0.774829096875 0.43700189062500006 0.7890507875 0.4534721734375 0.7865936484375 0.45700554687499995 0.781124865625 0.45373530312500004 0.7343582046875 0.45160525625 0.7318963015625 0.44524644999999996 0.6409611296875 0.4431164015625 0.6384992234375 0.4389377578125 0.5787418265625 0.436807709375 0.5762799203125 0.4333557859375 0.5269151125
0 0.45751302968749996 0.56438865625 0.453334384375 0.5046312562499999 0.4512043375 0.502169353125 0.44702569375 0.44241195156249996 0.4448956453125 0.4399500484375 0.4443506046875 0.43215560625 0.44611729218749996 0.4294212125 0.44575393124999996 0.42422491874999996 0.4310503375 0.4239476671875 0.42928365 0.42668205937500003 0.42538691562500003 0.4269545453125 0.422736884375 0.43105613125 0.42364528593750006 0.44404686875 0.4257753328125 0.446508775 0.4303173375 0.5114624703125 0.4324473859375 0.5139243734375001 0.43571762812500003 0.5606910328125 0.4378476765625 0.5631529375000001 0.44129959999999996 0.6125177468749999 0.443429646875 0.6149796515625 0.441844640625 0.620312190625 0.4439746875 0.62277409375 0.44906173281250006 0.6955222328125 0.45119178125000003 0.6979841375 0.45482538437500003 0.749947090625 0.4569554328125 0.7524089968750001 0.45911053749999997 0.7692288359375 0.479477553125 0.7664992078124999 0.476388990625 0.7223306984375 0.47425894218750003 0.7198687921875 0.47080701875 0.670503984375 0.468676971875 0.6680420812500001 0.4652250484375 0.6186772734375 0.46309500000000003 0.6162153671875 0.4596430765625 0.566850559375 0.45751302968749996 0.56438865625
0 0.4819835171875 0.5783426234375 0.47985347031250003 0.5758807203125 0.476401546875 0.5265159125000001 0.47427149999999996 0.52405400625 0.4702745359375 0.46689475781249995 0.46814448750000004 0.46443285312500004 0.46541928437499996 0.4254606359375 0.46222421406249997 0.421767778125 0.460275846875 0.421904021875 0.458509159375 0.42463841249999995 0.4459356125 0.4268230671875 0.45102265781249995 0.49957120312500003 0.4531527046875 0.502033109375 0.456604628125 0.5513979171875001 0.4587346765625 0.5538598203125 0.46273164062500005 0.6110190734375001 0.4648616875 0.613480978125 0.4677685703125 0.6550513421875 0.46989861875 0.6575132453125 0.47353222187500005 0.7094762015625 0.47566226875 0.7119381046875 0.4798409140625 0.77169550625 0.48197096093749997 0.774157409375 0.4826976828125 0.7845500015625 0.485892753125 0.7882428578125 0.5004146671874999 0.785921959375 0.5021813546875 0.7831875703125 0.5016363140625 0.7753931265625 0.4995062671875 0.7729312203125 0.495327621875 0.7131738234375 0.49319757500000005 0.7107119171875 0.48883725 0.6483563703125 0.48670720312500004 0.6458944671875 0.4819835171875 0.5783426234375
0 0.505908965625 0.5845021499999999 0.507675653125 0.5817677609375 0.5069489328125 0.5713751671875 0.504818884375 0.5689132640625 0.502638721875 0.5377354890625 0.504405409375 0.5350010984375 0.5022753625 0.5325391953125 0.49973183906249996 0.496165125 0.4976017921875 0.49370322031249997 0.49251474687499996 0.42095508437499995 0.48931967500000006 0.4172622265625 0.4795778390625 0.4179434421875 0.4778111515625 0.4206778328125 0.46718597187500005 0.4227262453125 0.47318141875 0.508465121875 0.47531146562500004 0.510927025 0.4793084296875 0.5680862765625 0.481438478125 0.5705481812500001 0.48470872031249995 0.6173148421875 0.48683876875000004 0.6197767453125 0.4924708546875 0.700319328125 0.49460090156250003 0.70278123125 0.4984161859375 0.7573423359375 0.5005462328125 0.7598042390625 0.502363034375 0.785785715625 0.50555810625 0.7894785734374999 0.5239767546875 0.786885190625 0.5257434421875 0.7841507984375 0.5231999203125001 0.74777673125 0.521069871875 0.745314825 0.5163461875 0.6777629843749999 0.514216140625 0.6753010781250001 0.5085840546875 0.5947585 0.50645400625 0.59229659375 0.505908965625 0.5845021499999999
0 0.5239705328125 0.478805078125 0.5232438125 0.4684124890625 0.5250104999999999 0.46567809687499995 0.522698771875 0.4606180453125 0.52215373125 0.4528236 0.5239204187500001 0.450089209375 0.5221036156250001 0.42410773125 0.51997356875 0.42164582812500007 0.519428528125 0.41385138593750004 0.5162334578125 0.41015852812500003 0.5103883546875 0.41056725624999996 0.50862166875 0.4133016484375 0.49994485624999996 0.41521381718750006 0.506848703125 0.5139434296875 0.50897875 0.516405334375 0.5162459578124999 0.6203312453125001 0.5183760046875 0.6227931515625 0.5269149734374999 0.744906096875 0.529045021875 0.747368003125 0.5308618234375 0.7733494796875 0.5340568953125 0.7770423359375 0.5466304421875 0.7748576828125 0.5483971296875 0.7721232921875 0.5391314390625 0.6396177546875 0.5370013921875 0.63715585 0.53663803125 0.631959553125 0.5384047187500001 0.6292251640625001 0.536274671875 0.626763259375 0.5261005812499999 0.48126698437500004 0.5239705328125 0.478805078125
0 0.5003082156249999 0.42041011250000004 0.49711314531250006 0.41671725468750004 0.4951647765625 0.41685349687500006 0.49251474687499996 0.42095508437499995 0.4986918734375 0.5092921078125 0.5008219203125 0.5117540140625 0.5069990468750001 0.6000910359375 0.5091290953125001 0.6025529421875 0.5154879015625 0.6934881140625 0.5176179484375 0.6959500171874999 0.5197981109375001 0.7271277921875 0.5219281578125 0.7295896953125001 0.5224731984375001 0.7373841390625 0.524603246875 0.7398460453125 0.52496660625 0.7450423390625 0.5231999203125001 0.74777673125 0.5246533609374999 0.7685619140625 0.5269650890625 0.7736219656250001 0.5280301125 0.7748529171875 0.52891345625 0.7734857234375 0.5234630499999999 0.6955412890625 0.521333003125 0.6930793859375 0.5127940343749999 0.5709664390625 0.5106639875 0.5685045359374999 0.510118946875 0.5607100921875 0.5118856328125 0.5579757 0.50957390625 0.5529156484375 0.5003082156249999 0.42041011250000004
0 0.570900471875 0.6739481781250001 0.5687704234375001 0.671486271875 0.5680437031250001 0.66109368125 0.569810390625 0.6583592890625 0.5658134265625 0.6012000390625001 0.563683378125 0.5987381359375 0.561684896875 0.570158509375 0.5634515828125 0.5674241171875 0.5613215359375 0.5649622140624999 0.559504734375 0.538980734375 0.561271421875 0.5362463453124999 0.560181340625 0.520657459375 0.5580512921875 0.518195553125 0.55023904375 0.4064751984375 0.5449139265625 0.4003204375 0.533223721875 0.401137896875 0.5268586375 0.408110115625 0.528312078125 0.4288952984375 0.5304421265625 0.431357203125 0.5308054859375 0.4365534984375 0.5290388 0.439287890625 0.53012888125 0.4548767765625 0.532258928125 0.45733867968749997 0.530673921875 0.46267122031249996 0.531582321875 0.475661959375 0.53371236875 0.47812386250000005 0.534257409375 0.48591830625 0.5324907234375 0.48865269843750003 0.5330357640625001 0.4964471421875 0.5351658109375 0.49890904531249997 0.535529171875 0.5041053421874999 0.533762484375 0.50683973125 0.5470251390625 0.6965045203125 0.5452584515625001 0.699238909375 0.547570178125 0.7042989640624999 0.55029538125 0.743271178125 0.5524254296875 0.7457330843750001 0.5506587421875 0.748467475 0.5526572234375 0.7770471 0.554787271875 0.77950900625 0.5563973359375 0.7885344015625 0.5622424374999999 0.7881256718749999 0.5643724859375 0.7905875765625 0.574997665625 0.7885391640625 0.576764353125 0.785804775 0.572404028125 0.723449228125 0.5741707140625001 0.7207148359375 0.5738073546875 0.7155185421875 0.57167730625 0.7130566359375 0.5713139468749999 0.7078603421875 0.573080634375 0.70512595 0.570900471875 0.6739481781250001
0 0.54720681875 0.6991026671875 0.5448950906250001 0.6940426140625 0.54435005 0.6862481703125 0.5461167375 0.6835137812500001 0.5359426468749999 0.53801750625 0.537709334375 0.5352831140625 0.5373459734375 0.5300868203125 0.5352159249999999 0.5276249140625 0.5268586375 0.408110115625 0.5303920109375 0.402641334375 0.5195851515625 0.4020915984375 0.5187018078125 0.40345879218749997 0.528149178125 0.538562478125 0.530279225 0.54102438125 0.5422701171875 0.7125021359375 0.544400165625 0.7149640390625 0.54494520625 0.7227584828125 0.54317851875 0.725492875 0.54626708125 0.7696613859375 0.5483971296875 0.7721232921875 0.5494872109375 0.7877121781249999 0.550552234375 0.7889431296875 0.5553323125 0.78730345 0.553697190625 0.7639201171875001 0.5515671421875 0.7614582125 0.5506587421875 0.748467475 0.5524254296875 0.7457330843750001 0.5513353484375 0.7301441984375 0.5467118921874999 0.7200240921875001 0.54544013125 0.7018370578125 0.54720681875 0.6991026671875
0 0.57438373125 0.639763528125 0.5738386906249999 0.631969084375 0.5717086421875 0.629507178125 0.5713452828125 0.624310884375 0.5731119687499999 0.6215764906250001 0.57220356875 0.6085857531250001 0.5700735203125 0.60612385 0.5718402078125 0.6033894578125001 0.5709318078125001 0.5903987203125001 0.568801759375 0.5879368140625 0.5703867671875 0.5826042765625 0.5692966859374999 0.5670153874999999 0.5671666375 0.564553484375 0.566803278125 0.5593571875000001 0.5685699640624999 0.5566227984375 0.5636646 0.48647280937500004 0.5615345515625 0.484010903125 0.5606261515625001 0.47102016406249997 0.5623928375 0.46828577187500003 0.5607577171875 0.44490244375000004 0.55862766875 0.4424405375 0.5602126765625 0.4371080015625 0.5578508328125 0.40333207968749996 0.5557207859375 0.40087017343750003 0.5573057921875 0.3955376359375 0.5562157109375 0.37994874843750004 0.553020640625 0.3762558921875 0.54912390625 0.376528378125 0.546473875 0.3806299640625 0.5710007015625 0.731379915625 0.568168990625 0.732883353125 0.5669222859375 0.7290542531249999 0.5658572625 0.7278233000000001 0.56497391875 0.729190496875 0.5633889125 0.734523034375 0.5637773296875 0.7540772640625 0.5605822593750001 0.7503844078124999 0.56003721875 0.7425899625 0.5589721937500001 0.7413590125 0.5561404828125001 0.74286245 0.557593925 0.76364763125 0.5558272375 0.7663820234375 0.558345703125 0.7883981578125 0.5641908046874999 0.7879894281250001 0.5663208531249999 0.7904513328125 0.5680875390625 0.7877169421875 0.5702175875 0.7901788468750001 0.5769460328125 0.788402921875 0.5787127203125 0.7856685328124999 0.5776226390625 0.7700796453125001 0.5809743328125 0.7620127140624999 0.573707125 0.658086803125 0.5754738125000001 0.6553524125 0.5733437640625 0.6528905093749999 0.57261704375 0.6424979171875 0.57438373125 0.639763528125
0 0.575091671875 0.537890790625 0.576858359375 0.5351564 0.5745466312499999 0.530096346875 0.5761316390625 0.5247638078125 0.5740015921875 0.5223019046874999 0.5734565515625001 0.5145074609375 0.5752232375 0.51177306875 0.5659575484375 0.37926753281250003 0.5627624765625 0.3755746765625 0.556917375 0.37598340625 0.5542673437500001 0.380084990625 0.5827911343750001 0.7879941921875 0.5861678859375 0.794285196875 0.5902463 0.796610859375 0.59112964375 0.7952436625 0.59289633125 0.7925092734375 0.5787252765625001 0.589853746875 0.5804919640625 0.5871193546875 0.5781802359375 0.582059303125 0.5799469234375 0.5793249109375 0.5781301203125 0.553343434375 0.5760000734374999 0.5508815296875 0.575091671875 0.537890790625
0 0.57683958125 0.4228910734375 0.5786062671875001 0.42015668125000005 0.575699384375 0.3785863171875 0.5725043140625 0.3748934609375 0.5657758687500001 0.3766693859375 0.56777435 0.40524901093750004 0.5660076625 0.4079834015625 0.5683193906249999 0.41304345312499996 0.56886443125 0.420837896875 0.56709774375 0.42357228906250005 0.567642784375 0.4313667328125 0.5697728328125 0.4338286359375 0.573043075 0.48059529687499997 0.5712763890625 0.48332968750000005 0.5888993671875 0.735350021875 0.5871326796874999 0.7380844125 0.5892627265625 0.7405463171875 0.5874960406249999 0.743280709375 0.590584603125 0.7874492203125001 0.5897012593750001 0.788816415625 0.5856228453125001 0.7864907546875 0.5847395015625 0.7878579484375 0.5861678859375 0.794285196875 0.589882940625 0.7914145640625 0.5920129875 0.79387646875 0.59289633125 0.7925092734375 0.5955463625 0.7884076859375 0.600326440625 0.7867680046875 0.5988729984375001 0.765982821875 0.6006396859375001 0.7632484328125 0.5983279578125 0.7581883781250001 0.5976012374999999 0.7477957890625 0.5993679234375 0.745061396875 0.57683958125 0.4228910734375
0 0.606710359375 0.48607360625 0.6043986328125001 0.48101355312500005 0.60349023125 0.46802281562500003 0.60525691875 0.4652884234375 0.59871643125 0.37175510625 0.578167734375 0.371886584375 0.5755177046875 0.3759881703125 0.577879546875 0.4097640921875 0.576112859375 0.41249848125 0.5784245875 0.4175585359375 0.5800597093750001 0.44094186406249997 0.578293021875 0.44367625625 0.58060475 0.4487363078125 0.5790197421875 0.4540688453125 0.601911446875 0.781435465625 0.607236565625 0.787590228125 0.6198101125 0.7854055734375 0.6235251671875 0.782534940625 0.6138961171874999 0.6448331078125 0.6156628046875 0.6420987171875 0.6063971140625 0.5095931796875 0.6081638015624999 0.5068587890625 0.6072554 0.49386805 0.605125353125 0.491406146875 0.606710359375 0.48607360625
0 0.6127183625 0.3759976984375 0.6081763578125 0.3110440046875 0.607111334375 0.3098130515625 0.599317865625 0.310358025 0.596667834375 0.314459609375 0.6039350421874999 0.4183855203125 0.6021683546875 0.42111991406250004 0.6092538828125 0.522447675 0.6074871953125001 0.5251820671874999 0.609980603125 0.5328402671875 0.608213915625 0.5355746578125 0.6200231281249999 0.7044542640625 0.6182564421875 0.7071886546874999 0.619528203125 0.7253756890624999 0.6216582500000001 0.72783759375 0.6256552140625 0.78499684375 0.6277852625 0.78745875 0.629213646875 0.793885996875 0.6339937250000001 0.7922463140625 0.633448684375 0.784451871875 0.6352153703125001 0.7817174812500001 0.6259496812500001 0.6492119453125 0.62771636875 0.646477553125 0.618450678125 0.5139720156250001 0.6202173656250001 0.5112376265624999 0.6109516765625 0.378732090625 0.6127183625 0.3759976984375
0 0.6471937624999999 0.743022515625 0.6466236640624999 0.7208701359374999 0.6483903515625 0.718135746875 0.642939946875 0.6401913140625 0.6447066328125 0.6374569218749999 0.64179975 0.5958865578125 0.6435664375 0.5931521671875 0.6377526718750001 0.5100114390625 0.6395193578125 0.507277046875 0.633887271875 0.42673446718749997 0.635653959375 0.42400007500000003 0.6311119546875 0.3590463796875 0.6328786421875 0.35631199062499996 0.6292450374999999 0.304349034375 0.6281800140625 0.3031180828125 0.6223349125000001 0.3035268109375 0.6179181953125 0.3103627890625 0.62355028125 0.3909053703125 0.62178359375 0.3936397609375 0.6266889578125 0.46378975 0.6249222718749999 0.466524140625 0.63491468125 0.60942226875 0.6331479953125 0.612156659375 0.6352780421875 0.6146185656250001 0.635641403125 0.6198148609375 0.633874715625 0.6225492515625 0.6347831171875 0.635539990625 0.6369131640625 0.63800189375 0.6390933265625 0.66917966875 0.6373266390625 0.6719140578125 0.6378716796874999 0.6797085015625 0.6361049921874999 0.68244289375 0.6371950734375 0.69803178125 0.6354283875 0.7007661703125 0.6365184671875 0.7163550562500001 0.63475178125 0.7190894484375 0.636881828125 0.7215513515625 0.6372451890625 0.7267476484375 0.6354785015625 0.7294820390625001 0.6358418625 0.7346783343750001 0.6323084875 0.7401471171875 0.6357604109375 0.789511925 0.6389554828125 0.7932047812499999 0.64178719375 0.7917013421875 0.641242153125 0.7839068984375 0.6430088406250001 0.7811725093749999 0.6402836375 0.742200290625 0.642050325 0.7394659015625 0.6407785625 0.721278865625 0.64166190625 0.719911671875 0.644675296875 0.7210063796874999 0.6471937624999999 0.743022515625
0 0.6230553546875 0.4118267953125 0.6248220421874999 0.409092403125 0.6184632359375 0.31815723125 0.620229921875 0.3154228421875 0.6200482421875 0.31282469218750003 0.6168531703125 0.30913183593750004 0.6081763578125 0.3110440046875 0.6103565203125 0.3422217765625 0.6085898328125 0.34495616875 0.613858559375 0.42030245468749994 0.6120918718749999 0.42303684375 0.62117588125 0.5529442343750001 0.6194091937499999 0.5556786234375 0.628674884375 0.6881841609375 0.626908196875 0.6909185531250001 0.6274532374999999 0.698712996875 0.629583284375 0.7011749 0.6299466453125 0.7063711968749999 0.6281799578125 0.7091055859375001 0.63031000625 0.7115674921874999 0.62854331875 0.71430188125 0.633448684375 0.784451871875 0.632565340625 0.7858190671874999 0.628486925 0.7834934062500001 0.62760358125 0.7848606 0.6279669421875 0.790056896875 0.6331103812500001 0.7936135109375 0.64178719375 0.7917013421875 0.64355388125 0.788966953125 0.6355599515625 0.6746484484375 0.6373266390625 0.6719140578125 0.6326029546874999 0.6043622156249999 0.6343696421875 0.6016278265625 0.6263757125 0.4873093234375 0.6281424 0.48457493281249997 0.6230553546875 0.4118267953125
0 0.64876626875 0.52751725625 0.645496025 0.4807505984375 0.6472627125 0.47801620468749995 0.6425390281250001 0.41046436406250003 0.6443057140625 0.407729971875 0.639945390625 0.34537442500000004 0.6417120765625 0.34264003593750003 0.6393502343749999 0.308864115625 0.6382852109375 0.3076331625 0.6296083984374999 0.30954533125 0.6321519203125 0.3459193984375 0.630385234375 0.348653790625 0.6343821984375 0.40581304218750003 0.6326155109375 0.40854743125 0.63770255625 0.4812955703125 0.6359358687500001 0.48402995937500004 0.6404778734375001 0.5489836546875 0.6387111875 0.551718046875 0.6408412343750001 0.55417995 0.639074546875 0.5569143421875 0.64288983125 0.6114754437500001 0.64112314375 0.6142098359375 0.6478453109375 0.710341303125 0.6460786234375 0.71307569375 0.646441984375 0.718271990625 0.6485720328125 0.7207338937500001 0.6489353921875 0.725930190625 0.6471687046875 0.7286645796875 0.649298753125 0.7311264859375 0.647532065625 0.733860875 0.65025726875 0.77283309375 0.64849058125 0.7755674828125 0.649217303125 0.785960075 0.6474506156250001 0.7886944671875 0.6506456859374999 0.7923873234375 0.6593224984375 0.7904751546875 0.656597296875 0.7515029390625 0.6583639828125001 0.7487685468749999 0.654912059375 0.6994037390625001 0.656678746875 0.69666935 0.6499565796875 0.60053788125 0.6517232671875 0.5978034906249999 0.64699958125 0.5302516484375001 0.64876626875 0.52751725625
0 0.65546965625 0.511383396875 0.65723634375 0.5086490078125 0.656691303125 0.5008545640625 0.65456125625 0.4983926578125 0.6541978953124999 0.4931963640625 0.6559645828125 0.490461971875 0.6541477812500001 0.46448049375 0.6559144671875 0.46174610312500003 0.6537844203125001 0.45928420000000003 0.6532393796875 0.45148975625 0.6550060671875 0.44875536406250005 0.65246254375 0.412381296875 0.65422923125 0.40964690625 0.650413946875 0.35508580312500004 0.652180634375 0.3523514109375 0.649092071875 0.3081829 0.648027046875 0.306951946875 0.6402335781249999 0.30749691874999996 0.637583546875 0.3115985046875 0.6397135953124999 0.3140604109375 0.6400769562499999 0.3192567046875 0.63831026875 0.321991096875 0.6424889125 0.3817484953125 0.6407222265625 0.38448288750000004 0.6458092703125 0.4572310234375 0.644042584375 0.459965415625 0.647312828125 0.5067320734375 0.645546140625 0.5094664671875 0.648816384375 0.5562331265625 0.647049696875 0.5589675171875 0.6495431046875 0.5666257156250001 0.6477764171875 0.56936010625 0.6526817828125 0.6395100984375001 0.6509150953125 0.6422444890625 0.6572739015625 0.733179659375 0.6555072156249999 0.73591405 0.6593224984375 0.7904751546875 0.6603875234375 0.7917061078125001 0.66711596875 0.78993018125 0.6688826546875 0.7871957921875 0.6661574531250001 0.7482235734375 0.6679241390625 0.745489184375 0.6613836531249999 0.6519558625 0.6631503390625 0.649221471875 0.657699934375 0.571277040625 0.6594666218749999 0.5685426484375 0.65546965625 0.511383396875
0 0.6729235124999999 0.5649907984375 0.6685631875 0.5026352515625 0.670329875 0.4999008625 0.6661512296875001 0.4401434625 0.6679179171875 0.43740907343749996 0.6662827953125 0.4140257421875 0.6609576765625 0.40787098125 0.655112575 0.408279709375 0.65246254375 0.412381296875 0.6550060671875 0.44875536406250005 0.6532393796875 0.45148975625 0.6579630640625 0.519041596875 0.656196378125 0.5217759890625 0.6600116625 0.5763370937500001 0.658244975 0.579071484375 0.6626053 0.64142703125 0.6608386125 0.6441614203125 0.6629686593749999 0.6466233265625 0.6613836531249999 0.6519558625 0.6670157390625 0.7324984437500001 0.6700291296875001 0.7335931546875 0.67340588125 0.7398841578125 0.674859321875 0.760669340625 0.6730926359375 0.7634037328125001 0.6752226828125 0.7658656374999999 0.675949403125 0.7762582265625 0.677014428125 0.7774891796875 0.6798461375 0.775985740625 0.67784765625 0.747406115625 0.67961434375 0.7446717265625 0.6767074609375 0.7031013609375 0.678474146875 0.7003669703125001 0.674295503125 0.640609571875 0.676062190625 0.63787518125 0.671156825 0.5677251890624999 0.6729235124999999 0.5649907984375
0 0.7062274359375 0.5652728140625001 0.7079941234375 0.562538421875 0.705087240625 0.5209680578125 0.7068539265625 0.51823366875 0.703402003125 0.4688688609375 0.705168690625 0.46613446875 0.70262516875 0.42976040156249995 0.7043918546875 0.42702601093750003 0.70093993125 0.3776612015625 0.70270661875 0.3749268109375 0.7017982171875 0.361936071875 0.698603146875 0.358243215625 0.6635325359375 0.360695590625 0.663920953125 0.3802498203125 0.6747278125 0.38079955781249997 0.6768578609375 0.38326146250000004 0.6846513296875 0.382716490625 0.6878464015625 0.3864093484375 0.6882097609375 0.3916056421875 0.690339809375 0.39406754843749997 0.688573121875 0.3968019375 0.6920250453125 0.4461667453125 0.6902583578125 0.44890113749999994 0.69371028125 0.49826594531249996 0.6919435953125 0.501000334375 0.695940559375 0.5581595859374999 0.694173871875 0.560893978125 0.6965357140624999 0.5946699 0.694769028125 0.597404290625 0.7000377531249999 0.672750575 0.698271065625 0.675484965625 0.70317643125 0.7456349546875 0.70140974375 0.748369346875 0.703721471875 0.7534293984375 0.7021364640625001 0.7587619375 0.704629871875 0.7664201375 0.7028631859375001 0.7691545296875 0.7062399375 0.7754455328125001 0.7129683828125 0.7736696078125 0.7145533890625 0.7683370703125 0.711464825 0.7241685578125 0.7132315124999999 0.7214341671875 0.70996126875 0.6746675062499999 0.7117279562500001 0.6719331171875 0.7082760328125 0.622568309375 0.7100427203125 0.6198339171875 0.7062274359375 0.5652728140625001
0 0.6991293515625 0.6597598375 0.6944056671875 0.59220799375 0.6961723546874999 0.589473603125 0.6943555515625001 0.563492125 0.6961222390625 0.560757734375 0.692125275 0.5035984828125 0.6938919625 0.5008640921875 0.690076678125 0.4463029890625 0.691843365625 0.44356859843749996 0.6914800046875 0.43837230156249996 0.6893499578125 0.4359103984375 0.688986596875 0.43071410312499997 0.690753284375 0.4279797125 0.6878464015625 0.3864093484375 0.6827029625 0.3828527328125 0.6554258203125001 0.3847601375 0.6558142390625 0.40431436718749997 0.6627243640625 0.4051365890625 0.665919434375 0.408829446875 0.66973471875 0.4633905484375 0.6679680328125001 0.46612494218749995 0.672873396875 0.53627493125 0.6711067093749999 0.5390093203124999 0.6763754359374999 0.61435560625 0.6746087484375 0.6170899984375 0.67751563125 0.6586603625 0.67574894375 0.6613947546875 0.6810176703125 0.7367410390625 0.6792509828125 0.7394754296875 0.681744390625 0.7471336296875 0.6799777031249999 0.749868021875 0.682339546875 0.7836439421875 0.6855346171875001 0.7873367984375 0.69137971875 0.7869280703125 0.6935097671875 0.789389975 0.7002382125 0.7876140484375 0.7039532671875001 0.784743415625 0.7015914234375 0.7509674937499999 0.7033581109375 0.7482331046875 0.7012280640624999 0.7457711984375 0.7003196625 0.732780459375 0.70208635 0.73004606875 0.6973626640624999 0.6624942265625 0.6991293515625 0.6597598375
0 0.72222785 0.5980950328125 0.7189576062499999 0.551328375 0.72072429375 0.54859398125 0.7176357296875 0.5044254718750001 0.7194024171875 0.501691078125 0.717040575 0.46791515937500006 0.7188072609375 0.4651807671875 0.714991978125 0.4106196640625 0.7167586640625 0.40788527500000005 0.7131250609374999 0.3559223171875 0.7120600375 0.35469136562500003 0.7014348578125 0.3567397765625 0.7030699796875 0.38012310781249997 0.7013032921875 0.382857496875 0.7040284953125 0.42182971562500005 0.7022618078125 0.4245641046875 0.7049870109375 0.46353632187500005 0.7032203234375001 0.46627071249999996 0.7063088859375 0.510439225 0.7045422 0.5131736171875 0.7076307625 0.5573421265625 0.705864075 0.5600765187500001 0.709679359375 0.6146376234375001 0.7079126718750001 0.6173720140625 0.711182915625 0.6641386734375 0.709416228125 0.6668730625 0.7130498328125 0.7188360203124999 0.7112831453124999 0.7215704109375001 0.71491675 0.773533365625 0.7159817734375 0.77476431875 0.726606953125 0.77271590625 0.72497183125 0.7493325765625001 0.7267385187500001 0.7465981875 0.723468275 0.6998315265625 0.7252349625 0.6970971359375 0.7221463984375001 0.652928621875 0.7239130859375 0.6501942328125 0.7204611625 0.6008294249999999 0.72222785 0.5980950328125
0 0.7396315890625 0.622986565625 0.7413982765625 0.6202521765625 0.7388547546875001 0.58387810625 0.740621440625 0.581143715625 0.7377145578125 0.5395733500000001 0.7394812453124999 0.5368389609374999 0.7367560421875 0.49786674375000006 0.7385227296875 0.495132353125 0.7357975265625 0.45616013593750004 0.7375642140625 0.453425746875 0.7342939703125 0.4066590859375 0.7360606578125 0.40392469531249997 0.73297209375 0.35975618125 0.73473878125 0.35702179218749996 0.734193740625 0.34922734843750003 0.7318820125000001 0.344167296875 0.7269202546875 0.3432088296875 0.7247902078124999 0.34074692500000003 0.70920326875 0.3418368703125 0.70743658125 0.3445712609375 0.6996431125 0.34511623281250003 0.69699308125 0.34921781875 0.7001881531249999 0.35291067656249997 0.7060332546875 0.352501946875 0.708163303125 0.3549638515625 0.7131250609374999 0.3559223171875 0.7163953046875 0.40268897656249997 0.7146286171875 0.4054233703125 0.7184439015625 0.459984471875 0.7166772140625 0.46271886406249996 0.71903905625 0.496494784375 0.71727236875 0.49922917499999997 0.7203609328125 0.5433976859375 0.7185942453124999 0.5461320781250001 0.7218644890625 0.5928987390625 0.7200978015625 0.5956331296874999 0.723549725 0.6449979359375 0.7217830390625 0.6477323265625 0.7248716015625 0.691900840625 0.7231049140625 0.6946352296875 0.7269201984375 0.7491963328125 0.7251535109375 0.7519307234375 0.7274652390624999 0.7569907765624999 0.7256985515625 0.75972516875 0.726606953125 0.77271590625 0.729802025 0.7764087640625 0.742375571875 0.7742241109375 0.744142259375 0.77148971875 0.7432338578125 0.75849898125 0.7450005453124999 0.7557645890625 0.7422753421875 0.7167923734375 0.7440420296875 0.7140579812500001 0.7414985062499999 0.6776839140625001 0.74326519375 0.6749495234375 0.7396315890625 0.622986565625
0 0.760336909375 0.6110953015625 0.7621035968750001 0.608360909375 0.7593783937499999 0.56938869375 0.7611450796875 0.5666543015625 0.7591465984375 0.5380746765625 0.7609132859375001 0.5353402875 0.758006403125 0.49376992187499996 0.7597730890625 0.4910355296875 0.75686620625 0.44946516562500005 0.75863289375 0.4467307765625 0.7562710515625 0.412954853125 0.7580377375 0.41022046406249996 0.756402615625 0.3868371328125 0.7581693031250001 0.38410274375000003 0.75562578125 0.34772867500000004 0.7573924671875 0.3449942828125 0.7568474265625 0.3371998390625 0.75365235625 0.3335069828125 0.732220315625 0.33500565625 0.7276219187499999 0.3392434859375 0.7338303796875 0.34403105312500004 0.7351021421875 0.3622180875 0.7333354546875 0.364952478125 0.7364240171875001 0.40912098906249994 0.73465733125 0.41185538125 0.7382909343749999 0.4638183359375 0.736524246875 0.46655272812500004 0.7396128109375 0.510721240625 0.7378461234375 0.5134556296875 0.740207965625 0.5472315515624999 0.7384412796875 0.54996594375 0.7413481625 0.5915363078125 0.739581475 0.5942706984374999 0.7426700375 0.638439209375 0.7409033515625 0.6411736015625 0.7434468734374999 0.6775476703125001 0.7416801859375 0.680282059375 0.74367866875 0.7088616859375 0.74191198125 0.711596078125 0.7440420296875 0.7140579812500001 0.7422753421875 0.7167923734375 0.745182225 0.7583627374999999 0.7434155375 0.7610971281250001 0.7437788984375 0.7662934234375001 0.7471556500000001 0.772584428125 0.76362593125 0.7701272875 0.7652109390625 0.76479475 0.76230405625 0.7232243859375 0.7640707421874999 0.72048999375 0.7611638593750001 0.678919628125 0.7629305468750001 0.6761852390625 0.7611137453125 0.650203759375 0.7628804312499999 0.6474693703125001 0.760336909375 0.6110953015625
0 0.7728039484375 0.6493863015625 0.7706237859375 0.6182085296875 0.7723904734375 0.6154741375 0.7691202296874999 0.568707478125 0.7708869171875 0.5659730859375001 0.7681617140625 0.527000871875 0.7699284015625001 0.524266478125 0.7672031984375 0.4852942640625 0.7689698859375 0.48255987187500005 0.7666080421875 0.44878395 0.7683747296875 0.44604956093750003 0.765467846875 0.404479196875 0.7670528531249999 0.39914665625 0.7638577828125 0.39545379999999997 0.7571293375 0.397229725 0.7580377375 0.41022046406249996 0.7562710515625 0.412954853125 0.7582695328125 0.4415344796875 0.7565028453125 0.444268871875 0.7592280484375 0.4832410875 0.7574613625 0.48597547968750004 0.7601865640625001 0.5249476937499999 0.758419878125 0.5276820875 0.7609634 0.56405615625 0.7591967125 0.5667905453125 0.7613768750000001 0.5979683203125 0.7596101875 0.6007027093749999 0.762517071875 0.6422730734375001 0.760750384375 0.6450074640625 0.7629305468750001 0.6761852390625 0.7611638593750001 0.678919628125 0.7642524234375 0.7230881421875 0.7624857359375 0.72582253125 0.7646658984375 0.7570003062499999 0.765730921875 0.7582312578125 0.7724593671875 0.756455334375 0.77209600625 0.7512590390625 0.77386269375 0.748524646875 0.7727726125000001 0.732935759375 0.7745393 0.7302013703125 0.7721774578125 0.6964254484375 0.77394414375 0.6936910578125 0.7710372609375 0.6521206937499999 0.7728039484375 0.6493863015625
0 0.7808605484375 0.5966058890625 0.7826272359375 0.5938714968750001 0.77899363125 0.5419085421875 0.78076031875 0.53917415 0.778035115625 0.5002019343749999 0.779801803125 0.4974675421875 0.776531559375 0.45070088437500005 0.778298246875 0.4479664921875 0.7748463234375 0.398601684375 0.7716512515625 0.394908828125 0.7677545171875 0.3951813140625 0.7651044859375 0.3992829 0.767648009375 0.43565696875000004 0.765881321875 0.4383913609375 0.7684248453125 0.474765428125 0.7666581578125 0.47749981874999997 0.7686566390625 0.5060794453125 0.766889953125 0.5088138375 0.7707052359375 0.5633749406249999 0.76893855 0.5661093296875 0.7718454328125001 0.60767969375 0.7700787453125 0.6104140859375 0.772985628125 0.6519844499999999 0.7712189421875 0.6547188421875 0.7748525453124999 0.7066817953125 0.7730858578124999 0.7094161875 0.7747209796875001 0.7327995171875 0.775786003125 0.73403046875 0.78056608125 0.7323907875 0.7842811359375 0.7295201546875 0.7815559328125 0.6905479359375 0.7833226203125 0.687813546875 0.7822325390625 0.6722246609375 0.7839992265625 0.66949026875 0.781637384375 0.6357143468750001 0.7834040703125 0.6329799578124999 0.7808605484375 0.5966058890625
0 0.7885224515625 0.6221786359375 0.79223750625 0.6193080015625 0.79005734375 0.5881302296875 0.79182403125 0.5853958375 0.7900072296875 0.5594143593750001 0.791773915625 0.5566799687499999 0.788685353125 0.5125114578125001 0.790452040625 0.509777065625 0.7877268374999999 0.47080485000000005 0.7894935249999999 0.4680704578125 0.786768321875 0.42909824375000005 0.788535009375 0.42636385 0.786354846875 0.3951860796875 0.7812114078125 0.3916294640625 0.7725345953125 0.39354163125 0.7748463234375 0.398601684375 0.7779348859375 0.442770196875 0.7761681984375 0.44550458906249996 0.779801803125 0.4974675421875 0.778035115625 0.5002019343749999 0.78076031875 0.53917415 0.77899363125 0.5419085421875 0.78335395625 0.6042640890625 0.78158726875 0.606998478125 0.7843124718750001 0.645970696875 0.782545784375 0.6487050859375 0.7850391921875 0.6563632859374999 0.78327250625 0.659097678125 0.7854526671875 0.69027545 0.78368598125 0.6930098421875 0.7851394218750001 0.713795025 0.7872694703125 0.7162569296875 0.7858661437500001 0.7241876140625 0.7913729421875 0.732940525 0.794204653125 0.7314370859375 0.7923878515625 0.7054556078124999 0.7941545375 0.7027212171875 0.791429334375 0.6637489999999999 0.7931960218749999 0.661014609375 0.791197540625 0.632434984375 0.7929642265625 0.62970059375 0.792782546875 0.6271024453125 0.7885224515625 0.6221786359375
0 0.820291484375 0.656509059375 0.8220581703125 0.6537746671875 0.8191512875000001 0.612204303125 0.8209179750000001 0.6094699125 0.818787928125 0.6070080078125 0.8164260859375 0.5732320875 0.8199594593749999 0.56776330625 0.8190510578125 0.554772565625 0.8208177453125 0.5520381765625 0.813187178125 0.44291596875000006 0.80999210625 0.43922311093750005 0.8041470046875 0.439631840625 0.8020169562499999 0.43716993593750003 0.790326753125 0.4379873953125 0.787676721875 0.44208898124999996 0.789856884375 0.473266753125 0.7880901984375 0.47600114531250004 0.7904019250000001 0.481061196875 0.7886352390625 0.48379558906250003 0.791542121875 0.5253659546875 0.789775434375 0.5281003453124999 0.7921372765625 0.561876265625 0.7903705890625 0.5646106546875 0.7932774734375 0.6061810203125 0.7915107859375 0.6089154125 0.794962709375 0.6582802203125 0.7931960218749999 0.661014609375 0.7961029046875 0.7025849734375 0.79433621875 0.7053193640625001 0.7976064609375 0.752086025 0.7999181890625 0.757146078125 0.809503403125 0.7682246484374999 0.8220769499999999 0.76603999375 0.8257920046875 0.763169359375 0.8216133593749999 0.7034119609375 0.8233800468749999 0.7006775703125 0.821744925 0.6772942421875 0.8235116124999999 0.6745598484374999 0.8227848921875 0.664167259375 0.8206548437500001 0.661705353125 0.820291484375 0.656509059375
0 0.8380210265624999 0.46206623437500005 0.8397877140625001 0.45933184374999997 0.8268884203125 0.27486335156249997 0.8286551078125 0.2721289609375 0.8263433796875 0.26706890781250003 0.8257983390625 0.2592744640625 0.8275650265625 0.256540071875 0.8270199859374999 0.248745628125 0.8238249140624999 0.24505277187500002 0.8062896078125 0.2462789609375 0.8045229218750001 0.2490133515625 0.7986778203125 0.24942208125 0.7969111328125 0.252156471875 0.7873509765625 0.255435834375 0.781869234375 0.261040859375 0.7760241328124999 0.26144958906250004 0.7705423921875 0.2670546140625 0.7666456562499999 0.26732710000000004 0.7592155484374999 0.27306836875 0.7494737109375 0.273749584375 0.747707025 0.276483975 0.73991355625 0.277028946875 0.73814686875 0.27976333750000004 0.7303534 0.2803083109375 0.7285867125000001 0.2830427015625 0.72079324375 0.2835876734375 0.71902655625 0.2863220640625 0.7131814546874999 0.28673079375 0.7105314234375 0.2908323796875 0.7110764640625 0.2986268234375 0.7132065109375 0.3010887296875 0.713569871875 0.30628502343749997 0.71569991875 0.3087469296875 0.7160632796875 0.31394322343750003 0.7181933265625 0.3164051296875 0.7210500953125 0.329259625 0.7263752140624999 0.3354143859375 0.7556007234375001 0.3333707390625 0.756665746875 0.3346016921875 0.758845909375 0.3657794640625 0.757079221875 0.36851385625 0.758350984375 0.3867008890625 0.7615460546875 0.390393746875 0.783159775 0.391493221875 0.786354846875 0.3951860796875 0.7886665734375 0.40024613125 0.789029934375 0.40544242500000005 0.787263246875 0.4081768171875 0.78908005 0.43415829375000003 0.7979385421875 0.434844275 0.8060953718749999 0.43949559843749997 0.8119404734375 0.43908686875 0.8151355453125 0.44277972656250003 0.818950828125 0.49734082968750004 0.8171841421874999 0.5000752187499999 0.8177291828125 0.5078696625 0.8198592296875 0.5103315687500001 0.8209493109375 0.5259204546875 0.8191826234375 0.5286548437499999 0.8213627859375 0.55983261875 0.8195960984375 0.5625670078125 0.8288617890625 0.6950725453125 0.8270951015625 0.6978069375 0.8300019843750001 0.7393773015625 0.8282352968750001 0.742111690625 0.8295070593749999 0.7602987265625 0.8431706875 0.773702959375 0.8537958671875 0.7716545484374999 0.8555625546875 0.76892015625 0.849203746875 0.677984984375 0.850970434375 0.6752505953125 0.8488403874999999 0.6727886890625 0.8506070749999999 0.6700543 0.8440665875000001 0.576520978125 0.845833275 0.5737865875 0.8380210265624999 0.46206623437500005
0 0.8654798484375 0.46275697656250003 0.8567591999999999 0.33804588281250003 0.8585258859374999 0.33531149375 0.853620521875 0.2651615046875 0.8514904734375 0.2626995984375 0.8532571609374999 0.2599652078125 0.8511271140625001 0.2575033046875 0.8504003921875001 0.2471107109375 0.847023640625 0.2408197078125 0.8294883359374999 0.24204589531249998 0.8268383046875 0.2461474828125 0.8344688734375 0.3552696890625 0.8327021859375 0.35800407968750003 0.8350139140625 0.3630641328125 0.835740634375 0.373456721875 0.833973946875 0.3761911140625 0.8483266828125 0.5814447875 0.8465599953125 0.5841791796875 0.8556440046875 0.7140865671875 0.8538773171875 0.716820959375 0.856420840625 0.753195028125 0.854654153125 0.7559294171875 0.8555625546875 0.76892015625 0.8578742828125 0.7739802109375 0.86514776875 0.779998728125 0.8816180499999999 0.7775415890625 0.8808913296875 0.7671489953124999 0.8826580156249999 0.76441460625 0.8686686421875001 0.564357228125 0.870435328125 0.5616228375000001 0.8679419203125001 0.553964634375 0.8697086078125 0.55123024375 0.8637131609375001 0.46549136874999997 0.8654798484375 0.46275697656250003
0 0.8748395453125 0.3446141390625 0.8766062328125 0.3418797484375 0.868793984375 0.2301593953125 0.8677289609375001 0.22892844218750003 0.8540903890625 0.22988214375 0.8523237031249999 0.23261653437500002 0.8484269687499999 0.23288902031249997 0.8457769374999999 0.2369906078125 0.8504003921875001 0.2471107109375 0.8509454328125001 0.25490515468749997 0.85307548125 0.2573670609375 0.8570724453125 0.3145263125 0.8553057578125 0.3172607015625 0.8614828843750001 0.40559772499999996 0.8597161968749999 0.4083321171875 0.8677101265625 0.5226506203125 0.8659434390625 0.525385009375 0.8802961734375 0.7306386859375 0.8785294859375 0.733373075 0.8814363703125 0.7749434390625 0.8867614890625 0.7810982015625 0.89738666875 0.7790497890625 0.89915335625 0.7763154 0.8969731937500001 0.745137625 0.8987398796875 0.7424032359375 0.8874757078125001 0.581318075 0.8892423953125 0.57858368125 0.8807034265624999 0.4564707375 0.8824701140625001 0.45373634531249996 0.8748395453125 0.3446141390625
0 0.929907534375 0.43214323437499996 0.931674221875 0.42940884218750003 0.9254970953124999 0.3410718171875 0.9272637828124999 0.3383374265625 0.9229034578125 0.2759818796875 0.9246701453125 0.273247490625 0.919946459375 0.20569564843750002 0.9167513890625001 0.202002790625 0.9031128171875 0.2029564921875 0.9013461296875 0.205690884375 0.879914090625 0.20718955781249998 0.878147403125 0.2099239484375 0.87425066875 0.2101964359375 0.87248398125 0.2129308265625 0.862923825 0.21621018906249997 0.8585071078125001 0.2230461671875 0.8617021781249999 0.22673902343750002 0.86754728125 0.22633029374999997 0.8707423515625001 0.23002315156250003 0.874194275 0.2793879578125 0.8724275875 0.2821223484375 0.8795131156249999 0.3834501125 0.8777464281249999 0.386184503125 0.88005815625 0.39124455625 0.8804215171875001 0.396440853125 0.8786548296875001 0.3991752421875 0.8871937984375 0.5212881890625 0.8854271109375 0.5240225781250001 0.8875571593749999 0.526484484375 0.8857904718749999 0.5292188734375001 0.8861538328125 0.534415171875 0.8882838796874999 0.536877075 0.8866988734374999 0.5422096140625 0.901778328125 0.757855878125 0.9000116421875 0.76059026875 0.9021416890625 0.763052175 0.902868409375 0.7734447656250001 0.9051801375 0.7785048171875 0.9147653515625 0.7895833890625 0.9439908609375 0.7875397421875 0.9448742046874999 0.7861725484375001 0.9484075781250001 0.780703765625 0.943138853125 0.70535748125 0.9449055390625001 0.7026230890625 0.9387284125 0.614286065625 0.9404951 0.6115516734375 0.93413629375 0.5206165 0.9359029812499999 0.5178821109375 0.929907534375 0.43214323437499996