0 0.29183283437499996 0.23656309687500002 0.29588838125 0.238953234375 0.3129272015625 0.24074408749999998 0.3173910640625 0.239249375 0.3216507703125 0.23969708750000002 0.32570631875 0.24208722656249998 0.3470048453125 0.2443257921875 0.35146870625000004 0.2428310796875 0.3557284125 0.2432787921875 0.35978395937499996 0.24566893125 0.564249809375 0.2671591578125 0.568305359375 0.269549296875 0.572769221875 0.268054584375 0.594067746875 0.2702931484375 0.5981232953125 0.2726832875 0.602383 0.273131 0.6068468625000001 0.2716362875 0.6111065671875 0.2720840015625 0.615162115625 0.2744741390625 0.9346400078125001 0.30805261875 0.9386955546875001 0.3104427578125 0.947214965625 0.311338184375 0.9532982875 0.3149233921875 0.9530941296875 0.3168658171875 0.959381609375 0.31850860000000003 0.9794689890624999 0.31178239375 0.979673146875 0.3098399671875 0.9841370093749999 0.30834525468749996 0.9853619515625001 0.2966907015625 0.9898258140625 0.2951959890625 0.9926840140625 0.26800203125 0.9866006921875 0.2644168234375 0.811952778125 0.2460605875 0.8078972296875 0.24367044999999998 0.6162104953124999 0.22352336093749997 0.6121549484375 0.2211332234375 0.5993758328125 0.21979008437499997 0.5949119703125 0.22128479687499997 0.513977571875 0.21277824843749998 0.509922021875 0.21038810937500002 0.5054581609375 0.21188282187500002 0.5014026125 0.20949268281250003 0.44176673906249997 0.20322469999999998 0.43730287656250005 0.20471941249999998 0.4332473296875 0.202329275 0.4076890984375 0.199642996875 0.4032252359375 0.20113770937500003 0.381926709375 0.19889914375 0.3778711609375 0.19650900468750002 0.1009903234375 0.16740765625 0.0965264609375 0.16890236875 0.09226675625 0.16845465625 0.0882112078125 0.16606451718749998 0.0839515015625 0.165616803125 0.0794876390625 0.16711151562499998 0.075227934375 0.166663803125 0.0711723859375 0.1642736640625 0.0498738609375 0.16203510000000002 0.047437771875 0.16472488125 0.042973909375 0.16621959375 0.0397073953125 0.197298403125 0.04173516875 0.198493471875 0.04376294375 0.1996885421875 0.042946314062500004 0.20745824375000002 0.0490296375 0.2110434515625 0.0703281625 0.2132820171875 0.0743837109375 0.21567215625 0.13401958281249998 0.22194013906249999 0.1384834453125 0.2204454265625 0.29183283437499996 0.23656309687500002
0 0.08570613125 0.2718509234375 0.0897616796875 0.2742410625 0.0942255421875 0.27274634999999997 0.2134972875 0.285282315625 0.2175528359375 0.28767245468749997 0.4731351484375 0.3145352375 0.477190696875 0.3169253765625 0.8435253453125 0.3554287 0.8475808921875 0.3578188375 0.9157361749999999 0.364982246875 0.9313596953125 0.359750753125 0.9321763234375 0.35198105156250004 0.9366401859375 0.35048633906250004 0.940519171875 0.313580253125 0.9344358500000001 0.3099950453125 0.585140021875 0.2732825734375 0.581084475 0.2708924359375 0.2232692359375 0.23328453906250002 0.2192136890625 0.2308944 0.2147498265625 0.2323891125 0.20623041562500002 0.2314936859375 0.20217486718750002 0.229103546875 0.1382792890625 0.22238785156250002 0.1338154265625 0.2238825640625 0.1210363109375 0.22253942499999999 0.1169807625 0.2201492859375 0.044565775 0.2125381640625 0.0421296859375 0.21522794687500002 0.0376658234375 0.21672265937500002 0.0337868375 0.2536287453125 0.035814612499999995 0.2548238140625 0.0378423859375 0.25601888281249996 0.037434071875 0.25990373437500003 0.051628489062500005 0.2682692203125 0.0644076046875 0.269612359375 0.068463153125 0.272002496875 0.07698256406250001 0.2728979234375 0.0814464265625 0.27140321093750003 0.08570613125 0.2718509234375
0 0.24042942812499998 0.356848915625 0.24448497656249998 0.3592390546875 0.34671790156250004 0.3699841671875 0.35077345000000004 0.37237430625 0.3552373125 0.37087959375 0.368016428125 0.37222273281249996 0.3720719765625 0.37461287187500003 0.3848510921875 0.37595601093750003 0.3893149546875 0.3744612984375 0.4276523 0.37849071562500003 0.4357633984375 0.38327099375 0.49539927031250003 0.38953897656250003 0.49945481875000003 0.3919291140625 0.8870879921875 0.432671003125 0.8915518546874999 0.431176290625 0.9045351281249999 0.43057700312499997 0.9134628515625 0.427587578125 0.91772255625 0.4280352921875 0.9244183515625 0.4257932234375 0.9248266656249999 0.421908371875 0.929290528125 0.420413659375 0.92523498125 0.4180235203125 0.9258474515625 0.41219624374999997 0.9303113140624999 0.41070153125 0.9343944578125001 0.3718530203125 0.9283111359375 0.36826781249999996 0.7877408625 0.35349328125 0.7836853140625 0.3511031421875 0.7792214515625 0.3525978546875 0.6045735375 0.33424161875 0.600517990625 0.33185148125 0.574959759375 0.32916520312499997 0.570495896875 0.33065991562499997 0.5662361921875 0.33021220156250003 0.56218064375 0.3278220640625 0.28955950937499997 0.299168428125 0.2855039625 0.29677828906250003 0.0852978171875 0.275735775 0.0812422703125 0.2733456359375 0.064203446875 0.271554784375 0.05973958593749999 0.273049496875 0.0554798796875 0.272601784375 0.05304379218750001 0.275291565625 0.0485799296875 0.276786278125 0.0434760015625 0.3253469171875 0.045503775 0.3265419875 0.049559323437500004 0.328932125 0.053819028125 0.3293798390625 0.0578745765625 0.3317699765625 0.06213428125 0.332217690625 0.0745050828125 0.33744568125 0.1426603671875 0.3446090890625 0.1467159140625 0.346999228125 0.24042942812499998 0.356848915625
0 0.9412116218750001 0.4913844765625 0.9456754843749999 0.4898897640625 0.9584545999999999 0.49123290312499995 0.9629184625 0.48973819062499996 0.9759017359375 0.4891389046875 0.9825975296875 0.486896834375 0.9828016875 0.48495440937499995 0.9872655484375 0.48345969687499996 0.9903279062499999 0.45432331406250004 0.9862723578124999 0.451933175 0.9866806734375 0.4480483234375 0.9846528984375 0.44685325468750003 0.9164976140625001 0.4396898453125 0.9124420656250001 0.43729970625 0.907978203125 0.43879441874999997 0.89945879375 0.43789899375 0.8954032453125 0.4355088546875 0.435355084375 0.38715584375 0.43312315312500005 0.3879032 0.4292441671875 0.4248092859375 0.431271940625 0.42600435625 0.43512333124999997 0.43033692031250004 0.5160577296875 0.4388434671875 0.520113278125 0.44123360624999997 0.86940910625 0.477946078125 0.88177990625 0.4831740671875 0.8988187265625 0.4849649203125 0.902874275 0.4873550578125 0.9412116218750001 0.4913844765625
0 0.8746757984375 0.48930098749999995 0.875492428125 0.4815312859375 0.86940910625 0.477946078125 0.48603563593750004 0.4376519015625 0.48198008750000004 0.43526176406249995 0.4734606765625 0.43436633750000003 0.468996815625 0.43586105 0.4649412671875 0.4334709109375 0.43938303593750005 0.43078463281249996 0.42822338125000003 0.4345214140625 0.4278150671875 0.438406265625 0.429842840625 0.439601334375 0.43166645781249996 0.4427388296875 0.43795393593750004 0.44438161249999997 0.44200948437500004 0.44677175 0.7444485546874999 0.47855937812500005 0.7485041031249999 0.480949515625 0.8677758484375 0.49348548281250004 0.8702119359375 0.49079569999999995 0.8746757984375 0.48930098749999995
0 0.8608758984374999 0.4976699765625 0.8568203499999999 0.49527983750000004 0.8549967328125 0.49214234218749997 0.73146528125 0.47915866406249996 0.7274097328125 0.47676852500000005 0.7018515015625 0.474082246875 0.6973876390625 0.475576959375 0.62923235625 0.46841355 0.6251768078125 0.46602341249999996 0.43774977968749995 0.4463240375 0.4310539859375 0.44856610625000004 0.42942072812500004 0.4641055109375 0.43144850312500005 0.4653005796875 0.43347627656250004 0.46649565 0.43225133437499996 0.47815020312499995 0.4342791078125 0.47934527187500003 0.5705896734375 0.49367209062499995 0.574645221875 0.496062228125 0.8515260609374999 0.525163578125 0.8582218546875 0.5229215093749999 0.8608758984374999 0.4976699765625
0 0.8097180421875001 0.5541553953125 0.8139777468749999 0.5546031078125 0.8180332953124999 0.5569932468750001 0.8247290890625001 0.554751178125 0.8253415609375001 0.5489239015625 0.829805421875 0.5474291890625 0.831030365625 0.535774634375 0.8269748171875 0.533384496875 0.8277914453124999 0.52561479375 0.825763671875 0.524419725 0.540363421875 0.49442294999999997 0.536307875 0.4920328109375 0.53204816875 0.4915850984375 0.5275843078125 0.4930798109375 0.50628578125 0.4908412453125 0.502230234375 0.48845110625 0.43407495 0.4812876984375 0.4316388625 0.4839774796875 0.42717499999999997 0.4854721921875 0.4247251140625 0.5087813 0.4267528875 0.5099763687500001 0.4391236890625 0.515204359375 0.44358755156249996 0.513709646875 0.4776651921875 0.51729135 0.48172074218749994 0.5196814890625 0.762861284375 0.5492305515625 0.7669168328125 0.551620690625 0.8052541796874999 0.5556501078125 0.8097180421875001 0.5541553953125
0 0.8368957328125 0.56192159375 0.8306082531250001 0.5602788109375 0.82655270625 0.5578886734374999 0.5241136359375 0.5261010453125 0.5200580875 0.52371090625 0.430604278125 0.5143089328125 0.42390848593749997 0.5165510015625 0.42247938593749995 0.5301479812500001 0.41801552343750004 0.5316426937500001 0.41557943281250004 0.534332475 0.32612562500000003 0.5249305 0.3216617625 0.5264252125 0.31740205781249997 0.5259775 0.3151701265625 0.52672485625 0.3171979 0.527919925 0.3212534484375 0.5303100640625 0.47034312968750003 0.5459800218749999 0.47439867812500003 0.548370159375 0.74276010625 0.5765760828125 0.7468156546875 0.578966221875 0.827750053125 0.58747276875 0.834445846875 0.5852307 0.8368957328125 0.56192159375
0 0.7256522984375 0.67788185625 0.729707846875 0.6802719953125 0.7292995328125 0.6841568453125 0.7374106281249999 0.6889371234375 0.7372064703125 0.6908795484375 0.74126201875 0.6932696875000001 0.7400370765625001 0.704924240625 0.7440926234374999 0.7073143796875 0.74286768125 0.7189689328125 0.7469232296875 0.721359071875 0.7465149140625 0.725243921875 0.7505704625 0.7276340609374999 0.7501621484375 0.7315189125 0.754217696875 0.7339090515625 0.7540135390625 0.7358514765625 0.761920478125 0.7425741796875001 0.76110385 0.75034388125 0.7651593984375 0.7527340203125 0.7649552421875 0.7546764453125 0.760491378125 0.7561711578125 0.7600830640625 0.7600560093750001 0.7641386125 0.7624461484375 0.7616887265625001 0.7857552546875 0.7697998234375001 0.7905355328125 0.769595665625 0.7924779578125001 0.7736512140625 0.7948680968749999 0.7732429 0.7987529484375 0.7772984468749999 0.8011430859375 0.7762776609375 0.8108552140624999 0.7823609828125 0.8144404218749999 0.8079192140625 0.8171267 0.8119747625 0.8195168390625 0.8164386265625 0.8180221265625001 0.8462565609375 0.8211561187499999 0.8486926499999999 0.8184663359375 0.8531565125 0.8169716234375001 0.8539731406250001 0.809201921875 0.8499175921875001 0.8068117828125001 0.8519591640625 0.7873875265625 0.8479036171875001 0.7849973890624999 0.8499451875 0.7655731328125001 0.845889640625 0.76318299375 0.8479312109375 0.7437587375 0.8438756640625 0.7413686 0.8459172359375 0.7219443437499999 0.8418616875 0.7195542046875001 0.844107415625 0.6981875234375 0.84005186875 0.6957973859375 0.841685125 0.68025798125 0.8376295765625 0.6778678421875 0.8396711484375 0.6584435859375 0.8356156015625 0.656053446875 0.837657171875 0.6366291921875 0.8336016234375 0.6342390531250001 0.8354390374999999 0.6167572234375001 0.8313834890624999 0.614367084375 0.8332209031250001 0.5968852546875001 0.8291653562500001 0.594495115625 0.8297778265625 0.5886678390625 0.827750053125 0.58747276875 0.7681141796875 0.5812047859375 0.76365031875 0.5826994984375 0.750871203125 0.581356359375 0.744175409375 0.583598428125 0.7402964234375 0.6205045140625 0.7380644921874999 0.6212518703125001 0.7082465546875001 0.6181178796875 0.7060146234375 0.6188652359375 0.703973053125 0.6382894921875 0.7060008265625 0.6394845609375001 0.7080286 0.6406796296875 0.7065995 0.654276609375 0.71065505 0.6566667484375001 0.710042578125 0.662494025 0.7140981265625 0.6648841640625001 0.7177453593750001 0.671159153125 0.7258564562500001 0.6759394296875 0.7256522984375 0.67788185625
0 0.7338047875 0.6208041578125 0.74050058125 0.6185620890625 0.7443795671875 0.581656003125 0.7380920875 0.5800132203125 0.7340365390625 0.5776230828125 0.5977259734375 0.5632962640625 0.5936704234375 0.560906125 0.5892065609375 0.5624008375 0.5764274453125 0.5610576984375 0.5717594265625 0.5644948375000001 0.567499721875 0.5640471234375 0.5656761046875001 0.5609096296875 0.5595927828125 0.557324421875 0.33382840625 0.5335956296875 0.3271326125 0.5358376984375 0.3311881609375 0.5382278359375 0.330779846875 0.5421126875 0.33483539375000004 0.5445028265625 0.33340629375 0.5580998046875 0.3242744125 0.56303165625 0.3238660984375 0.5669165078125 0.31493837343750003 0.5699059328125 0.316761990625 0.5730434265625 0.3252814 0.573938853125 0.3293369484375 0.5763289921875 0.589178965625 0.6036394875 0.5932345156250001 0.6060296265625 0.597698378125 0.6045349140625 0.6147371984375 0.6063257671875 0.618792746875 0.6087159046874999 0.7338047875 0.6208041578125
0 0.062159071875000006 0.598326490625 0.05607575 0.5947412828124999 0.0497882703125 0.5930985 0.0499924265625 0.591156075 0.05648406406249999 0.59085643125 0.06317985625 0.5886143625 0.063588171875 0.5847295124999999 0.0680520328125 0.5832347999999999 0.0599409375 0.578454521875 0.0644048 0.576959809375 0.0648131140625 0.5730749578125 0.06278534062499999 0.5718798890625 0.0457465203125 0.5700890375000001 0.034586862499999996 0.5738258187499999 0.0331577625 0.587422796875 0.0286939 0.588917509375 0.027877271874999998 0.5966872125 0.023413409375 0.598181925 0.0230050953125 0.602066775 0.0185412328125 0.6035614875 0.0164996609375 0.6229857437499999 0.0185274359375 0.6241808125 0.0270468453125 0.6250762390625 0.0315107078125 0.6235815265625 0.0357704125 0.6240292390625 0.042466207812500004 0.621787171875 0.04348699375 0.61207504375 0.04795085625 0.61058033125 0.0491757984375 0.5989257765625 0.062159071875000006 0.598326490625
0 0.47043690781249997 0.7089921968749999 0.4749007703125 0.7074974843749999 0.6367695671875 0.7245105796875 0.6412334296875 0.7230158671875 0.7221678296875 0.731522415625 0.7288636234375 0.729280346875 0.73090519375 0.709856090625 0.7268496468750001 0.707465953125 0.7272579609375 0.7035811015625 0.719351021875 0.6968583984375 0.7197593359375001 0.692973546875 0.7157037890625 0.6905834093750001 0.7159079453125 0.6886409828125 0.711852396875 0.6862508453125 0.7120565546875001 0.6843084187499999 0.7080010062500001 0.6819182796875001 0.7043537718749999 0.675643290625 0.6921871281249999 0.668472875 0.692391284375 0.6665304484375 0.6863079625 0.662945240625 0.677788553125 0.662049815625 0.6737330046875 0.6596596765625 0.626876246875 0.6547348328125 0.622412384375 0.6562295453125 0.58833474375 0.652647840625 0.5838708796875001 0.654142553125 0.5412738296875 0.6496654234375 0.5390418984374999 0.6504127796875 0.5471529937499999 0.65519305625 0.5469488375 0.65713548125 0.5380211125 0.66012490625 0.5378169546875 0.6620673328125 0.5333530921875 0.6635620453125 0.5309170046875 0.6662518265624999 0.4925796578125 0.662222409375 0.49055188281250006 0.661027340625 0.49927545 0.659980340625 0.4972476765625 0.658785271875 0.4844685609375 0.6574421328125 0.48000469843750004 0.6589368453125 0.4714852890625 0.65804141875 0.4536298375 0.6640202687500001 0.4493701328125 0.6635725546875 0.44490627031249996 0.6650672671875 0.4363868609375 0.6641718421875 0.43192299843750004 0.6656665546875 0.414884178125 0.6638757015625 0.401696746875 0.6664174140625 0.376138515625 0.6637311359375 0.37167465312500003 0.6652258484375 0.29499996093749997 0.6571670125 0.2905360984375 0.658661725 0.2820166875 0.6577663 0.2779611390625 0.6553761609375 0.269441728125 0.654480734375 0.26497786562500003 0.655975446875 0.1968225828125 0.6488120390625001 0.1923587203125 0.6503067515625001 0.1199437328125 0.6426956296874999 0.1154798703125 0.6441903421874999 0.0643634078125 0.638817784375 0.0487398890625 0.644049278125 0.0464941609375 0.665415959375 0.048521934375 0.6666110296875 0.0525774828125 0.6690011671875 0.057041345312500005 0.6675064546875 0.2572474890625 0.6885489687499999 0.26171135156249997 0.6870542562499999 0.457657790625 0.7076490578125 0.4621216546875 0.7061543453125 0.466177203125 0.7085444828125 0.47043690781249997 0.7089921968749999
0 0.12493727968749999 0.759089590625 0.14623580625000002 0.7613281546875 0.15029135625 0.76371829375 0.15881076562500002 0.7646137203125 0.163274628125 0.7631190078125 0.214391090625 0.7684915640625001 0.2184466390625 0.7708817031249999 0.22270634375 0.771329415625 0.22717020625 0.769834703125 0.2655075515625 0.7738641203125 0.2695631015625 0.776254259375 0.28234221718749997 0.7775973984375 0.2868060796875 0.7761026859375 0.3208837203125 0.7796843906250001 0.3249392671875 0.7820745296875 0.3334586796875 0.78296995625 0.3379225421875 0.78147524375 0.3419780890625 0.7838653812499999 0.3675363203125 0.7865516593749999 0.3720001828125 0.7850569468749999 0.4614539921875 0.794458921875 0.465509540625 0.7968490609375001 0.4868080671875 0.7990876250000001 0.49127192812500003 0.7975929125000001 0.5594272124999999 0.804756321875 0.563482759375 0.8071464609375001 0.58052158125 0.8089373125 0.5849854437500001 0.8074426000000001 0.6062839703125 0.809681165625 0.6103395171875 0.8120713046875 0.644417159375 0.815653009375 0.6488810218750001 0.8141582968750001 0.6574004328124999 0.8150537218749999 0.6614559796874999 0.8174438609375001 0.6657156859375 0.817891575 0.6701795484375 0.8163968609375001 0.6742350953125 0.818787 0.68275450625 0.8196824265625 0.68721836875 0.8181877140625 0.7085168953125 0.8204262796874999 0.71257244375 0.8228164171874999 0.7170363046875 0.8213217046875 0.76815276875 0.8266942625 0.7705888562500001 0.8240044796875001 0.77505271875 0.8225097671875 0.7766859765625 0.8069703625000001 0.772630428125 0.8045802249999999 0.7732429 0.7987529484375 0.7691873515625 0.7963628093749999 0.767363734375 0.7932253140625 0.7541763031250001 0.7957670265625 0.3282057828125 0.7509957203125001 0.3237419203125 0.7524904328125 0.2896642796875 0.748908728125 0.28560873125 0.7465185890625 0.28114486875 0.7480133015625 0.0809387234375 0.7269707890625 0.076883175 0.7245806499999999 0.0724193125 0.7260753625 0.0683637640625 0.7236852234375 0.05558465 0.7223420843749999 0.0511207875 0.723836796875 0.038341671875 0.7224936578125 0.031645878125 0.7247357265625001 0.0312375640625 0.7286205781249999 0.0267737 0.7301152906249999 0.0249362859375 0.7475971203125 0.0269640609375 0.748792190625 0.0312237671875 0.749239903125 0.0352793140625 0.7516300421875 0.0906554828125 0.7574503109374999 0.0951193453125 0.7559555984374999 0.10363875468749999 0.756851025 0.10769430312499999 0.7592411640625001 0.12047341874999999 0.760584303125 0.12493727968749999 0.759089590625
0 0.1279996375 0.72995320625 0.1320551859375 0.7323433453125 0.217249290625 0.7412976062500001 0.221713153125 0.7398028937500001 0.24301167812500002 0.742041459375 0.24706722656250002 0.7444315984375 0.264106046875 0.74622245 0.26856990937499997 0.7447277375 0.626385146875 0.7823356343750001 0.630849009375 0.780840921875 0.7543804609375 0.7938246 0.7566123921875 0.79307724375 0.7608996921875 0.7522863078124999 0.75684414375 0.74989616875 0.7578649296875 0.740184040625 0.749753834375 0.7354037640625 0.7461066 0.7291287734375 0.7319121828124999 0.7207632890625 0.7296802515625 0.7215106453125 0.7286594656250001 0.731222771875 0.726427534375 0.7319701281250001 0.71364841875 0.7306269890625 0.70918455625 0.7321217015625 0.4621216546875 0.7061543453125 0.457657790625 0.7076490578125 0.27449046718750003 0.6883973953125 0.2700266046875 0.6898921078125 0.0783398703125 0.6697450203125 0.0738760078125 0.6712397328125 0.069820459375 0.66884959375 0.0653565984375 0.6703443078125 0.048317778125 0.6685534546875 0.041621984375 0.6707955234375 0.041417826562499996 0.6727379484375 0.0369539640625 0.6742326624999999 0.036341493749999995 0.6800599390625 0.0318776296875 0.6815546515625 0.027998643750000003 0.7184607375 0.03002641875 0.71965580625 0.0340819671875 0.7220459453125 0.089458134375 0.7278662140625001 0.093921996875 0.7263715015625001 0.1067011125 0.727714640625 0.1107566609375 0.7301047796875 0.11501636562499999 0.7305524921875 0.119480228125 0.7290577796875 0.1279996375 0.72995320625
0 0.326700675 0 0.3230274859375 0.0012299578125 0.324851103125 0.004367453125 0.32687887656250003 0.0055625218749999995 0.32585809062500004 0.01527465 0.33194141250000003 0.0188598578125 0.3404608234375 0.019755284375 0.34492468593750003 0.018260571875 0.3577038015625 0.019603710937499998 0.36175935 0.021993850000000002 0.37879817031249996 0.0237847015625 0.3832620328125 0.0222899890625 0.4130799703125 0.025423981249999998 0.41713551718749997 0.02781411875 0.43843404374999995 0.030052684375 0.44289790625 0.028557971874999998 0.4684561359375 0.03124425 0.47251168593750004 0.0336343890625 0.47697554843749995 0.032139676562500004 0.4810310953125 0.034529815625 0.502329621875 0.036768381249999996 0.5067934843749999 0.0352736671875 0.69848021875 0.05542075625 0.7051760109375 0.0531786875 0.7064009546875 0.041524132812499996 0.7108648171875 0.0400294203125 0.7110689734375 0.0380869953125 0.7070134265625 0.03569685625 0.7078300546875 0.0279271546875 0.70580228125 0.026732084375 0.6078290609375 0.016434684375 0.6033652 0.017929396875 0.5565084421875001 0.013004553125000002 0.5520445796875 0.014499265624999999 0.41999371874999997 0.0006201609375 0.41552985624999994 0.0021148734375 0.41194137187499996 0 0.326700675 0