0 0.30352238593749997 0.1672643421875 0.3057892765625 0.16492783125 0.3263686890625 0.161668371875 0.328635578125 0.15933186093750001 0.349214990625 0.15607240312499998 0.35148188281250003 0.15373589062499998 0.377206146875 0.14966156875 0.37947303906249996 0.14732505625 0.394907596875 0.1448804625 0.3971744875 0.1425439515625 0.42547118125 0.1380621953125 0.427738071875 0.13572568437500002 0.450889909375 0.13205879375000001 0.4531568015625 0.1297222828125 0.4711637859375 0.12687025624999998 0.473430678125 0.12453374531250001 0.49401009062499995 0.1212742859375 0.49627697968750006 0.118937775 0.51942881875 0.115270884375 0.5216957109375 0.11293437343749999 0.5474199765625001 0.10886005000000001 0.5496868671875 0.1065235390625 0.5702662796875 0.1032640796875 0.5725331687499999 0.10092756875 0.5879677296875 0.098482975 0.5902346203125 0.0961464640625 0.6108140328125 0.0928870046875 0.613080921875 0.09055049375 0.6490948953125 0.08484644062499999 0.6513617859374999 0.08250992968750001 0.6745136234375 0.0788430390625 0.6767805140625 0.076506528125 0.6973599265625 0.07324706875 0.6996268156250001 0.0709105578125 0.71248895 0.0688733953125 0.7158892859375 0.0653686296875 0.7134449968750001 0.049935998437500004 0.7157118875 0.047599487499999996 0.7147952796875 0.0418122515625 0.7119173171875001 0.040290604687499995 0.7141842078125 0.03795409375 0.7113062453125 0.036432446875 0.709473028125 0.024857974999999997 0.705156084375 0.0225755046875 0.6897215250000001 0.0250200984375 0.687454634375 0.027356610937499998 0.6643027953125 0.0310235015625 0.6620359062500001 0.0333600125 0.638884065625 0.037026903124999996 0.6366171765625 0.039363414062500005 0.5980307765624999 0.0454749 0.5957638875 0.0478114109375 0.5623223421875 0.05310803125 0.5600554515625 0.0554445421875 0.52918633125 0.06033373125 0.5269194421875001 0.0626702421875 0.5037676015625 0.0663371328125 0.5015007125000001 0.06867364375 0.4809213 0.071933103125 0.478654409375 0.0742696140625 0.45035771562500004 0.0787513703125 0.44809082499999997 0.08108788125000001 0.422366559375 0.08516220468749999 0.4200996703125 0.087498715625 0.3866581234375 0.0927953359375 0.384391234375 0.09513184687500001 0.36123939374999997 0.0987987375 0.35897250468749997 0.10113524843749999 0.3306758125 0.10561700468749999 0.3284089203125 0.107953515625 0.30268465624999996 0.1120278390625 0.3004177640625 0.11436435 0.27726592656250004 0.11803124062499999 0.27499903593749997 0.120367753125 0.2492747703125 0.12444207656249999 0.24700787812499997 0.12677858749999998 0.21099390625 0.13248264062499998 0.20872701718750003 0.1348191515625 0.1881476046875 0.138078609375 0.1858807125 0.1404151203125 0.1807358609375 0.1412299859375 0.177335525 0.14473475156249999 0.18130749375 0.1698127765625 0.18274647500000002 0.1705736 0.186324209375 0.18483797500000002 0.1906411515625 0.18712044375 0.1960915421875 0.18823465781249998 0.22696065937499998 0.18334547031249998 0.22922755156250002 0.181008959375 0.2372503671875 0.181715740625 0.23951725625 0.1793792296875 0.2678139484375 0.1748974734375 0.27008084062500004 0.1725609625 0.30352238593749997 0.1672643421875
0 0.32088868125 0.2436126296875 0.3231555734375 0.24127611875000002 0.3411625578125 0.2384240921875 0.3434294484375 0.23608758124999998 0.351146728125 0.23486528281250002 0.35659711875 0.23597949687500003 0.3588640078125 0.2336429859375 0.3717261421875 0.23160582500000002 0.3739930296875 0.2292693140625 0.3920000171875 0.22641728749999998 0.39426690625 0.2240807765625 0.42256359843749997 0.2195990203125 0.42483049062499995 0.21726250937499997 0.458577571875 0.21389496718749998 0.4608444625 0.21155845625 0.49171357968749996 0.20666926874999997 0.49398047187499994 0.2043327578125 0.5197047375 0.20025843437500002 0.521971628125 0.197921921875 0.542551040625 0.1946624640625 0.5448179296875 0.192325953125 0.5628249171874999 0.1894739265625 0.56509180625 0.187137415625 0.58309879375 0.1842853890625 0.5853656828125 0.181948878125 0.5982278156249999 0.179911715625 0.6079064515625 0.1744238296875 0.6387755687500001 0.169534640625 0.6410424609375001 0.1671981296875 0.6590494453125 0.164346103125 0.6613163375 0.1620095921875 0.699902734375 0.1558981078125 0.7021696265624999 0.1535615953125 0.7201766109375 0.1507095703125 0.7224435031249999 0.14837305781250001 0.755885046875 0.1430764390625 0.7581519390625 0.1407399265625 0.7967383359375 0.1346284421875 0.8053722249999999 0.13919338125 0.8099060046875 0.134520359375 0.81278396875 0.1360420046875 0.8179288203124999 0.13522714062500002 0.8258629375 0.1270493515625 0.8275187562499999 0.1208546828125 0.8320525375000001 0.1161816609375 0.8337083562500001 0.10998699218750001 0.8382421359375 0.1053139703125 0.8441262 0.0925172 0.8422929828125 0.0809427265625 0.8459988562499999 0.0793670390625 0.8539329718750001 0.07118925000000001 0.8536274359375 0.069260171875 0.8581612171874999 0.06458715000000001 0.8572446093750001 0.058799912499999996 0.8403710671875 0.060483684375 0.8381041781249999 0.06282019531250001 0.8123799109375 0.06689451874999999 0.8101130218750001 0.0692310296875 0.7921060343749999 0.07208305625 0.7898391453125 0.07441956718750001 0.7692597328125 0.077679025 0.7669928406250001 0.0800155375 0.7438410015625 0.083682428125 0.7415741125 0.0860189390625 0.7158498468750001 0.09009326250000001 0.71358295625 0.0924297734375 0.690431115625 0.096096665625 0.6881642265625 0.0984331765625 0.662439959375 0.1025075 0.6601730703124999 0.1048440109375 0.644738509375 0.10728860468750001 0.6424716203124999 0.10962511562499999 0.624464634375 0.1124771421875 0.6221977437499999 0.114813653125 0.60161833125 0.11807311250000001 0.5993514421875 0.12040962343749999 0.565909896875 0.12570624375 0.5636430046875 0.12804275468749998 0.5430635921875 0.1313022140625 0.5407967015625 0.133638725 0.5176448640625 0.13730561562500002 0.515377971875 0.1396421265625 0.4973709875 0.142494153125 0.4951040953125 0.1448306640625 0.46680740312499996 0.1493124203125 0.46454051406249997 0.15164893125 0.456823234375 0.152871228125 0.4545563421875 0.15520773906250002 0.4391217828125 0.1576523328125 0.43685489375 0.15998884375 0.4239927609375 0.16202600625000002 0.42172586875 0.1643625171875 0.385711896875 0.1700665703125 0.3834450078125 0.17240308124999998 0.3680104484375 0.174847675 0.36574355625 0.17718418593750002 0.31686745156249996 0.18492540156249998 0.3146005625 0.1872619125 0.296593575 0.19011393906250001 0.2943266859375 0.19245045 0.263457565625 0.1973396375 0.25635135781249996 0.20242009218749998 0.24348922499999998 0.2044572546875 0.2412223375 0.206793765625 0.22064292343749997 0.21005322343750002 0.2183760328125 0.212389734375 0.187506915625 0.21727892343750002 0.18729007656250002 0.22423441562500002 0.1850231859375 0.2265709265625 0.18890645781249998 0.2427643796875 0.19065097343749998 0.24545428125000002 0.21799161875 0.2599099234375 0.22344200781249998 0.26102413750000003 0.2311592875 0.259801840625 0.2340372515625 0.2613234859375 0.23918210312500002 0.260508621875 0.2414489953125 0.25817211093750003 0.2800353921875 0.25206062500000004 0.282302284375 0.2497241140625 0.32088868125 0.2436126296875
0 0.4047340109375 0.24022018906249998 0.407000903125 0.2378836765625 0.4404424484375 0.23258705625 0.4427093390625 0.23025054531250003 0.48386816406250005 0.223731628125 0.48613505312500005 0.2213951171875 0.5092868937499999 0.21772822656250002 0.5115537828125001 0.21539171562499998 0.5372780500000001 0.21131739062500002 0.5395449390625 0.20898087968749998 0.56784163125 0.20449912499999998 0.5701085234375001 0.2021626125 0.6061224953125001 0.1964585609375 0.608389384375 0.19412205 0.63411365 0.1900477265625 0.636380540625 0.18771121562499998 0.65953238125 0.1840443234375 0.6617992703125 0.1817078125 0.6900959624999999 0.17722605625 0.6923628546875 0.1748895453125 0.71808711875 0.170815221875 0.7203540109375 0.1684787109375 0.7435058484375 0.1648118203125 0.7457727390625 0.16247530937500002 0.779214284375 0.15717868906250002 0.7814811749999999 0.1548421765625 0.7969157328125 0.1523975828125 0.800010534375 0.1469637375 0.7993994625 0.14310557968749998 0.7965215 0.141583934375 0.7959104265625 0.1377257765625 0.7864486312500001 0.136258171875 0.784181740625 0.1385946828125 0.7610299 0.1422615734375 0.7587630109375 0.144598084375 0.73303874375 0.1486724078125 0.7307718546874999 0.15100891875 0.7076200140625 0.1546758109375 0.705353125 0.157012321875 0.6847737125 0.1602717796875 0.682506821875 0.16260829062499998 0.654210128125 0.167090046875 0.6519432375 0.1694265578125 0.6287914 0.17309344843750002 0.6265245078125 0.17542996093750002 0.5779539390624999 0.185100253125 0.57568705 0.1874367640625 0.5551076375 0.19069622343749998 0.5528407453125 0.193032734375 0.524544053125 0.19751449062499998 0.5222771640625 0.1998510015625 0.49398047187499994 0.2043327578125 0.49171357968749996 0.20666926874999997 0.4608444625 0.21155845625 0.458577571875 0.21389496718749998 0.41227389375 0.22122875 0.4100070015625 0.2235652609375 0.3971448703125 0.225602421875 0.3948779796875 0.227938934375 0.382015846875 0.2299760953125 0.3797489578125 0.23231260625 0.351452265625 0.23679436250000002 0.3491853734375 0.2391308734375 0.32088868125 0.2436126296875 0.3186217921875 0.245949140625 0.287752671875 0.250838328125 0.28548578125 0.2531748390625 0.2774629671875 0.2524680578125 0.2751960765625 0.25480456875 0.2674787953125 0.256026865625 0.2652119046875 0.2583633765625 0.26233394374999996 0.25684173125 0.2546166640625 0.258064028125 0.25234977187499996 0.2604005390625 0.2343427875 0.263252565625 0.2320758953125 0.2655890765625 0.2192137625 0.2676262390625 0.21581342656250002 0.2711310046875 0.2138520734375 0.2753965953125 0.21529105468749998 0.2761574171875 0.218474553125 0.27960814375 0.2493436703125 0.2747189546875 0.25161056249999997 0.27238244375 0.2824796796875 0.26749325625 0.284746571875 0.2651567453125 0.32333296875 0.259045259375 0.32559986093750004 0.2567087484375 0.37931528281250004 0.24622359062500002 0.3815821734375 0.24388707968749998 0.4047340109375 0.24022018906249998
0 0.34696774218750004 0.2750765890625 0.349234634375 0.272740078125 0.3775313265625 0.268258321875 0.379798215625 0.2659218109375 0.4106673359375 0.261032621875 0.412934225 0.2586961109375 0.451520625 0.25258462656249997 0.4537875140625 0.250248115625 0.4923739140625 0.2441366296875 0.494640803125 0.24180011875 0.5203650703125 0.2377257953125 0.5226319593750001 0.235389284375 0.5535010796875001 0.230500096875 0.55576796875 0.22816358593750002 0.5789198078125 0.22449669375 0.5811867000000001 0.2221601828125 0.6094833921875 0.21767842656249997 0.61175028125 0.215341915625 0.6426194015625 0.21045272812500002 0.6448862906249999 0.2081162171875 0.6706105578125 0.20404189375 0.6728774468750001 0.2017053828125 0.7063189921874999 0.1964087625 0.7085858843749999 0.19407225 0.7394550015625 0.1891830625 0.7417218906249999 0.18684655156250002 0.762301303125 0.1835870921875 0.7645681953125 0.18125058125 0.800582165625 0.1755465296875 0.8062493937499999 0.1697052515625 0.8034995687500001 0.1523435421875 0.7840536 0.1544347453125 0.7817867125 0.15677125625 0.7534900203125 0.1612530125 0.751223128125 0.1635895234375 0.7229264359375 0.1680712796875 0.720659546875 0.170407790625 0.6949352796875 0.1744821140625 0.692668390625 0.176818625 0.63895296875 0.18730378281249999 0.6366860765625 0.18964029375 0.608389384375 0.19412205 0.6061224953125001 0.1964585609375 0.577825803125 0.20094031562499998 0.5755589109375 0.203276828125 0.54726221875 0.2077585828125 0.5449953296875 0.21009509375 0.5064089296875001 0.21620657968749998 0.504142040625 0.21854309062500002 0.4809902015625 0.22220998125000002 0.478723309375 0.2245464921875 0.4452817640625 0.2298431140625 0.443014875 0.23217962499999997 0.4224354625 0.2354390828125 0.420168571875 0.23777559374999999 0.3841545984375 0.243479646875 0.381887709375 0.2458161578125 0.3587358703125 0.2494830484375 0.356468978125 0.2518195609375 0.3281722859375 0.25630131562499997 0.325905396875 0.2586378265625 0.2976087046875 0.26311958281250003 0.29534181249999997 0.26545609375 0.269617546875 0.26953041718750004 0.26735065625 0.271866928125 0.26190026718750004 0.2707527140625 0.259633378125 0.273089225 0.239053965625 0.276348684375 0.23678707499999999 0.27868519531249997 0.213635234375 0.28235208749999996 0.21023489999999997 0.285856853125 0.2135070984375 0.29819215 0.219568559375 0.3031645203125 0.22471341093750002 0.30234965625 0.226980303125 0.3000131453125 0.2449872875 0.29716111875 0.2472541796875 0.2948246078125 0.29355785624999997 0.287490825 0.2958247484375 0.2851543140625 0.3189765859375 0.2814874234375 0.321243478125 0.2791509125 0.34696774218750004 0.2750765890625
0 0.3615349546875 0.3004539625 0.39240407187500004 0.295564775 0.3946709640625 0.2932282625 0.440974640625 0.28589448125 0.4432415328125 0.2835579703125 0.47153822500000003 0.2790762140625 0.47380511406250003 0.27673970312499996 0.504674234375 0.271850515625 0.5069411234375 0.26951400468750003 0.5352378156250001 0.2650322484375 0.5375047078125 0.26269573749999997 0.5735186796875 0.25699168437500003 0.57578556875 0.2546551734375 0.601509834375 0.25058085 0.603776725 0.24824433906249999 0.629500990625 0.24417001562500001 0.6317678828125 0.241833503125 0.6652094265625 0.23653688437499998 0.66747631875 0.234200371875 0.6957730109375 0.2297186171875 0.6980399 0.22738210625000002 0.739198725 0.2208631875 0.7414656171875 0.21852667656250002 0.76718988125 0.214452353125 0.7694567734375 0.21211584218750001 0.7977534656249999 0.20763408593750002 0.8000203546875 0.20529757499999998 0.8051652078125 0.20448271093749998 0.80856554375 0.20097794375000003 0.8048991109375001 0.1778289984375 0.800582165625 0.1755465296875 0.7748579 0.179620853125 0.7725910109374999 0.18195736406250002 0.74686674375 0.18603168750000001 0.74459985625 0.1883681984375 0.7163031640625 0.192849953125 0.714036271875 0.195186465625 0.6857395796875 0.1996682203125 0.683472690625 0.20200473125 0.6551759984375 0.2064864875 0.65290910625 0.2088229984375 0.614322709375 0.21493448437499998 0.6120558171875 0.2172709953125 0.586331553125 0.22134531875 0.5840646609375 0.2236818296875 0.548050690625 0.2293858828125 0.5457837999999999 0.23172239375 0.5149146796874999 0.23661158124999998 0.512647790625 0.23894809218750002 0.4766338171875 0.24465214531249999 0.4743669265625 0.24698865625000002 0.44607023593750006 0.2514704125 0.4438033453125 0.2538069234375 0.412934225 0.2586961109375 0.4106673359375 0.261032621875 0.3875154953125 0.26469951406250003 0.38524860625 0.267036025 0.3415173546875 0.273962375 0.3392504625 0.2762988859375 0.321243478125 0.2791509125 0.3189765859375 0.2814874234375 0.2752453359375 0.28841377343749997 0.27297844375 0.290750284375 0.25239903125 0.29400974375 0.250132140625 0.29634625468750003 0.2421093265625 0.295639471875 0.2398424359375 0.29797598281250004 0.22070200468749998 0.30199626562500004 0.21874064999999998 0.3062618546875 0.2232349921875 0.3263134671875 0.22611295468749998 0.32783511249999997 0.2338302328125 0.326612815625 0.2367081953125 0.3281344625 0.2415475125 0.32539051875 0.300713325 0.316019575 0.30298021406250003 0.3136830640625 0.33384933437500003 0.308793875 0.33611622343750003 0.3064573640625 0.3592680625 0.3027904734375 0.3615349546875 0.3004539625
0 0.3906201171875 0.31759950625 0.3960705046875 0.3187137203125 0.4012153578125 0.3178988546875 0.40348224843749997 0.31556234375000003 0.4317789421875 0.3110805875 0.4340458328125 0.30874407656249997 0.46748737812499996 0.30344745624999997 0.4697542671875 0.3011109453125 0.498050959375 0.296629190625 0.5003178515625 0.29429267812500004 0.5440491015625 0.28736632968750003 0.5463159921875 0.2850298171875 0.5746126859375 0.2805480625 0.5768795765625 0.27821155000000003 0.610321121875 0.27291492968750003 0.6125880109375 0.27057841875 0.64345713125 0.26568923125 0.6457240203125 0.2633527203125 0.6740207125000001 0.2588709640625 0.6762876046875 0.256534453125 0.7097291484375 0.2512378328125 0.711996040625 0.24890132187499997 0.7505824375000001 0.24278983593749998 0.7528493296875001 0.240453325 0.7888632999999999 0.234749271875 0.791130190625 0.23241276093750002 0.8014198984375 0.23078303125000002 0.8096595499999999 0.224534321875 0.807520796875 0.2110307703125 0.80289831875 0.20681922187500001 0.777174053125 0.21089354531249999 0.7749071625 0.21323005625000002 0.7466104687499999 0.2177118125 0.744343578125 0.2200483234375 0.7057571796875 0.2261598078125 0.7034902890625 0.22849632031249997 0.672621171875 0.2333855078125 0.6703542796875 0.23572201874999998 0.6394851625 0.24061120625000001 0.6372182703125 0.24294771874999999 0.5934870203125 0.2498740671875 0.5912201296874999 0.25221057812500003 0.5680682890625001 0.2558774703125 0.5658014 0.25821398125 0.529787428125 0.263918034375 0.5275205359374999 0.2662545453125 0.49150656562500006 0.27195859843750003 0.489239675 0.274295109375 0.46351540937499996 0.27836943281250004 0.4612485171875 0.28070594375 0.43037939999999997 0.28559513124999997 0.428112509375 0.2879316421875 0.3972433890625 0.29282083124999997 0.3949765 0.2951573421875 0.371824659375 0.29882423281250003 0.36955777031250003 0.30116074375 0.32582651875 0.30808709375 0.3235596265625 0.3104236046875 0.2978353609375 0.314497928125 0.2955684703125 0.316834440625 0.29011808125 0.3157202265625 0.2878511921875 0.3180567359375 0.26469935312500004 0.321723628125 0.2624324609375 0.32406013906250003 0.23413576875 0.3285418953125 0.22846854374999997 0.334383171875 0.2302130609375 0.337073075 0.2328741875 0.3455502125 0.2400690921875 0.3493543296875 0.2838003453125 0.3424279796875 0.28606723437500003 0.34009146874999996 0.31693635468750003 0.3352022796875 0.31920324375 0.33286576874999996 0.34492751093749996 0.3287914453125 0.3471944 0.326454934375 0.388353225 0.3199360171875 0.3906201171875 0.31759950625
0 0.2659707578125 0.363049146875 0.296839875 0.358159959375 0.29910676718749996 0.35582344843749997 0.347982871875 0.3480822328125 0.35024976093750004 0.345745721875 0.38369130625 0.3404491015625 0.385958196875 0.338112590625 0.4168273171875 0.333223403125 0.41909420624999993 0.3308868921875 0.46025303125 0.3243679734375 0.4625199234375 0.3220314625 0.4985338953125 0.31632740937500003 0.500800784375 0.3139908984375 0.5368147578125 0.3082868453125 0.5390816484375 0.30595033437499997 0.5648059140624999 0.3018760109375 0.5670728031250001 0.29953949999999996 0.5927970703125001 0.2954651765625 0.595063959375 0.293128665625 0.6285055046875 0.2878320453125 0.6307723953125 0.28549553437499997 0.664213940625 0.28019891406249997 0.6664808328125 0.277862403125 0.694777525 0.273380646875 0.6970444140625001 0.2710441359375 0.7330583859375001 0.2653400828125 0.735325278125 0.263003571875 0.7584771156250001 0.25933668125 0.76074400625 0.2570001703125 0.7636219703125 0.258521815625 0.7658888578124999 0.2561853046875 0.7967579796875001 0.2512961171875 0.7990248671875 0.24895960625 0.8053031671875001 0.24697648593750002 0.80346995 0.23540201249999998 0.79370261875 0.23200532968749998 0.7885577640625 0.23282019375 0.786290875 0.2351567046875 0.7528493296875001 0.240453325 0.7505824375000001 0.24278983593749998 0.7094236125 0.2493087546875 0.707156721875 0.251645265625 0.6685703234375 0.25775675 0.6663034328124999 0.2600932609375 0.635434315625 0.26498245 0.6331674234375 0.2673189609375 0.597153453125 0.2730230125 0.5948865624999999 0.275359525 0.571734721875 0.279026415625 0.5694678328125 0.2813629265625 0.5360262875 0.286659546875 0.5337593968750001 0.28899605781250004 0.5028902765625001 0.293885246875 0.5006233875 0.29622175781250004 0.4646094140625 0.3019258109375 0.46234252343750004 0.304262321875 0.4340458328125 0.30874407656249997 0.4317789421875 0.3110805875 0.39576496875 0.316784640625 0.3934980796875 0.3191211515625 0.362628959375 0.324010340625 0.36036206875 0.3263468515625 0.3269205234375 0.331643471875 0.324653634375 0.33397998281249996 0.2989293671875 0.33805430625 0.296662478125 0.34039081718749997 0.26322093281250003 0.34568743749999997 0.260954040625 0.34802395 0.24294705625000002 0.350875975 0.2395467203125 0.3543807421875 0.24098570156250002 0.355141565625 0.24569688125 0.36823768437500004 0.25454760625 0.36584713281250003 0.2533254609375 0.3581308171875 0.25044749843749997 0.3566091703125 0.2564202625 0.35269697187500004 0.25899268750000004 0.3522895390625 0.26330963125 0.354572009375 0.263920703125 0.358430165625 0.26165381249999997 0.36076667812499996 0.2659707578125 0.363049146875
0 0.44211790781250004 0.3430600625 0.4652697484375 0.339393171875 0.4675366375 0.3370566609375 0.500978184375 0.331760040625 0.5032450734375 0.3294235296875 0.539259046875 0.3237194765625 0.5415259359375 0.321382965625 0.5698226281250001 0.316901209375 0.5720895171875 0.3145646984375 0.6003862109375 0.3100829421875 0.6026531015625001 0.30774643125 0.6412395 0.30163494687500003 0.643506390625 0.2992984359375 0.6820927890624999 0.29318695 0.6843596796875 0.2908504390625 0.717801225 0.28555381875 0.7200681140625 0.2832173078125 0.74579238125 0.279142984375 0.7480592703125 0.2768064734375 0.778928390625 0.271917284375 0.783245334375 0.2741997546875 0.78385640625 0.2780579125 0.78673436875 0.2795795578125 0.7891786578125 0.29501218906250004 0.7869117671875 0.2973487 0.7912287109375 0.29963116875 0.794629046875 0.296126403125 0.7943235109375 0.2941973234375 0.8056579625 0.28251476875 0.8053524265625001 0.2805856890625 0.8118475625 0.271647078125 0.808486665625 0.2504272109375 0.804169721875 0.248144740625 0.7887351625 0.250589334375 0.786468271875 0.252925846875 0.76074400625 0.2570001703125 0.7584771156250001 0.25933668125 0.7276079984375 0.26422586875 0.7253411062499999 0.26656237968749996 0.689327134375 0.2722664328125 0.6870602453125 0.27460294375 0.6230551156249999 0.28671783125 0.6207882265625 0.2890543421875 0.592491534375 0.2935360984375 0.5902246421874999 0.29587260937500004 0.5619279500000001 0.300354365625 0.5596610609375 0.3026908765625 0.528791940625 0.3075800640625 0.5265250499999999 0.309916575 0.4905110796875 0.31562062812499997 0.4882441875 0.3179571390625 0.449657790625 0.324068625 0.4473908984375 0.3264051359375 0.41394935468750005 0.33170175625 0.41168246249999996 0.3340382671875 0.37824091718749997 0.3393348875 0.375974028125 0.3416713984375 0.34253248125 0.34696801875 0.3402655921875 0.34930452968750003 0.2939619140625 0.3566383125 0.2916950234375 0.3589748234375 0.243124453125 0.3686451171875 0.241991009375 0.36981337187499996 0.2455687421875 0.38407774687499996 0.2712930078125 0.3800034234375 0.2735599 0.3776669125 0.3172911515625 0.3707405625 0.319558040625 0.3684040515625 0.358144440625 0.3622925671875 0.3604113296875 0.35995605625 0.4041425828125 0.35302970624999996 0.406409471875 0.3506931953125 0.43985101875000004 0.3453965734375 0.44211790781250004 0.3430600625
0 0.3668275859375 0.4004667109375 0.40798641093750004 0.3939477921875 0.410253303125 0.39161128125 0.48228124531249994 0.38020317656249997 0.48454813750000003 0.3778666640625 0.4922654171875 0.3766443671875 0.49453230625 0.37430785625 0.49998269687499997 0.3754220703125 0.5022495859375 0.373085559375 0.5408359859375 0.366974075 0.543102875 0.36463756406250003 0.5611098625000001 0.3617855375 0.5633767515625 0.3594490265625 0.6199701359375 0.3504855140625 0.622237028125 0.34814900312499997 0.6505337203125 0.343667246875 0.6528006093750001 0.3413307359375 0.6862421546874999 0.336034115625 0.6885090468749999 0.3336976046875 0.7451024312500001 0.32473409375 0.7569198171875 0.3327497578125 0.764637096875 0.33152746093749996 0.7748381046875 0.3210131609375 0.77453256875 0.31908408125 0.7878283749999999 0.3031359359375 0.787217303125 0.299277778125 0.78948419375 0.29694126718749997 0.7882620499999999 0.289224953125 0.7850785499999999 0.2857742265625 0.7870399046875 0.2815086375 0.7841619421875 0.279986990625 0.783245334375 0.2741997546875 0.7763559625 0.2723247171875 0.7686386828125 0.2735470140625 0.7663717937500001 0.275883525 0.7149232609375 0.28403217187499996 0.7126563703125 0.2863686828125 0.681787253125 0.29125787187499996 0.6795203609375 0.2935943828125 0.6409339640625 0.29970586718750003 0.6386670718749999 0.302042378125 0.6077979546875001 0.30693156718750003 0.6055310625 0.309268078125 0.5746619453124999 0.314157265625 0.5723950546875 0.316493778125 0.5286638015625 0.32342012656249997 0.5263969140625 0.3257566375 0.500672646875 0.3298309609375 0.4984057578125 0.332167471875 0.47268149218750005 0.3362417953125 0.47041459999999996 0.3385783078125 0.43954548281249994 0.3434674953125 0.4372785921875 0.34580400624999996 0.33952638125 0.3612864359375 0.33664841874999996 0.3597647890625 0.3343815296875 0.3621013 0.31894696875 0.36454589375 0.31606900625 0.36302424843750003 0.3109241515625 0.3638391125 0.3085685640625 0.357291053125 0.3045571546875 0.3569376625 0.30412348125 0.3708486453125 0.30155105625 0.371256078125 0.29579513125 0.3682127859375 0.2906502765625 0.36902765 0.285810959375 0.37177159375 0.282627459375 0.36832086875000003 0.27778814375 0.3710648125 0.272643290625 0.3718796765625 0.2681095109375 0.3765526984375 0.26039223125 0.3777749953125 0.25751426718750003 0.37625335 0.252369415625 0.3770682140625 0.2455687421875 0.38407774687499996 0.23785146250000003 0.38530004375 0.2355845734375 0.38763655468749997 0.23043971875000002 0.3884514203125 0.2270393828125 0.3919561875 0.22939497343749998 0.398504246875 0.2335837796875 0.41662677812500004 0.24365664687500002 0.4219525421875 0.2491070359375 0.42306675625 0.25939674375 0.4214370265625 0.2622747078125 0.422958671875 0.2671140234375 0.4202147296875 0.3057004203125 0.41410324374999996 0.3079673125 0.4117667328125 0.36456069687500003 0.402803221875 0.3668275859375 0.4004667109375
0 0.4786640734375 0.390663434375 0.5223953265625 0.383737084375 0.524662215625 0.3814005734375 0.5709658953125001 0.37406679062500003 0.573232784375 0.37173028124999996 0.6169640375000001 0.3648039296875 0.6192309265625 0.3624674203125 0.662962178125 0.35554107031250004 0.6652290703125 0.3532045578125 0.714105175 0.34546334375 0.7163720640625 0.3431268328125 0.747241184375 0.3382376453125 0.75064151875 0.33473287812499997 0.7497249109374999 0.3289456421875 0.7454079671875 0.326663171875 0.7376906875 0.32788546875 0.7348127234375 0.32636382343750003 0.7142333109375001 0.32962328125 0.7119664218749999 0.3319597921875 0.673380021875 0.33807127812500004 0.6711131328125 0.3404077890625 0.6402440125 0.34529697656249997 0.637977121875 0.3476334875 0.5993907234375 0.3537449734375 0.5971238328124999 0.356081484375 0.5636822875 0.3613781046875 0.5614153984375 0.363714615625 0.5228289984375001 0.3698261015625 0.5205621093749999 0.3721626125 0.48454813750000003 0.3778666640625 0.48228124531249994 0.38020317656249997 0.43854999531249994 0.38712952500000003 0.43628310312499996 0.3894660375 0.3925518515625 0.3963923875 0.3902849625 0.39872889843750003 0.3388364296875 0.40687754531250003 0.3365695421875 0.40921405625 0.2928382875 0.41614040625 0.2905713984375 0.41847691718749996 0.2851210078125 0.41736270312499996 0.2828541203125 0.41969921406250005 0.25970228125 0.42336610468749997 0.25630194375 0.426870871875 0.25896306875 0.435348009375 0.2898321890625 0.430458821875 0.292099078125 0.42812231093750003 0.333257903125 0.42160339375 0.33552479375 0.4192668828125 0.3869733265625 0.4111182359375 0.389240215625 0.408781725 0.43554389374999997 0.4014479421875 0.437810784375 0.39911143125000004 0.47639718281250004 0.39299994531250004 0.4786640734375 0.390663434375
0 0.43437100937500006 0.42734083125 0.43663790156250004 0.4250043203125 0.470079446875 0.4197077 0.4723463375 0.4173711875 0.5160775875 0.41044483906250007 0.5183444796875001 0.40810832656249996 0.5620757296875001 0.401181978125 0.5643426203125 0.3988454671875 0.615791153125 0.39069681875 0.6180580421874999 0.3883603078125 0.6617892953125 0.3814339578125 0.6640561843749999 0.379097446875 0.705215009375 0.3725785296875 0.7074819 0.37024201875 0.7666477109375001 0.36087107500000004 0.7700480468750001 0.3573663078125 0.7679092953125 0.34386275624999996 0.7650313328125 0.34234111093749997 0.7626757421875 0.3357930515625 0.7163720640625 0.3431268328125 0.714105175 0.34546334375 0.6729463499999999 0.35198226093749996 0.670679459375 0.354318771875 0.62437578125 0.3616525546875 0.6221088890625001 0.363989065625 0.5758052124999999 0.3713228484375 0.5735383203125 0.373659359375 0.5298070703125 0.38058570937499997 0.5275401796875 0.3829222203125 0.4838089265625 0.3898485703125 0.4815420375 0.39218508124999996 0.4403832125 0.3987039984375 0.43811632031250003 0.401040509375 0.389240215625 0.408781725 0.3869733265625 0.4111182359375 0.3458145015625 0.417637153125 0.3435476109375 0.4199736640625 0.2972439328125 0.4273074453125 0.29497704062499996 0.4296439578125 0.25639064375 0.4357554421875 0.251028953125 0.4435257984375 0.2530790046875 0.4481447796875 0.2563512046875 0.460480075 0.2629350375 0.460426034375 0.2652019296875 0.45808952343750003 0.316650459375 0.4499408765625 0.31891735 0.447604365625 0.3243677390625 0.4487185796875 0.32663463125000003 0.44638206875 0.385800440625 0.437011125 0.3880673328125 0.4346746125 0.43437100937500006 0.42734083125
0 0.470917175 0.474944203125 0.4731840671875 0.472607690625 0.527205025 0.46405161250000004 0.5294719140625 0.46171510156249995 0.5912101515625 0.45193672500000004 0.5934770421875 0.44960021406250006 0.59892743125 0.45071442812500007 0.60376675 0.44797048437500003 0.6655049875 0.4381921078125 0.6677718765625 0.43585559687500003 0.7295101140625 0.42607722031249995 0.732388078125 0.4275988671875 0.7375329296875 0.42678400312500003 0.7397998218749999 0.424447490625 0.7552343796875001 0.42200289687500003 0.7575012703125 0.41966638593749994 0.7652185515625 0.41844408906249997 0.7708857765625 0.41260281093750006 0.7656916640625 0.379808471875 0.7628137015625 0.378286825 0.7606749484375 0.3647832734375 0.7563580062499999 0.3625008046875 0.7229164609375001 0.367797425 0.7206495687500001 0.3701339359375 0.65891133125 0.3799123125 0.6566444421875001 0.3822488234375 0.6154856171875001 0.38876774062499997 0.6132187265625 0.3911042515625 0.5643426203125 0.3988454671875 0.5620757296875001 0.401181978125 0.526061759375 0.4068860296875 0.5237948671875 0.4092225421875 0.4697739109375 0.41777862031249996 0.46750701875 0.42011513125000005 0.46205662968750005 0.41900091718750004 0.4597897390625 0.421337428125 0.43406547343749996 0.42541175156250005 0.43179858437499996 0.42774826250000003 0.3880673328125 0.4346746125 0.385800440625 0.437011125 0.324062203125 0.44678950000000006 0.3217953140625 0.44912601093750004 0.2600570765625 0.45890438749999996 0.25469538593749996 0.46667474374999995 0.25705097499999996 0.4732228046875 0.25848995625 0.4739836265625 0.26368406875 0.5067779671875 0.276329365625 0.5116962968750001 0.32263304375 0.5043625140625 0.3248999328125 0.502026003125 0.376348465625 0.49387735624999995 0.37861535625 0.4915408453125 0.43778116718750004 0.48216990156249995 0.4400480578125 0.47983339062499997 0.470917175 0.474944203125
0 0.5408556265625 0.48364175 0.54312251875 0.4813052390625 0.5945710484375 0.4731565921875 0.5968379390624999 0.47082008125 0.653431325 0.46185656875000003 0.6556982140625001 0.45952005781249994 0.678850053125 0.4558531671875 0.6817280171875 0.4573748125 0.7048798546875 0.453707921875 0.707146746875 0.4513714109375 0.7100247093750001 0.4528930578125 0.7203144140625 0.45126332812500003 0.72258130625 0.44892681718749994 0.727726159375 0.4481119515625 0.7336989203125001 0.44419975312500004 0.7312546328125 0.4287671234375 0.7269376890625 0.426484653125 0.6909237171875 0.43218870625 0.688656825 0.4345252171875 0.6166288828125001 0.445933321875 0.614361990625 0.448269834375 0.5500513265625 0.4584556421875 0.5477844375 0.460792153125 0.4937634796875 0.46934823281250004 0.4914965875 0.47168474375 0.4400480578125 0.47983339062499997 0.43778116718750004 0.48216990156249995 0.3889050609375 0.4899111171875 0.38663817031250003 0.492247628125 0.3326172125 0.5008037062499999 0.3303503234375 0.5031402171875 0.29433635156250004 0.5088442703125 0.290936015625 0.5123490375 0.2945137484375 0.5266134124999999 0.29739171249999996 0.5281350578125 0.34369538906249997 0.5208012765625 0.34596228125 0.518464765625 0.40770051875 0.5086863890625 0.4099674078125 0.506349878125 0.4128453703125 0.507871525 0.4151122625 0.5055350125 0.47170564531250003 0.4965715015625 0.4739725359375 0.494234990625 0.5408556265625 0.48364175
0 0.50071193125 0.5631663109375 0.5029788203125001 0.5608297999999999 0.6135931625 0.543310209375 0.6158600546875 0.5409736984375 0.6724534390625 0.5320101875 0.674720328125 0.5296736765625 0.6901548875 0.5272290828124999 0.6935552234375 0.523724315625 0.6889721828125001 0.4947881328125 0.6860942203125 0.4932664875 0.6809001078125 0.46047214687500004 0.6765831625 0.458189678125 0.627707059375 0.46593089218749995 0.62544016875 0.46826740312500004 0.5739916359375 0.47641605 0.571724746875 0.47875256093749996 0.5228486421875 0.48649377656250004 0.5205817500000001 0.4888302875 0.5151313609375 0.4877160734375 0.5128644703125 0.490052584375 0.43054682031249997 0.50309041875 0.42827993124999997 0.5054269296875 0.42540196718749995 0.503905284375 0.42313507812499995 0.5062417953125 0.361396840625 0.5160201703125 0.35912995 0.5183566828124999 0.29739171249999996 0.5281350578125 0.2917244859375 0.5339763359374999 0.2950853828125 0.5551962031250001 0.2979633453125 0.55671785 0.296001990625 0.5609834390625 0.29774650937499997 0.5636733406250001 0.2991854890625 0.5644341640625 0.3037685296875 0.593370346875 0.308085475 0.595652815625 0.3698237125 0.5858744390624999 0.37209060312500003 0.5835379281249999 0.48013251874999996 0.5664257703125 0.48239940781249996 0.564089259375 0.4875442625 0.56327439375 0.4904222234375 0.564796040625 0.50071193125 0.5631663109375
0 0.7315798109375 0.5473638765625 0.7287018484375001 0.5458422296875 0.7256464874999999 0.5265514421875 0.7158791531250001 0.523154759375 0.7136122640625 0.5254912703125 0.70075013125 0.52752843125 0.698483240625 0.5298649421875 0.6007310296874999 0.5453473718749999 0.598464140625 0.5476838828124999 0.50071193125 0.5631663109375 0.4984450390625 0.5655028234375 0.33638216718749997 0.5911710609374999 0.334115275 0.593507571875 0.290384025 0.600433921875 0.2869836890625 0.6039386875 0.2933999453125 0.6444493421875 0.294838928125 0.645210165625 0.297716890625 0.6467318125 0.320868728125 0.643064921875 0.3231356203125 0.6407284093750001 0.5083503328125001 0.61139328125 0.510617221875 0.6090567703125 0.7009767890624999 0.5789067765625 0.703243678125 0.576570265625 0.7315403703125 0.5720885109375 0.7349407078125 0.56858374375 0.7315798109375 0.5473638765625
0 0.8184410609375 0.5879868578125 0.8162136109375 0.565598734375 0.80871316875 0.5598655390625 0.73925765 0.5708662125 0.736990759375 0.573202725 0.5980797265625 0.5952040703125 0.595812834375 0.59754058125 0.4003084171875 0.6285054390625 0.3980415265625 0.63084195 0.30286174374999997 0.645916946875 0.2971945171875 0.651758225 0.3019943953125 0.673738915625 0.3077503203125 0.6767822078125 0.3694885578125 0.66700383125 0.371755446875 0.6646673203125 0.5852668515625 0.6308504359375 0.58753374375 0.628513925 0.7238723515625 0.6069200109375 0.7261392421874999 0.6045835 0.785305053125 0.59521255625 0.78757194375 0.5928760453125 0.8184410609375 0.5879868578125
0 0.5615532015625 0.6642683734375 0.5638200921875 0.6619318625 0.61784105 0.653375784375 0.6207190140625001 0.6548974296875001 0.622985903125 0.65256091875 0.7516072328125001 0.6321893015625 0.75448519375 0.6337109484375001 0.76045795625 0.62979875 0.7592358124999999 0.622082434375 0.761502703125 0.6197459234375 0.7605860953125 0.6139586859375 0.7577081328124999 0.6124370406249999 0.7561804515625 0.602791646875 0.7492910796875 0.600916609375 0.7470241921875 0.6032531203125 0.5952510234374999 0.627291628125 0.5929841312499999 0.6296281390625 0.42577640624999996 0.6561112421875 0.423509515625 0.658447753125 0.4206315515625 0.65692610625 0.4154866984375 0.657740971875 0.41321980781249995 0.6600774828125 0.40776941874999995 0.65896326875 0.402930103125 0.6617072109375 0.3974797140625 0.660592996875 0.3926403953125 0.663336940625 0.3797782625 0.665374103125 0.3769003015625 0.66385245625 0.374633409375 0.6661889671875 0.31032274531250004 0.6763747765625 0.3069224109375 0.6798795421875 0.311416753125 0.699931153125 0.3149057859375 0.7053109578125001 0.348347334375 0.7000143375000001 0.350614221875 0.6976778265625 0.36090392968749996 0.696048096875 0.3637818921875 0.69756974375 0.376644025 0.69553258125 0.3789109140625 0.6931960703125 0.38436130468749996 0.694310284375 0.38920062187500004 0.691566340625 0.5615532015625 0.6642683734375
0 0.7878873 0.6531389609375 0.7857485484375 0.6396354093750001 0.78256505 0.6361846843750001 0.77249218125 0.630858921875 0.7622024734374999 0.6324886515625 0.759935584375 0.6348251625 0.757057621875 0.633303515625 0.7547907296874999 0.6356400265625 0.4898307953125 0.6776055578125 0.48756390312500003 0.6799420703125 0.4772741984375 0.6815717984375 0.474396234375 0.6800501531250001 0.45124439687500006 0.68371704375 0.44897750625 0.6860535546875 0.31778375 0.7068326046875 0.3047047796875 0.7158252578125001 0.302743425 0.7200908484374999 0.30540455 0.7285679859374999 0.3085880515625 0.7320187109375 0.33945716875 0.7271295234374999 0.34233513125 0.7286511703125 0.3500524125 0.727428871875 0.352319303125 0.7250923609375 0.3677538609375 0.7226477671875 0.37063182499999997 0.7241694140625 0.37547114062500003 0.7214254703125 0.7819145390625 0.6570511609375 0.7878873 0.6531389609375
0 0.313732903125 0.731203846875 0.3080656765625 0.7370451250000001 0.31256002031249996 0.7570967359375 0.31430453593749996 0.7597866375 0.3211939078125 0.761661675 0.76107885 0.69199074375 0.7622122953125 0.6908224890625 0.7576292546875 0.6618863078125 0.7561902734375 0.6611254843750001 0.3446020234375 0.7263146578125 0.3397627046875 0.7290586015625 0.33688474375 0.7275369546875 0.313732903125 0.731203846875
0 0.693850784375 0.725379540625 0.692323103125 0.7157341453125 0.69458999375 0.7133976343749999 0.693978921875 0.7095394765624999 0.6864784796875 0.7038062828125 0.4884016328125 0.7351785734375 0.48613474375 0.737515084375 0.48325677968749997 0.7359934375 0.46010494218750003 0.739660328125 0.45783805156249996 0.7419968390625 0.43468621093750004 0.74566373125 0.43180825 0.744142084375 0.42696893124999996 0.7468860281249999 0.42151854218749996 0.7457718140625 0.3855045703125 0.7514758671874999 0.38323768125 0.753812378125 0.32407186875 0.7631833218749999 0.3229384234375 0.7643515765625 0.3256882484375 0.7817132859375 0.3285662109375 0.7832349328125 0.32629932031250003 0.78557144375 0.3277383015625 0.7863322671875 0.330399428125 0.7948094046875 0.3369832609375 0.7947553640625 0.339861225 0.796277009375 0.344700540625 0.7935330671874999 0.3549902484375 0.7919033375 0.35786820937499997 0.793424984375 0.694856090625 0.740051346875 0.69446185625 0.7292376968750001 0.6967287468750001 0.7269011859375001 0.693850784375 0.725379540625
0 0.702800028125 0.7902073953125 0.708772790625 0.786295196875 0.7032731421875 0.751571778125 0.7003951796875 0.75005013125 0.6994785703125 0.7442628953125 0.6951616265625 0.7419804265625001 0.399332571875 0.7888351453125 0.396454609375 0.7873134984375 0.3681579171875 0.7917952546875 0.3658910265625 0.794131765625 0.32987705312500004 0.79983581875 0.31740915625 0.8126866296875 0.315447803125 0.8169522203125 0.31749785625000004 0.8215712 0.3226032703125 0.8454809687499999 0.3269202140625 0.8477634390625 0.4889830875 0.8220952015625 0.4918610515625 0.823616846875 0.49412794218749995 0.8212803359375 0.506990075 0.8192431750000001 0.5098680359375 0.820764821875 0.5147073546875001 0.818020878125 0.52015774375 0.8191350921874999 0.702800028125 0.7902073953125
0 0.72817931875 0.8089286265625001 0.7272627109375 0.803141390625 0.7243847484375 0.8016197437500001 0.7231626046875 0.7939034281249999 0.7156621609375 0.788170234375 0.3297981765625 0.849285084375 0.3221695953125 0.859391953125 0.32574732968750003 0.8736563281249999 0.3277973828125 0.8782753078125 0.33211432812499997 0.8805577781249999 0.537908453125 0.847963190625 0.540786415625 0.8494848375 0.67198016875 0.8287057875 0.6748581312499999 0.830227434375 0.7237342375 0.8224862203125 0.7271345734375 0.818981453125 0.725912428125 0.8112651375000001 0.72817931875 0.8089286265625001
0 0.666145365625 0.8751117624999999 0.725311178125 0.8657408171875 0.7281891390624999 0.8672624640625 0.741051271875 0.865225303125 0.744451609375 0.8617205359375 0.741829921875 0.8285187640625 0.738951959375 0.8269971171874999 0.7383408874999999 0.823138959375 0.735462925 0.8216173140624999 0.7334128703125 0.8169983328124999 0.7308404453125 0.817405765625 0.7263066640625 0.8220787875 0.615692321875 0.839598378125 0.6128143578125 0.8380767312499999 0.4713308984375 0.8604855109375 0.468452934375 0.8589638640624999 0.33211432812499997 0.8805577781249999 0.3264471 0.8863990562499999 0.3270581734375 0.8902572140625 0.32313546406250004 0.89878839375 0.3257965890625 0.90726553125 0.3293743234375 0.92152990625 0.33369126875 0.9238123765624999 0.5394853937499999 0.8912177890624999 0.5423633546875 0.8927394359375 0.547508209375 0.8919245703125 0.5497750984375 0.8895880593750001 0.56006480625 0.8879583296875 0.5629427671875 0.8894799765625001 0.6632674046875 0.873590115625 0.666145365625 0.8751117624999999
0 0.7350785109375 0.8691375015625 0.7307615671875001 0.8668550312500001 0.7256167140625001 0.867669896875 0.72273875 0.86614825 0.642993528125 0.8787786531249999 0.6401155640625 0.87725700625 0.4806251171875 0.9025178109375 0.47774715624999997 0.9009961656250001 0.338836121875 0.9229975109374999 0.335435784375 0.926502278125 0.3371803015625 0.9291921796875 0.3425025546875 0.9461464562499999 0.391378659375 0.9384052421875 0.39425662031250003 0.9399268890625001 0.5177330953125 0.9203701359375 0.5206110578125 0.9218917828125001 0.6595220937499999 0.8998904359375001 0.6624000546875 0.9014120828125 0.7370004265625 0.8895965453124999 0.738133871875 0.8884282890625 0.7350785109375 0.8691375015625
0 0.542156340625 0.9580287640625 0.6141842828125 0.946620659375 0.617062246875 0.94814230625 0.712242028125 0.933067309375 0.7151199921875 0.9345889546875 0.7202648453125 0.9337740906249999 0.7251041609375 0.931030146875 0.727982125 0.9325517937500001 0.7356994046875001 0.931329496875 0.7390997390625 0.9278247296875 0.7345166984375 0.8988885484375 0.7316387359375 0.8973669015624999 0.7295886828125 0.8927479203124999 0.703864415625 0.89682224375 0.7009864546875 0.8953005984375 0.6961471375 0.898044540625 0.693269175 0.8965228953125 0.5775099796875 0.9148573499999999 0.574632015625 0.9133357046875 0.45630039375000003 0.9320775921875001 0.4534224328125 0.9305559453125 0.3453805171875 0.9476681031249999 0.3419801796875 0.9511728703125 0.3459521484375 0.97625089375 0.34739113125 0.9770117171875 0.350880165625 0.9823915218750001 0.4023286953125 0.9742428750000001 0.405206659375 0.975764521875 0.469517321875 0.9655787124999999 0.4723952859375 0.9671003593749999 0.482684990625 0.9654706296875 0.487524309375 0.9627266859375 0.49040227031250005 0.9642483328125 0.5392783750000001 0.9565071187499999 0.542156340625 0.9580287640625
0 0.6503756515625 0.9586857484375001 0.6532536140625 0.96020739375 0.7510058265625 0.944724965625 0.7538837875 0.9462466125000001 0.8130496 0.9368756671874999 0.816449934375 0.9333709015625 0.8137001093749999 0.9160091921875001 0.8108221468749999 0.9144875453125 0.8099055390625001 0.9087003093750001 0.8070275765625 0.9071786625 0.8058054328124999 0.8994623484375 0.8026219328125 0.896011621875 0.7983049906249999 0.893729153125 0.7765034328125 0.889272296875 0.74454030625 0.87060510625 0.7419678796875 0.8710125390625001 0.7363006546875 0.8768538171875001 0.7391786171875 0.8783754625 0.7407062984375 0.8880208578125 0.7384394078125001 0.8903573687499999 0.7390504796874999 0.8942155265625 0.7345166984375 0.8988885484375 0.7390997390625 0.9278247296875 0.7356994046875001 0.931329496875 0.6996854328125 0.93703355 0.69680746875 0.935511903125 0.6945405796874999 0.9378484140625 0.6890901890625 0.9367342000000001 0.629924378125 0.94610514375 0.627046415625 0.9445834968750001 0.560163325 0.9551767390625001 0.5572853624999999 0.9536550921875 0.482684990625 0.9654706296875 0.4798070296875 0.9639489828125001 0.3743375390625 0.9806537093750001 0.37145957812499997 0.9791320625000001 0.350880165625 0.9823915218750001 0.3497467203125 0.9835597765624999 0.35301891875 0.9958950734375 0.3558968796875 0.9974167203125001 0.363614159375 0.9961944234375 0.3664921234375 0.99771606875 0.42565793281250003 0.988345125 0.428535896875 0.9898667718749999 0.49284655937500005 0.9796809640624999 0.49572452343749995 0.9812026093749999 0.5703248921874999 0.9693870718750001 0.57320285625 0.97090871875 0.6503756515625 0.9586857484375001