0 0 0.5174603921875 0.0256583203125 0.884391459375 0.02672334375 0.8856224125000001 0.035400156249999995 0.8837102437500001 0.040180234375 0.8820705625 0.0513253984375 0.8734586609375 0.055742115625 0.8666226828125 0.048838268750000004 0.7678930687500001 0.05060495625 0.7651586781249999 0.0420659859375 0.6430457328125 0.043832673437500004 0.6403113421875 0.039654029687499995 0.58055394375 0.0414207171875 0.5778195515625 0.036151990625000005 0.5024732671875001 0.037918678125 0.49973887499999997 0.031378190625 0.40620555625000004 0.033144878125 0.4034711640625 0.027876153125000004 0.3281248796875 0.0296428390625 0.3253904875 0.027462678125 0.294212715625 0.031879395312499996 0.2873767375 0.037724496875 0.2869680078125 0.0398545453125 0.2894299125 0.0435695984375 0.28655927812500004 0.045699646875 0.2890211828125 0.051544748437499996 0.2886124546875 0.05580484375 0.2935362640625 0.0584548734375 0.2894346765625 0.0557296703125 0.2504624609375 0.048456184375 0.24444394218749999 0.0465078171875 0.244580184375 0.0422477234375 0.23965637499999998 0.04029935625 0.23979261875 0.0360392609375 0.234868809375 0.0034119421875 0.21626351718749998 0 0.21650210312499998 0 0.5174603921875
0 0.053919090625 0.5325610937499999 0.055685778124999995 0.5298267046875 0.0486002515625 0.42849893906250003 0.0503669375 0.42576454999999996 0.048368456250000004 0.397184925 0.052966854687499995 0.39294709375000003 0.06855379218749999 0.39185715 0.07120382343750001 0.3877555640625 0.069073775 0.3852936578125 0.068710415625 0.38009736250000004 0.064086959375 0.36997725937500003 0.0633602390625 0.359584665625 0.0660102703125 0.35548308125 0.07344037812500001 0.34974181249999997 0.0773371125 0.3494693265625 0.0828188546875 0.3438643015625 0.0867155890625 0.343591815625 0.08848227656249999 0.340857425 0.09237901093749999 0.34058493749999996 0.09414569843750001 0.337850546875 0.0980424328125 0.3375780609375 0.09980911875000001 0.3348436703125 0.1037058546875 0.334571184375 0.105472540625 0.33183679375 0.109369275 0.33156430625 0.1139676734375 0.3273264765625 0.11378599375000001 0.32472833125 0.10846087499999998 0.31857356875 0.10030404531249999 0.3139222453125 0.0964073109375 0.31419473125 0.0901988484375 0.30940716562500004 0.0863021140625 0.3096796515625 0.0779636046875 0.3024301796875 0.069806775 0.2977788578125 0.065910040625 0.29805134375 0.059701578125 0.2932637765625 0.05580484375 0.2935362640625 0.04959638125 0.28874869687500004 0.027280996875 0.291614565625 0.031096281250000003 0.34617566875 0.02932959375 0.3489100625 0.0329631984375 0.40087301562500005 0.031196510937499998 0.40360740625 0.037918678125 0.49973887499999997 0.036151990625000005 0.5024732671875001 0.0417840765625 0.583015846875 0.0400173890625 0.5857502390625 0.0460128359375 0.6714891140625 0.0442461484375 0.6742235046875 0.052421757812500004 0.7911401546875 0.050655070312499995 0.7938745468749999 0.055742115625 0.8666226828125 0.0589371875 0.8703155406249999 0.06673065624999999 0.8697705687499999 0.068860703125 0.8722324734375 0.069744046875 0.870865278125 0.071510734375 0.8681308874999999 0.067332090625 0.8083734890625 0.06909877656249999 0.8056390984374999 0.061286528124999996 0.6939187421875 0.063053215625 0.6911843515625 0.0568760890625 0.6028473265625001 0.0586427765625 0.6001129374999999 0.053919090625 0.5325610937499999
0 0.20171937343750002 0.364269340625 0.20436940468749998 0.3601677546875 0.20400604375000003 0.3549714578125 0.2084227609375 0.34813548125 0.212319496875 0.3478629953125 0.2149695265625 0.343761409375 0.21600949374999998 0.330634428125 0.22219289843749998 0.321064059375 0.23601315 0.3227085046875 0.24027324375 0.32763231406250004 0.24416997812500002 0.327359828125 0.2463000265625 0.3298217328125 0.2755255359375 0.3277780859375 0.27765558281249997 0.330239990625 0.2854490515625 0.3296950171875 0.29360588125 0.334346340625 0.30334771875 0.333665125 0.305477765625 0.33612702968749997 0.3091928203125 0.3332563953125 0.322831390625 0.33230269375 0.324598078125 0.32956830312499996 0.3304431796875 0.3291595734375 0.33787328906249997 0.32341830625 0.35735696093749997 0.322055875 0.3591236484375 0.31932148437499996 0.36496875 0.3189127546875 0.36761878124999997 0.3148111671875 0.36671037968750003 0.301820428125 0.3645803328125 0.29935852500000004 0.3617235640625 0.2865040296875 0.3572817890625 0.27898207343750003 0.356918428125 0.273785775 0.35478838125 0.271323871875 0.35424334062499996 0.26352942968750004 0.35211329375 0.2610675234375 0.3517499328125 0.255871228125 0.34961988593750004 0.2534093234375 0.34925652500000004 0.2482130265625 0.34712647812499997 0.2457511234375 0.344269709375 0.23289662656250001 0.33894459062500004 0.22674186562499998 0.337177903125 0.22947625624999998 0.3313328015625 0.2298849859375 0.3201876390625 0.23849688750000003 0.31239416875 0.23904186093750002 0.3106274828125 0.24177625156250002 0.29717059218749997 0.2453281015625 0.2897404828125 0.25106936874999997 0.28389538124999997 0.2514780984375 0.28212869375 0.2542124890625 0.2762835921875 0.25462121875 0.2688534828125 0.2603624859375 0.2553965921875 0.2639143359375 0.24991485156249998 0.2695193609375 0.24406974843749998 0.269928090625 0.2423030625 0.27266248125 0.2364579609375 0.27307121093750003 0.23469127343750001 0.2758056015625 0.2307945390625 0.2760780875 0.2290278515625 0.278812478125 0.22318275 0.2792212078125 0.21575264062500002 0.28496247656249996 0.20229575 0.288514325 0.20052906250000002 0.2912487171875 0.196632328125 0.29152120312499996 0.1892022203125 0.2972624703125 0.1833571171875 0.2976712 0.175927009375 0.30341246875 0.17008190781250002 0.30382119687500003 0.1626517984375 0.309562465625 0.1491949078125 0.313114315625 0.143713165625 0.3187193390625 0.13786806406250002 0.31912806875 0.13610137656250001 0.321862459375 0.130256275 0.32227118906249996 0.1284895875 0.3250055796875 0.11503269687499999 0.3285574296875 0.10955095625 0.3341624546875 0.105654221875 0.334434940625 0.103887534375 0.33716933125000004 0.0980424328125 0.3375780609375 0.09627574531250001 0.3403124515625 0.0867155890625 0.343591815625 0.081233846875 0.349196840625 0.0753887453125 0.3496055703125 0.071673690625 0.352476203125 0.0654902859375 0.362046571875 0.06621700781249999 0.3724391625 0.06834705468749999 0.37490106875 0.068710415625 0.38009736250000004 0.07634726093750001 0.3913121765625 0.08414073125 0.39076720468750004 0.086270778125 0.393229109375 0.09406424687500001 0.3926841375 0.0961942953125 0.3951460421875 0.10398776406250002 0.39460106875 0.10611781093749999 0.3970629734375 0.13534332031250002 0.3950193265625 0.1362266640625 0.39365213125 0.142955109375 0.39187620624999997 0.144721796875 0.389141815625 0.15056689843749999 0.3887330859375 0.1583353109375 0.3738301796875 0.1581536296875 0.37123203125000004 0.1629337078125 0.36959235 0.1647003953125 0.366857959375 0.20171937343750002 0.364269340625
0 0.0956617546875 0.59752431875 0.09742844218749999 0.594789928125 0.0905245953125 0.49606031093749997 0.09229128125 0.4933259203125 0.091927921875 0.4881296234375 0.0897978734375 0.4856677203125 0.0894345140625 0.4804714234375 0.09120120000000001 0.47773703437500004 0.0904744796875 0.4673444421875 0.0881627515625 0.4622843890625 0.0899294390625 0.45954999843750005 0.08920271874999999 0.449157409375 0.0849426234375 0.4442336 0.08476094375 0.44163545 0.08811263750000001 0.43356852031250004 0.0873859171875 0.42317593125 0.08525586874999999 0.420714025 0.0886075625 0.4126470953125 0.0878808421875 0.40225450625 0.08946585 0.396921965625 0.08060735625 0.3962359859375 0.078477309375 0.39377408125 0.0648387375 0.3947277828125 0.062708690625 0.3922658796875 0.052966854687499995 0.39294709375000003 0.048368456250000004 0.397184925 0.050185257812499995 0.4231664015625 0.0484185703125 0.42590079375 0.055322418750000005 0.5246304078125 0.05355573125 0.5273647984375 0.05955117812500001 0.6131036765625 0.057784490625 0.615838065625 0.064143296875 0.7067732375 0.062376609375 0.7095076296875 0.06837205625000001 0.7952465046875 0.06660536875 0.797980896875 0.0716924140625 0.8707290359375 0.0748874859375 0.8744218921875 0.1041129953125 0.8723782453125001 0.10499633906250001 0.8710110484375001 0.10834803281250001 0.86294411875 0.104896109375 0.8135793109374999 0.1066627953125 0.810844921875 0.10157575 0.7380967828125 0.10334243750000001 0.73536239375 0.098437071875 0.665212403125 0.10020375937499999 0.6624780109375 0.0956617546875 0.59752431875
0 0.14805465625 0.6747970640625 0.1498213421875 0.672062671875 0.146006059375 0.6175015687500001 0.1477727453125 0.6147671796874999 0.1430490609375 0.5472153359374999 0.1448157484375 0.544480946875 0.13900198125000002 0.4613402171875 0.14076866875 0.45860582499999997 0.1367717046875 0.4014465734375 0.1240164765625 0.40103308125000003 0.1218864296875 0.3985711765625 0.090712553125 0.4007510671875 0.088244203125 0.40745080156249996 0.0933312484375 0.4801989375 0.0915645609375 0.482933328125 0.096106565625 0.547887025 0.094339878125 0.5506214140625 0.0985185234375 0.6103788140625 0.0967518359375 0.613113203125 0.10093047968749999 0.672870603125 0.09916379374999999 0.67560499375 0.10370579843750001 0.7405586890625 0.10193911093750001 0.7432930796874999 0.10775287656250002 0.826433809375 0.105986190625 0.8291681984375 0.1087113921875 0.868140415625 0.1119064640625 0.871833271875 0.150873809375 0.8691084109375 0.151757153125 0.8677412140625 0.15547220781249999 0.8648705812499999 0.1549271671875 0.8570761375 0.1566938546875 0.8543417453125001 0.15324193125000002 0.8049769375 0.1550086171875 0.8022425484375001 0.151193334375 0.74768144375 0.1529600203125 0.7449470546875 0.14805465625 0.6747970640625
0 0.1691233359375 0.6681020953125001 0.170890021875 0.665367703125 0.1668930578125 0.6082084515624999 0.1686597453125 0.6054740625 0.165207821875 0.5561092546874999 0.166974509375 0.5533748625 0.16243250468749998 0.48842116874999997 0.164199190625 0.485686778125 0.1592938265625 0.4155367859375 0.1610605125 0.4128023953125 0.1601521125 0.39981165625 0.156957040625 0.3961188 0.1394217359375 0.3973449890625 0.1367717046875 0.4014465734375 0.14167707031250001 0.4715965640625 0.13991038281249998 0.47433095625000005 0.1453607890625 0.5522753890625001 0.14359410156250002 0.5550097796875 0.14813610625 0.619963475 0.14636941875 0.6226978640625 0.1509114234375 0.687651559375 0.14914473749999999 0.6903859515625 0.1531417015625 0.7475452 0.1513750140625 0.7502795921875001 0.1555536578125 0.810036990625 0.15378697187499998 0.8127713812499999 0.157420575 0.8647343390625 0.1584855984375 0.865965290625 0.17495588125 0.86350815 0.17672256718749998 0.860773759375 0.1721805625 0.7958200640624999 0.17394725 0.793085675 0.1715854078125 0.7593097531249999 0.1733520953125 0.7565753625 0.1704452109375 0.7150049984375 0.1722118984375 0.7122706046875 0.1691233359375 0.6681020953125001
0 0.2189225984375 0.6802849015625 0.22068928593749998 0.6775505125 0.2168740015625 0.6229894093749999 0.21864068906249998 0.6202550171875 0.2148254046875 0.565693915625 0.21659209218750003 0.5629595234375 0.21186840624999997 0.49540768125 0.21363509375 0.49267328906249996 0.20981980937500003 0.4381121859375 0.211586496875 0.435377796875 0.20886129375 0.3964055796875 0.21062798124999998 0.3936711890625 0.209174540625 0.3728860078125 0.20597946875 0.36919314999999997 0.19428926562499998 0.3700106078125 0.1921592171875 0.367548703125 0.1629337078125 0.36959235 0.160283678125 0.3736939359375 0.161373759375 0.3892828234375 0.159607071875 0.3920172140625 0.162332275 0.43098943125 0.1605655875 0.43372382031249995 0.164380871875 0.48828492656250005 0.162614184375 0.491019315625 0.1677012296875 0.5637674546875 0.16593454218749998 0.56650184375 0.16974982656249998 0.621062946875 0.1679831390625 0.6237973375 0.17216178437500002 0.6835547375 0.170395096875 0.686289128125 0.17348365937500002 0.7304576421875 0.1717169734375 0.73319203125 0.1753505765625 0.7851549875 0.1735838890625 0.7878893765625 0.17867093437499998 0.8606375171874999 0.179735959375 0.8618684671875 0.22260003906249998 0.85887111875 0.22348338281250002 0.857503925 0.2252500703125 0.8547695328125 0.22415998906249998 0.8391806468749999 0.22592667500000002 0.83644625625 0.2228381125 0.7922777421875 0.2246048 0.789543353125 0.22097119531249998 0.737580396875 0.2227378828125 0.73484600625 0.2189225984375 0.6802849015625
0 0.232279259375 0.619301315625 0.23404594687500002 0.616566925 0.23173421875 0.611506871875 0.231189178125 0.6037124281249999 0.232955865625 0.6009780390625 0.226415378125 0.5074447171875 0.22818206562499999 0.504710328125 0.22145989843749997 0.40857885937500005 0.2232265859375 0.4058444703125 0.222863225 0.400648175 0.21966815468749998 0.3969553171875 0.21187468593749997 0.3975002890625 0.20922465468749998 0.40160187656249996 0.21231321718750001 0.4457703875 0.21054653124999997 0.4485047796875 0.214361815625 0.5030658828125001 0.21259512812499998 0.5058002734375 0.2164104125 0.5603613765625 0.214643725 0.563095765625 0.21864068906249998 0.6202550171875 0.2168740015625 0.6229894093749999 0.22050760625 0.6749523640625 0.21874091875 0.67768675625 0.2229195625 0.737444153125 0.2211528765625 0.7401785453125 0.2247864796875 0.7921414999999999 0.22301979218749998 0.7948758921875 0.22629003593750002 0.8416425500000001 0.2245233484375 0.8443769421875 0.2264967734375 0.8585986328124999 0.2305751890625 0.8609242953124999 0.24120036875 0.858875884375 0.24296705468750002 0.85614149375 0.24078689375 0.82496371875 0.24255357968750002 0.8222293296875 0.23873829687499998 0.7676682265625 0.24050498281250002 0.7649338343750001 0.236144659375 0.7025782875 0.2379113453125 0.699843896875 0.232279259375 0.619301315625
0 0.2481481078125 0.6782412546875001 0.2439694640625 0.61848385625 0.24573615000000001 0.615749465625 0.2322918171875 0.4234865296875 0.23405850312499998 0.420752140625 0.23369514374999997 0.41555584375 0.2315650953125 0.41309394062499993 0.23120173593749999 0.40789764375 0.23296842187500003 0.40516325468750003 0.23151498125 0.384378071875 0.2293849328125 0.38191616562499997 0.230788259375 0.3739854796875 0.22865821249999999 0.3715235765625 0.22811317187500002 0.36372913281249997 0.229879859375 0.360994740625 0.2289714578125 0.3480040015625 0.2307381453125 0.3452696109375 0.2301931046875 0.33747516875 0.22912808125 0.336244215625 0.22559470625000003 0.34171299843749997 0.2236463390625 0.341849240625 0.22097125156250003 0.3315928921875 0.22008790781249998 0.3329600875 0.22244975 0.36673600781250004 0.22476147812499997 0.37179606249999997 0.22104642343749997 0.3746666953125 0.222499865625 0.3954518765625 0.220733178125 0.3981862703125 0.2210965390625 0.40338256406250006 0.223408265625 0.408442615625 0.22164157968749998 0.41117700625 0.22654694375 0.48132699843750004 0.2247802578125 0.48406138906249996 0.2316841046875 0.582791003125 0.22991741718749997 0.5855253953124999 0.2357311828125 0.668666125 0.233964496875 0.671400515625 0.2374164203125 0.720765321875 0.2356497328125 0.7234997125 0.2414634984375 0.806640440625 0.2396968125 0.809374834375 0.24296705468750002 0.85614149375 0.24403207968750001 0.8573724453124999 0.24686379062500002 0.8558690078125 0.25164386875 0.854229325 0.2542938984375 0.8501277390625 0.25211373593749997 0.8189499640625 0.2538804234375 0.816215575 0.24843001718750002 0.7382711421875 0.2501967046875 0.73553675 0.24638142031250002 0.680975646875 0.2481481078125 0.6782412546875001
0 0.25105499062500003 0.7198116203125 0.24851146875 0.683437553125 0.25027815468750003 0.6807031593749999 0.24573615000000001 0.615749465625 0.2475028375 0.6130150765625 0.2445959546875 0.5714447125000001 0.24636264218749998 0.56871031875 0.2425473578125 0.514149215625 0.24431404531249998 0.511414825 0.23868195937499997 0.43087224375 0.24044864531250001 0.42813785312499997 0.234816559375 0.347595271875 0.236583246875 0.34486088125 0.235674846875 0.3318701421875 0.232479775 0.3281772859375 0.2257513296875 0.3299532125 0.2370155015625 0.49103837187500005 0.23524881406249998 0.4937727640625 0.2375605421875 0.498832815625 0.23865062343750001 0.514421703125 0.23688393593749998 0.5171560953125 0.2412442609375 0.5795116421875 0.2394775734375 0.58224603125 0.2447462984375 0.657592315625 0.24297961250000003 0.6603267078124999 0.2464315359375 0.7096915171875 0.24466484843749997 0.7124259078125 0.24666333125 0.74100553125 0.2438316203125 0.7425089703125 0.2424032359375 0.736081721875 0.2413382125 0.7348507703125 0.24045486875000002 0.7362179656250001 0.24172662968749997 0.7544050015625 0.2399599421875 0.757139390625 0.242321784375 0.7909153109375 0.2405550984375 0.7936497046875 0.24309862031249999 0.8300237734374999 0.2413319328125 0.8327581625 0.2426036953125 0.8509451984374999 0.2447337421875 0.8534071015625001 0.245097103125 0.8586033984375 0.24616212656249997 0.8598343500000001 0.24704547031250002 0.8584671546875 0.2518255484375 0.8568274734375001 0.254475578125 0.8527258859375 0.2533854984375 0.837137 0.255152184375 0.8344026093749999 0.2506101796875 0.7694489140624999 0.2523768671875 0.766714525 0.249288303125 0.7225460109374999 0.25105499062500003 0.7198116203125
0 0.2644617671875 0.687543903125 0.2662284546875 0.6848095109375001 0.2618681296875 0.6224539640625 0.2636348171875 0.619719575 0.25945617187500003 0.559962175 0.261222859375 0.557227784375 0.257407575 0.50266668125 0.25917426250000003 0.499932290625 0.25372385625 0.42198785625 0.25549054375 0.4192534671875 0.25113021875 0.3568979203125 0.25289690625 0.3541635296875 0.252351865625 0.34636908437499997 0.25022181875 0.3439071796875 0.2519885046875 0.341172790625 0.2516251453125 0.3359764953125 0.244351659375 0.329957975 0.2385065578125 0.33036670468749996 0.23427151875000002 0.33980082968750003 0.239358565625 0.41254896875 0.237591878125 0.4152833578125 0.2414071625 0.4698444609375 0.239640475 0.4725788515625 0.24309239843750002 0.5219436609375 0.2413257109375 0.5246780515625 0.24659443749999999 0.6000243375000001 0.24482775 0.6027587265625 0.249551434375 0.6703105703125 0.247784746875 0.6730449593750001 0.252145071875 0.73540050625 0.250378384375 0.7381348984375 0.254738709375 0.8004904453125 0.252972021875 0.803224834375 0.2551020703125 0.8056867390625 0.2533353828125 0.80842113125 0.2575140265625 0.8681785296875001 0.2585790515625 0.8694094828125 0.2711525984375 0.8672248281250001 0.27273760468749997 0.8618922906250001 0.2696490421875 0.8177237765625 0.2714157296875 0.8149893875 0.26928568125 0.8125274828125001 0.27105236875 0.8097930906249999 0.267418765625 0.7578301359374999 0.2691854515625 0.75509574375 0.2644617671875 0.687543903125
0 0.2523268078125 0.3320111515625 0.2532602671875 0.3593598234375 0.2514935796875 0.362094215625 0.25549054375 0.4192534671875 0.25372385625 0.42198785625 0.25572233906249997 0.45056748124999996 0.2567873625 0.451798434375 0.27520601093749997 0.44920505000000005 0.2769726984375 0.44647065937499997 0.2726123734375 0.3841151125 0.2743790609375 0.3813807234375 0.273652340625 0.37098813124999996 0.2768223546875 0.3603230546875 0.2753689125 0.33953787343749997 0.2659653796875 0.3310574484375 0.2523268078125 0.3320111515625
0 0.2922526140625 0.7769804015624999 0.2890575421875 0.77328754375 0.28622583125 0.77479098125 0.2909495171875 0.8423428234375001 0.292014540625 0.8435737765625 0.292897884375 0.8422065796875 0.29017268125 0.8032343640624999 0.29193936875 0.800499971875 0.2915760078125 0.7953036765625 0.2894459609375 0.7928417734375001 0.291212646875 0.7901073828125 0.29066760625 0.7823129375 0.29243429375 0.7795785468750001 0.2922526140625 0.7769804015624999
0 0.2883684359375 0.5814381015625 0.2847348328125 0.5294751453125001 0.28650151875 0.5267407562499999 0.28268623593750003 0.472179653125 0.284452921875 0.46944526093750005 0.2795475578125 0.3992952703125 0.28131424374999997 0.39656088125 0.2794974421875 0.3705794015625 0.276302371875 0.3668865453125 0.272067334375 0.37632067187499996 0.2755192578125 0.425685478125 0.2737525703125 0.42841986875 0.27847625468750004 0.49597171093750003 0.27670956874999997 0.49870610312499997 0.2799798109375 0.5454727609375001 0.278213125 0.548207153125 0.28239176875 0.6079645515625 0.284521815625 0.6104264578125 0.28506685625 0.6182209000000001 0.2833001703125 0.620955290625 0.2852986515625 0.649534915625 0.2835319640625 0.6522693078125 0.28498540625 0.673054490625 0.28321871875000004 0.6757888796875 0.2853487671875 0.6782507843750001 0.2858938078125 0.686045228125 0.2841271203125 0.6887796203125001 0.288669125 0.7537333125 0.2869024375 0.7564677046875 0.2872657984375 0.7616639984375 0.29046086875 0.76535685625 0.2932925796875 0.76385341875 0.2902040171875 0.7196849046875 0.2919707046875 0.7169505140625 0.2883371 0.6649875609375 0.2901037875 0.6622531687500001 0.2864701828125 0.6102902140625 0.2882368703125 0.607555821875 0.28660174843749997 0.58417249375 0.2883684359375 0.5814381015625
0 0.330393009375 0.7064312109374999 0.332159696875 0.70369681875 0.3301612140625 0.6751171921875 0.33192790156249996 0.6723828015625 0.32774925625 0.612625403125 0.32951594375000004 0.6098910125 0.3275174625 0.5813113875 0.3292841484375 0.5785769968750001 0.3267406265625 0.5422029265625 0.3285073140625 0.5394685375 0.32541875 0.495300025 0.3271854375 0.4925656328125 0.32391519375 0.44579897187500006 0.32568188125 0.44306458125 0.3235518328125 0.440602678125 0.3231884734375 0.4354063828125 0.3256568234375 0.4287066484375 0.3295535578125 0.4284341625 0.3336319734375 0.43075982343749997 0.335398659375 0.42802543281250005 0.33929539375 0.427752946875 0.34194542499999997 0.423651359375 0.3401286234375 0.3976698828125 0.33799857499999997 0.3952079765625 0.3372718546875 0.3848153875 0.3390385421875 0.3820809953125 0.33867518125 0.3768847015625 0.336545134375 0.3744227953125 0.338311821875 0.37168840468750003 0.3379484609375 0.36649210781249997 0.32197310468749996 0.3480278234375 0.31789469062500003 0.34570216249999997 0.3120495875 0.3461108921875 0.309919540625 0.3436489875 0.3040744390625 0.3440577171875 0.2977093546875 0.3510299375 0.30079791718750004 0.39519845 0.2990312296875 0.3979328390625 0.30157475312500004 0.43430690937499994 0.299808065625 0.4370413 0.30362334999999996 0.49160240312500003 0.3018566625 0.49433679374999995 0.305490265625 0.54629975 0.3037235796875 0.5490341390625 0.3073571828125 0.600997096875 0.30559049531250004 0.6037314874999999 0.309769140625 0.6634888859375 0.30800245312499996 0.6662232765625 0.31090933593750003 0.7077936421875 0.3091426484375 0.71052803125 0.3145930546875 0.7884724656250001 0.3128263671875 0.79120685625 0.315369890625 0.8275809234375 0.313603203125 0.8303153156249999 0.31560168593750004 0.8588949421875001 0.32056344375 0.8598534078125001 0.32269349062499997 0.8623153125 0.3313703046875 0.8604031437499999 0.33508535781250004 0.8575325109374999 0.3343586375 0.8471399187499999 0.336125325 0.844405528125 0.3324917203125 0.792442571875 0.3342584078125 0.7897081828125 0.33244160625 0.763726703125 0.33420829375 0.7609923140625 0.330393009375 0.7064312109374999
0 0.3589419125 0.722710840625 0.356216709375 0.6837386249999999 0.357983396875 0.681004234375 0.3554398734375 0.6446301640625001 0.35720656093750003 0.6418957734374999 0.35429967812499996 0.600325409375 0.356066365625 0.59759101875 0.35188772031250004 0.5378336203125 0.3536544078125 0.5350992296875 0.3500208046875 0.483136271875 0.351787490625 0.48040188281249996 0.3494256484375 0.4466259609375 0.3511923359375 0.44389156874999997 0.349400590625 0.4322680265625 0.32796855156250004 0.43376669999999995 0.3253185203125 0.4378682859375 0.326045240625 0.448260878125 0.3242785546875 0.45099526875 0.3273671171875 0.49516378124999993 0.3256004296875 0.4978981734375 0.3285073140625 0.5394685375 0.3267406265625 0.5422029265625 0.32910246875000004 0.575978846875 0.32733578125 0.578713240625 0.3287892234375 0.599498421875 0.32702253593749997 0.6022328124999999 0.33120118125000003 0.6619902125 0.32943449375 0.664724603125 0.33197801562499996 0.7010986703125 0.3302113296875 0.7038330625 0.333481571875 0.7505997203125 0.3317148859375 0.7533341140625 0.335166809375 0.802698921875 0.333400121875 0.8054333109374999 0.336488684375 0.849601825 0.3347219984375 0.8523362156250001 0.33809875 0.85862721875 0.3604141328125 0.8557613500000001 0.36005077343749997 0.8505650546875 0.361817459375 0.8478306640625 0.35909225624999996 0.808858446875 0.36085894375 0.80612405625 0.3579520609375 0.7645536921875 0.3597187484375 0.7618193 0.357175225 0.7254452328125 0.3589419125 0.722710840625
0 0.380455403125 0.666378578125 0.382222090625 0.6636441843750001 0.378951846875 0.6168775265625001 0.38071853437500003 0.614143134375 0.37726661093749997 0.5647783265624999 0.379033296875 0.5620439375 0.37630809374999996 0.52307171875 0.37807478125 0.5203373296875 0.374441178125 0.468374371875 0.37620786562499997 0.4656399828125 0.3747544234375 0.44485480156249996 0.369610984375 0.4412981859375 0.35207567968750003 0.44252437499999997 0.3494256484375 0.4466259609375 0.35142413125 0.47520558749999997 0.34965744375 0.4779399765625 0.3536544078125 0.5350992296875 0.35188772031250004 0.5378336203125 0.356066365625 0.59759101875 0.35429967812499996 0.600325409375 0.35702488125 0.6392976265625 0.35525819375 0.6420320171875 0.357983396875 0.681004234375 0.356216709375 0.6837386249999999 0.3589419125 0.722710840625 0.357175225 0.7254452328125 0.3600821078125 0.767015596875 0.358315421875 0.7697499859375 0.361040625 0.8087222046875 0.3592739375 0.81145659375 0.3621808203125 0.8530269578125 0.367324259375 0.856583571875 0.375117728125 0.8560386 0.376884415625 0.853304209375 0.3809628296875 0.8556298703125 0.38379454062499996 0.8541264328124999 0.3869645546875 0.8434613546874999 0.3846027125 0.8096854328124999 0.38636939843749996 0.80695104375 0.382917475 0.7575862359375 0.38468416250000004 0.75485184375 0.381958959375 0.715879628125 0.383725646875 0.7131452359375 0.380455403125 0.666378578125
0 0.41559496406249996 0.3989198921875 0.429910140625 0.3796429125 0.4336251953125 0.37677227812499997 0.4375219296875 0.3764997921875 0.443003671875 0.3708947671875 0.44690040625 0.37062228125 0.4513171234375 0.3637863046875 0.4520187875 0.3598209609375 0.455915521875 0.359548475 0.457682209375 0.356814084375 0.4711391 0.353262234375 0.476620840625 0.347657209375 0.4844143109375 0.34711223750000003 0.48618099687500005 0.34437784531250004 0.4920261 0.3439691171875 0.4937927859375 0.34123472499999996 0.49963788750000004 0.340825996875 0.501404575 0.3380916046875 0.50919804375 0.33754663281249997 0.51096473125 0.3348122421875 0.5246033031249999 0.333858540625 0.5263699890625 0.33112415 0.5322150921875 0.3307154203125 0.533981778125 0.3279810296875 0.5398268796875 0.32757230000000004 0.5415935671875001 0.324837909375 0.5493870359375 0.3242929359375 0.5511537234375 0.3215585453125 0.5608955609375 0.3208773296875 0.562662246875 0.3181429390625 0.5800158734374999 0.314318603125 0.581782559375 0.3115842125 0.5876276609375 0.3111754828125 0.5893943484374999 0.3084410921875 0.6145414437500001 0.304071784375 0.6163081296875 0.30133739375 0.6221532328125 0.3009286640625 0.6276349734375 0.2953236390625 0.6354284421874999 0.2947786671875 0.6371951296875 0.29204427499999996 0.65278206875 0.29095433125 0.6545487546875 0.2882199390625 0.658445490625 0.28794745312500003 0.6658755984375 0.2822061859375 0.6775658015625 0.2813887265625 0.68304754375 0.2757837015625 0.686944278125 0.275511215625 0.688710965625 0.272776825 0.6926077 0.2725043390625 0.700037809375 0.2667630703125 0.7097796453125 0.2660818546875 0.7115463328125 0.2633474640625 0.7232365359374999 0.26253000625 0.7250032234375 0.2597956140625 0.730848325 0.25938688593750003 0.7326150124999999 0.25665249375 0.746071903125 0.2531006453125 0.7552686984375 0.24462498593749998 0.7611138000000001 0.24421625625 0.7665955421875 0.23861123125 0.7704922765625 0.23833874531250002 0.7722589640625 0.23560435468750002 0.7800524328125 0.2350593828125 0.785534175 0.22945435781249998 0.7894309093749999 0.2291818703125 0.7920809390625 0.225080284375 0.7918992593749999 0.2224821359375 0.7887041875 0.2187892796875 0.77311725 0.21987922499999998 0.7713505625 0.22261361562499998 0.7557636249999999 0.2237035609375 0.7539969375 0.2264379515625 0.7345132640625 0.2278003828125 0.732746578125 0.2305347734375 0.723004740625 0.2312159890625 0.7212380546875 0.2339503796875 0.7114962171875 0.2346315953125 0.7097295296875 0.2373659859375 0.6941425921875 0.23845593125 0.6923759046875 0.241190321875 0.6711255453125 0.24528714375 0.6693588578125 0.248021534375 0.6615653890625001 0.24856650781249998 0.6597987015625 0.2513008984375 0.6520052328125 0.2518458703125 0.6502385453125 0.2545802625 0.6328849203125 0.258404596875 0.6311182328125 0.2611389890625 0.62527313125 0.2615477171875 0.62350644375 0.26428210937499996 0.615712975 0.26482708125 0.6139462875 0.267561471875 0.6081011859375 0.2679702015625 0.6063344984375 0.2707045921875 0.600489396875 0.27111332187500004 0.5987227093749999 0.2738477125 0.5928776078125 0.2742564421875 0.5911109203125 0.27699083281250003 0.58526581875 0.2773995625 0.5834991328125 0.280133953125 0.5757056625 0.280678925 0.5739389765625 0.283413315625 0.5680938734375001 0.2838220453125 0.5663271875 0.2865564359375 0.5585337171875 0.287101409375 0.5567670312499999 0.2898358 0.5394134046875 0.2936601359375 0.53764671875 0.2963945265625 0.531801615625 0.29680325625 0.5300349296875 0.299537646875 0.5241898265625 0.2999463765625 0.5224231406250001 0.3026807671875 0.5165780390625 0.30308949687500003 0.5148113515625 0.3058238875 0.5070178828125 0.30636885937499997 0.5052511953125001 0.30910325 0.49745772656250004 0.3096482234375 0.49569103906249995 0.3123826140625 0.4878975703125 0.3129275859375 0.4861308828125 0.3156619765625 0.4687772578125 0.3194863125 0.46701057031250004 0.32222070468749997 0.46116546875 0.3226294328125 0.45939878125 0.3253638234375 0.4516053125 0.32590879687499996 0.44983862500000005 0.3286431875 0.428588265625 0.33274000937500003 0.42682157812500005 0.3354744 0.42292484375 0.3357468859375 0.42027481250000004 0.339848471875 0.42063817343750004 0.34504476875 0.41427308749999997 0.3520169890625 0.40647961875 0.35256196093750003 0.40471293125 0.3552963515625 0.3988678296875 0.35570508125 0.39710114218750003 0.358439471875 0.39125604062499997 0.35884820156249997 0.389489353125 0.3615825921875 0.3836442515625 0.361991321875 0.381877565625 0.36472571249999997 0.37408409531250003 0.3652706859375 0.372317409375 0.3680050765625 0.36647230625 0.36841380625000003 0.3647056203125 0.371148196875 0.3512487296875 0.3747000453125 0.34311695625 0.3844066578125 0.343661996875 0.3922011015625 0.34579204531249996 0.39466300468750004 0.3461554046875 0.39985930000000003 0.35771404375000004 0.4251595640625 0.36516920937499997 0.43377622968749996 0.36605255312499996 0.432409034375 0.37259931874999996 0.42803496093750004 0.37595101249999996 0.41996803125 0.38709617500000004 0.4113561296875 0.3909929109375 0.41108364374999995 0.392759596875 0.40834925312500003 0.40055306718750006 0.4078042796875 0.41169822968750003 0.399192378125 0.41559496406249996 0.3989198921875
0 0.392690646875 0.6733555625000001 0.394457334375 0.6706211703125 0.3919138125 0.6342471015625 0.3936804984375 0.6315127109375 0.39022857499999997 0.582147903125 0.3919952625 0.5794135109375 0.3889067 0.535245 0.3906733859375 0.5325106093749999 0.388856584375 0.5065291328125 0.393974965625 0.49572780937500005 0.390704721875 0.44896115156249994 0.383794596875 0.448138928125 0.3816645484375 0.4456770234375 0.374936103125 0.44745294687500003 0.3763895453125 0.46823812968749995 0.37462285781250004 0.470972521875 0.37807478125 0.5203373296875 0.37630809374999996 0.52307171875 0.3788516171875 0.5594457875 0.37708492968749996 0.5621801796875 0.380536853125 0.6115449875000001 0.3787701671875 0.6142793765625 0.382040409375 0.6610460390624999 0.3802737234375 0.663780428125 0.38354396562500004 0.7105470875 0.38177727968749997 0.7132814796875 0.38486584218750003 0.7574499921875 0.3830991546875 0.7601843828125 0.3865510796875 0.8095491890625001 0.3847843921875 0.8122835828125 0.387691275 0.853853946875 0.390886346875 0.8575468031250001 0.3976147921875 0.8557708765625 0.39919979843750003 0.8504383390625 0.3964745953125 0.8114661234374999 0.39824128281250004 0.80873173125 0.394789359375 0.7593669234375 0.396556046875 0.756632534375 0.3940125234375 0.720258465625 0.3957792109375 0.7175240734375 0.392690646875 0.6733555625000001
0 0.418432896875 0.7054965656250001 0.4149809734375 0.6561317578125 0.4167476609375 0.653397365625 0.4134774171875 0.60663070625 0.41524410468750006 0.603896315625 0.4108837796875 0.54154076875 0.4126504671875 0.5388063796875 0.410288625 0.5050304578125 0.407093553125 0.5013376 0.391506615625 0.5024275453125 0.388856584375 0.5065291328125 0.3906733859375 0.5325106093749999 0.3889067 0.535245 0.3916319015625 0.5742172171875 0.389865215625 0.5769516078125 0.3927720984375 0.618521971875 0.39100541093749996 0.6212563624999999 0.39391229375000003 0.6628267265625001 0.39214560625 0.66556111875 0.39541585 0.7123277765625 0.3936491640625 0.7150621703125 0.39691940625 0.7618288296875 0.3951527203125 0.7645632203125 0.39842296250000003 0.81132988125 0.3966562765625 0.8140642703125 0.39956315937500003 0.8556346343750001 0.40275822968749997 0.8593274921875 0.4211768796875 0.8567341078125 0.42081351875 0.8515378140625 0.42258020625 0.848803421875 0.4194916421875 0.8046349109375001 0.4212583296875 0.8019005203124999 0.41762472656250005 0.7499375625 0.4193914125 0.7472031734375 0.4166662109375 0.7082309546875 0.418432896875 0.7054965656250001
0 0.43778500468750003 0.7302518546875 0.4395516921875 0.7275174625 0.4359180875 0.6755545093750001 0.43768477499999997 0.6728201171875 0.43368781093750003 0.6156608671875 0.4354544984375 0.6129264765625 0.43109417343749995 0.5505709296875 0.43286086093750004 0.5478365375 0.43073081249999995 0.545374634375 0.43249750000000003 0.5426402421875001 0.42977229687499996 0.5036680265625 0.424628859375 0.5001114125 0.41293865468749996 0.5009288703125 0.410288625 0.5050304578125 0.41283214687500003 0.541404525 0.41106545937499994 0.5441389156249999 0.41524410468750006 0.603896315625 0.4134774171875 0.60663070625 0.4167476609375 0.653397365625 0.4149809734375 0.6561317578125 0.41825121718749997 0.7028984171875 0.4164845296875 0.7056328093750001 0.4193914125 0.7472031734375 0.41762472656250005 0.7499375625 0.42144000937500004 0.8044986671875 0.4196733234375 0.80723305625 0.423125246875 0.8565978640624999 0.42419027031249995 0.8578288171875 0.44066055156250006 0.8553716765624999 0.44242723906250003 0.8526372859375 0.4409737984375 0.831852103125 0.44274048437499997 0.8291177140625001 0.4406104375 0.8266558078124999 0.442377125 0.82392141875 0.4394702421875 0.7823510546875 0.44123692812500004 0.7796166640625 0.43778500468750003 0.7302518546875
0 0.46033846250000005 0.660792609375 0.4621051484375 0.6580582171875 0.458289865625 0.6034971140625001 0.4600565515625 0.6007627234374999 0.45714966874999996 0.559192359375 0.45891635624999993 0.55645796875 0.45401099062499994 0.48630797968749995 0.45577767812500003 0.4835735875 0.45305247499999995 0.444601371875 0.45481916250000004 0.4418669796875 0.452639 0.4106892078125 0.4544056875 0.40795481562499997 0.4531339265625 0.3897677828125 0.4462238 0.388945559375 0.44409375312500005 0.3864836546875 0.4285068140625 0.3875735984375 0.42585678437499996 0.3916751859375 0.42930870781249997 0.44103999375 0.4275420203125 0.4437743828125 0.4313573046875 0.4983354859375 0.4295906171875 0.501069878125 0.43431430156250006 0.5686217203124999 0.432547615625 0.5713561125 0.4365445796875 0.6285153625000001 0.4347778921875 0.631249753125 0.43841149531249995 0.683212709375 0.436644809375 0.6859470984375 0.440823453125 0.7457044984375 0.439056765625 0.7484388890625 0.4419636484375 0.790009253125 0.44019696250000007 0.79274364375 0.44437560625000005 0.8525010421875001 0.44260891874999997 0.8552354328125 0.44473896718750006 0.8576973390625 0.4456473671875 0.8706880781249999 0.4488424390625 0.874380934375 0.4653127203125 0.8719237937500001 0.469027775 0.8690531609375001 0.4683010546875 0.8586605687500001 0.47006774218749997 0.8559261796875001 0.4646173359375 0.7779817453125 0.46638402343749996 0.7752473531249999 0.462387059375 0.7180881046875001 0.46415374531250003 0.7153537125 0.46033846250000005 0.660792609375
0 0.4828605828125 0.674882821875 0.48462727031249997 0.67214843125 0.4804486265625 0.6123910328125 0.4822153125 0.6096566421875 0.48112523124999995 0.594067753125 0.478995184375 0.59160585 0.48076187187499997 0.588871459375 0.4760381859375 0.5213196171875001 0.4778048734375 0.518585225 0.47417127031249995 0.46662227031250003 0.47593795625 0.4638878796875 0.47484787500000003 0.4482989921875 0.47165280468750004 0.44460613593750004 0.456065865625 0.44569608125000004 0.45590924375 0.45745586562499996 0.45414255625 0.460190259375 0.45759447968750006 0.5095550671875 0.45582779218749997 0.51228945625 0.4598247578125 0.5694487078125 0.4580580703125 0.5721831 0.46041991250000003 0.6059590203125 0.45865322500000005 0.608693409375 0.462468509375 0.6632545125 0.46070182187500003 0.6659889031249999 0.46451710625000003 0.7205500078125 0.46275041874999995 0.7232844 0.4669290640625 0.783041796875 0.4651623765625 0.7857761890625 0.46970438124999997 0.8507298828125001 0.472899453125 0.854422740625 0.48352463281249997 0.852374328125 0.4883047109375 0.8507346468750001 0.48882469375 0.84417115625 0.49059138124999996 0.841436765625 0.48532265468749997 0.7660904796875 0.48708934218750005 0.7633560890625 0.4847275 0.72958016875 0.48649418750000006 0.7268457765624999 0.4828605828125 0.674882821875
0 0.49504571249999996 0.6531439390625 0.49681240000000004 0.650409546875 0.49317879531250003 0.5984465906249999 0.4949454828125 0.5957122015625 0.4911301984375 0.5411510984375 0.4928968859375 0.5384167046874999 0.48780984062500005 0.46566856874999996 0.489576528125 0.462934178125 0.48866812656249997 0.4499434390625 0.48529137499999997 0.443652434375 0.47554953906249997 0.44433365 0.4728995078125 0.44843523437500005 0.47502955625 0.45089714062499997 0.47593795625 0.4638878796875 0.47417127031249995 0.46662227031250003 0.477078153125 0.5081926359375 0.47531146562500004 0.510927025 0.48076187187499997 0.588871459375 0.478995184375 0.59160585 0.4813069125 0.596665903125 0.48185195312499995 0.604460346875 0.480085265625 0.6071947359375 0.48390055 0.6617558390625 0.4821338625 0.6644902296875 0.48576746562500006 0.7164531859375 0.4840007796875 0.7191875765625 0.48708934218750005 0.7633560890625 0.48532265468749997 0.7660904796875 0.4904097 0.83883861875 0.48864301406250005 0.841573009375 0.490253078125 0.8505984046874999 0.5008782578125001 0.8485499921875 0.5026449453125 0.845815603125 0.5006464625 0.817235978125 0.50241315 0.8145015843750001 0.49968794687500007 0.7755293703125 0.501454634375 0.7727949781250001 0.497094309375 0.71043943125 0.49886099687499996 0.7077050421875 0.49504571249999996 0.6531439390625
0 0.4903032484375 0.4733267671875 0.497213375 0.4741489921875 0.499343421875 0.476610896875 0.5021751328125 0.47510745625000006 0.4999949703125 0.443929684375 0.5017616578124999 0.44119529375 0.5001265359375 0.41781196249999997 0.4951647765625 0.41685349687500006 0.49303472968750006 0.4143915921875 0.4891379953125 0.4146640796875 0.48453959687500003 0.4189019078125 0.4903032484375 0.4733267671875
0 0.5332863375 0.6400264828125 0.5350530250000001 0.6372920921875 0.5305110203125001 0.5723384 0.53227770625 0.5696040078125 0.5280990625 0.509846609375 0.52986575 0.5071122171875 0.5251420640625 0.4395603765625 0.526727071875 0.43422783750000005 0.523532 0.43053497968750004 0.5196352656250001 0.43080746718749996 0.51750521875 0.4283455625 0.5019182796874999 0.42943550625000004 0.5019433375 0.4437934421875 0.50017665 0.44652783124999995 0.5043552953125 0.5062852312499999 0.5025886078124999 0.5090196203125 0.5071306125 0.5739733171875 0.5053639249999999 0.57670770625 0.5088158484374999 0.6260725140625001 0.5070491625 0.62880690625 0.5114094859375 0.691162453125 0.5096428000000001 0.6938968437499999 0.5134580828125 0.748457946875 0.511691396875 0.7511923359375 0.5160517203125 0.8135478828125 0.5142850343750001 0.8162822750000001 0.5161018359375 0.8422637515625 0.5192969062499999 0.8459566093750001 0.5396639234375 0.843226984375 0.5414306109375 0.8404925921874999 0.538342046875 0.79632408125 0.5401087343750001 0.793589690625 0.5370201703124999 0.7494211765625 0.5387868578125 0.7466867875000001 0.5351532546875 0.6947238296875 0.5369199421874999 0.691989440625 0.5332863375 0.6400264828125
0 0.5610584046875 0.6171976546875 0.5606950453125 0.6120013609375 0.5583833171875 0.6069413078125 0.5601500046875 0.6042069171875 0.555971359375 0.54444951875 0.5577380468750001 0.541715128125 0.552287640625 0.4637706921875 0.554054328125 0.46103630312500005 0.5511474453125 0.41946593906249996 0.5479523734375 0.41577308124999995 0.526520334375 0.4172717546875 0.525636990625 0.4186389515625 0.5285438734375 0.46020931562499995 0.5267771859375 0.46294370625000003 0.5311375109375 0.525299253125 0.5293708234375 0.5280336421875 0.5331861078125 0.582594746875 0.5314194203125 0.5853291390625001 0.5357797453125 0.6476846843749999 0.5340130578125 0.6504190765625 0.5376466625 0.7023820296875 0.5358799750000001 0.705116421875 0.5409670203125 0.7778645578125001 0.5392003328125 0.7805989515625 0.54265225625 0.8299637593750001 0.5408855703125 0.8326981484375 0.5412489296875 0.8378944453124999 0.54462568125 0.8441854484375 0.5688894328125 0.8411833375000001 0.56689095 0.8126037109375 0.5686576375 0.80986931875 0.5642973125 0.747513771875 0.566064 0.7447793828125 0.5615219953125 0.6798256874999999 0.5632886828125 0.677091296875 0.55929171875 0.619932046875 0.5610584046875 0.6171976546875
0 0.5750102218750001 0.5927243796874999 0.570649896875 0.5303688328125 0.572416584375 0.52763444375 0.568237940625 0.46787704375 0.5700046265625 0.46514265468750005 0.566552703125 0.415777846875 0.5683193906249999 0.41304345312499996 0.5668659484374999 0.392258271875 0.563670878125 0.388565415625 0.5539290421875 0.38924663125 0.5512790109375 0.3933482171875 0.5521874109375 0.40633895468750003 0.550420725 0.40907334687499997 0.55568945 0.48441963125000004 0.5539227624999999 0.4871540234375 0.5586464484375 0.5547058640625 0.5568797609375 0.5574402578125001 0.5621484859375 0.6327865421875 0.5603818 0.6355209312500001 0.56456044375 0.6952783328125001 0.5627937562499999 0.698012721875 0.5678808015625 0.7707608609375 0.566114115625 0.7734952515625 0.5699293984375 0.8280563546874999 0.5681627125000001 0.8307907437500001 0.568707753125 0.8385851875 0.5719028234375 0.8422780453125001 0.5844763703125 0.8400933921875 0.582114528125 0.806317471875 0.5838812156250001 0.8035830781250001 0.5798842515625 0.746423828125 0.5816509390625 0.7436894390625 0.577108934375 0.6787357421875 0.5788756203125 0.6760013515625001 0.573243534375 0.5954587703125 0.5750102218750001 0.5927243796874999
0 0.598077384375 0.6146090359375 0.5998440703125001 0.61187464375 0.59584710625 0.5547153953125 0.59761379375 0.551981003125 0.5950702703124999 0.5156069343749999 0.5968369578125 0.51287254375 0.5932033546875 0.46090958750000005 0.5949700421874999 0.4581751984375 0.5942433203124999 0.44778260468750003 0.5889182015625 0.44162784374999997 0.5685511859375 0.44435747187499997 0.5700046265625 0.46514265468750005 0.568237940625 0.46787704375 0.57187154375 0.5198400000000001 0.57010485625 0.522574390625 0.5746468609375001 0.5875280843749999 0.572880175 0.5902624765625 0.5790573015625 0.6785995 0.5772906140625 0.6813338921875001 0.5816509390625 0.7436894390625 0.5798842515625 0.746423828125 0.5827911343750001 0.7879941921875 0.581024446875 0.790728584375 0.5841130109375 0.834897096875 0.5851780343749999 0.8361280484375 0.60554505 0.833398421875 0.6071300578125001 0.8280658828125 0.604586534375 0.791691815625 0.606353221875 0.7889574234375 0.6025379375 0.7343963203125 0.6043046249999999 0.7316619281250001 0.600671021875 0.679698975 0.6024377078125001 0.67696458125 0.598077384375 0.6146090359375
0 0.63441975625 0.63034369375 0.63618644375 0.6276093046875 0.6314627578125 0.5600574625 0.6332294453125 0.557323071875 0.6285057609375 0.48977122968750003 0.6302724468750001 0.4870368375 0.6257304421875001 0.42208314218750004 0.6205870046874999 0.41852652968750004 0.597206596875 0.420161446875 0.592971559375 0.429595571875 0.5975135640625 0.494549265625 0.5957468765625 0.49728365781250006 0.5995621609375 0.551844759375 0.5977954734375001 0.5545791515625 0.601429078125 0.6065421062499999 0.599662390625 0.6092764984375 0.604931115625 0.684622784375 0.6031644296875001 0.687357175 0.607524753125 0.749712721875 0.6057580671875 0.7524471109374999 0.6099367109375 0.8122045109375 0.6081700234375 0.8149388999999999 0.609623465625 0.8357240828125001 0.614948584375 0.8418788453125 0.6246904203125 0.8411976296875 0.62682046875 0.843659534375 0.639394015625 0.8414748796874999 0.6431090703125 0.8386042453125 0.641655628125 0.8178190624999999 0.643422315625 0.8150846734374999 0.6392436703125 0.7553272734375 0.6410103578124999 0.752592884375 0.6357416328125 0.6772465984375 0.6375083187499999 0.67451220625 0.63441975625 0.63034369375
0 0.66268675 0.5865934390625 0.6644534375 0.5838590499999999 0.6591847109375 0.5085127640625 0.6609513984375 0.505778371875 0.65640939375 0.440824678125 0.6581760812499999 0.4380902890625 0.6574493593749999 0.42769769531249996 0.6542542890624999 0.42400483906249997 0.6289255140625001 0.42577600000000004 0.6285872109375 0.43493763906250005 0.6268205234375 0.43767202968749996 0.631362528125 0.5026257249999999 0.6295958421875001 0.5053601140625 0.6343195265625 0.5729119578125 0.6325528390625 0.5756463468749999 0.6374582046875 0.6457963375 0.6356915171875 0.6485307296875 0.6395068015625001 0.7030918328125 0.6377401140625001 0.7058262234375 0.6424638 0.773378065625 0.6406971125 0.7761124546875 0.6430088406250001 0.7811725093749999 0.641242153125 0.7839068984375 0.6450574375 0.8384680015624999 0.6482525078125 0.842160859375 0.672516259375 0.839158746875 0.674101265625 0.833826209375 0.6704676625 0.7818632515624999 0.67223435 0.7791288625 0.668419065625 0.724567759375 0.670185753125 0.72183336875 0.664735346875 0.6438889343749999 0.666502034375 0.64115454375 0.66268675 0.5865934390625
0 0.674640084375 0.533540540625 0.676406771875 0.5308061484375 0.6733182078125 0.4866376375 0.6681747703124999 0.4830810234375 0.65949795625 0.484993190625 0.66167811875 0.516170965625 0.6599114328125 0.5189053546875 0.6640900765625 0.5786627546875 0.6623233890625 0.5813971437500001 0.6677737953125 0.659341578125 0.6660071078125 0.6620759703125 0.6714575140625 0.7400204015625 0.6696908265625 0.74275479375 0.6740511515625001 0.805110340625 0.6722844640625001 0.80784473125 0.6733745453125 0.8234336171875001 0.6755045921875 0.8258955218749999 0.67373790625 0.8286299140625 0.675867953125 0.8310918171875 0.6762313140625 0.8362881124999999 0.6772963375 0.837519065625 0.6879215171874999 0.835470653125 0.6896882046874999 0.8327362640624999 0.6853278796875 0.7703807171875 0.6870945671875 0.7676463250000001 0.6820075218749999 0.6948981890625 0.6837742078125 0.692163796875 0.6779604421875 0.6090230671875 0.6797271296875 0.6062886765625 0.674640084375 0.533540540625
0 0.69054026875 0.508931021875 0.6884102203125 0.50646911875 0.6878651796875 0.498674675 0.6894501875 0.4933421359375 0.6862551156250001 0.48964927812500003 0.6745649125 0.49046673749999997 0.67586173125 0.5230117046875 0.67409504375 0.5257460953125 0.67936376875 0.60109238125 0.6775970828125 0.6038267734375 0.6850459703125 0.71035083125 0.6832792828125 0.713085221875 0.6854093296875 0.715547128125 0.6859543703125001 0.723341571875 0.684187684375 0.7260759609375 0.6880029671875 0.7806370640625 0.68623628125 0.78337145625 0.688779803125 0.8197455250000001 0.6909098515625 0.822207428125 0.6912732109374999 0.8274037249999999 0.6896882046874999 0.8327362640624999 0.6948316421875 0.8362928765625 0.7054568234375 0.8342444656250001 0.707223509375 0.8315100765624999 0.7037715859375 0.78214526875 0.7055382734375 0.7794108765625001 0.6989977859375001 0.6858775578125 0.7007644734375 0.683143165625 0.693497265625 0.5792172546875001 0.695263953125 0.576482865625 0.69054026875 0.508931021875
0 0.713225290625 0.41335405625000005 0.7121602671875 0.412123103125 0.680986390625 0.4143029921875 0.679219703125 0.41703738437500004 0.661866078125 0.42086171875 0.6572676796875 0.42509955 0.659629521875 0.4588754703125 0.657862834375 0.46160985937500004 0.659134596875 0.4797968953125 0.6623296671875 0.4834897515625 0.6701231375 0.4829447796875 0.678461646875 0.49019424999999994 0.68926850625 0.4907439875 0.6956273140625 0.5816791609374999 0.6938606265625 0.5844135500000001 0.699856071875 0.6701524265625001 0.6980893859374999 0.67288681875 0.705901634375 0.7846071734375 0.704134946875 0.7873415625 0.7074051906250001 0.834108221875 0.7084702140625 0.835339175 0.7337989890625 0.8335680156249999 0.7346823328125 0.83220081875 0.7362673390625 0.8268682796875 0.7299085328125 0.7359331078125 0.73167521875 0.73319871875 0.72331793125 0.6136839203125 0.7250846171875 0.610949528125 0.715818928125 0.4784439921875 0.717585615625 0.475709603125 0.713225290625 0.41335405625000005
0 0.773925365625 0.5814257296875 0.7756920515625 0.5786913390625 0.7651546015624999 0.42799876875000004 0.7669212890625 0.42526437812499995 0.7651044859375 0.3992829 0.757831 0.39326438124999996 0.7305538578124999 0.3951717859375 0.727903828125 0.399273371875 0.7282671890625 0.4044696671875 0.7265005015625 0.407204059375 0.73522115 0.5319151515625 0.7334544625 0.534649540625 0.739449909375 0.62038841875 0.737683221875 0.6231228093750001 0.7398132703125 0.6255847140624999 0.7407216703125 0.6385754515625 0.7389549843750001 0.6413098453125 0.7449504296875 0.7270487203125 0.7431837421874999 0.7297831109375 0.749905909375 0.825914578125 0.7481392234375 0.8286489703125 0.74886594375 0.8390415609374999 0.7543727421875001 0.8477944703125001 0.7582694765625 0.847521984375 0.760399525 0.8499838890625 0.784663275 0.8469817765625001 0.7883783296875 0.8441111421875 0.7816561625 0.7479796734375 0.78342285 0.7452452828125 0.7809294421875 0.737587084375 0.7826961296875 0.73485269375 0.77706404375 0.6543101124999999 0.77883073125 0.651575721875 0.773925365625 0.5814257296875
0 0.7957019859375001 0.472858025 0.7974686734375 0.470123634375 0.7918365875 0.389581053125 0.7907715640624999 0.3883501015625 0.7615460546875 0.390393746875 0.7606627109375 0.3917609421875 0.76492280625 0.396684753125 0.7712816124999999 0.487619925 0.7695149265625 0.49035431406249996 0.776600453125 0.5916820796875 0.7748337656250001 0.59441646875 0.7815559328125 0.6905479359375 0.779789246875 0.693282328125 0.78191929375 0.6957442328125001 0.7822826546874999 0.7009405296875 0.7805159671874999 0.70367491875 0.786148053125 0.7842175015625 0.784381365625 0.7869518906249999 0.7851080859375 0.7973444828125 0.787238134375 0.7998063875 0.788146534375 0.8127971265625 0.7863798484375 0.8155315156249999 0.7874699296875 0.831120403125 0.790665 0.8348132609375 0.8129803843750001 0.8319473921875 0.8147470703125 0.8292129984375001 0.812385228125 0.7954370796875 0.814151915625 0.7927026875000001 0.806703028125 0.6861786296875 0.808469715625 0.6834442375 0.80029410625 0.5665275890625 0.80206079375 0.5637931968750001 0.7957019859375001 0.472858025
0 0.8506196312500001 0.4742395140625 0.85238631875 0.47150512187500004 0.84475575 0.36238291718750004 0.8320005234375 0.361969421875 0.8298704750000001 0.3595075171875 0.8045417 0.36127867812500003 0.8027750140625001 0.36401306875 0.7930331765624999 0.364694284375 0.790383146875 0.3687958703125 0.7921999484375 0.39477734999999997 0.7943299953125 0.397239253125 0.792563309375 0.3999736453125 0.7996488359375 0.50130140625 0.7978821484374999 0.5040358 0.804785996875 0.6027654140625 0.803019309375 0.6054998046875 0.8122849984375 0.738005340625 0.8105183125 0.7407397328124999 0.8163320781250001 0.8238804625 0.8195271484375001 0.8275733187500001 0.8234238843749999 0.82730083125 0.82555393125 0.8297627359374999 0.8645212765625001 0.827037875 0.8654046203125001 0.825670678125 0.8687563140625001 0.8176037484374999 0.867484553125 0.7994167156249999 0.8692512406249999 0.7966823234375 0.86325579375 0.7109434484375 0.8650224812499999 0.7082090578125 0.8566651921874999 0.5886942578125 0.8584318796874999 0.5859598687500001 0.8506196312500001 0.4742395140625
0 0.8742318328125 0.5039186124999999 0.8759985203125 0.501184221875 0.8687313124999999 0.39725831093749997 0.8704980000000001 0.3945239203125 0.8646842343750001 0.3113831921875 0.8636192109374999 0.3101522390625 0.8538773734375 0.3108334546875 0.8514090234375 0.3175331875 0.8544975859375 0.36170170156250003 0.8527309000000001 0.36443609062500004 0.8556377828124999 0.4060064546875 0.8538710953124999 0.4087408453125 0.8553245374999999 0.429526028125 0.85355785 0.43226042031249995 0.8553746515625 0.45824189843749996 0.8536079640625 0.46097628906250004 0.858695009375 0.5337244250000001 0.8569283234375 0.5364588171875 0.8589268046875 0.56503844375 0.8571601171875001 0.5677728328125 0.8637006046875 0.6613061546875 0.8619339171875 0.66404054375 0.8695644859374999 0.7731627515625 0.8677977984374999 0.7758971406249999 0.8705230015625001 0.814869359375 0.8726530484374999 0.8173312625 0.873016409375 0.8225275578125 0.8763931609375 0.8288185640625001 0.8802898953125 0.8285460765625 0.8824199421875001 0.83100798125 0.8891483875 0.8292320562500001 0.8907333953125001 0.8238995171875001 0.885101309375 0.7433569375 0.886867996875 0.7406225453124999 0.8805091890625001 0.6496873734374999 0.8822758765625001 0.646952984375 0.8751903499999999 0.5456252187499999 0.8769570359375001 0.5428908296875 0.8742318328125 0.5039186124999999
0 0.8833785140625 0.466727084375 0.8759296265625001 0.3602030265625 0.8776963140625 0.357468634375 0.87460775 0.3133001234375 0.8735427265625001 0.3120691703125 0.8648659140625 0.31398133906250003 0.868862878125 0.3711405890625 0.867096190625 0.37387498125 0.870366434375 0.420641640625 0.8685997484374999 0.4233760328125 0.870911475 0.4284360828125 0.871456515625 0.436230528125 0.8696898281250001 0.43896491875 0.8721832359375 0.44662311718750003 0.8704165500000001 0.44935750781249995 0.8753219140624999 0.5195075 0.873555228125 0.5222418906249999 0.87936899375 0.6053826203125 0.87760230625 0.608117009375 0.8859595953125 0.7276318078124999 0.8841929078125 0.7303661984375001 0.89109675625 0.8290958125 0.8921617796874999 0.830326765625 0.9008385921875 0.828414596875 0.895569865625 0.7530683125000001 0.8973365531249999 0.7503339234374999 0.89043270625 0.6516043078125 0.89219939375 0.6488699140625 0.8849321859374999 0.544944003125 0.8866988734374999 0.5422096140625 0.881611828125 0.469461475 0.8833785140625 0.466727084375
0 0.904484753125 0.6845627703125 0.8977625859374999 0.5884313015625 0.8995292718749999 0.585696909375 0.8933521453125 0.49735988750000004 0.8951188328124999 0.49462549375 0.8900317875000001 0.4218773578125 0.8917984750000001 0.41914296562500003 0.885984709375 0.33600223749999997 0.8877513953125 0.333267846875 0.8862979546875 0.312482665625 0.8831028828124999 0.3087898078125 0.87725778125 0.30919853750000004 0.8728410640625001 0.3160345140625 0.88047163125 0.4251567203125 0.8787049437500001 0.4278911109375 0.8837919890625001 0.50063925 0.8820253031249999 0.5033736390625 0.8891108296875 0.6047014046875 0.88734414375 0.60743579375 0.8949747109375 0.716558 0.8932080234375 0.7192923906249999 0.9006569125 0.8258164515624999 0.9017219359374999 0.827047403125 0.9026052796874999 0.8256802078125001 0.904371965625 0.822945815625 0.90224191875 0.8204839109375 0.9015151984375 0.810091321875 0.9091269875 0.8069482000000001 0.9065834640625001 0.7705741328125 0.9083501515625001 0.7678397421875001 0.902718065625 0.6872971609375 0.904484753125 0.6845627703125
0 0.918568134375 0.633971771875 0.9203348218749999 0.63123738125 0.9121592125 0.51432073125 0.9139259 0.5115863421875 0.9050235703125 0.3842771 0.9067902578125 0.381542709375 0.9017032125 0.3087945734375 0.898508140625 0.305101715625 0.8868179375 0.3059191734375 0.8841679062500001 0.3100207609375 0.8862979546875 0.312482665625 0.8868429953125 0.3202771078125 0.8850763078125 0.3230114984375 0.8899816734374999 0.39316148906250004 0.8882149859374999 0.3958958796875 0.8925753109375 0.4582514265625 0.8908086234375 0.46098581562499996 0.8973491109375 0.5545191375 0.8955824234374999 0.5572535265624999 0.90284963125 0.6611794375 0.90108294375 0.66391383125 0.907986790625 0.7626434453125001 0.906220103125 0.7653778359375 0.9105804281250001 0.8277333812500001 0.9116454515625 0.8289643343750001 0.928115734375 0.82650719375 0.9275706937500001 0.8187127500000001 0.9293373812500001 0.8159783609375 0.9272073328125 0.8135164546875 0.9268439734375 0.8083201609374999 0.9286106593750001 0.80558576875 0.9238869749999999 0.7380339265625 0.9256536625 0.7352995359375 0.918568134375 0.633971771875
0 0.92574766875 0.4846511609375 0.92751435625 0.48191677187500004 0.9213372296875001 0.393579746875 0.9231039171875001 0.39084535625 0.918016871875 0.3180972171875 0.9169518484375001 0.316866265625 0.9024299328125001 0.3191871625 0.9069719375 0.38414085625 0.9052052515625 0.3868752484375 0.9131991796875001 0.50119375 0.9114324921874999 0.5039281421874999 0.9194264203125 0.6182466421874999 0.9176597328125 0.620981034375 0.9258353421875001 0.7378976828125 0.9240686546875001 0.7406320765625 0.9300641015625001 0.8263709515625 0.9369742265625 0.827193175 0.939104275 0.8296550796875 0.9399876171875 0.828287884375 0.9437026718749999 0.8254172484375 0.940432428125 0.7786505890625001 0.942199115625 0.7759161984375 0.9363853499999999 0.6927754687500001 0.9381520374999999 0.6900410796875 0.9301581078125001 0.5757225765625 0.9319247953125 0.5729881875 0.92574766875 0.4846511609375