0 0.1323956453125 0.184942684375 0.1288081328125 0.1666481203125 0.11432099843750002 0.157279275 0.0733116203125 0.1565634546875 0.0714489515625 0.2073199265625 0.08139045 0.5330638750000001 0.0925605484375 0.676509834375 0.099508328125 0.7261178125 0.0990992875 0.7495517421875 0.10273224843749999 0.7652425359375 0.10227775937500001 0.7912802359375 0.1040033421875 0.8043331734375 0.110724615625 0.8109619015625 0.1488274765625 0.8103247078125 0.155685096875 0.809142128125 0.168582996875 0.7976467265625 0.16894658906249999 0.7768165640625 0.15936572499999999 0.654234853125 0.15064839218749998 0.482181509375 0.14401875625 0.41434714218749996 0.14456414374999998 0.3831019015625 0.1323956453125 0.184942684375
0 0.2140969984375 0.1486026171875 0.21913813750000002 0.139574640625 0.20560469218750002 0.1315247234375 0.21346145156250002 0.12905729999999999 0.2116904203125 0.1186081328125 0.1858953609375 0.0856008359375 0.13316901718750002 0.08468049375 0.130171603125 0.08853501875 0.1296716640625 0.11717649062499999 0.13602860625 0.20063347812500001 0.13698155625 0.25795050625 0.1404781703125 0.2814526109375 0.153463271875 0.5447401640625 0.170490375 0.80028458125 0.17330599375 0.8068451375000001 0.1977390625 0.8059693375 0.2202193046875 0.8050594484375001 0.225169546875 0.8012390109374999 0.225714934375 0.7699937703125 0.2191761953125 0.6969518625 0.19520426875000002 0.16780706875 0.195386065625 0.157391990625 0.1983834796875 0.15353746562499998 0.2140969984375 0.1486026171875
0 0.27322499375 0.28637427656250003 0.27122819531250003 0.1769477625 0.2695026125 0.16389482500000002 0.2647341671875 0.1573001828125 0.20619479062499999 0.1536738125 0.1992917203125 0.15746016406250002 0.19702075 0.175652465625 0.20364890781249997 0.3554830328125 0.21445541562499998 0.5197591515625 0.21795055156249998 0.6552574546875001 0.22707692499999999 0.8038768671875 0.2337981984375 0.8105055968749999 0.27580671562500003 0.809936575 0.2896128546875 0.802363871875 0.290794528125 0.7346658515625 0.2849844515625 0.507967425 0.28030764218750004 0.44016714375 0.27958193750000004 0.369831265625 0.276085321875 0.3463291625 0.276676159375 0.31248015156250003 0.27322499375 0.28637427656250003
0 0.2749520546875 0.187431015625 0.28952491406249997 0.583579015625 0.2936094078125 0.79722450625 0.2983324046875 0.8064229171875 0.3461994046875 0.8059561578125001 0.35305702499999997 0.8047735765624999 0.358052715625 0.7983493687500001 0.3617326046875 0.69944019375 0.34766116406249997 0.1626545234375 0.3448000953125 0.1586977390625 0.278403959375 0.157538790625 0.2754065453125 0.16139331562499998 0.2749520546875 0.187431015625
0 0.437536678125 0.1616187453125 0.4230040953125 0.15485366875 0.36441926874999997 0.1538310671875 0.35942357812500003 0.160255275 0.3626474984375 0.19938 0.3586494671875 0.31651556406250003 0.3620551828125 0.3452252078125 0.36005690625 0.3477948921875 0.3642337765625 0.4442366421875 0.364547484375 0.7619988484375 0.3789891703125 0.7739714640625001 0.4014694109375 0.7730615750000001 0.422042275 0.7695138312500001 0.43489472500000004 0.7606222 0.44321040937499995 0.39612848125 0.4425756015625 0.3205850625 0.43916988437500004 0.29187542031249997 0.441804446875 0.25285295625000004 0.4383078328125 0.2293508515625 0.437536678125 0.1616187453125
0 0.46646254374999996 0.40695260156249996 0.4699137078125 0.43305847656249996 0.46364175 0.7923787421874999 0.4665028171875 0.7963355265625001 0.5007000234375 0.7956301609375 0.5056048171875 0.794413490625 0.50864768125 0.787955196875 0.5220990984375 0.1292354625 0.507566515625 0.12247038750000001 0.48217975781250005 0.122027259375 0.4723701703125 0.124460596875 0.4673290296875 0.133488575 0.46646254374999996 0.40695260156249996
0 0.5377582984375 0.7988815765624999 0.5440273 0.663553709375 0.5558410765625 0.210565896875 0.547166975 0.20390307968750002 0.5374028375 0.20373264687499998 0.5226430078125001 0.209986421875 0.508511334375 0.7957665078125 0.5113724015625001 0.7997232921874999 0.5377582984375 0.7988815765624999
0 0.54911610625 0.4839276640625 0.539756575 0.7963118953125 0.5445704703125 0.8003027671874999 0.5670507109375 0.799392878125 0.5710472640625001 0.7942535125 0.5727743249999999 0.6953102515625 0.5967141078125 0.219093028125 0.5939893875 0.20732493281250003 0.56079131875 0.2067454578125 0.5577939046875 0.21059998281249998 0.5582923640625 0.2939547109375 0.54911610625 0.4839276640625
0 0.5833624578125 0.2006280296875 0.5842252484375 0.2071544984375 0.5949430765625 0.2086438609375 0.5965777609375 0.2269043375 0.5822232765625001 0.489714678125 0.571229059375 0.78383843125 0.5760429546875 0.787829303125 0.584853403125 0.786680809375 0.5927556109375 0.7816096156250001 0.5952538265625 0.7503984625 0.603749828125 0.4874858609375 0.6174680265625 0.2611283015625 0.6186497 0.19343028125 0.6040716671874999 0.189268975 0.592309253125 0.191668225 0.5833624578125 0.2006280296875
0 0.68622603125 0.23888740625 0.6732789875 0.532977075 0.671461028125 0.637127875 0.6642390765624999 0.7151387171875 0.6640118312500001 0.7281575671875 0.6687802781250001 0.7347522093750001 0.6834492078125 0.733705975 0.6874457609375 0.728566609375 0.6963053546875 0.444823846875 0.7095236140625001 0.2471077578125 0.7101144515625 0.2132587484375 0.7053460046875 0.20666410468750002 0.6916762125 0.20642549843750002 0.688678796875 0.21028002343750002 0.68622603125 0.23888740625
0 0.7100697421875 0.15986441875 0.6992155671875 0.1661863671875 0.7006684562500001 0.1948619234375 0.704392315625 0.20534517812500003 0.7101599000000001 0.210654978125 0.7089782265625 0.2783529984375 0.6960326609374999 0.46044646718750004 0.685492934375 0.728532521875 0.6972098984375 0.7287370421875 0.7119242796874999 0.7250870375 0.7169199703125 0.718662828125 0.726959759375 0.4792182453125 0.7404961609375 0.263275765625 0.7440851515625 0.16957413125 0.7412695328125001 0.16301357656249998 0.7256923625 0.1601371125 0.7100697421875 0.15986441875
0 0.7926785953125 0.18344515 0.7929967375 0.165218759375 0.7804169812499999 0.1584877703125 0.749171740625 0.1579423828125 0.7441306015625 0.1669703609375 0.742948928125 0.23466838281250002 0.7349997921875 0.35433954375 0.7331363843750001 0.461094115625 0.7263234734374999 0.5156710265625 0.7246873093749999 0.609406746875 0.7169199703125 0.718662828125 0.7255031734374999 0.730533184375 0.744077759375 0.7295551234375 0.7567938640625 0.7284748015625 0.759791278125 0.7246202765625 0.7649695046875 0.651782890625 0.765833034375 0.602311259375 0.7730549875 0.5243004171875 0.7739185171875 0.4748287859375 0.7784604578125001 0.43844417968749994 0.7926785953125 0.18344515
0 0.8427703765624999 0.22338795625 0.8380473796875 0.21418954218750003 0.814658896875 0.2111767328125 0.7931323453125 0.2134055484375 0.7899985843749999 0.2250713828125 0.7780514171874999 0.4618781109375 0.76805855625 0.586722725 0.76169865625 0.727258134375 0.7665125515625 0.73124900625 0.787039965625 0.73030503125 0.8036617234375001 0.7292928828125 0.806886384375 0.7124195078125 0.81488096875 0.5901445765625 0.8129735890625 0.5875067203125 0.8304610968749999 0.36902864375 0.831370075 0.31695324375 0.8377739453125 0.28581026249999997 0.8427703765624999 0.22338795625
0 0.86620430625 0.223796996875 0.8613904109374999 0.219806125 0.845767790625 0.21953343125 0.8406812015625 0.2311651796875 0.8397722218749999 0.2832405796875 0.8330956578125001 0.3300061796875 0.8324139234375 0.36906273125 0.8253737671874999 0.436658490625 0.827235696875 0.44190011875 0.8151082125 0.5771257265624999 0.814153784375 0.6318048968750001 0.8070681796875 0.702004428125 0.8066136890625 0.728042128125 0.8202380328125001 0.73088450625 0.8281402421875 0.7258133124999999 0.830274865625 0.7154323203125 0.8381785515625 0.598364928125 0.8473987796875001 0.5177844031250001 0.8481714124999999 0.4735203125 0.854938875 0.421547171875 0.8656134703125 0.25764600625 0.86620430625 0.223796996875
0 0.86565891875 0.2550422375 0.8632970500000001 0.27844208125000003 0.8573461921875 0.39554355937499996 0.85053328125 0.4501204703125 0.8300021718749999 0.731054940625 0.8347706171875 0.73764958125 0.8592036859375 0.7367737812499999 0.8634274843749999 0.7186155624999999 0.8713311703125 0.601548171875 0.8880460453125 0.42733418749999996 0.896222425 0.294644175 0.9006734671875 0.2634671078125 0.8979941953124999 0.24909524218749998 0.8706546109375 0.24861802812499997 0.86565891875 0.2550422375
0 0.9231097374999999 0.153164790625 0.9152529796875 0.15563221562500001 0.9082590109374999 0.16462610625000001 0.9038534171875 0.19319940468750002 0.900491671875 0.27388218750000004 0.8885459828125001 0.398692715625 0.8853660328125 0.46896042031249996 0.861338309375 0.7263927859375 0.8612019625 0.734204096875 0.8659249593749999 0.743402509375 0.8903125796875001 0.745130478125 0.894490928125 0.7295760312499999 0.9122511296875 0.495475334375 0.9239695734375 0.38368365625 0.9220621937500001 0.3810458015625 0.938368028125 0.23026574531250002 0.9395497 0.162567725 0.93673408125 0.15600716875 0.9231097374999999 0.153164790625
0 0.954354978125 0.1537101796875 0.948451046875 0.1562116890625 0.9454081828125 0.162669984375 0.94082079375 0.2016583625 0.8924926515625 0.732145715625 0.89231085625 0.74256079375 0.8951719234375 0.7465175796875 0.9156993375000001 0.74557360625 0.9218305140625 0.7300532453125 0.9344579375000001 0.5661861671875 0.9434509203125 0.49862449375000006 0.9561237921875 0.33215364375 0.967660440625 0.23077704687499997 0.9687057671874999 0.1708903359375 0.962075390625 0.15905406718749998 0.954354978125 0.1537101796875