0 0.43528483281249997 0.1925805 0.43305171875 0.1993614890625 0.437153340625 0.22904326875 0.442943659375 0.246764259375 0.46042548906249997 0.24492684531250003 0.6439040390625 0.19683885 0.7632455874999999 0.173821503125 0.7751908296875001 0.1660197296875 0.7694744296875 0.1116318140625 0.7661524765625 0.1080532 0.74090094375 0.11070724218750001 0.44278232656250005 0.1891739703125 0.43528483281249997 0.1925805
0 0.44098275468750003 0.25613514843749996 0.4456287953125 0.2909967296875 0.45087469375 0.30353791874999997 0.47057115937500005 0.3040862484375 0.6659764734375 0.2573632125 0.7911452984375 0.23373339375 0.7933784125 0.2269524046875 0.787934221875 0.175154390625 0.78461226875 0.171575775 0.7574183109375 0.174433975 0.44877093593749995 0.24615178906250001 0.44098275468750003 0.25613514843749996
0 0.45690026406250006 0.342182275 0.48825128125 0.341505659375 0.79410264375 0.2805557640625 0.7966079671874999 0.27636467656249997 0.792524825 0.237516165625 0.6182324625 0.2702368421875 0.4955504828125 0.2988423046875 0.4941524765625 0.30422626406250003 0.466686309375 0.3044945625 0.45446885625 0.3097064359375 0.45690026406250006 0.342182275
0 0.45299693281250003 0.35175731875 0.4573707640625 0.384029 0.46234445468749996 0.39398028906250004 0.470386365625 0.39575356093749997 0.7670700187499999 0.341004253125 0.8003634625 0.34012348124999997 0.8045390031249999 0.3331383375 0.799367021875 0.283930221875 0.7882753671875 0.2811682359375 0.526827584375 0.3348326171875 0.4591148984375 0.34456801718749996 0.45299693281250003 0.35175731875
0 0.4645590890625 0.39636603125000003 0.46011133906249996 0.40076127812499995 0.46802389531250005 0.46670166875 0.5187991703125 0.4639834828125 0.777995359375 0.4262668203125 0.7860372703125 0.42804009218749994 0.7910109609375 0.43799138125 0.7987806625 0.437174753125 0.8046264187500001 0.42739555156250003 0.7959157140625 0.3445187265625 0.7925937609375 0.340940109375 0.747917971875 0.345635725 0.4645590890625 0.39636603125000003
0 0.763470875 0.47492660625000005 0.77205720625 0.48187968124999997 0.7887224078124999 0.47227256406249996 0.7928979484374999 0.46528741875 0.79208131875 0.457517715625 0.7840948453125 0.42824425 0.4760658078125 0.4684749390625 0.46773320625 0.4732785 0.4723792484375 0.5081400796875 0.763470875 0.47492660625000005
0 0.47953061406249997 0.5388105750000001 0.7301035125 0.5124743015625 0.7539570390625 0.51520421875 0.764232065625 0.510196503125 0.7609655515625 0.47911769375 0.7576435984375001 0.475539078125 0.4762641 0.507731765625 0.47208855937500005 0.5147169109374999 0.47510134375 0.5340390875 0.47953061406249997 0.5388105750000001
0 0.4775881875 0.53901473125 0.47368485781249997 0.5485897765625001 0.4775142703125 0.5756816578125 0.4847025953125 0.5880186890625 0.743861825 0.568635490625 0.7392527421875 0.5154404453125 0.4775881875 0.53901473125
0 0.47718662343749996 0.60059195 0.4810160359375 0.6276838296875 0.48571751562500004 0.63504521875 0.5112412578125001 0.6349810765624999 0.79091358125 0.6239159078125 0.7948169125 0.6143408625 0.790461559375 0.5729024500000001 0.7702391546875 0.5580075875 0.7508148984374999 0.560049159375 0.7421916093750001 0.5714295484374999 0.48276016874999994 0.588222846875 0.47718662343749996 0.60059195
0 0.7947984328125 0.6235075937500001 0.7775888125 0.627934909375 0.48571751562500004 0.63504521875 0.48348440156250005 0.6418262046875001 0.4881304421875 0.6766877859375 0.49310413124999997 0.686639075 0.5166854484375001 0.686779090625 0.5771728515625 0.6830401203124999 0.8052163125 0.685256896875 0.8207557171875 0.683623640625 0.8229888328125 0.676842653125 0.8178168515625 0.6276345390625 0.8012070874999999 0.6097414609375 0.796487128125 0.61154680625 0.7947984328125 0.6235075937500001
0 0.49310413124999997 0.686639075 0.4905988078125 0.6908301640625 0.4924857953125 0.7181262 0.49967412031249997 0.7304632328125 0.5135433078125 0.731624034375 0.5446221171875 0.72835751875 0.5726327046875 0.7332690203125 0.734089278125 0.737247340625 0.8270350171875 0.734024628125 0.8221352453125 0.6874064140625 0.8168708671875 0.6840319546875 0.5105859625 0.6848016609375 0.49310413124999997 0.686639075
0 0.59586789375 0.7674860609375 0.6843658828125 0.7686585906250001 0.7370835828125 0.7657362484375 0.7395889062500001 0.7615451609375 0.7374112312500001 0.7408259546875 0.726047365625 0.7354740671875 0.6059261484375 0.73238825 0.5551508734375 0.735106434375 0.5501032671874999 0.761822071875 0.59586789375 0.7674860609375
0 0.5222540140625 0.8145008578124999 0.7086899109375 0.8132352328125 0.755580334375 0.8109253624999999 0.7580856578125 0.806734275 0.749554765625 0.7722810078125 0.6915542078125 0.780995621875 0.5070607359375 0.7820570906250001 0.5045554125 0.7862481765625 0.508112615625 0.8107501546875 0.5222540140625 0.8145008578124999
0 0.7494438890625 0.8272813953125 0.7538916375 0.8228861515625001 0.74975305625 0.811537834375 0.653485365625 0.8111819328125 0.5416782687499999 0.8124592859374999 0.5203115875 0.814705015625 0.5214004265625001 0.8250646187499999 0.7180928703125 0.8279580078125001 0.7494438890625 0.8272813953125
0 0.416146284375 0.3281361109375 0.41837939999999996 0.321355125 0.40935952656249996 0.2542218609375 0.3498181078125 0.201563415625 0.0802914546875 0.2717879875 0.0727939609375 0.2751945171875 0.06889063125 0.2847695625 0.072138665625 0.3250151015625 0.07763829531250001 0.3493129234375 0.087604153125 0.36004876874999997 0.2316528140625 0.329197578125 0.2657998453125 0.3177530484375 0.3049205671875 0.3162598046875 0.3221301875 0.31183249062499996 0.32352819374999997 0.30644853125 0.34683730156250003 0.3039986453125 0.4083765828125 0.328952740625 0.416146284375 0.3281361109375
0 0.3559680515625 0.3161315203125 0.33794180156250003 0.312789134375 0.2785432375 0.3268877078125 0.2086159171875 0.334237365625 0.0878763625 0.3626386703125 0.08397303125 0.3722137171875 0.086132228125 0.40209965312499996 0.088872803125 0.41883193125 0.0946816015625 0.42738619062499994 0.20512765000000002 0.41315933125 0.25675651093749996 0.3998773859375 0.357218221875 0.3840814125 0.415726240625 0.3988800609375 0.424058840625 0.39407650312500003 0.419431278125 0.3500481890625 0.4094654203125 0.3393123421875 0.3559680515625 0.3161315203125
0 0.3194585484375 0.3985241578125 0.1510119421875 0.4214656328125 0.10299572187499999 0.4317493625 0.10018122968750001 0.4516840109375 0.104827271875 0.48654559375 0.15171769531249998 0.4842357234375 0.3859345609375 0.4517630046875 0.41006029687499995 0.457082821875 0.431426978125 0.45483709218749996 0.4339323015625 0.45064600625000006 0.43121020625 0.424746996875 0.4276345234375 0.40941175 0.4201555109375 0.4036515484375 0.35776264062499996 0.38926121406249997 0.3194585484375 0.3985241578125
0 0.3726097921875 0.4557820046875 0.1092565421875 0.49131708124999995 0.1036829953125 0.503686184375 0.10778461718750001 0.5333679640625 0.10998077343749998 0.5449204390625 0.117731996875 0.5532705421874999 0.2500891453125 0.54197775625 0.40493877187500005 0.5204653828125 0.42797566875 0.5154255953125 0.43770627656250005 0.505238078125 0.43389534375 0.4689794671875 0.41837441875000003 0.46144599375000006 0.3989501625 0.46348756562500004 0.3726097921875 0.4557820046875
0 0.3798485734375 0.5807097125 0.43120522499999997 0.5648378671875001 0.44482068437500005 0.5542420375 0.4426430078125 0.5335228296875 0.436562 0.5223786687499999 0.11800420625000001 0.5558604421875 0.11715061874999999 0.566424203125 0.12484640312499999 0.6022744999999999 0.3798485734375 0.5807097125
0 0.128929546875 0.6411230109375 0.3353710765625 0.6246621546875 0.38257066875 0.606608721875 0.3939714921875 0.5936271468750001 0.37207887031250003 0.5815263421875 0.154254996875 0.60180204375 0.123448396875 0.6076584578124999 0.120943071875 0.61184954375 0.1245002765625 0.6363515234375 0.128929546875 0.6411230109375
0 0.181028909375 0.6696877921875 0.3619466984375 0.653291078125 0.41415693750000004 0.6268554703125 0.4150290046875 0.6071249796875 0.39449743125 0.6079736796875 0.343140778125 0.6238455265625 0.1272593296875 0.64391706875 0.12475400625 0.6481081546875 0.128039 0.6700202328125 0.181028909375 0.6696877921875
0 0.37915631875 0.6488637625 0.356663840625 0.65908335 0.1932278828125 0.67364265 0.140237971875 0.6739750921875001 0.132449790625 0.6839584515625 0.135462575 0.7032806296875 0.14016405468749998 0.7106420171875001 0.1482059671875 0.7124152890625 0.3901555765625 0.6974594046875 0.41459047968749996 0.687035659375 0.45126131562499994 0.6622333109375 0.457107071875 0.652454109375 0.4543849765625 0.6265551 0.445235746875 0.62358895625 0.3966381484375 0.6470263484375 0.37915631875 0.6488637625
0 0.3873780421875 0.699060590625 0.142378690625 0.713027759375 0.14455636562500002 0.7337469671875 0.361526653125 0.7240350265625 0.3873780421875 0.699060590625
0 0.1448285765625 0.73633686875 0.1425769828125 0.7522845874999999 0.1472784625 0.759645975 0.172802203125 0.7595818328124999 0.3759033015625 0.7487090921874999 0.426208075 0.7041441796875 0.43399625625000005 0.69416081875 0.4334518375 0.6889810171875 0.42263239218750004 0.6888089328125 0.3887575703125 0.7028433640625 0.36346907812499996 0.72383086875 0.1448285765625 0.73633686875
0 0.1786294796875 0.7589693609375 0.151435521875 0.7618275609375 0.14891171875 0.775185378125 0.1522151921875 0.7879307265625 0.16414195468749998 0.7892956843750001 0.34587637187500003 0.7806686734375 0.3716723234375 0.7831944296875 0.39692385625000004 0.7805403859375 0.39942917968749997 0.7763493 0.39697929374999996 0.75304019375 0.391714915625 0.749665734375 0.2904365765625 0.75769200625 0.1786294796875 0.7589693609375
0 0.36883935156250003 0.812295809375 0.3999181609375 0.8090292953124999 0.40242348437500003 0.804838209375 0.400245809375 0.784119003125 0.39692385625000004 0.7805403859375 0.283718753125 0.7872017015624999 0.15804246875 0.7873182546875 0.151380084375 0.78932775625 0.1549372875 0.8138297343750001 0.36883935156250003 0.812295809375
0 0.1659735046875 0.8440919156250001 0.3329851453125 0.8448678624999999 0.39180233124999997 0.843922946875 0.407904634375 0.8383027609375 0.40186058593749996 0.8088251390625001 0.3258337796875 0.8141973671875 0.1568797140625 0.8136255765625 0.1543743890625 0.8178166625 0.1576593828125 0.8397287406249999 0.1659735046875 0.8440919156250001