0 0.51325236875 0 0 0.027462771875000003 0 0.0847018375 0.017357428124999998 0.0813264078125 0.0900719453125 0.075559796875 0.0954264703125 0.0782128859375 0.0921634421875 0.08229550468749999 0.10435067499999999 0.0826347015625 0.1093985421875 0.0794364453125 0.10236139687500001 0.077849440625 0.1074092640625 0.0746511859375 0.148814390625 0.068569625 0.166253928125 0.0696114625 0.28027135312499996 0.055812840625000006 0.4187654625 0.0446430609375 0.5466527453125 0.0301175515625 0.6021321625 0.0272099984375 0.736954371875 0.01232104375 0.749243821875 0.014610689062500001 0.762248803125 0.0305534734375 0.796719003125 0.024835356250000003 0.8452634937499999 0.022291246875 0.8614292828125001 0.0322009625 0.8548010109374999 0.0384157515625 0.86698824375 0.0387549484375 0.8750947015625 0.027573178124999997 0.8715250171875001 0.025804451562500004 0.880803003125 0.0038043546875 0.880603625 0 0.51325236875 0
0 0 0.1017941265625 0.0911963515625 0.097014728125 0.21908363125000002 0.08248921718749999 0.727880821875 0.038222039062500004 0.7485833859375 0.0351812578125 0.7531201609375 0.0222307609375 0.7474589796875 0.013726326562499998 0.7265519796875 0.0128662109375 0.5986646999999999 0.0273917203125 0 0.08362112187500001 0 0.1017941265625
0 0 0.145781953125 0.006758570312499999 0.1444676421875 0.010430471875 0.1481868171875 0.0624424265625 0.1454609859375 0.1073150171875 0.1391977015625 0.19053414375 0.134836371875 0.2284718078125 0.1289365328125 0.5225929078125 0.10178746718750001 0.8445559328125001 0.0751350734375 0.85485610625 0.0726394578125 0.8598017546875001 0.0674907546875 0.858268475 0.0382340296875 0.8490376140624999 0.02796086875 0.79355819375 0.030868423437499997 0.762555459375 0.0364048171875 0.4786323140625 0.0591078203125 0.2295882421875 0.08389450000000001 0.1637064328125 0.08734721875 0.10853366874999999 0.09610611718749999 0 0.10354468125 0 0.145781953125
0 0 0.193716978125 0.0231838921875 0.1925019609375 0.8158020078125 0.12358133125 0.828398115625 0.131722321875 0.8287047718749999 0.137573665625 0.8392093812500001 0.1389789484375 0.8395160374999999 0.14483029375 0.8324788906249999 0.1432432890625 0.8299313953125 0.1609790453125 0.852827675 0.16662442187499998 0.86113856875 0.15934354687500002 0.867255746875 0.1433765171875 0.8720440828125 0.1020536578125 0.86388253125 0.079011721875 0.8549583249999999 0.07458990625 0.25284627187500003 0.1296149265625 0.152289825 0.13488486718749998 0.1109869171875 0.14291687656250002 0 0.1522170265625 0 0.193716978125
0 0 0.2744098578125 0.0309445390625 0.27423906875 0.19717835781249998 0.26161551250000004 0.24898587499999997 0.254988784375 0.40145205781250004 0.24504256562500001 0.8791442937499999 0.20436133281250002 0.8880684999999999 0.2087831484375 0.891386621875 0.23892423593749998 0.9030627609374999 0.2295111921875 0.9122385265625 0.20556064687500003 0.9112163390625 0.1860561625 0.9031570078125 0.164964675 0.880465165625 0.163220196875 0.7871503015625 0.17397803750000002 0 0.236588021875 0 0.2744098578125
0 0 0.3071536890625 0.1747460484375 0.2979956359375 0.5660583484374999 0.2677088015625 0.6663081375 0.25658751562500004 0.8810864484375 0.24141985156249998 0.8894995609375 0.236089425 0.8880684999999999 0.2087831484375 0.882713975 0.206130059375 0.8098972390625001 0.20994622343749997 0.425724303125 0.2437705109375 0 0.27569822187500004 0 0.3071536890625
0 0 0.3364907703125 0.11039751874999999 0.33070508125 0.33200853750000003 0.3132235234375 0.342513146875 0.3146288046875 0.7164881296875001 0.2852505796875 0.9801175843750001 0.2733901515625 0.9886329171874999 0.2700101734375 0.9868952 0.2368525515625 0.9711382859375 0.23474462968749998 0.6595776484375 0.26085185625 0.6490730390625 0.259446575 0.4726412671875 0.27651619375 0.282032984375 0.28846135624999997 0.0154471578125 0.31025574843750003 0.001475084375 0.30903218906249996 0 0.3096176921875 0 0.3364907703125
0 0 0.41454207656250003 0.0001621828125 0.41667028906250003 0.034939039062499996 0.41680351718750003 0.1006164109375 0.4094499015625 0.3294690109375 0.3974562453125 0.7659605578125 0.3667574703125 0.7696324609375 0.3704766453125 0.78895905625 0.37435329375 0.7752936390625 0.3789810796875 0.778965540625 0.3827002546875 0.772643925 0.3947663875 0.7779984484375 0.3974194765625 0.83704755 0.39628065 0.8518844968750001 0.3808345390625 0.851373403125 0.371082296875 0.8784997999999999 0.35792583125 0.8711480265624999 0.2839905171875 0.862223821875 0.2795687015625 0.772069765625 0.284293475 0.5054839390625 0.30608786875 0.2802010203125 0.3198502515625 0.1799512296875 0.3309715359375 0.0065780453125 0.3400576390625 0 0.3420128609375 0 0.41454207656250003
0 0 0.4460347171875 0.1821057921875 0.438427915625 0.285925265625 0.42907535625 0.6914140765625 0.403912978125 0.7573981046875 0.40241070624999997 0.765504559375 0.39122893593749997 0.7679498375 0.3715427296875 0.7625953140624999 0.368889640625 0.72098575 0.37107030625 0.59289403125 0.38169491875 0.11805594687500001 0.4104917390625 0.0177039375 0.4196625765625 0.0106667921875 0.41807557187500005 0 0.42066001406250003 0 0.4460347171875
0 0 0.4878036328125 0.0008856843749999999 0.4968203921875 0.01159473125 0.502126571875 0.6112615078125 0.46678775625 0.9130330656250001 0.452928384375 0.9315419125 0.44120144687499996 0.9340894078125 0.42346569062499995 0.9259278578125001 0.4004237546875 0.90996650625 0.3944149359375 0.511310403125 0.417263421875 0.00200211875 0.451778359375 0 0.454712921875 0 0.4878036328125
0 0.0075219265625000005 0.55710256875 0.8951926234375 0.5105817187499999 0.9032990812499999 0.499399946875 0.9012547078124999 0.46039098125000005 0.8748909640625 0.454927328125 0.2025096703125 0.49603275468749997 0.015164414062500001 0.503895296875 0.0031816187500000002 0.507456996875 0.0075219265625000005 0.55710256875
0 0.8753078109375 0.5292260859375 0.8838231406249999 0.5258461078125001 0.8832098281249999 0.5141434171875 0.7599615421875 0.5176688781250001 0.0907410546875 0.5527412375 0.0041566812500000005 0.5592347390625 0.0048722125 0.5728878765625 0.8753078109375 0.5292260859375
0 0.0034962453125 0.57980530625 0.0070188046875 0.613847290625 0.0106907046875 0.6175664656250001 0.8361514937500001 0.578217509375 0.8411993624999999 0.575019253125 0.8430313265624999 0.543630359375 0.8391549890625001 0.5360102875 0.82329585625 0.531951915625 0.011909359375000001 0.57447488125 0.0034962453125 0.57980530625
0 0.4307728734375 0.6718273015625 0.6284183015625 0.66146914375 0.843707703125 0.6560537203125001 0.8540078765624999 0.6535581046875001 0.895821878125 0.6552783375 0.9513012968749999 0.652370784375 0.9596121906249999 0.645089909375 0.9526692921875 0.5789563890625 0.9401754046875 0.572765846875 0.9192684046874999 0.57190573125 0.843188640625 0.5798045140625 0.46503066249999997 0.5957113234375 0.0142603890625 0.6193351921875 0.007938771875 0.6314013265625 0.0122790796875 0.6810468968750001 0.017633604687500002 0.6836999859375 0.11125512343749999 0.678793490625 0.11839448749999999 0.6823309421875 0.15296690468750002 0.6785632734375 0.2711673265625 0.67823606875 0.278000034375 0.675922175 0.4307728734375 0.6718273015625
0 0.0457821875 0.690048003125 0.012994610937500001 0.694700034375 0.01223195625 0.7133201546875 0.018970417187499998 0.775552778125 0.8487164187499999 0.7516256875 0.9041958375 0.748718134375 0.9091414859375 0.7435694296875 0.9013808390625 0.6618323234375 0.8959240968750001 0.6572287859375 0.8854194874999999 0.6558235031249999 0.0457821875 0.690048003125
0 0.9155102265625 0.6992300375 0.9034252125 0.7008412890625 0.9110756703125 0.7141309828125 0.9127111703124999 0.74533815625 0.9076633015625 0.7485364125 0.7793671453125001 0.755260128125 0.7028785078124999 0.7553571171875 0.44261429531249996 0.7650853765625001 0.3765280484375 0.7646371984375 0.0191748546875 0.779453675 0.01851441875 0.80002424375 0.0238689421875 0.8026773328125 0.10362060625 0.798497725 0.122844984375 0.8004239265624999 0.022390756249999998 0.8076443140625 0.0238769125 0.869174296875 0.19419150624999998 0.8680717093749999 0.5587862859375 0.8587431328124999 0.7882521984374999 0.8584521671875001 0.9618298187500001 0.8532669593750001 0.9769734218749999 0.84367219375 0.97319133125 0.7715056062500001 0.9574815390625 0.737124425 0.9155102265625 0.6992300375
0 0.957403234375 0.9346648703125 0.9537233625000001 0.8644487312500001 0.94459471875 0.85612601875 0.9167527906249999 0.855629346875 0.7605124890625 0.85990594375 0.4129483734375 0.8624745640624999 0.0275488140625 0.8728934718750001 0.022500946875 0.876091728125 0.030010032812499997 0.986201196875 0.054486715625 0.9888300390625 0.29088755625 0.988175628125 0.4892485171875 0.9914706078125001 0.600411790625 0.9895563984375 0.645795475 0.99304535625 0.9613346671875 0.976508646875 0.9656670046875 0.959657253125 0.957403234375 0.9346648703125
0 0 0.233215859375 0.0530701921875 0.23200759999999998 0.24337182031250001 0.2142110921875 0.3508631921875 0.2085777078125 0.7939830109375 0.17166414531250002 0.8198356609375 0.1673755578125 0.8213609703125 0.1301353171875 0.8159042265625001 0.1255317796875 0.7534898812499999 0.1288027765625 0.4975108828125 0.1539529 0 0.1954275734375 0 0.233215859375