0 0.839438709375 0.0859486921875 0.8355723375 0.07719027656250001 0.8006086765625 0.0808651046875 0.3959658203125 0.15481691718749999 0.3934604953125 0.15900800312500002 0.39783432812499997 0.1912796859375 0.43501262343749997 0.1899906 0.7860841921875 0.129524890625 0.7894061453125001 0.13310350625 0.790185815625 0.15920667187499998 0.7606663453125 0.21467951406250002 0.7639882984375 0.2182581296875 0.8404905890625001 0.11464175937500001 0.839438709375 0.0859486921875
0 0.4000489625 0.193665428125 0.4002842140625 0.214588790625 0.4096871734375 0.22931156874999997 0.6974753265625 0.183352746875 0.7693450734375 0.17579893124999998 0.7698894921874999 0.180978734375 0.77571676875 0.1803662625 0.7899136062500001 0.156616771875 0.7871915109375001 0.1307177625 0.4000489625 0.193665428125
0 0.410194634375 0.2528248328125 0.4493153546875 0.25133158906249997 0.73931814375 0.20775851250000002 0.7565277640625 0.2033311984375 0.75794425 0.18878050625 0.6771974843749999 0.195958078125 0.412446228125 0.23687711406249998 0.407998478125 0.24127235625000001 0.410194634375 0.2528248328125
0 0.7406791921875 0.220708015625 0.7506820078125 0.2131104015625 0.7470878453124999 0.206941884375 0.708239334375 0.2110250265625 0.45487042187500004 0.24812921875 0.41435169375 0.25500641874999996 0.4151683234375 0.2627761203125 0.7406791921875 0.220708015625
0 0.42072339062499997 0.2595737484375 0.4107205734375 0.2671713640625 0.41645545312500004 0.31239255 0.486654984375 0.30763279374999997 0.755835509375 0.27148524531249996 0.758340834375 0.2672941578125 0.7556556984375 0.22306169062499998 0.7520615359375 0.2168931734375 0.6180341703125001 0.2309800171875 0.5855573546875 0.2396304890625 0.42072339062499997 0.2595737484375
0 0.41449454843750005 0.3217634390625 0.41968500937500003 0.36180482187499996 0.422716271875 0.3719602671875 0.7681958156250001 0.3330303921875 0.7701567203125 0.32365950468750004 0.7649847390625 0.274451390625 0.7616627874999999 0.2708727734375 0.7053324453125 0.27679333125 0.4186700890625 0.31477829375 0.41449454843750005 0.3217634390625
0 0.4229145640625 0.4112170921875 0.4320453140625 0.42334996875 0.7564303859375 0.389255725 0.7725326890625 0.3836355375 0.7701197625 0.3419929671875 0.7623685390625 0.3336428640625 0.4249309078125 0.3743460109375 0.4190851515625 0.384125215625 0.4229145640625 0.4112170921875
0 0.7488220171875 0.44766264062500005 0.784330096875 0.44916761406249994 0.7885056359375 0.44218246875 0.7830614453125 0.3903844515625 0.7797394921875 0.3868058390625 0.4284326734375 0.426348184375 0.4336046546875 0.47555629843749997 0.7488220171875 0.44766264062500005
0 0.43414907343750003 0.4807361 0.43164375 0.48492718593750006 0.43710641875 0.5275584703125 0.44542054062499997 0.53192164375 0.498138240625 0.5289993015625 0.7589676875 0.5068220453125 0.7614730109375001 0.50263095625 0.7568454499999999 0.4586026453125 0.7513088609375 0.45263828593750005 0.731612396875 0.45208995625000004 0.43414907343750003 0.4807361
0 0.7580032234375 0.5723861921875 0.7602363375000001 0.565605203125 0.75506435625 0.5163970890625 0.7517424046875 0.512818475 0.44569274999999997 0.53451154375 0.4431874265625 0.5387026328125 0.449466725 0.5891036171875 0.7580032234375 0.5723861921875
0 0.676149140625 0.5783708921875 0.45195357031250005 0.5940792625 0.4480502390625 0.6036543078125 0.45215186249999995 0.6333360890625 0.45463870625 0.6383117328125001 0.46462304374999996 0.6398808484375 0.6679963515625 0.6315980078125001 0.767332265625 0.62377589375 0.7698375890625 0.61958480625 0.765754446875 0.58073629375 0.760217859375 0.5747719359375 0.676149140625 0.5783708921875
0 0.454910915625 0.640901634375 0.4524055921875 0.64509271875 0.4556905859375 0.6670047968749999 0.45817743125000004 0.6719804421875 0.48175874687500003 0.6721204578125 0.7284098359375 0.6645259609374999 0.7739207328125 0.6584333171875 0.770926428125 0.6299444109375 0.767604475 0.62636579375 0.7420807328125 0.6264299359375001 0.454910915625 0.640901634375
0 0.532534021875 0.669402271875 0.46039206562499996 0.6743661875 0.456488734375 0.6839412328125001 0.4611347765625 0.7188028140625 0.4713913234375 0.7229618296875 0.54936055625 0.71738544375 0.72802675 0.716936446875 0.7710323234375001 0.7150348921874999 0.7790927140624999 0.7076414328125 0.7750095703125 0.6687929203125 0.7714154093750001 0.6626244046875 0.532534021875 0.669402271875
0 0.7838126734374999 0.7058360890625 0.778802025 0.7142182625 0.7535504921875 0.71687230625 0.4694488984375 0.7231659859375 0.46138850624999994 0.7305594453124999 0.4638199125 0.763035284375 0.47046381875 0.7701925140625 0.492102709375 0.7705366859375 0.5720143671875 0.76475614375 0.7467957109375 0.7647154625 0.7934139250000001 0.759815690625 0.7973172546875 0.75024064375 0.794050740625 0.719161834375 0.7838126734374999 0.7058360890625
0 0.7978616734374999 0.755420446875 0.793686134375 0.7624055921874999 0.7723194531249999 0.7646513203125 0.5800562796875 0.766529415625 0.46879360312499996 0.772986571875 0.46628827812500007 0.777177659375 0.46875664375000003 0.791320034375 0.48289804218750004 0.7950707375 0.698470321875 0.7907427546875 0.8100052078125 0.7868754984375 0.8183378093749999 0.7820719421875 0.8142177078125 0.7615568921875 0.8014927953125 0.7432555 0.7967728359375 0.7450608437499999 0.7978616734374999 0.755420446875
0 0.7534026578125 0.79020615625 0.510092 0.7922125375 0.4731859140625 0.7960915234375 0.4706805890625 0.8002826078125 0.473693375 0.8196047875 0.47618021875 0.82458043125 0.49781910937499996 0.8249246031249999 0.7819207046875001 0.8186309234375001 0.797460109375 0.816997665625 0.8105311484375 0.8012220328125 0.8083349921874999 0.7896695578124999 0.79419359375 0.78591885625 0.7534026578125 0.79020615625
0 0.797460109375 0.816997665625 0.7741510015624999 0.8194475515624999 0.47812264375 0.8243762734375 0.4739471046875 0.8313614171875001 0.4750174625 0.8508877531250001 0.476941409375 0.8598503265625 0.4822057875 0.8632247843749999 0.795443765625 0.853868746875 0.826522575 0.8506022328125 0.8290278984375 0.8464111453125 0.823818959375 0.81553649375 0.8160677359375 0.8071863921875 0.797460109375 0.816997665625