0 0 0.8122262031249999 0.0033143796874999997 0.8080381546875 0.0066293609375 0.8120787015625 0.0094950140625 0.8002283125 0.007416159375 0.7946257984375 0.0044007296874999996 0.801179209375 0.0023218734375 0.7955766953125 0.00498181875 0.7538119421875 0.009626775 0.7369701109375 0.019835242187499998 0.6225753453125 0.03770409375 0.48478533593749995 0.0500852609375 0.356672675 0.058776065625 0.3018011015625 0.0722435828125 0.16682949375 0.07703831562499999 0.155284640625 0.0953365984375 0.14587854218750002 0.0969101921875 0.11097273437499999 0.10451464531250002 0.06296010625000001 0.1175688671875 0.049207925 0.12226975312499999 0.05698348125 0.12513540625 0.045133090625 0.11588341093750001 0.034878959375000004 0.11341115625 0.038002896875 0.093820815625 0.024353579687499998 0.0706718703125 0.020687146875 0 0.470080403125 0 0.8122262031249999
0 0 0.9256933296875 0.0034442578124999996 0.9258281078125 0.020825864062499998 0.8160849593749999 0.033207032812499995 0.6879722984375001 0.0956920828125 0.1810898828125 0.0970220546875 0.16020750781249998 0.0852978046875 0.1530773125 0.07580218749999999 0.15684661093750002 0.07061405781249999 0.1771179140625 0.0582328890625 0.305230575 0 0.8059010328125 0 0.9256933296875
0 0.08059127499999999 0.6884462171875 0.1151866953125 0.3951077609375 0.1560565984375 0.0746390546875 0.1557570453125 0.0640450984375 0.15174911093750001 0.058137048437500005 0.122812928125 0.053554007812500005 0.11084505781250001 0.06044724218750001 0.102154253125 0.11531881718749999 0.10112383437500001 0.14679515 0.06429978125 0.4292341125 0.0367656375 0.6779894140625 0.026445307812500003 0.743149409375 0.023541740624999998 0.7989375921875 0.0064596875 0.9192746968750001 0.0099244453125 0.9286122203125 0.0227350453125 0.9288834687499999 0.043261960937499996 0.9303768609375 0.0494425953125 0.9225670171875 0.0496862171875 0.9085435859375 0.05408755 0.9057251859375001 0.062235178125 0.8542830859375 0.0654382984375 0.809088859375 0.0784745046875 0.7267814968749999 0.08059127499999999 0.6884462171875
0 0.22016552812499998 0.10061267968750001 0.23698406093750002 0.10679197656249999 0.24726647656249998 0.085569775 0.24187263906249998 0.0759267171875 0.22752635937500001 0.0666234796875 0.18810205468750002 0.0533482765625 0.163866759375 0.056540790625000004 0.1576861234375 0.06435063437500001 0.0863225796875 0.664745440625 0.07057049843749999 0.76420016875 0.06983963125 0.8062704578125001 0.05414348125 0.930342571875 0.058151415625 0.936250621875 0.08832372499999999 0.9392716953125 0.0946541359375 0.9367588296875 0.1000858890625 0.9024640937499999 0.1974659125 0.11283718125 0.2080478796875 0.1022089359375 0.21383511562500002 0.10312554375 0.21739372031249998 0.093142659375 0.22318095625 0.09405926875000001 0.22016552812499998 0.10061267968750001
0 0.31922348125 0.0495073421875 0.2977040609375 0.035552490625 0.2784132734375 0.0324971296875 0.25610705624999996 0.035995179687500004 0.24968279999999998 0.057828453125 0.2408043046875 0.15134084375 0.1376370453125 0.9400511484375 0.141101803125 0.9493886734375 0.173203190625 0.95271528125 0.18165037343749998 0.9118671359375 0.2038646265625 0.7466413421875 0.20815409687500003 0.6945881671875 0.230124728125 0.5433858015624999 0.289650278125 0.067674184375 0.2958309140625 0.05986433906250001 0.326003221875 0.0628854125 0.31922348125 0.0495073421875
0 0.28071585312499997 0.1365691875 0.23392695468750002 0.5193794875 0.17567544531249998 0.9495913437500001 0.1777543 0.9551938578125 0.20599753125000003 0.9579093953125 0.2347858171875 0.776147303125 0.28651922343749997 0.387089128125 0.29648406875 0.28671779218750004 0.326302775 0.07347936875 0.3228380171875 0.0641418453125 0.2958309140625 0.05986433906250001 0.2921225328125 0.064550246875 0.28071585312499997 0.1365691875
0 0.33647307187500003 0 0.2992558765625 0.2941878109375 0.295697271875 0.30417069531249996 0.27571165 0.4802959828125 0.2477660921875 0.66922255625 0.21365791406249998 0.9345141515625001 0.209556134375 0.947926509375 0.21109181562499998 0.9569584984375 0.2195010828125 0.9600481468750001 0.2354768875 0.9590629625 0.2534016703125 0.8458903390625 0.2823776484375 0.6254874328125 0.285936253125 0.6155045484375 0.3349537828125 0.243593740625 0.375385553125 0 0.33647307187500003 0
0 0.44326373124999996 0.2027425375 0.4537518546875 0.2114347 0.45746023593749996 0.2067487953125 0.46862329375 0.1487532828125 0.45659949062500005 0.13102913124999999 0.446954096875 0.12950145156249998 0.439725025 0.10023244687499999 0.36587685625 0.0920515515625 0.359696221875 0.09986139375 0.345573665625 0.189027703125 0.3114654890625 0.4543193 0.27808817812500003 0.67754060625 0.2681233328125 0.7779119437500001 0.2409645703125 0.9493856140625001 0.24195707500000002 0.961847075 0.31456911875000004 0.9715899406249999 0.32192995 0.9376007421875 0.3283921203125 0.8718296750000001 0.3642416859375 0.64548443125 0.4249654484375 0.21214863906249998 0.42936678125 0.2093302359375 0.43717694218750003 0.1912319734375 0.4388624 0.2055609390625 0.44326373124999996 0.2027425375
0 0.41983325000000005 0.257037328125 0.4035939234375 0.3845389171875 0.333037075 0.8549878453125 0.3211431515625 0.9550536468749999 0.318127721875 0.9616070562499999 0.3185770515625 0.977497990625 0.342962125 0.9796024546875 0.373679490625 0.7981459 0.3861165890625 0.694650625 0.445809934375 0.292791165625 0.4580593421875 0.22793670625 0.44880734687499996 0.21768257656249998 0.430059734375 0.211197740625 0.426351353125 0.215883646875 0.41983325000000005 0.257037328125
0 0.42142297968750003 0.4717348546875 0.3492925359375 0.9770895906250001 0.3552295484375 0.9833031765625 0.3931181734375 0.9875463921875 0.4005349359375 0.9781745796875001 0.49064609218750005 0.384264609375 0.5398314156249999 0.086205959375 0.5322089453125 0.06566340625 0.5153904125000001 0.059484109375000004 0.49115511562499997 0.062676621875 0.4819590515625 0.0770398765625 0.42142297968750003 0.4717348546875
0 0.453462790625 0.9935885375 0.5925156484375 0.1156433453125 0.5832636531250001 0.10538921406249999 0.5446820781249999 0.0992784921875 0.5338564875 0.12393016718750001 0.43426772968750005 0.790164615625 0.4030071890625 0.9750506437500001 0.40399969375 0.9875121046875 0.453462790625 0.9935885375
0 0.60661830625 0.1389700109375 0.6050826265625 0.1299380234375 0.5935081531249999 0.1281048078125 0.571331815625 0.2493928078125 0.46649899687499996 0.911281175 0.45484869375 0.9973235468749999 0.46835224531249997 0.9994623 0.60661830625 0.1389700109375
0 0.513763753125 1 0.6463980953124999 0.18745655781249998 0.6443192390625 0.1818540421875 0.6139971546874999 0.1735359921875 0.6057376640625 0.1757433203125 0.598470678125 0.1904121109375 0.47136767500000004 0.9929088875 0.4739988859375 1 0.513763753125 1
0 0.5809829265625 1 0.59406181875 0.917423125 0.5990063265625001 0.9111752515625 0.602509 0.8765749812499999 0.6267641937499999 0.7608894937499999 0.6259214656250001 0.7537250109375 0.6536793328125 0.603439253125 0.684640321875 0.40795926875 0.724104421875 0.1962485265625 0.72380486875 0.1856545703125 0.734181128125 0.1451119609375 0.7428719328125 0.09024038749999999 0.7374780953125 0.0805973265625 0.6713462406249999 0.0736385734375 0.6626933515625 0.08457235468749999 0.6575052218749999 0.1048436578125 0.6494135234375 0.1809031453125 0.5863492671875 0.5541046765625001 0.5157364875 0.9999362171874999 0.5158134484375 1 0.5809829265625 1
0 0.67459748125 1 0.8186292828124999 0.21121979375 0.8273200859375001 0.15634821875 0.8233121515624999 0.15044016875 0.7417476671875 0.141037128125 0.7361102078124999 0.145417496875 0.732551603125 0.15540038125 0.5914578046875001 0.9838052656249999 0.5903467874999999 1 0.67459748125 1
0 0.7708565890625 1 0.7964472984375 0.8756522546875001 0.863126090625 0.5170852265625 0.9105501281249999 0.2925732 0.9415670484374999 0.12171060156249999 0.93533048125 0.104903059375 0.8639545671875 0.09359822500000001 0.827058446875 0.10181646875000001 0.7812658171875 0.1349919234375 0.78032924375 0.1471478484375 0.7949191453125 0.142427653125 0.82578440625 0.14731623124999998 0.8278632609375001 0.1529187453125 0.8077657781250001 0.27980926093749997 0.7919577656250001 0.3546466046875 0.7473614656249999 0.6112460375000001 0.733182978125 0.6757949609375 0.67819775 1 0.7016086546875 1 0.7095629234375 0.94977871875 0.71544400625 0.9313749203125001 0.7059351640625 1 0.7708565890625 1
0 1 0.13975423125 0.9508190437499999 0.1319647328125 0.9407802500000001 0.1391635046875 0.9345057703125 0.16629375625 0.9062047265625001 0.3200089875 0.8364545734375 0.6605120390625 0.7738317593749999 1 0.8933643328124999 1 0.934030896875 0.8060402546875001 0.9784954359375 0.6126990218749999 0.9997352015625 0.5035669453125 1 0.502667009375 1 0.13975423125
0 0.18961783593749998 0.17487323906250002 0.1609973421875 0.4304874859375 0.097126390625 0.933634890625 0.10059114843750001 0.942972415625 0.1326925359375 0.9462990234375 0.1449419453125 0.881444565625 0.16710026718749998 0.6916013828125 0.1839386984375 0.585287709375 0.2399615765625 0.144176359375 0.24114177187500002 0.1179970046875 0.20503244999999998 0.108762346875 0.199394990625 0.11314271718749999 0.18961783593749998 0.17487323906250002