0 0 0.94058165625 0.0182236828125 0.9415367187499999 0.019267053125 0.9402875296875 0.0203104234375 0.939038340625 0.0300626640625 0.939549434375 0.0321494046875 0.9370510546874999 0.0360503015625 0.9372554921875 0.037229962500000005 0.9334057046875 0.039316703125000005 0.9309073250000001 0.0395892859375 0.9257061296875 0.0377751296875 0.9230033140625 0.0434993734375 0.8137782078125 0.0416852171875 0.8110753921875 0.053951457812500006 0.5770215953125 0.0521373 0.574318778125 0.0544966234375 0.5666192046875 0.052682467187500005 0.5639163875000001 0.06426724843750001 0.34286557968750003 0.0615460140625 0.3388113546875 0.04009108125 0.33768695000000004 0.038276925 0.3349841328125 0.026574235937500003 0.3343708203125 0.0244874953125 0.3368692 0.0214936765625 0.33801617031250003 0.0209485109375 0.3484185625 0.018861771875 0.350916940625 0.018452896875 0.358718734375 0.020267053125 0.36142155 0.019858178125 0.36922334375 0.017771439062499998 0.3717217234375 0.01708998125 0.3847247109375 0.0189041375 0.38742752812500003 0.018767846875 0.390028125 0.01668110625 0.3925265046875 0.0159996484375 0.40552949375 0.0178138046875 0.40823230937500005 0.0176775140625 0.41083290781250004 0.0155907734375 0.41333128593749996 0.0150456078125 0.42373367812499996 0.016859764062499998 0.4264364953125 0.016450889062499998 0.43423828750000004 0.014364150000000001 0.43673666562499996 0.013955275 0.44453845937500003 0.0157694328125 0.4472412765625 0.00268544375 0.6968986593750001 0.0044996 0.6996014765624999 0 0.7854589609375 0 0.81625841875 0.000316928125 0.81673059375 0 0.8227779421875001 0 0.94058165625
0 0.135249578125 0.40656363593749995 0.1353858703125 0.4039630390625 0.13357171406249999 0.40126022343749995 0.1354797953125 0.364851853125 0.137566534375 0.36235347500000004 0.13575237812500002 0.3596506578125 0.1364338359375 0.3466476703125 0.1385205765625 0.344149290625 0.1369790015625 0.336245278125 0.1390657421875 0.3337468984375 0.139338325 0.3285457046875 0.142468434375 0.3247981359375 0.1990314359375 0.3277624765625 0.20007480625000001 0.32651328749999997 0.2015740125 0.2979067109375 0.203660753125 0.2954083328125 0.20393333593750002 0.2902071375 0.20497670625 0.2889579484375 0.2322829828125 0.290389009375 0.23409713906250001 0.2930918265625 0.2418989328125 0.2935007015625 0.24502904218750002 0.2897531328125 0.2441219640625 0.2884017234375 0.24022106718749997 0.2881972859375 0.2384069109375 0.2854944703125 0.2364564625 0.2853922515625 0.2346423046875 0.282689434375 0.23269185625 0.282587215625 0.2271130953125 0.277079365625 0.2232121984375 0.276874928125 0.2213980421875 0.2741721109375 0.21944759375 0.2740698921875 0.2176334359375 0.271367075 0.2156829890625 0.27126485625 0.21386883124999997 0.268562040625 0.21191838281250003 0.268459821875 0.2101042265625 0.26575700625 0.20815377812500002 0.2656547875 0.202575015625 0.2601469359375 0.1986741203125 0.2599424984375 0.19685996249999999 0.25723968125 0.1949095140625 0.25713746249999997 0.1930953578125 0.254434646875 0.191144909375 0.254332428125 0.189330753125 0.25162961250000004 0.1836157 0.24872235781250002 0.17998738593750002 0.24331672499999998 0.1780369375 0.24321450625000002 0.1735015453125 0.23645746562499997 0.1736378375 0.2338568671875 0.16184581874999998 0.21628856093749999 0.157944921875 0.2160841234375 0.156130765625 0.21338130624999999 0.1463785234375 0.2128702140625 0.14456436718750001 0.2101673984375 0.14261391875 0.2100651796875 0.14052717812499999 0.21256355781249997 0.13662628125 0.2123591203125 0.1324528015625 0.2173558796875 0.1227005609375 0.2168447859375 0.121657190625 0.218093975 0.121112025 0.228496365625 0.119025284375 0.23099474375 0.1123469984375 0.358424034375 0.11416115468750002 0.3611268515625 0.11402486406250001 0.3637274484375 0.11193812343750001 0.36622582812500004 0.09326618125 0.72250771875 0.091179440625 0.7250060984375 0.0907705671875 0.7328078921875 0.0925847234375 0.7355107078125 0.0921758484375 0.7433125015625001 0.090089109375 0.7458108796875 0.0894076515625 0.75881386875 0.0912218078125 0.761516684375 0.091085515625 0.7641172828125 0.0889987765625 0.7666156625 0.087363278125 0.7978228359374999 0.089177434375 0.8005256515625 0.0889048515625 0.805726846875 0.0868181109375 0.8082252249999999 0.0853189046875 0.8368318015625 0.08713306093749999 0.8395346171875 0.0867241859375 0.8473364109375 0.084637446875 0.849834790625 0.0843648640625 0.855035984375 0.0861790203125 0.8577388015625 0.08140881562499999 0.948759721875 0.0832229734375 0.9514625390625 0.083993759375 0.9554145453125 0.09764689843749999 0.9561300765625 0.0986902671875 0.9548808875000001 0.1016840859375 0.9537339156250001 0.1048141953125 0.949986346875 0.13207250625 0.42986679843750003 0.134159246875 0.42736841875 0.1342955375 0.424767821875 0.13248138125 0.42206500468749997 0.13316283906249998 0.409062015625 0.135249578125 0.40656363593749995
0 0.166419984375 0.856728571875 0.1665562765625 0.8541279734374999 0.168643015625 0.85162959375 0.17641163437500001 0.7033955234375 0.1784983734375 0.7008971453124999 0.17863466562500002 0.698296546875 0.176820509375 0.6955937296875 0.1769568 0.6929931328125 0.179043540625 0.6904947531250001 0.17917983125 0.6878941546874999 0.177365675 0.6851913390625 0.1775019671875 0.682590740625 0.17958870625 0.6800923609375 0.1797249984375 0.677491765625 0.177910840625 0.6747889484375 0.178728590625 0.6591853609375 0.18081533125 0.65668698125 0.1790011734375 0.6539841671875 0.1810879140625 0.6514857875 0.1963525671875 0.36021883906249996 0.19843930781250002 0.3577204609375 0.19662515 0.35501764375 0.197851775 0.3316122640625 0.196944696875 0.33026085625 0.18914290312499998 0.32985198125 0.187328746875 0.32714916562499996 0.142468434375 0.3247981359375 0.139338325 0.3285457046875 0.1203938 0.6900287921875 0.118307059375 0.6925271703125 0.10863035937500001 0.8771696109375 0.11044451562499999 0.8798724265625 0.1101719328125 0.885073621875 0.10808519375 0.8875719999999999 0.10989934999999999 0.8902748171875 0.10676464375000001 0.950088565625 0.10948587968750001 0.9541427890625 0.146544396875 0.95608494375 0.1475877671875 0.9548357546874999 0.1486311375 0.953586565625 0.158383378125 0.9540976593750001 0.15956304062499999 0.950247871875 0.1616497796875 0.9477494921874999 0.16601110937500002 0.8645303656250001 0.16809785 0.8620319859375 0.168234140625 0.8594313874999999 0.166419984375 0.856728571875
0 0.2339710421875 0.7246662671874999 0.23410733437500003 0.72206566875 0.2361940734375 0.7195672906249999 0.23633036562499998 0.7169666921875 0.234516209375 0.7142638765625 0.2346525 0.7116632796875 0.236739240625 0.7091649 0.2375569890625 0.6935613125 0.23574283281250002 0.690858496875 0.2362879984375 0.6804561062500001 0.2383747390625 0.6779577265625 0.2365605828125 0.675254909375 0.23696945625 0.6674531171875 0.23905619687500002 0.6649547390625 0.23724204062499998 0.662251921875 0.23737833125000002 0.6596513234375 0.239465071875 0.6571529453125 0.23960136250000003 0.654552346875 0.23778720625 0.6518495296875 0.237923496875 0.6492489328125 0.2400102375 0.646750553125 0.246824815625 0.5167206671875 0.24891155468749998 0.5142222875 0.258724546875 0.32697925 0.26081128593749997 0.3244808703125 0.260947578125 0.32188027343750003 0.259133421875 0.31917745625 0.260223753125 0.29837267500000003 0.259316675 0.29702126562500003 0.2515148828125 0.296612390625 0.24970072499999998 0.293909575 0.21654310468750002 0.2921718578125 0.214728946875 0.289469040625 0.208877603125 0.2891623859375 0.203660753125 0.2954083328125 0.2018889625 0.329216103125 0.1998022234375 0.3317144828125 0.20161637968749999 0.33441730000000003 0.1995296390625 0.336915678125 0.1953046015625 0.41753420781250006 0.1971187578125 0.42023702500000004 0.19503201875 0.422735403125 0.19107956406249998 0.49815273906249996 0.18899282343749998 0.5006511171875 0.1888565328125 0.503251715625 0.1906706890625 0.5059545328125 0.1869908171875 0.576170671875 0.18490407656250002 0.57866905 0.18463149375000001 0.583870246875 0.18644565 0.5865730609375001 0.1860367765625 0.5943748546875 0.18395003593749998 0.5968732343750001 0.1696394234375 0.8699359984375 0.1675526828125 0.8724343765624999 0.1633276453125 0.9530529062499999 0.16604887968749998 0.9571071312500001 0.20895874375 0.9593559421875 0.2100021125 0.9581067531249999 0.2110454828125 0.9568575640624999 0.21689682812500002 0.9571642203125 0.2200269375 0.9534166515625 0.22043581250000002 0.9456148578124999 0.2225225515625 0.9431164781250001 0.233698459375 0.7298674625 0.23578519999999997 0.727369084375 0.2339710421875 0.7246662671874999
0 0.30386304062499997 0.8091691078125001 0.30594977968750003 0.8066707281250001 0.3160353546875 0.6142264953125001 0.3181220953125 0.611728115625 0.32984316874999997 0.388076709375 0.3319299078125 0.3855783296875 0.333020240625 0.3647735484375 0.3420016953125 0.3613326359375 0.3451318046875 0.3575850671875 0.3433176484375 0.35488225 0.34436101875 0.3536330609375 0.3463114671875 0.3537352796875 0.351890228125 0.35924313125 0.3655433671875 0.3599586625 0.371122128125 0.3654665125 0.378923921875 0.3658753875 0.38205403125 0.36212781875 0.383416946875 0.33612184218749996 0.373439084375 0.3212563515625 0.3714886359375 0.3211541328125 0.3678603234375 0.3157485 0.365909875 0.31564628125 0.36228156093749997 0.3102406484375 0.3603311125 0.3101384296875 0.3548886421875 0.3020299796875 0.35293819375 0.3019277609375 0.3456815671875 0.291116496875 0.34373111875 0.29101427812499997 0.3419169625 0.28831146093750004 0.33801606562500003 0.2881070234375 0.336201909375 0.28540420625 0.328400115625 0.2849953328125 0.326585959375 0.28229251718750004 0.2661220609375 0.2791237390625 0.265078690625 0.280372928125 0.26439723437499996 0.293375915625 0.26231049375 0.2958742953125 0.25290637656250003 0.4753155390625 0.2508196359375 0.47781391875 0.2397800203125 0.6884623375000001 0.23769328125000003 0.6909607156249999 0.22719883125 0.8912067421875 0.2251120921875 0.8937051203124999 0.226653665625 0.9016091328125 0.22456692500000003 0.9041075125000001 0.222113678125 0.9509182718750001 0.22483491249999998 0.9549724953125001 0.228735809375 0.9551769328124999 0.230549965625 0.95787975 0.2871129671875 0.9608440921874999 0.28815633749999997 0.9595949015624999 0.28919970625 0.9583457125000001 0.29310060312499997 0.95855015 0.294280265625 0.9547003625 0.2963670046875 0.9522019828125 0.29663958749999997 0.9470007875 0.29482543125 0.9442979703125 0.2969121703125 0.9417995921875001 0.30386304062499997 0.8091691078125001
0 0.3352672546875 0.6204498765625 0.3373539953125 0.6179514968750001 0.346894403125 0.43590965625000005 0.34898114375 0.4334112765625 0.3474395703125 0.42550726406250006 0.349526309375 0.423008884375 0.3523884328125 0.36839633125 0.349667196875 0.3643421078125 0.336014059375 0.3636265765625 0.3328839484375 0.3673741453125 0.32852261875 0.450593275 0.3264358796875 0.4530916515625 0.31512368125 0.668941265625 0.313036940625 0.67143964375 0.29968036875 0.926298225 0.297593628125 0.9287966031250001 0.29732104531250003 0.9339977984375001 0.29913520312499997 0.9367006140624999 0.2980448703125 0.957505396875 0.30090239687500003 0.9589590234375001 0.302716553125 0.9616618406249999 0.3124687953125 0.962172934375 0.313512165625 0.9609237437499999 0.31528395468750003 0.9271159734375001 0.3173706953125 0.9246175937500001 0.3260933546875 0.7581793375 0.32818009375 0.755680959375 0.3283163859375 0.7530803625 0.3265022296875 0.7503775453125 0.32858896875 0.7478791671875 0.3352672546875 0.6204498765625
0 0.344268096875 0.9338504484374999 0.3467213453125 0.8870396890625001 0.348808084375 0.8845413093750001 0.3582122015625 0.705100065625 0.36029894218749997 0.7026016875 0.36752239375 0.5647700062500001 0.369609134375 0.562271628125 0.37792291875 0.4036351640625 0.381053028125 0.3998875953125 0.384953925 0.4000920328125 0.38704066406250004 0.397593653125 0.3948424578125 0.39800252812500003 0.39797256718749996 0.394254959375 0.3982451515625 0.3890537640625 0.39643099375 0.3863509484375 0.3965672859375 0.3837503515625 0.39384605 0.37969612656249996 0.39189560156250003 0.3795939078125 0.3900814453125 0.376891090625 0.388130996875 0.376788871875 0.386316840625 0.3740860546875 0.3843663921875 0.3739838359375 0.3787876296875 0.36847598593750003 0.3534318015625 0.36714714375 0.3523884328125 0.36839633125 0.34898114375 0.4334112765625 0.346894403125 0.43590965625000005 0.33898949375 0.5867443234375 0.336902753125 0.5892427031249999 0.328452678125 0.7504797640625 0.3263659375 0.7529781437499999 0.31873361093749997 0.898611615625 0.3166468703125 0.9011099953124999 0.318461028125 0.9038128125 0.3183247359375 0.906413409375 0.31623799531249996 0.9089117890624999 0.3161017046875 0.9115123875 0.3179158609375 0.9142152031249999 0.31777957031250004 0.9168158015625 0.3156928296875 0.9193141812500001 0.315011371875 0.93231716875 0.3178688984375 0.9337707953125 0.3186396859375 0.9377228015625001 0.3156458671875 0.9388697734375 0.31446620625 0.9427195609375 0.3162803625 0.9454223765625 0.31614407031249997 0.9480229734375 0.319772384375 0.9534286062499999 0.3176856453125 0.9559269859375 0.317549353125 0.9585275843750001 0.3202705875 0.962581809375 0.3378246234375 0.9635017765624999 0.33886799375 0.9622525859375 0.3430414734375 0.957255828125 0.343450346875 0.9494540359375 0.341636190625 0.94675121875 0.34372293125 0.944252840625 0.343859221875 0.9416522421875 0.342045065625 0.938949425 0.34218135625 0.936348828125 0.344268096875 0.9338504484374999
0 0.3772562515625 0.78954581875 0.3877507015625 0.5892997906249999 0.389837440625 0.5868014125000001 0.388023284375 0.5840985953125 0.3882958671875 0.5788974 0.3903826078125 0.576399021875 0.39937785 0.40475957031250004 0.39665661406249997 0.40070534531249996 0.381053028125 0.3998875953125 0.37792291875 0.4036351640625 0.3689276765625 0.5752746156249999 0.3668409359375 0.5777729953125 0.3589360265625 0.7286076640625 0.3568492859375 0.73110604375 0.3449919203125 0.957358046875 0.3495273125 0.9641150890624999 0.3631804515625 0.96483061875 0.3642238203125 0.9635814281249999 0.3668133609375 0.9141700734375 0.3689001 0.91167169375 0.3744880546875 0.8050471859374999 0.37657479375 0.8025488062499999 0.3768473765625 0.7973476109375001 0.3750332203125 0.7946447953125 0.37516951249999997 0.7920441968749999 0.3772562515625 0.78954581875
0 0.41339390312499996 0.9583351015625 0.41548064374999993 0.9558367249999999 0.4158895171875 0.9480349312499999 0.4179762578125 0.9455365515624999 0.4219287125 0.8701192171875001 0.424015453125 0.8676208375 0.42428803593750003 0.8624196421875 0.4224738796875 0.8597168249999999 0.4230190453125 0.849314434375 0.425105784375 0.84681605625 0.42946711562499995 0.7635969265625 0.43155385468749996 0.7610985484375 0.43264418750000005 0.7402937656249999 0.4308300296875 0.7375909515625 0.4334195703125 0.6881795937499999 0.435506309375 0.6856812140625 0.4357788921875 0.68048001875 0.4339647359375 0.6777772015625 0.4360514765625 0.6752788234375 0.4420483046875 0.560852521875 0.44413504374999996 0.55835414375 0.4456342515625 0.5297475671874999 0.44382009375000003 0.5270447515625001 0.444092678125 0.5218435546875 0.4461794171875 0.519345178125 0.450949621875 0.4283242546875 0.4530363609375 0.42582587656250004 0.4512222046875 0.4231230609375 0.4533089453125 0.42062468124999997 0.45358152812499997 0.4154234859375 0.45176737187500005 0.41272066875 0.4523125375 0.402318278125 0.4543992765625 0.3998198984375 0.45957835625000004 0.30099718593749997 0.4616650953125 0.29849880624999997 0.46261913750000005 0.28029462031249996 0.4608049796875 0.27759180625 0.460941271875 0.27499120781249997 0.46302801093749996 0.272492828125 0.463164303125 0.26989223125 0.461350146875 0.2671894140625 0.46148643749999996 0.264588815625 0.463573178125 0.2620904375 0.4647998015625 0.2386850578125 0.46298564531249997 0.235982240625 0.4633945203125 0.2281804484375 0.465481259375 0.22568206875 0.4667078828125 0.2022766890625 0.4621724921875 0.1955196484375 0.44461845625 0.19459968125 0.4428043 0.1918968640625 0.4193989203125 0.1906702390625 0.4173121796875 0.19316861875 0.4143183625 0.1943155890625 0.4095481578125 0.2853365109375 0.40746141874999997 0.287834890625 0.40078313125 0.41526417968749996 0.4025972890625 0.4179669953125 0.40082549843750004 0.4517747671875 0.398738759375 0.454273146875 0.39860246718750003 0.45687374218750004 0.4004166234375 0.459576559375 0.3980996671875 0.5037867203124999 0.396012928125 0.5062851 0.3958766359375 0.5088856984375 0.39769079218750003 0.5115885140625 0.3975545015625 0.5141891125 0.3954677609375 0.5166874921875 0.39533147031250004 0.5192880890625 0.3971456265625 0.52199090625 0.39687304375 0.5271920999999999 0.39478630312499996 0.5296904796875 0.3966004609375 0.532393296875 0.3945137203125 0.534891675 0.3879717265625 0.6597203671874999 0.3858849859375 0.662218746875 0.3737550375 0.8936719453125 0.37166829843750004 0.8961703249999999 0.3683973015625 0.958584671875 0.37474685 0.968044528125 0.3786477453125 0.9682489656250001 0.380461903125 0.9709517828124999 0.39021414375 0.971462875 0.3912575140625 0.9702136875 0.392300884375 0.9689644968750001 0.3981522296875 0.9692711515625 0.40023896875 0.9667727734374999 0.40413986562500004 0.9669772109375 0.40622660625 0.9644788312499999 0.4101275015625 0.96468326875 0.4132576125 0.9609357 0.41339390312499996 0.9583351015625
0 0.469745071875 0.778746509375 0.4718318109375 0.7762481296875 0.47782863906250006 0.6618218296875 0.47991537968750003 0.65932345 0.47837380625000003 0.6514194375 0.48046054531250004 0.6489210578125 0.48468558437500003 0.568302528125 0.4867723234375 0.5658041500000001 0.4927691515625 0.4513778484375 0.4948558921875 0.44887946875000007 0.49921722187500006 0.3656603421875 0.5013039609375001 0.3631619625 0.5049838328125 0.29294582343750003 0.5070705734375001 0.29044744375 0.5074794484375 0.28264564999999997 0.505665290625 0.279942834375 0.5060741656250001 0.2721410421875 0.50816090625 0.2696426625 0.508706071875 0.25924027031249997 0.5107928125 0.2567418921875 0.513654934375 0.202129340625 0.5073053859375001 0.19266948125 0.4741477640625 0.1909317640625 0.4731043953125 0.19218095468750002 0.47296810312500004 0.19478155156250002 0.4708813625 0.19727993125 0.46829182343750003 0.2466912890625 0.466205084375 0.24918966718750002 0.46388812812499997 0.2933998296875 0.465702284375 0.2961026453125 0.46433936875 0.3221086234375 0.462252628125 0.324607003125 0.4583001734375 0.40002433593750003 0.45621343437500006 0.40252271562499997 0.45348760312499997 0.45453467031250006 0.4514008625 0.45703305 0.44485886875 0.5818617421875001 0.442772128125 0.5843601203125 0.438138215625 0.67278044375 0.4360514765625 0.6752788234375 0.43059981406250003 0.7793027328125001 0.42851307343749995 0.7818011125 0.4214259125 0.9170321953125 0.4232400703125 0.9197350109375 0.4211533296875 0.922233390625 0.41883637343749996 0.9664435515625 0.42065053125 0.96914636875 0.42142131718750003 0.973098375 0.42727266249999996 0.9734050296874999 0.42908681875 0.976107846875 0.44078950937499994 0.976721159375 0.44183287812499994 0.97547196875 0.44287624843750006 0.9742227796874999 0.45067804218749996 0.9746316546875 0.4558948921875 0.96838570625 0.45630376562499997 0.9605839125 0.45839050625000005 0.9580855343750001 0.463978459375 0.8514610265625 0.46606519999999996 0.8489626484375 0.469745071875 0.778746509375
0 0.5044019 0.7518776500000001 0.50258774375 0.749174834375 0.5028603265625 0.7439736375 0.5049470656249999 0.741475259375 0.51135276875 0.619247165625 0.513439509375 0.6167487875 0.5179371296874999 0.5309290609375 0.5200238703125 0.5284306812499999 0.5202964531250001 0.5232294859375 0.518482296875 0.5205266703125 0.5187548796875 0.515325475 0.52084161875 0.5128270953125 0.5265658640625 0.4036019890625 0.5286526046875 0.4011036109375 0.52711103125 0.39319959843749996 0.5291977703125 0.3907012203125 0.5273836140625 0.387998403125 0.527656196875 0.38279720781250004 0.5249349624999999 0.378742984375 0.50348003125 0.377618578125 0.5003499203125 0.381366146875 0.4992595890625 0.402170928125 0.49717284843750004 0.4046693078125 0.49226635312499994 0.4982908265625 0.4901796125 0.5007892046875 0.48472795 0.6048131156250001 0.4826412109375 0.6073114953125 0.48445536718750004 0.6100143109375 0.48391020156250003 0.6204167015625 0.48182346093749995 0.6229150812500001 0.476508090625 0.72433839375 0.4744213515625 0.7268367718750001 0.46896968906250003 0.8308606828125 0.4668829484375 0.8333590609374999 0.45965949687499996 0.9711907421875001 0.46238073125 0.9752449656250001 0.48383566250000004 0.976369371875 0.4848790328125 0.9751201828125 0.4869657734375 0.9726218031249999 0.4887375625 0.93881403125 0.49082430312499997 0.9363156531250001 0.49491304999999997 0.8582977218750001 0.4969997890625 0.8557993421875001 0.50217886875 0.756976628125 0.5042656078125 0.7544782484375 0.5044019 0.7518776500000001
0 0.53274695 0.8081257015625001 0.534833690625 0.8056273234375 0.5391950203125 0.72240819375 0.541281759375 0.719909815625 0.5465971296875 0.6184865046875 0.5486838703125 0.615988125 0.5530452 0.532768996875 0.5551319390625 0.5302706171875 0.56071989375 0.4236461109375 0.5628066328125 0.42114773124999993 0.5667590875 0.34573039687499996 0.564037853125 0.341676171875 0.534781128125 0.3401428921875 0.5306076484375 0.34513965 0.5286571999999999 0.34503743125 0.525527090625 0.348785 0.5253907984375 0.3513855984375 0.5191305796875 0.35888073593750003 0.5189942875 0.36148133125 0.5148208078125001 0.366478090625 0.5146845171875001 0.3690786875 0.5125977765624999 0.3715770671875 0.5133685640625 0.37552907343749997 0.5192199078125 0.3758357296875 0.521034065625 0.378538546875 0.5288358578125 0.3789474203125 0.5297429375 0.38029882812500004 0.5257904812499999 0.4557161625 0.5237037421874999 0.4582145421875 0.5192061203125 0.54403426875 0.51711938125 0.5465326484374999 0.5112588437500001 0.65835835 0.5091721046875 0.6608567296875 0.5031752765624999 0.7752830296875 0.5010885359375 0.777781409375 0.502630109375 0.785685421875 0.5005433703125 0.7881838015625 0.4955005828125 0.8844059171875 0.49341384218749995 0.8869042953124999 0.48877992968750006 0.9753246203125 0.48968700781249996 0.9766760281250001 0.495538353125 0.976982684375 0.49735250937500003 0.9796855000000001 0.505154303125 0.980094375 0.5061976734375 0.978845184375 0.50724104375 0.9775959953125 0.516993284375 0.9781070890624999 0.5201233937499999 0.9743595203125001 0.520395978125 0.9691583250000001 0.5224827171875 0.9666599453125 0.526026296875 0.8990444046875 0.5281130375 0.8965460249999999 0.53274695 0.8081257015625001
0 0.5943011796875 0.7904896984375 0.5963879203125 0.78799131875 0.600204084375 0.7151745828125 0.6022908234375 0.712676203125 0.6055618203125 0.6502618578125 0.6076485609375 0.647763478125 0.61105585 0.5827485359375 0.6131425890625 0.58025015625 0.6155958375 0.533439396875 0.6176825765625 0.5309410171875 0.6202721171875 0.48152966093750005 0.62235885625 0.47903128125 0.624539521875 0.43742171562500004 0.6266262609375 0.43492333906249997 0.6248121046875 0.432220521875 0.6250846875 0.4270193265625 0.627171428125 0.42452094687499997 0.6293520921875 0.38291138281250003 0.6314388328125 0.3804130046875 0.633619496875 0.338803440625 0.6357062375 0.3363050609375 0.6384320671875 0.28429310625 0.6405188078124999 0.2817947265625 0.6433809296875 0.2271821734375 0.6454676703125 0.2246837953125 0.6481935015625 0.1726718390625 0.650280240625 0.17017346093750002 0.6525971968750001 0.1259632984375 0.6546839375 0.1234649203125 0.6567283109375001 0.0844559546875 0.6588150500000001 0.081957575 0.6604505484375001 0.050750401562500005 0.6577293140625 0.046696178125 0.63822483125 0.045673990625 0.636410675 0.042971173437499996 0.6208070875 0.042153425 0.61899293125 0.039450609375 0.5955875515625 0.038223984375 0.5935008109375 0.0407223625 0.5915503625 0.04062014375 0.5863335140625 0.0468660921875 0.5860609296875 0.052067287500000003 0.583974190625 0.0545656671875 0.5837016078125 0.0597668625 0.5816148671875 0.0622652421875 0.581342284375 0.0674664375 0.5770325125 0.0750637921875 0.5766236390625 0.0828655859375 0.5723138671875 0.09046294218749999 0.5719049921875 0.098264734375 0.569818253125 0.1007631140625 0.5695456703125 0.10596430937500001 0.5674589296875 0.1084626890625 0.5670500546875 0.11626448281249999 0.564963315625 0.11876286250000001 0.564554440625 0.1265646546875 0.5624677 0.1290630328125 0.5621951171874999 0.13426422968750001 0.560108378125 0.1367626078125 0.5596995031249999 0.1445644015625 0.5576127625 0.14706278125 0.5572038890625 0.15486457343749999 0.5551171484374999 0.15736295312499998 0.5545719828125 0.16776534375000002 0.5524852421875 0.17026372343750001 0.551803784375 0.1832667109375 0.5497170453125 0.185765090625 0.5482178375 0.214371665625 0.5461310984375001 0.2168700453125 0.5401342703124999 0.3312963453125 0.5428555046875 0.33535057031250004 0.5506572984375 0.3357594453125 0.5524714546875 0.3384622625 0.5661245921875 0.3391777921875 0.568845828125 0.34323201718749996 0.5654385390625001 0.4082469609375 0.5633518 0.41074533906250005 0.558036428125 0.5121686515625 0.5559496890625 0.51466703125 0.552133525 0.5874837687500001 0.5500467859375 0.589982146875 0.5455491640625 0.675801871875 0.543462425 0.6783002515625001 0.54527658125 0.68100306875 0.5451402890625 0.683603665625 0.54305355 0.6861020453125 0.539373678125 0.756318184375 0.5372869375 0.7588165640625 0.5327893171875 0.8446362890625 0.5307025765625 0.8471346671875001 0.52579608125 0.9407561859375001 0.523709340625 0.943254565625 0.5226190093749999 0.964059346875 0.524433165625 0.9667621640625 0.525203953125 0.9707141703125 0.5739651609374999 0.9732696375 0.5750085296874999 0.9720204484374999 0.579182009375 0.9670236890625 0.5802723421875 0.9462189078125001 0.5823590828125 0.943720528125 0.584539746875 0.9021109640624999 0.5866264875 0.8996125859375 0.5896249015625 0.842399434375 0.591711640625 0.8399010562500001 0.5943011796875 0.7904896984375
0 0.6149383625 0.807217690625 0.6172553187500001 0.7630075296875 0.619342059375 0.7605091500000001 0.62179530625 0.7136983906250001 0.623882046875 0.7112000109375 0.6268804609374999 0.6539868609374999 0.6289672000000001 0.65148848125 0.6319656140625 0.59427533125 0.6340523546875 0.591776953125 0.6362330187499999 0.5501673874999999 0.6383197593750001 0.5476690078125 0.6407730078125 0.5008582484375 0.6428597468749999 0.49835987031249995 0.644767828125 0.4619515015625 0.64685456875 0.4594531234375 0.6490352328125 0.41784355937499995 0.6511219734375 0.4153451796875 0.6528937640625 0.381537409375 0.654980503125 0.37903902968750003 0.6570248765625 0.34003006406249997 0.6591116171875 0.337531684375 0.660747115625 0.3063245109375 0.6628338546875 0.3038261328125 0.6647419375 0.2674177640625 0.6668286765625 0.2649193859375 0.6680553 0.24151400625 0.665334065625 0.23745978124999997 0.6458295828125 0.23643759531250003 0.6447862125 0.237686784375 0.643832171875 0.25589096875 0.64174543125 0.258389346875 0.6391558921875 0.3078007046875 0.637069153125 0.310299084375 0.6347521953124999 0.3545092453125 0.63266545625 0.357007625 0.6302122078125 0.40381838437499995 0.62812546875 0.40631676250000004 0.6256722203125 0.45312752187500005 0.62358548125 0.4556259015625 0.6212685234374999 0.4998360625 0.619181784375 0.5023344421875 0.6163196609375 0.5569469953125 0.614232921875 0.5594453734375 0.6116433828125001 0.6088567296875 0.6095566421874999 0.611355109375 0.606149353125 0.6763700546875 0.6040626140625001 0.6788684328125 0.601609365625 0.7256791921875 0.5995226265625 0.728177571875 0.5965242125 0.785390721875 0.594437471875 0.7878891 0.591302765625 0.8477028499999999 0.5892160265624999 0.850201228125 0.5849909875 0.9308197578125 0.5829042484375 0.9333181375 0.5815413328125 0.9593241140625001 0.5842625671875 0.9633783390625 0.59791570625 0.96409386875 0.5989590765624999 0.9628446796875 0.5999131171875 0.9446404953125 0.60199985625 0.9421421171875 0.6043168125 0.8979319546875001 0.606403553125 0.8954335765625 0.6088568015625 0.8486228171875 0.610943540625 0.8461244375 0.612851621875 0.8097160703125 0.6149383625 0.807217690625
0 0.639382515625 0.8632613046875001 0.64146925625 0.8607629250000001 0.6441950875 0.8087509703125001 0.6462818265625 0.806252590625 0.6484624921875 0.764643028125 0.6505492312500001 0.7621446484375001 0.6528661875 0.7179344875 0.654952928125 0.7154361078125 0.6571335921875 0.6738265421875 0.6592203328124999 0.6713281640625001 0.66167358125 0.6245174046875 0.6637603203125 0.6220190265625 0.6659409859375 0.5804094609375 0.668027725 0.5779110828125 0.6700720984374999 0.5389021171875 0.6721588390625 0.5364037374999999 0.6744757953125 0.4921935765625 0.676562534375 0.48969519687499996 0.6791520734375001 0.4402838390625 0.6812388140625 0.43778546093750004 0.6832831875 0.39877649531250003 0.6853699265625 0.39627811562500004 0.6874143 0.3572691484375 0.686507221875 0.355917740625 0.6748045328125001 0.3553044296875 0.672990375 0.3526016125 0.6593372375000001 0.35188608125 0.6581575749999999 0.35573586874999996 0.6560708359375 0.35823424843749996 0.654571628125 0.3868408234375 0.6524848890625 0.389339203125 0.6505768078124999 0.42574757031250005 0.6484900671875 0.42824595 0.6464456937499999 0.46725491718749995 0.6443589546874999 0.4697532953125 0.6421782890625 0.5113628593749999 0.64009155 0.5138612390625 0.6380471765625 0.5528702046875 0.6359604359375 0.5553685828125 0.6330983140625001 0.6099811359375 0.6310115734374999 0.612479515625 0.6285583265625 0.659290275 0.6264715859375001 0.6617886546875 0.623473171875 0.7190018031250001 0.62138643125 0.7215001828125 0.618933184375 0.7683109421875 0.61684644375 0.7708093218750001 0.6139843218750001 0.825421875 0.61189758125 0.8279202531250001 0.6102620828124999 0.8591274265625 0.6081753437499999 0.86162580625 0.6051769296875 0.9188389562499999 0.6030901890625 0.921337334375 0.601045815625 0.9603463015625 0.6019528937499999 0.961697709375 0.613655584375 0.962311021875 0.615469740625 0.9650138374999999 0.6252219828125 0.96552493125 0.626265353125 0.9642757421875 0.630302540625 0.9618795812500001 0.630711415625 0.9540777874999999 0.6327981546875 0.951579409375 0.635660278125 0.89696685625 0.6377470171875 0.8944684765625001 0.6359328609375 0.8917656609375 0.6380196 0.8892672828125001 0.639382515625 0.8632613046875001
0 0.7378074140625 0.9257898250000001 0.738897746875 0.9049850421875 0.7409844859375 0.9024866640625 0.745754690625 0.8114657421875 0.74784143125 0.8089673640624999 0.7513850109375 0.741351821875 0.7534717515625 0.73885344375 0.7564701656249999 0.68164029375 0.7585569046875 0.6791419140625 0.761010153125 0.6323311546875 0.7630968921875 0.6298327765625 0.76650418125 0.56481783125 0.768590921875 0.5623194515625001 0.770090128125 0.533712878125 0.77217686875 0.5312144984375 0.7703627109375 0.5285116828125 0.77145304375 0.5077069 0.773539784375 0.505208521875 0.7770833640625 0.4375929796875 0.7791701046874999 0.4350946015625 0.7810781859375 0.39868623125 0.783164925 0.396187853125 0.784800425 0.36498067968750003 0.7868871640624999 0.3624823015625 0.7883863718749999 0.3338757265625 0.7856651359375 0.3298215015625 0.74860661875 0.327879346875 0.7467924609375001 0.3251765296875 0.6882790125 0.3221099703125 0.686192271875 0.32460835 0.6822913749999999 0.3244039125 0.6802046359375 0.326902290625 0.6782541875 0.32680007187500004 0.676167446875 0.32929845156250004 0.674217 0.3291962328125 0.672130259375 0.3316946125 0.6661426234375 0.33398855312500003 0.6609257734375 0.3402345015625 0.662467346875 0.3481385125 0.6651885828124999 0.3521927375 0.6866435140625 0.35331714375 0.6875505921875 0.35466855 0.6848247609375 0.40668050625 0.6827380203125 0.409178884375 0.6798758984375 0.4637914375 0.6777891578124999 0.46628981718749996 0.6761536593749999 0.497496990625 0.6740669203125 0.49999537031249996 0.6758810765625001 0.502698184375 0.67560849375 0.50789938125 0.673521753125 0.510397759375 0.671204796875 0.554607921875 0.6691180578125 0.5571062999999999 0.66611964375 0.6143194515625 0.6640329031250001 0.61681783125 0.662124821875 0.6532261984375001 0.66003808125 0.655724578125 0.657721125 0.6999347390625 0.6556343859375 0.7024331187499999 0.6542714703125 0.7284390953125001 0.6521847296875001 0.730937475 0.64864115 0.798553015625 0.646554409375 0.8010513953125 0.64560036875 0.8192555796875001 0.6435136296875 0.8217539578125 0.6432410468749999 0.8269551546875 0.645055203125 0.8296579703125 0.6447826203125 0.8348591671875001 0.6465967765625 0.8375619828125 0.6422870046875 0.8451593374999999 0.6441011624999999 0.8478621546875 0.6435559953125 0.858264546875 0.64146925625 0.8607629250000001 0.6409240890625 0.871165315625 0.63883735 0.8736636953125 0.6424656640624999 0.879069328125 0.638428475 0.8814654890625 0.6373381421875 0.9022702703125001 0.6352514031250001 0.90476865 0.633343321875 0.94117701875 0.635157478125 0.9438798343749999 0.6348848953124999 0.9490810296875001 0.6376061296875 0.9531352546875 0.639556578125 0.9532374734375001 0.6413707343749999 0.955940290625 0.6472220796875 0.9562469468750001 0.6490362375000001 0.9589497609375 0.7251037203124999 0.9629362890625 0.7261470906249999 0.9616871 0.7292772000000001 0.9579395312500001 0.73227101875 0.9567925609374999 0.7328161843750001 0.9463901703125 0.734902925 0.943891790625 0.735448090625 0.9334894 0.73753483125 0.9309910203125 0.7357206749999999 0.928288203125 0.7378074140625 0.9257898250000001
0 1 0.3593084984375 0.9719541328125001 0.3578386765625 0.9709107625 0.3590878671875 0.96982043125 0.3798926484375 0.967733690625 0.382391028125 0.9650078593750001 0.43440298281249995 0.9629211203124999 0.4369013625 0.9610130375000001 0.4733097296875 0.9589262984375001 0.47580810937500007 0.9566093421874999 0.5200182703125 0.9545226015624999 0.52251665 0.9517967703125001 0.5745286046875 0.9497100312500001 0.577026984375 0.947938240625 0.6108347546874999 0.9458515015625 0.613333134375 0.9435345453125 0.6575432953125 0.9414478046875001 0.660041675 0.939267140625 0.7016512390625 0.9371803999999999 0.7041496171875 0.9349997359375 0.74575918125 0.9329129953124999 0.7482575609375 0.931277496875 0.7794647343750001 0.92919075625 0.7819631125 0.9270100921875001 0.8235726765625 0.9249233515625 0.82607105625 0.9231515625 0.8598788265625 0.921064821875 0.86237720625 0.919156740625 0.8987855734375 0.91707 0.901283953125 0.9158433765625 0.9246893328124999 0.9137566359375 0.9271877125 0.911984846875 0.96099548125 0.90989810625 0.9634938609375 0.9090803578125 0.9790974484375001 0.9099874359375001 0.98044885625 0.9704513328125 0.9836176343749999 0.9714947031250001 0.9823684453125001 0.975804475 0.9747710890624999 1 0.5130929578125001 1 0.3593084984375
0 0.8018148921874999 0.8613430624999999 0.8039016312499999 0.8588446843750001 0.8060822968749999 0.81723511875 0.8081690359374999 0.8147367390625 0.810213409375 0.7757277734375 0.8123001500000001 0.7732293953125 0.81502598125 0.7212174390625 0.8171127203124999 0.7187190609375 0.8194296765625 0.6745088984375001 0.8215164171874999 0.6720105203125 0.823560790625 0.6330015546875 0.8256475296874999 0.6305031750000001 0.827283028125 0.5992960015625 0.82936976875 0.596797621875 0.831141559375 0.562989853125 0.8332282984375 0.5604914734374999 0.8350000890624999 0.5266837015625 0.8370868281250001 0.5241853234375 0.8391312015624999 0.4851763578125 0.8412179421875001 0.482677978125 0.8431260234375 0.446269609375 0.8452127640624999 0.44377123125000006 0.8472571375 0.4047622640625 0.8463500578125001 0.40341085625 0.8326969203125 0.4026953265625 0.8308827640625 0.39999250937499997 0.791873796875 0.3979481359375 0.7897870578124999 0.400446515625 0.7858861609375001 0.40024207812499996 0.7827560515624999 0.40398964687500005 0.781120553125 0.43519682031249995 0.7790338125 0.437695196875 0.77589910625 0.497508946875 0.7738123671875 0.500007325 0.770813953125 0.5572204765625 0.7687272125 0.5597188546874999 0.7657287984375001 0.6169320046875 0.763642059375 0.619430384375 0.7609162281249999 0.6714423390625 0.7588294875 0.6739407187500001 0.755558490625 0.7363550640625001 0.7534717515625 0.73885344375 0.7504733375 0.79606659375 0.748386596875 0.7985649734375 0.744706725 0.8687811125 0.742619984375 0.8712794921875 0.7404393203125 0.9128890546875 0.7383525796875 0.9153874343749999 0.7364444984375 0.9517958015625 0.7382586546875001 0.95449861875 0.7381223640625 0.9570992171875 0.7426577562500001 0.9638562578125001 0.7446082046875 0.9639584765625001 0.7482365171875001 0.969364109375 0.750186965625 0.969466328125 0.752001121875 0.9721691437500001 0.759802915625 0.9725780187499999 0.761617071875 0.9752808359375 0.78112155625 0.976303021875 0.782164925 0.9750538328125 0.7832082953125 0.9738046421875 0.789059640625 0.9741112984375 0.79218975 0.9703637296875 0.7936889578125 0.9417571546874999 0.795775696875 0.9392587750000001 0.7975474874999999 0.9054510062500001 0.7996342265624999 0.9029526265625 0.8018148921874999 0.8613430624999999
0 0.8621001312500001 0.8306018515625 0.8641868718750001 0.828103471875 0.865686078125 0.7994968984375 0.86777281875 0.7969985187499999 0.8699534828125 0.755388953125 0.8720402234375 0.752890575 0.8735394296875001 0.724284 0.8756261703125 0.721785621875 0.8787608765625 0.661971871875 0.880847615625 0.65947349375 0.8828919890625 0.6204645281250001 0.884978728125 0.6179661484375 0.887295684375 0.5737559875 0.889382425 0.5712576078125 0.8895187171875 0.5686570093750001 0.8877045593749999 0.56595419375 0.8897913000000001 0.5634558140625 0.8907453406249999 0.5452516296875001 0.8928320796874999 0.5427532515625 0.8947401625 0.5063448828125 0.8968269015624999 0.5038465046875 0.8969631937500001 0.50124590625 0.8951490375000001 0.49854308906250006 0.8972357765625001 0.4960447109375 0.8984624 0.47263933125 0.900549140625 0.4701409515625 0.9027298046875 0.42853138749999997 0.9048165453125 0.42603300937500005 0.9065883359375 0.3922252375 0.908675075 0.3897268578125 0.9093565328125001 0.3767238703125 0.9066352984374999 0.3726696453125 0.892982159375 0.3719541140625 0.891168003125 0.3692512984375 0.8677626234375 0.3680246734375 0.8656758828125 0.370523053125 0.8559236421875 0.37001195937500003 0.8538369015624999 0.37251033906250003 0.8440846609375001 0.371999246875 0.8419979203124999 0.374497625 0.8361465750000001 0.37419096875 0.8340598359375001 0.3766893484375 0.8262580421875001 0.3762804734375 0.8241713031250001 0.378778853125 0.82027040625 0.378574415625 0.8181836656250001 0.38107279374999997 0.808431425 0.3805617 0.8063446843750001 0.3830600796875 0.8024437875 0.3828556421875 0.8003570484375 0.385354021875 0.794505703125 0.385047365625 0.7924189640625 0.38754574375 0.7894251453125001 0.388692715625 0.7921463796875 0.39274694062500004 0.7960472765625 0.392951378125 0.797861434375 0.39565419375 0.807613675 0.3961652875 0.8094278328125 0.398868103125 0.8113782796875 0.398970321875 0.8134650203125 0.3964719421875 0.8212668140625 0.3968808171875 0.8230809703125 0.399583634375 0.8386845562499999 0.400401384375 0.8418146671875 0.396653815625 0.8429943281250001 0.392804028125 0.8437651140625 0.396756034375 0.849207584375 0.4048644828125 0.84866241875 0.41526687500000004 0.8465756796875 0.41776525312499996 0.8443950140625001 0.4593748171875 0.842308275 0.46187319687499995 0.840672775 0.4930803703125 0.8385860359375 0.495578746875 0.8370868281250001 0.5241853234375 0.8350000890624999 0.5266837015625 0.832955715625 0.56569266875 0.8308689749999999 0.5681910484375 0.8288246031250001 0.6072000140625 0.8267378624999999 0.60969839375 0.8248297812500001 0.6461067609375 0.822743040625 0.648605140625 0.8205623765625001 0.6902147046875 0.8184756359375 0.6927130828125 0.815886096875 0.7421244406249999 0.81379935625 0.74462281875 0.8113461093750001 0.791433578125 0.80925936875 0.7939319578124999 0.8073512875000001 0.8303403265625 0.805264546875 0.8328387062499999 0.804174215625 0.8536434875 0.8020874750000001 0.8561418671875 0.7986801859375 0.9211568109374999 0.796593446875 0.9236551890625 0.7944127812499999 0.965264753125 0.8025764875 0.9774274281249999 0.8045269359375 0.977529646875 0.8101056968749999 0.983037496875 0.8452137671875001 0.9848774328125 0.8462571375 0.9836282437499999 0.8483438765625 0.9811298640624999 0.8502519578125 0.944721496875 0.8523386984375 0.9422231171875 0.8535653218749999 0.9188177375000001 0.8556520624999999 0.916319359375 0.8567423937499999 0.8955145765625 0.8588291343750001 0.8930161984374999 0.8621001312500001 0.8306018515625