0 0.1357421875 0.2786458328125 0.0966796875 0.28125 0.099609375 0.3919270828125 0.1044921875 0.3984375 0.1220703125 0.3984375 0.125 0.40234375 0.126953125 0.4388020828125 0.1298828125 0.4427083328125 0.146484375 0.44140625 0.1484375 0.43359375 0.142578125 0.2955729171875 0.1484375 0.2877604171875 0.1357421875 0.2786458328125
0 0.15625 0.7018229171875 0.1494140625 0.4947916671875 0.1328125 0.5013020828125 0.1328125 0.5091145828125 0.12890625 0.5143229171875 0.12890625 0.5481770828125 0.1220703125 0.5546875 0.1142578125 0.5546875 0.107421875 0.5638020828125 0.1171875 0.8059895828125001 0.1220703125 0.8125 0.138671875 0.8111979171874999 0.1513671875 0.8098958328125001 0.16015625 0.80078125 0.16015625 0.7434895828125 0.15625 0.7018229171875
0 0.1796875 0.3138020828125 0.189453125 0.3059895828125 0.1708984375 0.2942708328125 0.1533203125 0.2942708328125 0.14453125 0.30078125 0.14453125 0.33203125 0.1484375 0.4466145828125 0.15234375 0.4700520828125 0.150390625 0.51171875 0.162109375 0.7981770828125 0.16015625 0.8033854171874999 0.1630859375 0.8072916671874999 0.18359375 0.8059895828125001 0.193359375 0.7955729171875 0.1953125 0.7825520828125 0.1796875 0.3502604171875 0.1796875 0.3138020828125
0 0.2138671875 0.3098958328125 0.1845703125 0.3098958328125 0.181640625 0.3138020828125 0.181640625 0.3658854171875 0.1953125 0.79296875 0.2001953125 0.796875 0.22265625 0.7955729171875 0.232421875 0.7877604171875 0.232421875 0.7278645828125 0.220703125 0.31640625 0.2138671875 0.3098958328125
0 0.2626953125 0.3255208328125 0.2763671875 0.3255208328125 0.279296875 0.3216145828125 0.2529296875 0.3098958328125 0.2333984375 0.3098958328125 0.22265625 0.3138020828125 0.22265625 0.4075520828125 0.234375 0.7877604171875 0.2431640625 0.7916666671875 0.263671875 0.7903645828125 0.267578125 0.7877604171875 0.267578125 0.6888020828125 0.259765625 0.3294270828125 0.2626953125 0.3255208328125
0 0.29296875 0.3294270828125 0.2900390625 0.3255208328125 0.2626953125 0.3255208328125 0.2578125 0.33203125 0.2578125 0.36328125 0.267578125 0.6080729171875 0.26953125 0.7903645828125 0.2783203125 0.7942708328125 0.291015625 0.79296875 0.302734375 0.7903645828125 0.298828125 0.57421875 0.291015625 0.39453125 0.29296875 0.3294270828125
0 0.3359375 0.5065104171875 0.33203125 0.4205729171875 0.33203125 0.3736979171875 0.33984375 0.3658854171875 0.341796875 0.34765625 0.3291015625 0.3385416671875 0.2958984375 0.3385416671875 0.29296875 0.3424479171875 0.29296875 0.3997395828125 0.30078125 0.5924479171875 0.302734375 0.75390625 0.3046875 0.7903645828125 0.3076171875 0.7942708328125 0.318359375 0.79296875 0.3349609375 0.7916666671875 0.341796875 0.7825520828125 0.337890625 0.7174479171875 0.3359375 0.5065104171875
0 0.3349609375 0.3723958328125 0.33203125 0.3763020828125 0.33203125 0.3893229171875 0.3359375 0.4466145828125 0.341796875 0.7825520828125 0.3447265625 0.7916666671875 0.3515625 0.7903645828125 0.353515625 0.6966145828125 0.345703125 0.38671875 0.34375 0.3736979171875 0.3349609375 0.3723958328125
0 0.3583984375 0.3072916671875 0.34375 0.3111979171875 0.353515625 0.7877604171875 0.3564453125 0.7916666671875 0.380859375 0.7903645828125 0.3828125 0.65234375 0.375 0.3216145828125 0.3720703125 0.3098958328125 0.3583984375 0.3072916671875
0 0.3779296875 0.3098958328125 0.375 0.3216145828125 0.3828125 0.58984375 0.3828125 0.77734375 0.3876953125 0.7890625 0.4140625 0.7877604171875 0.4140625 0.6393229171875 0.40625 0.3138020828125 0.4033203125 0.3098958328125 0.3779296875 0.3098958328125
0 0.44921875 0.5143229171875 0.4453125 0.32421875 0.443359375 0.3138020828125 0.4384765625 0.3072916671875 0.4111328125 0.3072916671875 0.408203125 0.3111979171875 0.408203125 0.3893229171875 0.412109375 0.4778645828125 0.416015625 0.7877604171875 0.4189453125 0.7916666671875 0.443359375 0.7903645828125 0.451171875 0.78515625 0.451171875 0.57421875 0.447265625 0.52734375 0.44921875 0.5143229171875
0 0.501953125 0.3190104171875 0.501953125 0.3997395828125 0.5078125 0.7799479171875 0.53125 0.7799479171875 0.533203125 0.6184895828125 0.52734375 0.31640625 0.5048828125 0.3151041671875 0.501953125 0.3190104171875
0 0.544921875 0.31640625 0.5361328125 0.3125 0.52734375 0.3190104171875 0.53125 0.4518229171875 0.529296875 0.5143229171875 0.533203125 0.76953125 0.5380859375 0.78125 0.55078125 0.7799479171875 0.552734375 0.76171875 0.548828125 0.6731770828125 0.55078125 0.6627604171875 0.544921875 0.31640625
0 0.5654296875 0.3125 0.5478515625 0.3125 0.544921875 0.31640625 0.544921875 0.3658854171875 0.548828125 0.4934895828125 0.55078125 0.77734375 0.5537109375 0.78125 0.572265625 0.7799479171875 0.57421875 0.6393229171875 0.5703125 0.3372395828125 0.568359375 0.31640625 0.5654296875 0.3125
0 0.6220703125 0.2942708328125 0.5830078125 0.296875 0.580078125 0.3033854171875 0.58203125 0.3502604171875 0.578125 0.55078125 0.58203125 0.6471354171875 0.580078125 0.76171875 0.583984375 0.7981770828125 0.5869140625 0.8020833328125001 0.625 0.8033854171874999 0.62890625 0.7981770828125 0.62890625 0.3059895828125 0.626953125 0.2981770828125 0.6220703125 0.2942708328125
0 0.6650390625 0.2864583328125 0.6552734375 0.2864583328125 0.6337890625 0.2890625 0.62890625 0.2955729171875 0.6328125 0.76953125 0.6376953125 0.7994791671875 0.66796875 0.80078125 0.671875 0.7955729171875 0.669921875 0.3111979171875 0.66796875 0.2903645828125 0.6650390625 0.2864583328125
0 0.6923828125 0.2890625 0.6767578125 0.2942708328125 0.669921875 0.3033854171875 0.669921875 0.5846354171875 0.673828125 0.66796875 0.673828125 0.7669270828125 0.685546875 0.7981770828125 0.6923828125 0.8072916671874999 0.71484375 0.8059895828125001 0.716796875 0.7408854171875 0.708984375 0.2955729171875 0.7021484375 0.2890625 0.6923828125 0.2890625
0 0.7177734375 0.2734375 0.701171875 0.28515625 0.708984375 0.2903645828125 0.7109375 0.30859375 0.716796875 0.7408854171875 0.71875 0.7486979171875 0.7333984375 0.765625 0.767578125 0.7643229171875 0.7763671875 0.7630208328125 0.78125 0.7565104171875 0.7734375 0.2721354171875 0.7177734375 0.2734375
0 0.8056640625 0.2942708328125 0.7841796875 0.3020833328125 0.77734375 0.30859375 0.77734375 0.4596354171875 0.783203125 0.7591145828125 0.7978515625 0.78125 0.8056640625 0.7864583328125 0.84765625 0.78515625 0.853515625 0.4986979171875 0.853515625 0.2981770828125 0.8505859375 0.2942708328125 0.8056640625 0.2942708328125