0 0.8078778046874999 0.0861752859375 0.40200594062499995 0.15305384375 0.399427853125 0.1572005671875 0.40323780156250005 0.18954366875 0.44043293125 0.18890362968750002 0.7925063031249999 0.1345741734375 0.7957652937499999 0.13821022031250002 0.7960892828125 0.1643230171875 0.7656061734375 0.21927222500000002 0.7688651656250001 0.222908271875 0.847164159375 0.12064283125 0.846613203125 0.0919357765625 0.8429002750000001 0.0831112171875 0.8078778046874999 0.0861752859375
0 0.41442509375 0.2277766203125 0.7029715078125001 0.1868473921875 0.7749621390625 0.180549028125 0.7754160765625 0.18573754375 0.7812531546875 0.185226865625 0.7958623140625 0.1617287609375 0.7935926328125 0.1357861890625 0.4054104609375 0.1919676984375 0.4052805140625 0.2128919796875 0.41442509375 0.2277766203125
0 0.7443820109375 0.21197970000000002 0.761666278125 0.20785340937500002 0.76333649375 0.19332965468750002 0.682476759375 0.1990969078125 0.41705169062499997 0.23538916406250002 0.41252791093749996 0.2397061140625 0.4145221125 0.251295159375 0.45366293593749996 0.25048489375 0.7443820109375 0.21197970000000002
0 0.7521647828125 0.2112987953125 0.713250928125 0.2147033171875 0.45927304687500003 0.24737995937499999 0.4186404671875 0.2535489625 0.4193213703125 0.261331734375 0.7455168515625 0.224950984375 0.7556507421875 0.2175291 0.7521647828125 0.2112987953125
0 0.41974237968750006 0.31096307031250003 0.49001428750000003 0.3074291890625 0.7597846781250001 0.27598499374999996 0.7623627640625 0.2718382703125 0.76045 0.22756567656249999 0.756964040625 0.22133537187500002 0.6227112390625 0.2330809703125 0.5900883984374999 0.2411633265625 0.42493148124999996 0.2582268 0.414797590625 0.265648684375 0.41974237968750006 0.31096307031250003
0 0.4249626453125 0.37063098125 0.7710689890625 0.33773648437500003 0.773193140625 0.328401246875 0.7688807468750001 0.2791103640625 0.7656217562500001 0.275474315625 0.7091966656250001 0.28041087187499997 0.42191504062499996 0.3133871015625 0.417618228125 0.320298309375 0.4221090796875 0.36042417968749996 0.4249626453125 0.37063098125
0 0.758324084375 0.39374791875000004 0.7745220203125001 0.38840961093750004 0.772836225 0.346731271875 0.7652319109375 0.3382471625 0.42713530625 0.3730550125 0.42111976875 0.38273070468750003 0.42447577968749994 0.40988528906250005 0.43339339218750006 0.42217567031250003 0.758324084375 0.39374791875000004
0 0.78947075 0.44722639218750004 0.7849313890625 0.39534125000000003 0.7816723984375 0.39170520625 0.429728975 0.42511037968750004 0.43404136875 0.4744012625 0.7496975328125 0.4520131546875 0.7851739390625 0.4541376 0.78947075 0.44722639218750004
0 0.4366350375 0.5264566281249999 0.44487174375 0.5309642390625 0.49763241718750006 0.5289623921875 0.758809184375 0.511340615625 0.761387271875 0.5071938890625 0.7575288140625 0.463091521875 0.7520971624999999 0.45703144375000004 0.732413265625 0.45613944687499997 0.43449530468750003 0.4795897765625 0.4319172171875 0.48373650156250003 0.4366350375 0.5264566281249999
0 0.754739340625 0.5208460796875001 0.75148035 0.5172100328125 0.4450987125 0.5335584953125 0.44252062499999995 0.537705221875 0.44791934843750003 0.58820811875 0.756700615625 0.57687794375 0.7590517343750001 0.5701369609375 0.754739340625 0.5208460796875001
0 0.446249134375 0.602731871875 0.4498321140625 0.6324807156250001 0.4522317421875 0.6374990031250001 0.46218717500000006 0.6392421296874999 0.6656740625 0.6345099046875 0.7651313625 0.6284226328125 0.76770945 0.624275909375 0.764304928125 0.5853620515625 0.7588732765625 0.579301975 0.6747545515625 0.5814331828125 0.450318978125 0.5932264078125 0.446249134375 0.602731871875
0 0.4527826984375 0.66620605625 0.455182328125 0.6712243453125 0.478757609375 0.671775890625 0.725503675 0.6684872046875 0.7711139703125001 0.6631897625 0.768617321875 0.6346529375000001 0.7653583296875001 0.6310168890625001 0.73983735625 0.630635571875 0.4524587109375 0.6400932609375001 0.4498806234375 0.644239984375 0.4527826984375 0.66620605625
0 0.45328514531249997 0.683153840625 0.45732206093750005 0.718091196875 0.4675044609375 0.72242858125 0.5455591390625 0.7182137953125001 0.7242059578125 0.720883021875 0.7672381671874999 0.71973230625 0.7754263640625 0.7124806484375 0.7720218421875 0.673566790625 0.7685358828125 0.6673364890625 0.5295725890625 0.66994426875 0.45735498906250005 0.6736483765625 0.45328514531249997 0.683153840625
0 0.74972693125 0.721264340625 0.4655587671875 0.72259880625 0.45737057031250006 0.7298504671875 0.45923482499999996 0.7623637921875 0.4657528078125 0.7696358859375 0.4873823953125 0.7703576546875001 0.5673827671875 0.76597264375 0.7421382000000001 0.768982325 0.7888348265625 0.7648968984375 0.7929046703125 0.7553914328125 0.790181053125 0.7242603484375 0.7801771125 0.710757953125 0.7750209375 0.719051403125 0.74972693125 0.721264340625
0 0.767659175 0.76936364375 0.5753925062499999 0.767885996875 0.46403408281249997 0.7724003671874999 0.46145599531250003 0.77654709375 0.46367716718749996 0.79073039375 0.47775095156249997 0.7947273265625 0.6933659328124999 0.7941622578125 0.804951325 0.79224214375 0.8133664906250001 0.7875847421875 0.8096050531250001 0.7670009109375 0.7972014828125 0.7484802265625 0.792450734375 0.75020291875 0.79335860625 0.7605799484375 0.7890617953125 0.76749115625 0.767659175 0.76936364375
0 0.46802248906250005 0.79557845625 0.4654444015625 0.7997251796875 0.46811950781249995 0.8190969953125 0.4705191375 0.8241152828124999 0.492148725 0.824837053125 0.776316890625 0.8235025890625 0.7918824328125 0.8221407796875001 0.805226803125 0.8065956703125 0.8032326 0.7950066265625 0.789158815625 0.7910096953125 0.7482992671875001 0.7945844421875 0.5049906515625 0.7923441609374999 0.46802248906250005 0.79557845625
0 0.47246482968750003 0.82394505625 0.46816801874999997 0.8308562640625 0.4688974328125 0.85039830625 0.4706646671875 0.8593930921874999 0.4758693515625 0.8628589124999999 0.78922290625 0.85897105625 0.820353990625 0.8562474390625001 0.8229320781249999 0.8521007140625001 0.81826276875 0.82113985625 0.81065845625 0.8126557484375001 0.7918824328125 0.8221407796875001 0.76853411875 0.8241834921875 0.47246482968750003 0.82394505625