0 0.67005481875 0.13707325312500002 0.395740796875 0.17271005156250002 0.39108816874999996 0.179386909375 0.3934728390625 0.219692821875 0.39783113124999997 0.2325693984375 0.4095427421875 0.23216041875 0.6878515203125 0.198989875 0.7249382890625 0.1976947765625 0.7291148109375001 0.2053661921875 0.7335856703125 0.193484171875 0.7295434015625 0.133692990625 0.67005481875 0.13707325312500002
0 0.7274138437500001 0.24060326875000002 0.7259596984375001 0.1989619859375 0.39783113124999997 0.2325693984375 0.39308761875 0.236643675 0.395472290625 0.2769495875 0.7246222671875 0.24460938593749998 0.7274138437500001 0.24060326875000002
0 0.40328003125 0.2766769359375 0.3947235328125 0.28349011874999996 0.3970173203125 0.321193453125 0.53941770625 0.31361496875 0.7224451953125001 0.2941947359375 0.7290497578124999 0.2874497140625 0.7278682640625 0.25361617187499996 0.7227612156250001 0.24728012812500003 0.714953475 0.24755278125000002 0.504689778125 0.270529875 0.40328003125 0.2766769359375
0 0.39915102343750003 0.32633045156249996 0.396359446875 0.3303365640625 0.398471465625 0.3628347375 0.4395529890625 0.3640058921875 0.739787475 0.3430984578125 0.7424881671875 0.33648976406250003 0.7413066734375 0.3026562171875 0.736199625 0.296320175 0.712776403125 0.2971381328125 0.5531721359375 0.31574040625 0.39915102343750003 0.32633045156249996
0 0.40060516875 0.367971734375 0.396043425 0.377251171875 0.39851898124999996 0.42015966718750003 0.4030590390625 0.43824140156249997 0.4226692765625 0.44016235156250005 0.743059303125 0.4367913484375 0.7533859671875 0.4247048390625 0.75288403125 0.354367009375 0.7476861 0.34542838593749997 0.4102739609375 0.36502833749999997 0.40060516875 0.367971734375
0 0.40314992343749995 0.44084398281250003 0.40360434375 0.45385688437500005 0.727218684375 0.486853840625 0.7320530796875 0.4853821421875 0.73355059375 0.472301078125 0.724539675 0.4661013609375 0.671564771875 0.4601340234375 0.6442376796875 0.46108830625 0.4324289515625 0.43982153593750006 0.40314992343749995 0.44084398281250003
0 0.744876984375 0.488842953125 0.7251758640625 0.4843194234375 0.5488655062500001 0.4722360375 0.52516963125 0.4652462546875 0.42711845156250006 0.4556415078125 0.40174329374999995 0.45652762812500003 0.39718155 0.46580706562499996 0.39725074843749997 0.49577082031249997 0.39938445312500004 0.5009078171875 0.42494137812500005 0.505226859375 0.5562663421875 0.5162754125 0.7388869265625 0.541167209375 0.74474273125 0.5409627203125 0.7474434234375 0.5343540265625 0.7484865187499999 0.5082600625 0.744876984375 0.488842953125
0 0.6359796640625001 0.5603953359375 0.6145083765625 0.5611451296875 0.608470803125 0.5561444578125 0.47778202812500004 0.563313965625 0.440513490625 0.559403903125 0.42498889375 0.5625517875 0.40127133437499996 0.5829231796875 0.40179495468750004 0.625899834375 0.40597147656250004 0.6335712484375 0.417773971875 0.6357648515625 0.7147407765625 0.6332118046875 0.7230246218749999 0.6185908796875 0.7215704765625001 0.5769495953125 0.6997573375 0.5399278921875 0.6451940359375 0.5444390375 0.6359796640625001 0.5603953359375
0 0.7148316609375 0.6358143828125 0.410057115625 0.638640084375 0.403634321875 0.650590265625 0.4069278328125 0.71692198125 0.40942507343749995 0.7324693 0.53834368125 0.73057311875 0.7476551687499999 0.7362925687499999 0.75239868125 0.732218290625 0.747084034375 0.635990984375 0.7386401046875 0.618045575 0.7296291859374999 0.6118458578125 0.7148316609375 0.6358143828125
0 0.40681526406249996 0.741680575 0.40919993593750004 0.7819864875 0.413285575 0.7870553234375001 0.4407035515625 0.78870361875 0.7243703453125 0.7970380359375 0.7290229734375 0.7903611781250001 0.727296175 0.74091215 0.69681396875 0.7354622281250001 0.41332894375 0.732332975 0.40681526406249996 0.741680575
0 0.77019538125 0.7941349140625 0.7492218828125 0.7531752593750001 0.7403018484375 0.7495781234375001 0.729793415625 0.7564594687499999 0.7291138578125 0.7929637578125 0.72632228125 0.796969871875 0.41142452343749997 0.789726065625 0.410926734375 0.8314355140625 0.41231167968750004 0.8431130437500001 0.4193706640625 0.8493809234375 0.519101128125 0.8511097671875 0.752199375 0.8664215828125 0.76781485625 0.8658762781249999 0.772467484375 0.8591994187499999 0.7737832296875 0.8409131953125 0.77019538125 0.7941349140625
0 0.1404215515625 0.752286125 0.095617925 0.7564564578125 0.089853003125 0.7592635265625 0.0872431953125 0.7684748031249999 0.0879485828125 0.8166566187500001 0.09239775781250001 0.8321357734375001 0.11014694375 0.8367274671875 0.3215012515625 0.8449813374999999 0.3786268453125 0.7739339859375 0.37690004843749997 0.7244849609374999 0.3699319484375 0.720819659375 0.3145982046875 0.7592325140625 0.1404215515625 0.752286125
0 0.08907841562499999 0.6811179562499999 0.0828373890625 0.6982732984375 0.08467675625 0.722963728125 0.0861525859375 0.7372438390625 0.09543615625 0.7512512953125 0.3125553859375 0.756698096875 0.36761647656249996 0.7104775015625 0.36968098125000004 0.68565074375 0.3587181265625 0.679519190625 0.23769814375 0.6837453015625 0.08907841562499999 0.6811179562499999
0 0.072303125 0.6204685421875 0.0728267453125 0.6634451984374999 0.0740299234375 0.669917565625 0.08304084218749999 0.6761172828124999 0.3743336078125 0.6789738859375001 0.377125184375 0.6749677703125 0.3749439671875 0.61250584375 0.34836563125 0.6069195953125 0.084672609375 0.6109164515625001 0.072303125 0.6204685421875
0 0.1100477671875 0.6100303312500001 0.371788853125 0.6061016390625 0.3761688296875 0.5916170390625 0.3752599875 0.5655912359374999 0.3698802875 0.551447453125 0.0829458109375 0.561467425 0.084490840625 0.6057112890624999 0.1100477671875 0.6100303312500001
0 0.3659764171875 0.5515837796875 0.37258097968750004 0.5448387578125 0.37121771875 0.5058000546875 0.36620155468750004 0.5020665906249999 0.093021509375 0.5142120015625 0.0785183203125 0.5186270953125 0.0809029921875 0.558933009375 0.3659764171875 0.5515837796875
0 0.077224259375 0.5095521468750001 0.36424961875 0.502134753125 0.370945065625 0.4979923125 0.36949092031249997 0.45635102656250004 0.36243193749999997 0.4500831484375 0.34867750625 0.44795770937499996 0.07763116406250001 0.46524011875 0.0748395875 0.469246234375 0.077224259375 0.5095521468750001
0 0.08407564375 0.4259287609375 0.07747108124999999 0.4326737828125 0.079492215625 0.462569375 0.23936913437500001 0.451774840625 0.364383871875 0.450014984375 0.369127384375 0.44594070625000004 0.37053401406250003 0.43025706250000006 0.3683094265625 0.422517484375 0.3592985078125 0.4163177671875 0.3258429578125 0.40966879843750004 0.08407564375 0.4259287609375
0 0.0790811640625 0.3948341234375 0.0799900046875 0.42085992812499995 0.18158152031250002 0.419918028125 0.339506503125 0.4091916578125 0.3651543140625 0.416113278125 0.367945890625 0.4121071640625 0.3672188171875 0.391286521875 0.3324692046875 0.375562603125 0.1198900359375 0.3881975390625 0.0790811640625 0.3948341234375
0 0.31539957812499997 0.3344666234375 0.08348282343749999 0.35298835156249997 0.07892107968749999 0.3622677890625 0.0806695625 0.384355640625 0.08484608593750001 0.39202705625 0.1063173734375 0.3912772625 0.32847445 0.3730963484375 0.3582078984375 0.385086803125 0.36694616562500004 0.3834787796875 0.36630997656250003 0.36526071875 0.361202928125 0.3589246765625 0.31539957812499997 0.3344666234375
0 0.2909766296875 0.306656196875 0.0824830984375 0.32435996718750004 0.0778304703125 0.3310368265625 0.0793971859375 0.347919515625 0.0815308890625 0.3530565140625 0.09324249999999999 0.3526475359375 0.3114048234375 0.33200037031249996 0.36669519687499996 0.348309865625 0.36689865 0.32615384999999997 0.3337374359375 0.29995145 0.3122661484375 0.30070124374999996 0.2909766296875 0.306656196875
0 0.3241120125 0.24817249531250002 0.078804365625 0.27497910625 0.0803493953125 0.3192229703125 0.0824830984375 0.32435996718750004 0.100050515625 0.3237465 0.335689371875 0.29988328750000004 0.3597487828125 0.317283390625 0.36560458749999997 0.3170789015625 0.36462654687499996 0.2610893453125 0.353391040625 0.24715004999999998 0.3241120125 0.24817249531250002
0 0.0682484171875 0.22453552499999999 0.0680449640625 0.24669153906250002 0.0757401359375 0.2711774796875 0.0905159765625 0.27457012812500003 0.32996781875000003 0.24796800624999998 0.332214090625 0.228346409375 0.319887975 0.1831761515625 0.2886570125 0.1842667609375 0.0785750828125 0.21244901718750003 0.0682484171875 0.22453552499999999