0 0.876885234375 1 0.8773062484375 0.999681559375 0.8758042375 0.9977048453125 0.8760382890624999 0.9959721187499999 0.8730342640625001 0.992018690625 0.8712982015625 0.9917747015625 0.8697959718750001 0.9897995343750001 0.8246784296874999 0.983458678125 0.8231764171875 0.9814819640625 0.6392372187500001 0.9556309953125 0.63773520625 0.9536542812500001 0.6082345015625 0.9495082265624999 0.606732490625 0.9475315125 0.5685561078125 0.9421661718750001 0.567054096875 0.9401894578125001 0.475084496875 0.9272639734375 0.47358248437499995 0.925287259375 0.3503776640625 0.90797195 0.3488756515625 0.9059952359375 0.3089647546875 0.900386125 0.30746274218749997 0.8984094109375 0.22243275625 0.886459225 0.22093074375000002 0.8844825109375 0.10119650312499999 0.8676549609374999 0.09969427343750001 0.86567979375 0.07887079375 0.86275324375 0.07736878124999999 0.8607765296875 0.053074720312500004 0.857362221875 0.05157270781249999 0.8553855078125 0.00472065 0.8488008812500001 0.0027520828125 0.8502898374999999 0 0.8499030578125 0 0.9134575015624999 0.06897340625000001 0.92315108125 0.0704754171875 0.9251277968749999 0.08782831875 0.9275665875 0.0893303296875 0.9295433015624999 0.10147658749999999 0.931250346875 0.10297859843749999 0.9332270609375 0.1463600765625 0.93932393125 0.1478620890625 0.9413006453125 0.3005676140625 0.96276200625 0.30206962656249997 0.964738721875 0.32462762343749996 0.9679090406249999 0.3261296359375 0.9698857562500001 0.33654137500000003 0.9713490296874999 0.3380433875 0.9733257453125 0.3727491890625 0.9782033265625 0.37425141875 0.9801784937500001 0.5152887578125 1 0.876885234375 1
0 0.990109971875 0.5688804640625 0.986639390625 0.5683927062499999 0.9846708234375001 0.5698816625 0.911788640625 0.5596387390625 0.9102866281249999 0.5576620250000001 0.8217876093750001 0.5452242984375 0.820285596875 0.543247584375 0.221612846875 0.4591096171875 0.219644278125 0.46059857343750005 0.214437634375 0.4598668265625 0.2129356234375 0.4578901125 0.2109670546875 0.45937906875 0.18667299375 0.45596476093750005 0.184704425 0.4574537171875 0.1760287484375 0.45623442968749994 0.1745267375 0.454257715625 0.1675855765625 0.4532822 0.16608356562499998 0.451305484375 0.13831892343750002 0.44740341875 0.13635035625 0.44889237499999995 0.1311437125 0.44816062968750003 0.1296417 0.446183915625 0.11923150625000001 0.44472085781250004 0.1172629390625 0.4462098140625 0.087762234375 0.44206376093750005 0.086260221875 0.4400870453125 0.044613260937499996 0.43423394687499994 0.0431112484375 0.4322572328125 0.0082135828125 0.4273526859375 0.00121589375 0.479333103125 0.0343790421875 0.48399387968749996 0.035881054687500004 0.48597059375 0.11396833437500001 0.4969450453125 0.1154705640625 0.4989202125 0.1918233265625 0.5096508937500001 0.19379167656250001 0.508163484375 0.2215563171875 0.51206555 0.223058546875 0.5140407171875 0.2404114484375 0.516479509375 0.24237979843750002 0.5149921 0.24585037812500002 0.5154798578124999 0.247818946875 0.5139909015625 0.25649462343749996 0.5152101890624999 0.25846319218749997 0.5137212328125 0.26887493125 0.5151845078124999 0.27037694375 0.517161221875 0.28252474843750003 0.518868484375 0.284026759375 0.5208451984375 0.31005533750000003 0.5245032765625 0.3115575671875 0.5264784437500001 0.3393222078125 0.530380509375 0.3408242203125 0.5323572234375 0.5195583218750001 0.5574766640625 0.521060334375 0.559453378125 0.5661778765625 0.5657942359375 0.5676798875 0.56777095 0.987104834375 0.62671728125 0.9948906984375 0.571317971875 0.9916119828125 0.570857178125 0.990109971875 0.5688804640625
0 0 0.54624790625 0.23027979062499998 0.5786116203125 0.231781803125 0.580588334375 0.280369925 0.5874169499999999 0.2818719375 0.5893936640625 0.4501942984375 0.6130498296875 0.4516963109375 0.61502654375 0.46731314843750005 0.617221346875 0.46928171562500004 0.6157323906250001 0.5039875171875 0.6206099734375 0.5054895296875 0.6225866875 0.5870473890625 0.634048896875 0.5885494 0.6360256109375 0.79504814375 0.6650471171875 0.79655015625 0.6670238312500001 0.8919918828125001 0.6804372921875 0.89945458125 0.6249909859375 0.8979525687500001 0.623014271875 0.896218053125 0.6227705015625 0.8932138109375 0.6188186203125 0.8775954265625 0.6166235999999999 0.876093415625 0.614646884375 0.7164482765625 0.5922102234375 0.714946265625 0.590233509375 0.5275349390625 0.563894565625 0.5260329265625 0.5619178515625001 0.489592609375 0.5567964984375 0.487624040625 0.5582854546875 0.48612202812499994 0.556308740625 0.4062986859375 0.5450903 0.4047966734375 0.5431135859375 0.146239228125 0.5067757078125 0.144737215625 0.5047989921875 0.000515503125 0.484529953125 0 0.4883595984375 0 0.54624790625
0 0.9995223703124999 0.42014133593749997 0.027571165624999998 0.2835425015625 0.0205750234375 0.33552313749999996 0.0329146921875 0.3372573640625 0.0348832609375 0.3357684078125 0.0418244203125 0.336743925 0.043792989062499996 0.33525496875 0.07676272656250001 0.3398885625 0.0782647390625 0.3418652765625 0.10255879999999999 0.345279584375 0.1040608109375 0.3472562984375 0.9925262281249999 0.4721219703125 0.9995223703124999 0.42014133593749997
0 1 0.35488839687499996 0.957829159375 0.348961671875 0.955860809375 0.35044908124999996 0.03596830625 0.2211666203125 0.0289706171875 0.27314703749999997 0.997451240625 0.4092581125 0.9994198093750001 0.40776915625 1 0.40785069687500003 1 0.35488839687499996
0 0.13465811875 0 0.1348574390625 0.0002623140625 0.19212278437500002 0.008310434375 0.1940913515625 0.006821478125 0.19582586875000002 0.0070652484375 0.19732788125 0.0090419625 0.2060051046875 0.0102614671875 0.2079736734375 0.0087725109375 0.2426779265625 0.013649875 0.2441799390625 0.015626590625 0.4350618453125 0.042453292187500005 0.4370304140625 0.0409643359375 0.45958841093749997 0.04413465625 0.46155697812499996 0.042645699999999995 0.5205568406250001 0.0509375890625 0.5225251921875 0.04945018125 0.552025896875 0.053596234374999996 0.5539944640625001 0.052107278125 0.6147288421875 0.0606429390625 0.6166974109375001 0.05915398281249999 0.6687561125 0.06647035625 0.6702581249999999 0.0684470703125 0.8142864265625 0.088688928125 0.81625499375 0.087199971875 0.868313696875 0.0945163453125 0.8698157078125 0.096493059375 0.8717842765625001 0.09500410312499999 0.8787254359375 0.0959796203125 0.8802274484374999 0.097956334375 0.899314865625 0.1006388953125 0.901283434375 0.0991499390625 0.941195878125 0.10475926718749999 0.9431644468749999 0.1032703125 0.9778687015624999 0.10814767656249999 0.9793707125 0.11012439062499998 0.9949890968749999 0.1123194125 0.996957665625 0.11083045625000001 1 0.111258028125 1 0.06535663124999999 0.5349634062499999 0 0.13465811875 0
0 1 0.25955436249999997 0.8368083093750001 0.236619265625 0.8348397406249999 0.238108221875 0.8261625171875 0.2368887171875 0.8241939484374999 0.2383776734375 0.7912242109375 0.23374407968750002 0.7892556421875 0.23523303593749997 0.7701666781250001 0.23255025625 0.7686646671874999 0.2305735421875 0.74610666875 0.2274032234375 0.7441381015624999 0.2288921796875 0.7267852 0.22645338750000002 0.7252831890625 0.22447667343750002 0.7233146203125 0.22596562968749997 0.16975941249999998 0.14816851874999998 0.16779106093750001 0.149655928125 0.115732359375 0.14233955468749998 0.11376379218749999 0.1438285109375 0.1122617796875 0.1418517953125 0.0758214625 0.13673044375 0.0743192328125 0.1347552765625 0.048097243750000004 0.131070015625 0.041099771875 0.1830488859375 0.7128465687500001 0.27745674062500003 0.7148151359375 0.275967784375 0.782490675 0.2854789625 0.78445924375 0.28399000625 0.8816354875 0.29764723593750003 0.8836040546874999 0.2961582796875 1 0.3125166625 1 0.25955436249999997
0 0 0.581557159375 0.04167391875 0.5874140453125001 0.043175929687499996 0.589390759375 0.10044127656249999 0.5974388796875 0.10240984375 0.5959499234375001 0.3279960046875 0.627653990625 0.3294980171875 0.6296307046875 0.3624693015625 0.6342645171875 0.3639713140625 0.63624123125 0.41776453125 0.643801375 0.41926676093750004 0.6457765421875 0.7871467062499999 0.697478696875 0.791345059375 0.666292303125 0.605669796875 0.640197346875 0.604167784375 0.6382206328125 0.565991403125 0.6328552921874999 0.564489390625 0.630878578125 0.559282746875 0.63014683125 0.5573141796875001 0.6316357874999999 0.5558121671875 0.6296590734375 0.4829315328125 0.6194163671874999 0.48142952031249997 0.617439653125 0.47969345625 0.617195665625 0.4777248890625 0.6186846218750001 0.46904921093749996 0.6174653343750001 0.4675472 0.6154886203125 0.4658111359375 0.6152446328125001 0.4638425671875 0.6167335890625 0.45863747187500004 0.6160020609375 0.457135459375 0.6140253453125 0.2801358734375 0.5891496765625 0.2786338609375 0.5871729625000001 0 0.5480135265625 0 0.581557159375
0 0.5874406750000001 0.2633633328125 0.040633215625 0.18651455625 0.0369012015625 0.2142368265625 0.8839115203125001 0.3332763640625 0.8881100906249999 0.3020884234375 0.7544935296874999 0.283309840625 0.7525249625 0.284798796875 0.589407696875 0.26187415937499997 0.5874406750000001 0.2633633328125
0 0 0.8444953171874999 0.771889815625 0.9742741015625 0.8878666328125 0.9883661609375001 0.9008599703125 0.9648140250000001 0.9042918828125 0.9101266296875 0 0.7661098359375 0 0.8444953171874999
0 0 0.7643612484375 0.7482631390625001 0.8870952984375 0.837247415625 0.8973938031250001 0.850822678125 0.869510190625 0.8510482578125 0.83864748125 0.8459924296875 0.8324191703125001 0.8308590859375 0.8280864749999999 0.11150270468750001 0.7137461640625 0 0.696822440625 0 0.7643612484375
0 0 0.6953090265624999 0.8964148312500001 0.837299734375 0.9391241906250001 0.8410947234374999 0.945345634375 0.8386587484374999 0.9523431062500001 0.7866798796875 0.944014896875 0.775578403125 0 0.6347726953125 0 0.6953090265624999
0 0 0.6330698296875 0.5355503875000001 0.7159650390625 0.9247340671875 0.772868659375 0.9309555109375 0.770432684375 0.9370778828124999 0.7249499312500001 0.9097604718750001 0.7089738546875 0 0.5811153578125 0 0.6330698296875
0 1 0.5183255578125 0.9947164140625 0.5156819578125 0.0148600859375 0.37797213125 0.008961110937499999 0.42179797656250007 0.6833731671875001 0.5226819765624999 0.992158271875 0.5638714734375 0.9961571734374999 0.5623065328125 1 0.5349634015625 1 0.5183255578125
0 0.9881040531249999 0.47723755625 0.019816840625000002 0.34115366406250003 0.0154252921875 0.37377084374999997 0.9795830703125 0.5113492625 0.9858045140625 0.5089132890625 0.9931600968750001 0.48346432031250003 0.9881040531249999 0.47723755625
0 1 0.1859368859375 0.05719975000000001 0.0634506484375 0.048689390625 0.12666581562499998 0.9442826140625 0.248192553125 1 0.252604271875 1 0.1859368859375
0 0.065741021875 0 0.058009421875 0.057431315625 0.5674110531250001 0.1290230453125 1 0.1834292609375 1 0.1172695015625 0.07771960624999999 0 0.065741021875 0