0 0.26507011875000003 0.2239308046875 0.2464509859375 0.4010800171875 0.24784160000000002 0.4027972828125 0.2444117609375 0.43543003281250003 0.24580237500000002 0.4371473 0.2441691171875 0.45268670312500003 0.24555973281250001 0.45440397031249996 0.2421298921875 0.4870367203125 0.2435205078125 0.48875398593749997 0.219511625 0.717183234375 0.220902240625 0.7189004999999999 0.215349165625 0.7717344749999999 0.21673978124999999 0.7734517421875 0.21559650000000002 0.7843293250000001 0.216987115625 0.786046590625 0.2153538578125 0.8015859953125 0.2167444734375 0.8033032625000001 0.208251534375 0.8841081656249999 0.20964215 0.8858254328124999 0.204742378125 0.9324436453124999 0.2061329921875 0.9341609125 0.20351978124999998 0.9590239593750001 0.20180251562499998 0.960414575 0.2008225609375 0.9697382171875001 0.269195940625 0.9769245484375 0.26984924375 0.9707087874999999 0.2684586296875 0.9689915203125 0.270908515625 0.9456824140625001 0.2695179 0.9439651484375 0.291240221875 0.7372910671875 0.28984960625 0.7355737999999999 0.2978525671875 0.6594307171875 0.296461953125 0.6577134515624999 0.3020150265625 0.6048794765625 0.3006244125 0.603162209375 0.306994115625 0.54255853125 0.3056035015625 0.540841265625 0.3260192171875 0.3465987078125 0.3246286015625 0.3448814421875 0.32952837343749997 0.298263228125 0.328137759375 0.29654596093749996 0.328464409375 0.29343808125000004 0.33018167656249997 0.292047465625 0.330508328125 0.288939584375 0.3291177125 0.28722231875 0.332547553125 0.25458956875 0.3311569390625 0.25287230312500003 0.3383432703125 0.184498921875 0.33695265625 0.18278165625 0.33858591250000003 0.1672422515625 0.3403031796875 0.1658516375 0.34601957968749997 0.1114637203125 0.3477368453125 0.11007310625 0.3482268234375 0.105411284375 0.34994408906249996 0.1040206703125 0.35402723125 0.06517215781249999 0.3526366171875 0.0634548921875 0.3532899203125 0.0572391296875 0.35189930468749997 0.0555218640625 0.35238928281250004 0.050860042187499996 0.3509986671875 0.049142776562500004 0.35132531875 0.046034895312500004 0.3485440890625 0.0426003640625 0.3143574 0.039007196875 0.3126401328125 0.040397812500000005 0.2908849671875 0.0381112515625 0.2891677015625 0.0395018671875 0.2860598203125 0.039175215624999996 0.280908021875 0.043347059375000004 0.27935408125 0.043183734375 0.2671046515625 0.15972926875 0.26849526562500003 0.161446534375 0.2675153125 0.170770178125 0.2689059265625 0.17248744375 0.263679503125 0.22221353906250002 0.26507011875000003 0.2239308046875
0 0.19294963125 0.31218814375 0.1798835734375 0.43650338125 0.1812741875 0.43822064687499995 0.1753944609375 0.494162503125 0.1767850765625 0.49587977031249997 0.17564179687499998 0.506757353125 0.1770324109375 0.50847461875 0.17327591874999998 0.5442152499999999 0.174666534375 0.545932515625 0.1581706359375 0.7028805031250001 0.15956125000000002 0.70459776875 0.1556414328125 0.7418923390625001 0.15703204843750002 0.7436096062499999 0.1549088140625 0.76381083125 0.156299428125 0.7655280984374999 0.1536862171875 0.7903911453125 0.15507683125 0.7921084109375001 0.140377515625 0.931963053125 0.14176813125 0.9336803187499999 0.13899159375 0.9600973078124999 0.196487390625 0.966140359375 0.2015504875 0.9179682046875 0.2001598734375 0.9162509390625001 0.2014664796875 0.903819415625 0.2000758640625 0.9021021484375 0.20856880156250002 0.8212972453124999 0.2071781875 0.819579978125 0.22547066875000002 0.6455386468750001 0.224080053125 0.64382138125 0.2389426953125 0.5024127984375 0.2375520796875 0.5006955328125 0.24114524531249998 0.4665088421875 0.23975463125 0.46479157656250003 0.24334779687500002 0.4306048859375 0.2419571828125 0.42888762031249994 0.26090296562500004 0.2486305265625 0.2595123515625 0.246913259375 0.2614722609375 0.228265975 0.2600816453125 0.2265487078125 0.26253153125 0.20323960156249998 0.26424879687499997 0.20184898593749998 0.26457544843749997 0.19874110625000002 0.263184834375 0.1970238390625 0.26351148593749996 0.193915959375 0.2652287515625 0.19252534375000002 0.2660453796875 0.1847556421875 0.264654765625 0.183038375 0.266124696875 0.1690529109375 0.2647340828125 0.1673356453125 0.2668573171875 0.14713441875 0.26546670156249996 0.145417153125 0.274286290625 0.0615043671875 0.2728956765625 0.0597871015625 0.273222328125 0.0566792203125 0.2718317125 0.0549619546875 0.27027777343750004 0.0547986296875 0.26749654375 0.051364096875 0.262834721875 0.050874118749999996 0.2614441078125 0.049156853125 0.2552283453125 0.04850355 0.25383773125000003 0.046786284375 0.24140620625000003 0.045479678125 0.24001559218750002 0.0437624125 0.2120446640625 0.0408225484375 0.208941475 0.07034741718750001 0.2103320890625 0.072064684375 0.20641227187500003 0.1093592546875 0.20780288750000003 0.11107652187499999 0.1975133671875 0.2089747703125 0.19890398125 0.21069203593750002 0.1944941875 0.2526484296875 0.19588480156250002 0.25436569531250003 0.193271590625 0.2792287421875 0.1946622046875 0.28094600937499997 0.191559015625 0.31047087812499996 0.19294963125 0.31218814375
0 0 0.947059809375 0.045591840625000005 0.9518517046875001 0.0459184921875 0.9487438234375001 0.0445278765625 0.9470265578125 0.0469777625 0.92371745 0.0455871484375 0.922000184375 0.0575099265625 0.8085625296875 0.0561193109375 0.8068452640625001 0.0608557578125 0.7617809906249999 0.0594651421875 0.760063725 0.060118445312500005 0.7538479625 0.058727831249999994 0.752130696875 0.061014390625000005 0.7303755296875 0.059623776562499994 0.7286582640625 0.059950428124999997 0.7255503828125 0.061667693749999995 0.72415976875 0.0659141625 0.6837573156250001 0.0645235484375 0.68204005 0.0746497421875 0.5856957421875 0.07325912812499999 0.583978475 0.0757090140625 0.56066936875 0.0743183984375 0.5589521015625001 0.0754616796875 0.54807451875 0.0740710640625 0.5463572531249999 0.0768476015625 0.5199402656250001 0.07545698749999999 0.5182229984375 0.084766553125 0.42964839218749995 0.0833759390625 0.4279311265625 0.09072559531249999 0.35800380625 0.08933498125 0.35628653906249996 0.0911315640625 0.33919319375 0.08974095 0.337475928125 0.0943140703125 0.2939655953125 0.09292345468749999 0.2922483296875 0.0992931578125 0.2316446515625 0.09790254375 0.229927384375 0.102802315625 0.1833091703125 0.1014117 0.1815919046875 0.10255498125 0.170714321875 0.101164365625 0.16899705468749998 0.1044308796875 0.13791824531250002 0.10304026562499999 0.1362009796875 0.11136987812500002 0.056950015624999996 0.10997926250000001 0.05523275 0.11128586874999999 0.0428012265625 0.109895253125 0.041083960937500004 0.11038523125 0.0364221390625 0.10899461562499999 0.0347048734375 0.10948459375 0.0300430515625 0.10809397812499999 0.028325784375000003 0.10874728125 0.0221100234375 0.1073566671875 0.020392757812500002 0.10768331874999999 0.017284876562500003 0.10629270312500001 0.015567609375 0.10645602968750001 0.0140136703125 0.1050654140625 0.012296403124999999 0.105392065625 0.009188521875 0.051004150000000005 0.003472121875 0.023075451562499998 0.269195940625 0.024466065625 0.2709132078125 0.023649437500000002 0.278682909375 0.0250400515625 0.280400175 0.0216102109375 0.313032925 0.0230008265625 0.3147501921875 0.016467796875 0.376907809375 0.0178584125 0.3786250765625 0.015735178125 0.3988263015625 0.0171257921875 0.40054356875 0.016635815625 0.40520538906250003 0.014918548437500002 0.4065960046875 0.013448617187500001 0.42058146875 0.0148392328125 0.422298734375 0.014185929687500001 0.428514496875 0.01557654375 0.43023176249999995 0.01116675 0.47218815468750003 0.012557364062500001 0.47390542187499995 0.0048810546875 0.5469406234374999 0.0062716703125 0.5486578890625 0.0034951328125 0.5750748765625 0.004885746875 0.57679214375 0.0035791421875 0.5892236671875 0.00496975625 0.5909409328125 0.0031731734375000003 0.608034278125 0.0045637890624999995 0.6097515453125 0 0.653173090625 0 0.947059809375
0 0.13783847968750002 0.3880932765625 0.1365318734375 0.4005248 0.1379224875 0.402242065625 0.132696065625 0.4519681609375 0.13408667968750002 0.4536854265625 0.1179174328125 0.6075255328125 0.11930804843750001 0.6092427984375 0.11522490468749999 0.6480913109374999 0.11661551875000001 0.6498085765625 0.1151455875 0.663794040625 0.11653620312499999 0.66551130625 0.11310636249999999 0.69814405625 0.11449697656249999 0.6998613234375 0.103554153125 0.803975334375 0.10494476875 0.8056926000000001 0.101351603125 0.839879290625 0.10274221718750001 0.8415965562500001 0.0957192109375 0.9084159953125001 0.0971098265625 0.9101332624999999 0.0922100546875 0.9567514765625 0.137274328125 0.961487921875 0.14348070468750002 0.902438184375 0.142090090625 0.90072091875 0.143723346875 0.8851815140625 0.1423327328125 0.8834642468749999 0.1444559671875 0.863263021875 0.143065353125 0.8615457546874999 0.14812845 0.8133736015625 0.14673783437500001 0.8116563343750001 0.1475544640625 0.8038866328125 0.1492717296875 0.8024960171875 0.1535181984375 0.7620935656250001 0.152127584375 0.7603763 0.15996721875 0.6857871578125 0.15857660468749998 0.684069890625 0.1687027984375 0.5877255828125 0.167312184375 0.5860083171875 0.16902945 0.5846177015625 0.1693561015625 0.5815098203125 0.1679654875 0.5797925546875 0.1754784703125 0.5083112937500001 0.17408785625 0.5065940265625 0.1802942328125 0.4475442890625 0.17890361875 0.4458270234375 0.183803390625 0.39920880937500003 0.182412775 0.39749154375 0.192865621875 0.29803935312499996 0.19147500625 0.2963220875 0.1950681734375 0.262135396875 0.1936775578125 0.26041813125 0.195474140625 0.2433247859375 0.1940835265625 0.24160752031250002 0.1976766921875 0.20742082968750003 0.196286078125 0.2057035640625 0.2158851640625 0.0192307078125 0.21449455 0.0175134421875 0.2148212015625 0.0144055609375 0.1682029875 0.0095057890625 0.1523603921875 0.1602380140625 0.15375100625 0.16195528125 0.15015784062499998 0.1961419703125 0.15154845625 0.1978592375 0.1499151984375 0.2133986421875 0.1513058125 0.2151159078125 0.149182578125 0.23531713437500001 0.15057319375 0.23703439999999998 0.1376704609375 0.359795696875 0.1390610765625 0.3615129625 0.1364478640625 0.386376009375 0.13783847968750002 0.3880932765625
0 0.5181476843749999 1 0.5428152500000001 0.7653037734375 0.5414246359375 0.7635865078124999 0.5417512875 0.7604786265625 0.5434685531250001 0.7590880125 0.5420779390625 0.7573707468750001 0.546814384375 0.7123064734375 0.5485316515625 0.7109158578125 0.549021628125 0.7062540359375 0.5476310140625 0.7045367703125 0.5600437687500001 0.5864372953125 0.5586531531250001 0.5847200296875 0.5660028109375 0.5147927078125 0.567720078125 0.51340209375 0.60789820625 0.131132740625 0.6065075906249999 0.12941547343749998 0.60732421875 0.121645771875 0.6059336046875 0.11992850625 0.5530996296875 0.11437543125 0.494955671875 0.6675782359375 0.4963462859375 0.6692955015625001 0.49340642343749996 0.6972664296875 0.49168915625 0.69865704375 0.49119917968750004 0.703318865625 0.49258979375 0.70503613125 0.48964993124999995 0.7330070609375 0.49104054531249997 0.7347243265625 0.48483416874999996 0.7937740640625 0.483116903125 0.795164678125 0.4823002734375 0.80293438125 0.48369088906249996 0.8046516468749999 0.48058769999999995 0.8341765156250001 0.48197831406249997 0.8358937828125 0.47511863437499996 0.90115928125 0.47340136718750003 0.902549896875 0.4712781328125 0.922751121875 0.47266874843749995 0.9244683890625 0.46629904531250005 0.9850720671875 0.46768965937500007 0.9867893328124999 0.46654637968749996 0.9976669156250001 0.48874419687500004 1 0.5181476843749999 1
0 0.09823857968750001 0.28652254374999997 0.09962919375 0.2882398109375 0.094729421875 0.334858025 0.0961200375 0.336575290625 0.0853405390625 0.4391353609375 0.0867311546875 0.4408526265625 0.0811780796875 0.493686603125 0.08256869375 0.49540386875 0.0815887390625 0.5047275124999999 0.08297935468749999 0.506444778125 0.0790595375 0.5437393484374999 0.0804501515625 0.545456615625 0.0732638203125 0.6138299953125 0.074654434375 0.6155472609375 0.0707346171875 0.6528418328125001 0.0721252328125 0.6545590984375 0.0708186265625 0.6669906218749999 0.072209240625 0.6687078890625 0.0687794015625 0.7013406390625 0.070170015625 0.7030579046875001 0.0513875578125 0.8817610578125 0.052778171875 0.8834783234374999 0.04934833125 0.9161110734375001 0.050738946875 0.917828340625 0.048615712500000005 0.9380295656250001 0.0500063265625 0.9397468328125 0.0491896984375 0.9475165343749999 0.0505803125 0.9492338 0.0502536609375 0.9523416812500001 0.0828864109375 0.9557715218749999 0.0832130625 0.9526636406250001 0.0849303296875 0.9512730265625 0.0934232671875 0.870468121875 0.0920326515625 0.8687508562499999 0.095299165625 0.837672046875 0.0939085515625 0.8359547796875001 0.09978827812499999 0.7800129234375001 0.09839766250000001 0.7782956578125 0.10542066875 0.7114762171875 0.1040300546875 0.7097589515625 0.1068065921875 0.6833419640625 0.10541597656249999 0.6816246968749999 0.105579303125 0.6800707578125 0.10729656875 0.6786801421875001 0.1105630828125 0.6476013328125 0.10917246875 0.6458840671875 0.11015242343750001 0.6365604234375 0.1087618078125 0.6348431578125 0.1154581625 0.5711315984375 0.1140675484375 0.5694143328125 0.1197839484375 0.5150264171875001 0.1215012140625 0.5136358015625 0.12215451718749999 0.507420040625 0.120763903125 0.5057027734374999 0.12248116875 0.504312159375 0.12297114687499999 0.4996503375 0.12158053124999998 0.497933071875 0.12223383437499999 0.49171730937499997 0.12395110000000001 0.49032669531249995 0.1348939234375 0.386212684375 0.133503309375 0.3844954171875 0.1400363375 0.3223378 0.13864572343749998 0.32062053281249997 0.13897237499999998 0.317512653125 0.140689640625 0.3161220375 0.1410162921875 0.31301415625 0.13962567812499999 0.311296890625 0.14223888906249998 0.28643384375 0.140848275 0.2847165765625 0.146728 0.22877472031249999 0.1453373859375 0.2270574546875 0.14697064375 0.21151805 0.14558002812499998 0.2098007828125 0.1508064515625 0.1600746890625 0.1494158375 0.158357421875 0.1551322375 0.10396950625000001 0.153741621875 0.102252240625 0.15586485625 0.08205101406250001 0.1544742421875 0.08033374843749999 0.1567608015625 0.05857858125 0.1553701875 0.056861315625 0.15749342187499998 0.0366600890625 0.15610280781250002 0.0349428234375 0.15626613281249999 0.0333888828125 0.15348490312500002 0.02995435 0.125513975 0.0270144875 0.12535065 0.028568428125 0.1236333828125 0.0299590421875 0.120852153125 0.026524509374999998 0.1192982140625 0.026361184375000003 0.11758094687500001 0.027751798437500003 0.10729142656249999 0.1256500484375 0.108682040625 0.1273673140625 0.10802873906249999 0.13358307656249999 0.109419353125 0.1353003421875 0.10811274687500001 0.14773186562500001 0.10950336249999999 0.1494491328125 0.09970381874999999 0.242685559375 0.1010944328125 0.2444028265625 0.0979912453125 0.2739276953125 0.099381859375 0.2756449609375 0.09823857968750001 0.28652254374999997
0 0.766382540625 1 0.8317824859374999 0.3777610765625 0.8334997515625 0.3763704609375 0.836602940625 0.3468455921875 0.8352123265625 0.3451283265625 0.8357023031249999 0.3404665046875 0.8374195703125 0.339075890625 0.8411760609375 0.303335259375 0.842893328125 0.3019446453125 0.8484464015625001 0.24911066874999999 0.8470557875000001 0.24739340312500002 0.8503223015625 0.21631459375 0.8520395687500001 0.214923978125 0.857265990625 0.165197884375 0.8558753765624999 0.1634806171875 0.8571819828124999 0.15104909375 0.8588992484375 0.14965847968749998 0.8608591578125001 0.13101119375 0.8625764234375 0.12962057968750001 0.8669862171875 0.0876641859375 0.865595603125 0.0859469203125 0.8672288609375001 0.070407515625 0.8268264078125 0.06616104687499999 0.8233918765625001 0.0689422765625 0.8218379359375 0.0687789515625 0.818403403125 0.0715601796875 0.8182400781249999 0.0731141203125 0.8165228109375 0.0745047359375 0.8163594859375 0.07605867656250001 0.8146422187500001 0.077449290625 0.8005962078125 0.2110881703125 0.798878940625 0.212478784375 0.7985522890625 0.215586665625 0.7999429046875 0.2173039328125 0.7947164812499999 0.26703002656249997 0.7929992140625 0.2684206421875 0.716107125 1 0.766382540625 1
0 0.5715653109375001 1 0.67290229375 0.035843010937499996 0.6216222578124999 0.030453260937499997 0.5520455 0.6924318984375 0.5534361140625 0.6941491640625 0.550822903125 0.7190122125 0.5491056375000001 0.7204028265625 0.5468190765625 0.74215799375 0.5482096921874999 0.743875259375 0.5455964796874999 0.7687383062500001 0.5438792140625 0.770128921875 0.5402860484375 0.8043156109374999 0.5416766625 0.806032878125 0.5397167546875 0.8246801625 0.5379994875 0.826070778125 0.5348962984375001 0.8555956468750001 0.5362869140625001 0.8573129125 0.5251807640624999 0.9629808640625 0.5234634984375 0.9643714796875 0.5197187890625 1 0.5715653109375001 1
0 0.7082515921875 1 0.7092830515624999 0.990186328125 0.7078924359375 0.9884690609375 0.71801863125 0.892124753125 0.716628015625 0.8904074859375 0.7213644625 0.8453432140625001 0.723081728125 0.8439525984375 0.7279815000000001 0.797334384375 0.729698765625 0.7959437703125001 0.7437447781250001 0.662304890625 0.7454620453125 0.660914275 0.799359534375 0.14811392343750002 0.8010768 0.1467233078125 0.8095697375 0.0659184046875 0.7598436421875 0.060691981250000006 0.759516990625 0.0637998625 0.757799725 0.0651904765625 0.759190340625 0.06690774375 0.7330582234375 0.31553821718749997 0.7313409578125001 0.31692883125 0.7292177234375 0.3371300578125 0.7306083375 0.3388473234375 0.7167256515625 0.47093226250000003 0.7150083859375 0.47232287812499996 0.7145184078125 0.47698470000000004 0.7159090234375001 0.478701965625 0.7146024171875001 0.4911334890625 0.7128851515625 0.49252410468749996 0.7109252421875001 0.5111713890625 0.7123158578125001 0.51288865625 0.7020263359375 0.6107869046875 0.7003090703125 0.61217751875 0.696389253125 0.649472090625 0.6946719875 0.6508627046875 0.6722963625 0.8637525484375 0.6736869765625 0.8654698140624999 0.6728703484375 0.8732395171875 0.6711530828125001 0.87463013125 0.657976178125 1 0.7082515921875 1
0 0.8480800875 1 0.8528101749999999 0.954996221875 0.8514195609374999 0.9532789562499999 0.85599268125 0.9097686234375001 0.8577099468749999 0.9083780078125001 0.8756757765625001 0.7374445578125 0.8773930421875 0.73605394375 0.8844160484374999 0.669234503125 0.886133315625 0.6678438890625 0.889236503125 0.6383190203125 0.8878458890625 0.636601753125 0.8904591 0.6117387062499999 0.8890684859375 0.610021440625 0.9016445671875 0.490368025 0.9033618328124999 0.488977409375 0.90597504375 0.4641143625 0.9076923109375 0.46272374687499995 0.9091622421875 0.4487382828125 0.9108795078125 0.44734766875 0.9161059312500001 0.39762157343750004 0.9147153171875001 0.3959043078125 0.9148786421875 0.3943503671875 0.9165959078125001 0.39295975312500003 0.9205157265624999 0.35566518125 0.9222329921875 0.3542745671875 0.9395455187499999 0.189556878125 0.941262784375 0.1881662625 0.943875996875 0.163303215625 0.94248538125 0.16158595 0.9428120328125 0.15847806874999998 0.9445292999999999 0.157087453125 0.9456725796875001 0.1462098703125 0.9442819640625 0.1444926046875 0.94509859375 0.1367229015625 0.9468158593749999 0.13533228749999998 0.9517156312499999 0.0887140734375 0.953432896875 0.087323459375 0.956046109375 0.0624604109375 0.9577633750000001 0.061069796875000006 0.9590699812500001 0.048638273437500004 0.9077899453124999 0.043248523437500005 0.9025635234375 0.09297461875 0.90084625625 0.0943652328125 0.8766740499999999 0.324348421875 0.8749567828125 0.3257390359375 0.8648305890625 0.42208334531249997 0.863113321875 0.423473959375 0.8608267625 0.4452291265625 0.8591094953124999 0.446619740625 0.8009468875 1 0.8480800875 1
0 1 0.227242259375 0.9967240484375001 0.2584108515625 0.9981146640624999 0.2601281171875 0.9958281031249999 0.2818832828125 0.9941108375000001 0.2832738984375 0.9820247343749999 0.3982654921875 0.9803074671875001 0.3996561078125 0.9745910671875 0.45404402343749994 0.9728738015625 0.45543463749999996 0.9689539828125 0.49272920937500003 0.9672367171875 0.49411982343750005 0.9621736203125 0.542291978125 0.9604563531249999 0.5436825921875 0.9459203640625 0.68198329375 0.9442030984375 0.683373909375 0.9399566296874999 0.7237763609375001 0.9382393625000001 0.7251669749999999 0.9367694312499999 0.7391524390625 0.935052165625 0.7405430546875 0.9330922562499999 0.759190340625 0.934482871875 0.76090760625 0.9274598656249999 0.8277270453125001 0.9257425984375001 0.8291176609375001 0.907782140625 1 0.948630915625 1 1 0.5112558140625 1 0.227242259375
0 0.7978046734375 1 0.8502852140625 0.50068100625 0.8520024812500001 0.49929039062499997 0.8603320921875 0.42003942812500006 0.862049359375 0.4186488125 0.8659691765625 0.38135424218749997 0.8676864421875001 0.3799636265625 0.872749540625 0.3317914734375 0.8744668062500001 0.3304008578125 0.88851281875 0.19676197812500001 0.8574340093749999 0.1934954640625 0.8558007515625 0.20903486875000002 0.8571913671875 0.210752134375 0.8565380640625 0.216967896875 0.8548207968750001 0.2183585109375 0.8487777453125 0.27585430781250003 0.8501683609375 0.27757157499999996 0.8495150578124999 0.2837873359375 0.847797790625 0.28517795156250003 0.7726669671875 1 0.7978046734375 1
0 0 0.6476334921875 0.0037068546874999995 0.6066936562499999 0.01286783125 0.42610728125 0.0208526625 0.3501366859375 0.0331088953125 0.1681285640625 0 0.479370571875 0 0.6476334921875
0 0.3330586875 0.9485492687500001 0.4104537203125 0.1187592 0.40808444687499995 0.11327368125 0.394850378125 0.10839172500000001 0.35563895625 0.1077614375 0.35218095312500003 0.1126344859375 0.3400759109375 0.209121165625 0.32412647968749997 0.41692518125 0.27346183125 0.9737075203125001 0.2758311046875 0.9791930390625 0.32439174375 0.9842969687500001 0.33015524531249996 0.9761736687499999 0.3330586875 0.9485492687500001
0 0.40365146249999995 0.7814016328125 0.4241042453125 0.6054915015625 0.4790166546875 0.045664621875 0.47312544062499995 0.036317932812499995 0.4245648 0.031214003125 0.421106796875 0.0360870515625 0.4080407390625 0.16040228750000002 0.3992224421875 0.28167298281250003 0.33173459843750003 0.979832234375 0.34187357500000004 0.9861343828125 0.3787796609375 0.99001336875 0.3864855875 0.982094225 0.40365146249999995 0.7814016328125
0 0.4797960203125 0.5240621109375 0.526743828125 0.09606865 0.527341934375 0.07169295 0.52375621875 0.0590960078125 0.48296528125 0.0548087078125 0.479507278125 0.0596817546875 0.47575014062500004 0.07674343125000001 0.436209125 0.509006375 0.43317780624999996 0.5191623390625 0.41310832656249996 0.7474808859375 0.38806494062499997 0.9857527921875 0.3904342140625 0.9912383109375 0.42928272500000003 0.9953214546875 0.43540913750000004 0.9837452984375 0.4797960203125 0.5240621109375
0 0.489951653125 0.745084446875 0.542686440625 0.2059762546875 0.5403171671875 0.20049073593750003 0.5189504859375 0.1982450078125 0.5154924828125 0.2031180546875 0.4346831546875 0.9906525640625 0.437052428125 0.9961380828124999 0.46036153437499994 0.9985879687500001 0.46381953749999993 0.9937149218749999 0.489951653125 0.745084446875
0 0.618332075 1 0.7216921390625 0.053714276562499996 0.7158009234375 0.0443675875 0.6924918171875001 0.0419177015625 0.6804743531249999 0.0441456140625 0.676653440625 0.052471517187500004 0.577064184375 1 0.618332075 1
0 0.651709925 1 0.7224111390625 0.364520184375 0.722646334375 0.3435973390625 0.7523003921875 0.0988280359375 0.7532615703125 0.07099792499999999 0.7493129453125 0.061853839062500006 0.727583190625 0.06306251874999999 0.7218198515625 0.07118426562499999 0.622254940625 1 0.651709925 1
0 1 0.049797978124999996 0.9669720921874999 0.0463266046875 0.96084568125 0.0579027609375 0.9521350296875 0.1407790671875 0.9449836640625 0.1714495625 0.8763868609375001 0.82410455625 0.8717122515625 0.8218677359375001 0.8682542484375 0.8267407828125 0.8481827484375 1 0.9048023578125 1 0.905583609375 0.9947584953125 0.9802631171874999 0.3776559515625 0.97977249375 0.36363881875000004 1 0.20835341093749998 1 0.049797978124999996
0 1 0.2459273546875 0.9948010437500001 0.29539211718749997 0.9389948046875001 0.7329275156249999 0.909177328125 1 0.9492200796875 1 1 0.5168613359374999 1 0.2459273546875