0 0.5630254109374999 0.30395147499999997 0.5613081453125 0.3053420890625 0.31889343281250004 0.2798632765625 0.3171761671875 0.28125389218749997 0.2814355359375 0.2774974 0.27971827031249996 0.27888801406249997 0.25330128125 0.276111478125 0.251584015625 0.2775020921875 0.217397325 0.2739089265625 0.21568005937499998 0.275299540625 0.08981088125 0.2620701578125 0.088093615625 0.263460771875 0.025935996875 0.25692774375 0.018749665625000002 0.3253011234375 0.021857546875 0.325627775 0.0235748125 0.32423715937500003 0.026682693750000003 0.32456381093750003 0.028073307812499997 0.32628107812499996 0.0436127125 0.327914334375 0.0453299796875 0.3265237203125 0.1525518703125 0.3377931953125 0.1542691375 0.3364025796875 0.3795905046875 0.3600848109375 0.38130777031249996 0.3586941953125 0.44968115 0.365880528125 0.4513984171875 0.36448991249999996 0.515109975 0.37118626718750003 0.5168272421875 0.369795653125 0.6007400265625 0.3786152421875 0.6024572921875 0.3772246265625 0.952093896875 0.41397291562499994 0.9538111625000001 0.41258229999999996 0.9569190437499999 0.4129089515625 0.9603535765625001 0.410127721875 0.96721325625 0.3448622234375 0.9644320265624999 0.341427690625 0.9628780859375 0.3412643640625 0.961487471875 0.33954709843750003 0.8837904484375001 0.3313808125 0.8820731828125 0.33277142656250003 0.7049239703125 0.31415229375 0.703206703125 0.315542909375 0.6363872640625 0.308519903125 0.6346699984375 0.30991051718749996 0.6160227125 0.307950609375 0.6143054453125 0.30934122343750003 0.5630254109374999 0.30395147499999997
0 0.5510744796875 0.23828000781249997 0.5184417296875 0.2348501671875 0.5167244640625 0.23624078124999998 0.49341535781249996 0.2337908953125 0.49169809062500003 0.2351815109375 0.3254264609375 0.2177056578125 0.32370919531250003 0.21909627343750002 0.2972922078125 0.21631973593749998 0.295574940625 0.21771035 0.272265834375 0.2152604640625 0.27054856875 0.2166510796875 0.2410237 0.213547890625 0.2393064328125 0.2149385046875 0.085466328125 0.198769259375 0.0837490609375 0.2001598734375 0.04179266875 0.1957500796875 0.040075403125 0.19714069375 0.0323057 0.196324065625 0.0262626484375 0.2538198625 0.1816566953125 0.27015243437500003 0.1833739609375 0.2687618203125 0.21134488906249999 0.27170168281249996 0.21306215625 0.27031106875 0.241033084375 0.27325093125 0.24275034999999998 0.271860315625 0.28004492187499996 0.27578013437500004 0.2817621875 0.27438951875 0.5132993156250001 0.2987250515625 0.5150165828125 0.2973344375 0.552311153125 0.3012542546875 0.55402841875 0.2998636390625 0.5757835859375 0.3021502 0.5775008515625 0.300759584375 0.65208999375 0.3085992203125 0.6538072609375 0.3072086046875 0.899329853125 0.33301406875 0.9010471203125 0.3316234546875 0.9352338093749999 0.3352166203125 0.9369510765625 0.33382600625 0.9416128968749999 0.3343159828125 0.9433301640625 0.33292536875 0.949545925 0.333578671875 0.9512631921875 0.33218805625000003 0.95281713125 0.3323513828125 0.9545343984375 0.3309607671875 0.9560883390624999 0.33112409375 0.9578056046875 0.329733478125 0.9581322562500001 0.326625596875 0.959849521875 0.32523498281249996 0.9605028250000001 0.3190192203125 0.9622200921875 0.31762860625 0.9623834171875 0.31607466562500003 0.9641006828125 0.3146840515625 0.968510478125 0.272727659375 0.855072825 0.26080488125 0.8533555578125 0.26219549531249997 0.8036294640625 0.256969071875 0.8019121968749999 0.2583596875 0.7863727921875 0.2567264296875 0.7846555265624999 0.2581170453125 0.74114519375 0.253543925 0.7394279265625 0.2549345390625 0.6042351078125 0.24072520156250002 0.602517840625 0.242115815625 0.552791746875 0.2368893921875 0.5510744796875 0.23828000781249997
0 0 0.5760256390625 0.0002239265625 0.576302165625 0.8782002875 0.6685812 0.8799175531250001 0.6671905859375 0.88147149375 0.6673539109375 0.8831887593750001 0.665963296875 0.8862966406250001 0.6662899484375 0.88801390625 0.6648993328125 0.8895678468750001 0.665062659375 0.8930023796875 0.6622814296875 0.8931657046874999 0.6607274890625 0.894882971875 0.6593368749999999 0.8974961828125 0.6344738265625 0.89610556875 0.6327565609375 0.8965955453125 0.6280947390625 0.89520493125 0.6263774734374999 0.8965115359375 0.61394595 0.2547341265625 0.5464924250000001 0.253016859375 0.547883040625 0.22659987187500003 0.545106503125 0.22488260625 0.5464971171874999 0.1720486296875 0.5409440437499999 0.170658015625 0.5392267765625001 0.14579496875 0.536613565625 0.1440777015625 0.5380041796875 0.10056736875000001 0.533431059375 0.09917675468750001 0.53171379375 0.043234896875 0.5258340671874999 0.0418442828125 0.5241168015625 0.002995771875 0.5200336578125 0.0028324453125 0.5215875984375 0.0011151796875 0.5229782140625 0 0.5335884359375 0 0.5760256390625
0 1 0.2273436953125 0.9999905640625 0.22733204218749997 0.886552909375 0.2154092640625 0.88483564375 0.216799878125 0.847541071875 0.21288006093749998 0.84582380625 0.21427067656249998 0.7929898296875 0.2087176015625 0.7912725640625 0.21010821562499998 0.68249673125 0.198675415625 0.6807794656249999 0.2000660296875 0.6372691328125 0.195492909375 0.6355518671875 0.196883525 0.6246742828125 0.19574024375000001 0.6229570171875001 0.197130859375 0.6012018515625 0.1948442984375 0.5994845843750001 0.1962349140625 0.4316590140625 0.1785957359375 0.4299417484375 0.17998635000000002 0.38798535625 0.17557655625 0.386268090625 0.1769671703125 0.373836565625 0.1756605640625 0.3721193 0.1770511796875 0.3068538 0.1701914984375 0.305136534375 0.17158211406249999 0.20879222656250002 0.16145591875 0.207074959375 0.16284653437500002 0.17910403125000002 0.1599066703125 0.177386765625 0.16129728593749998 0.1540776578125 0.1588474 0.1523603921875 0.1602380140625 0.11351188125 0.156154871875 0.112121265625 0.1544376046875 0.11040399999999999 0.15582822031250002 0.0373687984375 0.1481519109375 0.032795678125 0.19166224375000002 0.1617727359375 0.205218278125 0.1634900015625 0.2038276640625 0.242740965625 0.2121572765625 0.24445823125000002 0.2107666609375 0.2677673390625 0.21321654687499997 0.2694846046875 0.2118259328125 0.30988705625 0.21607240156250002 0.3116043234375 0.2146817859375 0.4607826078125 0.23036105624999997 0.4624998734375 0.228970440625 0.4920247421875 0.23207362968749998 0.493742009375 0.23068301562500002 0.5372523421875 0.2352561359375 0.5389696078124999 0.23386552031250002 0.6259902734375 0.2430117609375 0.6277075390625 0.24162114687499997 0.744253075 0.253870575 0.745970340625 0.2524799609375 0.7925885546875 0.2573797328125 0.7943058203125 0.25598911874999997 0.808291284375 0.25745904999999997 0.8100085515625001 0.25606843437500004 0.8597346453125001 0.2612948578125 0.8614519125 0.25990424375 0.971781684375 0.27150037031249996 0.9731723000000001 0.2732176359375 0.9856038234375 0.2745242421875 0.9873210890624999 0.2731336265625 0.9919829109375 0.2736236046875 0.9954174437500001 0.270842375 0.9959074203125 0.266180553125 0.9976246859375 0.26478993906250003 0.9977880125 0.2632359984375 0.9995052781249999 0.26184538281249997 1 0.25713841875 1 0.2273436953125
0 0 0.8213712734374999 0.046226375 0.8262298609375 0.0476169890625 0.827947128125 0.2869238203125 0.8530992890625001 0.28831443437500004 0.8548165546875 0.3939823859375 0.8659227046875 0.3953730015625 0.8676399703125 0.3969269421875 0.8678032968749999 0.3986442078125 0.8664126812499999 0.40485997031250004 0.867065984375 0.40625058437500006 0.8687832515625 0.41091240625000003 0.8692732281250001 0.412629671875 0.8678826140625 0.41573755312499994 0.8682092640624999 0.41712816718749995 0.86992653125 0.4746239640625 0.8759695828125 0.47634123125 0.8745789687500001 0.4777318453125 0.876296234375 0.497933071875 0.87841946875 0.4993236859375 0.880136734375 0.57857465 0.888466346875 0.5799652640625 0.8901836125000001 0.9404794515624999 0.92807518125 0.9421967171875 0.926684565625 0.9437506578124999 0.9268478921875 0.945467925 0.9254572765625 0.9480811359375 0.9005942296875 0.946690521875 0.8988769640625 0.9470171734375 0.8957690828124999 0.9442359437500001 0.89233455 0.94439926875 0.890780609375 0.9430086546875 0.88906334375 0.9431719796875001 0.887509403125 0.941781365625 0.8857921375 0.940227425 0.8856288109375001 0.9346649656249999 0.878759746875 0.8383206578125 0.8686335515625 0.8369300421875 0.8669162859374999 0.8027433531250001 0.86332311875 0.8013527375 0.8616058531249999 0.7889212140625 0.8602992468749999 0.7875306 0.8585819812500001 0.7315887421875 0.8527022546874999 0.730198128125 0.8509849890625001 0.55460285625 0.8325291828125 0.553212240625 0.8308119156249999 0 0.7726669671875 0 0.8213712734374999
0 0 0.76166921875 0.0602024546875 0.767996753125 0.06159306875 0.76971401875 0.0802403546875 0.771673928125 0.08163096875 0.77339119375 0.1577740515625 0.7813941546875001 0.1591646671875 0.7831114203125 0.5600813062500001 0.8252494578125 0.5614719203125 0.8269667234375 0.58011920625 0.8289266312500001 0.581836471875 0.8275360171875 0.5973758765625 0.8291692749999999 0.5987664921875 0.830886540625 0.673355634375 0.838726175 0.6747462484375 0.8404434421874999 0.7633208546875 0.8497530078125 0.7647114687500001 0.8514702734374999 0.9403067421875001 0.86992608125 0.9452065140625001 0.8233078671875 0.9438158984375 0.8215906015625001 0.9298304343750001 0.8201206687499999 0.9284398203125 0.818403403125 0.9206701171875 0.817586775 0.9192795031250001 0.8158695078125 0.891308575 0.8129296453125001 0.8895913078125 0.8143202593750001 0.8709440234375 0.8123603515625 0.8695534078125 0.8106430843749999 0.8446903609374999 0.8080298734375001 0.8429730937500001 0.8094204890625001 0.818110046875 0.8068072765625001 0.8167194328124999 0.8050900109375 0.8089497296875001 0.80427338125 0.807559115625 0.802556115625 0 0.7176782328125 0 0.76166921875
0 0.122605690625 0 0.2013257140625 0.0082738078125 0.2030429796875 0.00688319375 0.20459692031249999 0.0070465187499999995 0.2059875359375 0.008763785937500001 0.25260574999999996 0.0136635578125 0.254323015625 0.0122729421875 0.28074000312499997 0.0150494796875 0.2824572703125 0.013658865624999999 0.2995506140625 0.0154554484375 0.30126788125 0.0140648328125 0.33390063125 0.0174946734375 0.335617896875 0.016104059375 0.4102070390625 0.02394369375 0.41192430468749996 0.022553078125 0.433679471875 0.0248396390625 0.43539673749999996 0.0234490234375 0.44472038124999996 0.024428978125 0.44643764687500004 0.0230383640625 0.47285463437499997 0.0258149015625 0.47457190000000005 0.0244242859375 0.547607103125 0.0321005953125 0.54932436875 0.03070998125 0.5695255953125 0.032833215625 0.5712428609375 0.0314426 0.583674384375 0.03274920625 0.58539165 0.031358590625 0.6118086390624999 0.034135128125000004 0.6135259046875 0.0327445140625 0.71297809375 0.0431973609375 0.7146953609375 0.0418067453125 0.717803240625 0.042133396875 0.71919385625 0.0438506625 0.7223017375 0.0441773140625 0.724019003125 0.0427867 0.7473281093749999 0.045236585937500004 0.7490453765625 0.043845970312499996 0.756815078125 0.044662600000000004 0.7585323453124999 0.043271984375 0.7771796296875 0.04523189375 0.778896896875 0.043841278125 0.8534860390624999 0.05168091406250001 0.8552033046874999 0.050290298437500006 0.8754045312500001 0.0524135328125 0.8771217968749999 0.05102291875 0.8848914999999999 0.051839546874999996 0.886608765625 0.0504489328125 0.916133634375 0.053552121875000004 0.9178509 0.05216150625 0.9194048406249999 0.0523248328125 0.9203847953125001 0.0430011890625 0.51125580625 0 0.122605690625 0
0 0.6437386 0.0791254296875 0.9833775890625001 0.10303962656250001 0.9888631078125 0.1006703515625 0.988472609375 0.071171059375 0.9246906421875 0.0634853625 0.8759376859374999 0.062288987500000004 0.48104834375000005 0.0325677453125 0.22083280625 0.0170012890625 0.07904757968750001 0.0040629453125 0.0526376609375 0.0061968593750000005 0.049575303125 0.03533324375 0.14118738125000002 0.043980118750000005 0.26286639218749996 0.0489135640625 0.3733686515625 0.0605278203125 0.5677680046875 0.07114059843750001 0.6437386 0.0791254296875
0 1 0.1113497125 0.990080696875 0.10570803437500001 0.9695646109375 0.10158782343749999 0.6262686093750001 0.07925314375 0.585035390625 0.0729554734375 0.5535482671875 0.0735738109375 0.5399394484375 0.0701795828125 0.390634484375 0.0623425328125 0.30085091249999996 0.0529058984375 0.1342816703125 0.0432543 0.06176393125 0.035632378125 0.04530581875 0.0427400359375 0.0397935765625 0.0951855265625 0.04771271875 0.102891453125 0.1931549578125 0.1142502828125 0.1998565125 0.11691852656249999 0.2589695890625 0.1192037953125 0.3556588734375 0.1293662484375 0.41822480625 0.1320144265625 0.431833625 0.13540865468750002 0.490946703125 0.137693921875 0.64309205 0.151721159375 0.6952978625 0.15328044375 0.8439903531249999 0.166944771875 0.8996490218750001 0.1688669671875 0.9790724718750001 0.17721470781249998 0.9949181125000001 0.17593432656250002 1 0.1621605578125 1 0.1113497125
0 0.0706415046875 0.1504706828125 0.15047326875 0.1549335734375 0.1606292328125 0.15796489062500002 0.4789370625 0.18552874218749998 0.95690686875 0.222018209375 0.969503809375 0.21843249375 0.9737732937500001 0.21102569999999998 0.9760190234375001 0.18965901875 0.9685097484374999 0.17806840468750001 0.8683660546875 0.167542878125 0.7017968125 0.15789127812499998 0.5427442 0.1431380578125 0.39364494843750003 0.1333587453125 0.27968827812499997 0.1213814171875 0.1754808109375 0.1163204203125 0.047508562500000004 0.10483387968749999 0.0383644765625 0.10878250468749999 0.0348938046875 0.141803740625 0.0430171046875 0.1475672421875 0.0706415046875 0.1504706828125
0 0.1244464953125 0.20325901562499998 0.87217533125 0.2641735328125 0.965411759375 0.27397307656250003 0.9784081062500001 0.28319458124999997 0.99120920625 0.2776664390625 0.9954786906249999 0.270259646875 0.9995618328125 0.2314111359375 0.9946887859375 0.22795313281250001 0.9083580687499999 0.21887940781249998 0.6207222890625 0.1984670859375 0.0393585375 0.14914659375 0.0336688609375 0.15345829375 0.029789875 0.1903643796875 0.0346629234375 0.1938223828125 0.1244464953125 0.20325901562499998
0 0.8854746515624999 0.46981521718749997 0.8946187374999999 0.465866590625 0.8997226671874999 0.4173059515625 0.8915993671875 0.41154244999999995 0.8054743609375 0.4005264640625 0.02382633125 0.33015524531249996 0.0144780890625 0.3360462984375 0.010599103125 0.372952384375 0.014655521874999999 0.3841800890625 0.8854746515624999 0.46981521718749997
0 0.816207165625 0.4644987953125 0.36667838750000004 0.423143065625 0.03517160625 0.3883003 0.021154473437499998 0.3887909234375 0.0120103875 0.3927395484375 0.0075189296875 0.43547291250000003 0.015642229687500002 0.44123641406249997 0.78956791875 0.5186515140625 0.95856923125 0.5383781515625 0.9713703296875 0.5328500093749999 0.974849909375 0.483136703125 0.816207165625 0.4644987953125
0 0.011781059375 0.4447583546875 0.006293985937500001 0.44712746562500005 0.00221084375 0.4859759765625 0.007085445312499999 0.48943414374999994 0.9394497218750001 0.587429578125 0.948388096875 0.5854232140625 0.9528795546875 0.5426898515625 0.9447578078125 0.5369265125 0.730659 0.5144238203125 0.011781059375 0.4447583546875
0 0 0.5157165125 0.0072717859375 0.5208758625 0.80171200625 0.6024110109375 0.8071975265625 0.6000417375 0.8096474125 0.5767326296874999 0.8047743640625 0.5732746265625 0.0068812874999999996 0.49137656874999996 0.001394215625 0.4937456796875 0 0.50701075 0 0.5157165125
0 0 0.630069959375 0.42423920624999994 0.6727144890625001 0.6103037484375 0.6961984265625001 0.9659836265624999 0.7335818890625 0.97533186875 0.7276908359375 0.9779859125 0.7024393046874999 0.9733243765624999 0.680346640625 0.8819164546874999 0.6697573390625 0.4399074140625 0.623300315625 0.15978981718750002 0.5977865375 0.0115056390625 0.580237359375 0.0009429140625000001 0.5810910546875 0 0.5818642953125 0 0.630069959375
0 0 0.67478075 0.0841756421875 0.6860694515625 0.1223643203125 0.6881193609375 0.6604517265625 0.750566275 0.9574268421875001 0.78177961875 0.963320675 0.77552549375 0.9635426484374999 0.7401989234374999 0.9586696 0.7367409203124999 0.9208876828125 0.730805996875 0.42708114531249997 0.6789048390625 0.20993779531249998 0.6521543859375 0 0.6339960234375 0 0.67478075
0 0 0.7084733609375 0.0014856765625000001 0.7088005203125001 0.0707531640625 0.7141169421875 0.3291312875 0.747165228125 0.3396940109375 0.74631153125 0.9364861796874999 0.8149285656249999 0.9458328703125 0.8090373515625 0.9444215859374999 0.7892501859375 0.92959673125 0.7808184390624999 0.6569988703125 0.750203365625 0 0.679213428125 0 0.7084733609375
0 0 0.8560909406249999 0.6382164125 0.9289065187500001 0.810876290625 0.947053803125 0.8200188234375 0.9431050140625 0.8224687093749999 0.9197959062500001 0.8175956609374999 0.9163379046875001 0.4312452875 0.8718030765625 0.18952207968749998 0.84639694375 0 0.8230492265624999 0 0.8560909406249999
0 0.9496843984375 1 0.9518448890625001 0.9677618499999999 0.86246963125 0.9544403656249999 0.7828420234375 0.94803505 0.631309146875 0.9281805359374999 0.627652134375 0.9297600515625 0 0.8563063937500001 0 0.9032079296875001 0.4159691328125 0.95071670625 0.8135022859375001 1 0.9496843984375 1
0 0.7641793375 1 0.18724071874999998 0.9345319140624999 0.16672618749999998 0.9304118671875001 0.1602272359375 0.9258010328124999 0 0.9056397453124999 0 0.9501612984375001 0.4787195796875 1 0.7641793375 1