0 0 0.9900773265625 0.023571603125 0.991760075 0.0285445609375 0.9866382734375 0.029089948437500002 0.9553930328125 0.022152535937500002 0.12181062499999999 0.0193747765625 0.113081128125 0.0076578109375 0.1128766078125 0 0.52526781875 0 0.9900773265625
0 0.057035542187499996 0.9211520984374999 0.0488997890625 0.2681340890625 0.0445328109375 0.2385393046875 0.0250045359375 0.2381984375 0.019970985937499998 0.2467915859375 0.019304385937499998 0.28498108125 0.0288475515625 0.9692799796875 0.033335740625 0.9919305093749999 0.052864015625 0.9922713765625 0.055884146875 0.9871154875 0.057035542187499996 0.9211520984374999
0 0.11207829531249999 0.9012768859375001 0.10314110937500001 0.18226140156249998 0.0995990375 0.16136358906249998 0.09291565 0.1525643578125 0.0655760640625 0.15208714375000001 0.05379850625 0.15535396875000002 0.0487649296875 0.1639486796875 0.05612654375 0.973228540625 0.0606753265625 0.9924077234375 0.10559035937500001 0.99319171875 0.11056331718750001 0.9880699156249999 0.11207829531249999 0.9012768859375001
0 0.155853778125 0.0720536421875 0.14715694375 0.0666932328125 0.10803979999999999 0.06948284375 0.10300625000000001 0.0780759921875 0.10215784531250001 0.1266810890625 0.11263735781249999 0.9811597484375 0.117307325 0.9933962390625 0.15636387499999999 0.9940779734375 0.16145804531250002 0.982011915625 0.155853778125 0.0720536421875
0 0.1632896609375 0.9889902578124999 0.19352819062499999 0.991254275 0.199820675 0.79862538125 0.1986341796875 0.08321915156250001 0.1880451359375 0.074351746875 0.162658378125 0.07390861875 0.1556719734375 0.0824692421875 0.1522041953125 0.1692266234375 0.157417503125 0.8777598953125001 0.1632896609375 0.9889902578124999
0 0.2368774515625 0.9138740390625 0.231408071875 0.1080996109375 0.22679869687499998 0.0923917734375 0.1994591109375 0.09191455937500001 0.1969374234375 0.18042621875 0.198682953125 0.975716871875 0.2032317359375 0.9948960546875 0.22666566718749998 0.9953050953125 0.23554427968749997 0.9902514671875 0.2368774515625 0.9138740390625
0 0.2847891703125 0.9668010859375 0.28642533281250004 0.873065365625 0.284013203125 0.11596420781250001 0.2824239859375 0.09509891875000001 0.2737877421875 0.08626716250000001 0.2444953296875 0.0857558625 0.233603296875 0.0942467515625 0.23596848124999997 0.96594891875 0.23749710624999998 0.9902855531249999 0.2422882875 0.9955777890625 0.27353352656249996 0.9961231765624999 0.282472759375 0.9875966390625001 0.2847891703125 0.9668010859375
0 0.33237256875 0.087289765625 0.3031407484375 0.08330711874999999 0.2913025984375 0.090045290625 0.2862690203125 0.0986400015625 0.2848752546875 0.178488775 0.2864996 0.9807221203125 0.29306180312499996 0.99646404375 0.322354215625 0.9969753453125 0.335199103125 0.9885169812499999 0.33237256875 0.087289765625
0 0.33824472499999997 0.1985201265625 0.33703071875 0.9954953234374999 0.36336359375 0.9976911671875 0.36811375 0.6695990984375 0.3659244484375 0.23546664375 0.3636314828125 0.1989632546875 0.33824472499999997 0.1985201265625
0 0.3690665046875 0 0.36543965312500004 0.2632405390625 0.364976284375 0.96125595 0.36732984062499996 0.9942879937500001 0.4102314546875 0.9985092484375 0.4172784515625 0.986477278125 0.4215066671875 0.6323315078125 0.41874462812499996 0.007188090625 0.4148652078125 0 0.3690665046875 0
0 0.450327490625 0 0.42667715 0.0003801828125 0.41929187187499994 0.98304001875 0.4239618390625 0.9952765093749999 0.43366538437499996 0.9989182890625001 0.464910625 0.9994636765625 0.4718364109375 0.9943759609375 0.47548602031250004 0.8972014171874999 0.48495898593750003 0.018761078125 0.4786103953125 0 0.450327490625 0
0 0.47970834062499995 0.9910394 0.486391728125 0.9998386312499999 0.5294145265625 0.9971171921875 0.532434684375 0.991959740625 0.5363735828125 0.766300365625 0.542028834375 0.106576709375 0.5315609765625 0.0907666125 0.5003157359375 0.0902212234375 0.4853968359375 0.10558819374999999 0.47965364375 0.5465269937499999 0.47970834062499995 0.9910394
0 0.5775875359375 1 0.5811947515625 0.9962848171875001 0.5827097296875 0.9094917890625001 0.5910919203125 0.0935419296875 0.586421953125 0.0813054390625 0.5493182296875 0.0806577921875 0.5443452718749999 0.08577959375000001 0.53627971875 0.9955008234375 0.5403529234375 1 0.5775875359375 1
0 0.6570244828125 1 0.659307853125 0.9976482875 0.6599138609375 0.9629301375000001 0.6698716218749999 0.0567159046875 0.6652016265625 0.044480975 0.5987448984375 0.0467933734375 0.5957247671875 0.0519492625 0.591576715625 0.0657680359375 0.5911525125 0.090070584375 0.5832687921875 0.98937465 0.5906740312500001 1 0.6570244828125 1
0 0.706087246875 1 0.7081285421875 0.9985004546875 0.7205375984375 0.175674515625 0.7159282234375001 0.159966678125 0.6768716734375 0.15928494375 0.6718380953125 0.1678796546875 0.6643102062499999 0.487240665625 0.6613213 0.9942094656249999 0.6694799484375 1 0.706087246875 1
0 0.748783934375 1 0.75700985 0.995879715625 0.77105504375 0.07931961562499999 0.7682167171875001 0.0740599046875 0.7389243046875 0.073548603125 0.7260188249999999 0.0854783140625 0.7134749078125 0.8041188453125001 0.7139870234375 0.9986027156249999 0.7204646328125001 1 0.748783934375 1
0 0.8077274640625 1 0.824522253125 0.14970721874999998 0.82174449375 0.140977721875 0.7738093296875 0.1453496171875 0.7590232703125 0.99244245625 0.7631023 1 0.8077274640625 1
0 0.8653735828125001 1 0.8893154703124999 0.018874339062500002 0.8865983296875 0.006671934374999999 0.8299057390625 0.009154765625 0.8248721625 0.017749476562499998 0.8190879453125 0.125303971875 0.8116310171875 1 0.8653735828125001 1
0 0.9163481093750001 1 0.9290404499999999 0.988465309375 0.95627066875 0.09991614843749999 0.9566948703125 0.0756136015625 0.9520248765625 0.063378671875 0.895453496875 0.0589172484375 0.8904805124999999 0.0640406140625 0.88287835625 0.27574486875000004 0.8685027968749999 0.9874086203125 0.8702738468750001 0.9978567453125 0.8729867546875001 1 0.9163481093750001 1
0 0.94848283125 0.042479296875 0.9311750828124999 0.9780837953124999 0.9515888828125 0.9836487249999999 0.9683393984374999 0.975260096875 0.9964179937500001 0.038107403125 0.9740513671875 0.0325083859375 0.94848283125 0.042479296875
0 1 0.0383427625 0.9982496359375 0.04508418125 0.9808637453125 0.593475215625 0.97035281875 0.9718228375000001 0.9750834062499999 0.98058641875 0.9906454328125 0.984330459375 1 0.44840768593749997 1 0.0383427625