0 0.8801869078125 1 0.8804838015625001 0.9745454453125 0.8709577734374999 0.9668217671875 0.8479351015625 0.962100496875 0.0521786328125 0.9244600249999999 0 0.9235492421875 0 0.9847831890625001 0.2475827921875 0.9956702046875 0.49563658125 1 0.8801869078125 1
0 0 0.9224655921875 0.909438040625 0.9653337390625 0.9632767140625 0.966273496875 0.97295381875 0.9610447140625 0.9773005828124999 0.9179358843750001 0.97164603125 0.9081200796875001 0 0.8682488421875 0 0.9224655921875
0 0 0.8682907234374999 0.0796755453125 0.8752777328124999 0.8639450578125001 0.90839985625 0.9601087265625001 0.9079186953124999 0.969810990625 0.9005322109374999 0.970136765625 0.872467996875 0.9606611140625001 0.8604257890625 0.1686502359375 0.8314863859375 0 0.8311017125 0 0.8682907234374999
0 0 0.8269228921874999 0.852985328125 0.8585463015625001 0.9510595468749999 0.8591783421875 0.9514120453125001 0.8289564531250001 0.9341698390625 0.8232562296875001 0.042249703124999996 0.7860969171875001 0 0.7853594453125 0 0.8269228921874999
0 0 0.7856699078125 0.9495770328124999 0.821367021875 0.9593297 0.8096604468749999 0.959705825 0.777279265625 0.9502049843749999 0.7673963234375 0.927157096875 0.7648358796875 0.08902375 0.7329317015625 0.00019196875 0.7313811375 0 0.7478753171875 0 0.7856699078125
0 0.9560861484375 0.7577834375 0.9639282390625 0.7449652234374999 0.9604596624999999 0.712515371875 0.00083454375 0.676035484375 0.00020994687500000003 0.729814025 0.8579615796875 0.7614683640625 0.9464090437499999 0.7630122203124999 0.9560861484375 0.7577834375
0 0.0008606875 0.6738215421875 0.83750254375 0.70173345625 0.83782831875 0.6736692421875 0.7974878765625 0.6697255421875 0.316916675 0.650541746875 0.0012077203125 0.6440918203125 0.0008606875 0.6738215421875
0 0.0018977703124999998 0.584772953125 0.0012190796875 0.6429934140625 0.7667238140625 0.6691885531249999 0.9970380375 0.6740541437500001 0.9980152906249999 0.618067359375 0.35989634375 0.5929924546875001 0.0018977703124999998 0.584772953125
0 0.0026129531250000003 0.523297946875 0.00192099375 0.582726171875 0.9981561093750001 0.6099998390625 0.999280671875 0.545573715625 0.068386890625 0.523127084375 0.0026129531250000003 0.523297946875
0 0.002695175 0.516170171875 0.4567650375 0.5320659546875001 0.9451264187499999 0.542748475 0.9626204250000001 0.52686074375 0.9630217375000001 0.4923202984375 0.94585506875 0.4801438453125 0.21527159375 0.46091391406250004 0.0033819953125000003 0.4572153671875 0.002695175 0.516170171875
0 0.97526253125 0.4320747546875 0.961865025 0.426443203125 0.058231346875 0.40419266875000004 0.00400991875 0.40324623125 0.003427634375 0.45325774843750005 0.9689532765625 0.478388884375 0.97478411875 0.4730914015625 0.97526253125 0.4320747546875
0 1 0.3407069546875 0.0050135859375000005 0.3169177859375 0.0040314890625 0.4013838234375 0.9657113140625 0.426510340625 0.9926290890624999 0.42698019218749994 1 0.425046140625 1 0.3407069546875
0 0.8918401046875 0.3291359671875 0.89234214375 0.285960028125 0.875099909375 0.28026136562500004 0.0056417640625000005 0.26302366718750003 0.00503461875 0.31517570156249997 0.5283463937499999 0.3303485609375 0.8821630015625 0.33436475 0.8918401046875 0.3291359671875
0 0.9887576125 0.2638909109375 0.9891352984375 0.2315097578125 0.983403646875 0.22817015624999998 0.006270015625 0.20903578281250002 0.0057074734375 0.257289565625 0.1791031890625 0.263793290625 0.9751350562500001 0.277688078125 0.9887576125 0.2638909109375
0 0.006924646875 0.15273082031250002 0.0062950328124999995 0.2067968171875 0.9103885640625 0.22257782812500002 0.9167717921874999 0.169787440625 0.9071953875000001 0.166382290625 0.006924646875 0.15273082031250002
0 1 0.09928135625 0.007667956250000001 0.08883875 0.006969940625 0.1488825875 0.9340391875 0.1733284 1 0.172091021875 1 0.09928135625
0 1 0.025961171875 0.9934820359375 0.0232210828125 0.9665627000000001 0.022751204687500002 0.008485528124999999 0.018632950000000002 0.0077032375 0.0858326578125 0.7695345640625 0.0970426546875 1 0.09682424218749999 1 0.025961171875
0 0.0087018125 0 0.00850644375 0.0168080375 1 0.0330823984375 1 0.008651368750000001 0.5043634390625 0 0.0087018125 0