0 0.13555296249999998 1 0.1315256078125 0.9424061531250001 0.1298579203125 0.9409564546875 0.1268060734375 0.8973130265625 0.12513838593749999 0.895863328125 0.117617765625 0.788313453125 0.115950078125 0.7868637546875 0.11453315 0.766600734375 0.11286546093750001 0.765151034375 0.11177551562500002 0.749564096875 0.110107828125 0.7481143968749999 0.107491959375 0.7107057453125 0.10582427187500001 0.7092560453125001 0.0940528671875 0.5409171125000001 0.092385178125 0.5394674125 0.090532271875 0.5129696187499999 0.088864584375 0.51151991875 0.087229665625 0.4881395109375 0.08556197812500001 0.4866898125 0.082837115625 0.44772246562499995 0.081169428125 0.44627276718750003 0.072994840625 0.32937072968750003 0.071327153125 0.32792103125 0.0692562578125 0.29830584843749997 0.06758856875 0.29685614843749997 0.0660626453125 0.275034434375 0.0643949578125 0.2735847359375 0.058618250000000004 0.1909739625 0.056950560937500005 0.1895242625 0.058400260937500004 0.187856575 0.0576372984375 0.17694571875 0.0590869984375 0.1752780296875 0.058760015624999995 0.1706019484375 0.060209714062499996 0.168934259375 0.057593846875 0.1315256078125 0.0559261578125 0.130075909375 0.055708168749999995 0.126958521875 0.05404048125000001 0.125508821875 0.0539314859375 0.12395012812499999 0.052263798437499995 0.12250042812499999 0.052045809374999995 0.119383040625 0.048710432812499996 0.1164836421875 0.0035083109374999997 0.1196444828125 0.0020586125 0.1213121703125 0 0.12145612187499999 0 0.315866190625 0.0002049796875 0.3187975375 0.00187266875 0.3202472375 0.0026356296875 0.33115809375 0.0043033171875 0.33260779375 0.0053932625 0.34819473125 0.007060951562499999 0.34964443125 0.0158895046875 0.47589863125000004 0.01755719375 0.47734833125 0.019955071875 0.5116395953125 0.021622759375 0.51308929375 0.022385721875 0.5240001515625 0.024053409375 0.52544985 0.025470337500000002 0.5457128703125 0.0271380265625 0.5471625687499999 0.0358575859375 0.671858075 0.0375252734375 0.6733077749999999 0.039923153125 0.7075990390625 0.041590840625 0.7090487390625 0.0430077703125 0.7293117578125 0.0446754578125 0.7307614578125 0.0460923859375 0.751024478125 0.047760075 0.7524741765625 0.056370639062500005 0.8756109890625 0.058038328125000004 0.8770606890625 0.059128271875000006 0.8926476265625001 0.060795960937500004 0.8940973265625001 0.06188590625 0.9096842640625 0.06355359375 0.9111339640624999 0.06442555 0.9236035140625001 0.0660932390625 0.9250532140625 0.0693630734375 0.971814028125 0.0710307609375 0.973263728125 0.07212070625 0.988850665625 0.0737883953125 0.990300365625 0.074466659375 1 0.13555296249999998 1
0 0.18880768750000002 1 0.1886629890625 0.99793070625 0.19011268750000002 0.9962630171875 0.1881507875 0.9682065296875001 0.1896004875 0.9665388406250001 0.1863306515625 0.9197780265625 0.1846629640625 0.9183283265625001 0.1861126625 0.9166606375 0.185567690625 0.90886716875 0.1839000015625 0.9074174703125 0.1786682671875 0.8326001656249999 0.177000578125 0.8311504671875 0.167845040625 0.700220184375 0.16617735312499998 0.6987704859375 0.1635614859375 0.661361834375 0.161893796875 0.6599121343750001 0.16069485781249998 0.6427665015625 0.15902716875 0.641316803125 0.15630230625 0.6023494578124999 0.15463461875 0.6008997578125 0.1425362296875 0.42788474218749994 0.1408685421875 0.42643504375 0.1384706625 0.39214377968749997 0.136802975 0.3906940796875 0.1361490078125 0.3813419171875 0.13448131875 0.3798922171875 0.1318654515625 0.342483565625 0.1301977640625 0.3410338671875 0.1192983140625 0.185164484375 0.1176306265625 0.183714784375 0.11708565312500001 0.175921315625 0.1137502765625 0.17302191718749999 0.059195993749999995 0.1768367234375 0.059304987499999996 0.17839541718750002 0.0578552875 0.18006310625 0.062760040625 0.25020432812500004 0.064427728125 0.25165402812500004 0.067479575 0.2952974546875 0.0691472625 0.2967471546875 0.0701282125 0.3107753984375 0.0717959015625 0.3122250984375 0.0737578015625 0.3402815859375 0.07542549062500001 0.3417312859375 0.0820741546875 0.436811609375 0.0837418421875 0.43826130937499996 0.0863577109375 0.47566996093749997 0.0880253984375 0.477119659375 0.0894423265625 0.49738267968749994 0.091110015625 0.4988323796875 0.09328990468750001 0.53000625625 0.09495759375 0.5314559546875001 0.10509408125 0.6764144812499999 0.10676176875000001 0.67786418125 0.10992260937500001 0.7230663015625 0.11159029843749999 0.7245160015625001 0.1134432046875 0.7510137953125 0.1151108921875 0.7524634953125 0.11674580937500001 0.775843903125 0.1184134984375 0.7772936015624999 0.12211931093749999 0.8302891921875 0.12378700000000001 0.8317388921875001 0.127928790625 0.8909692578125 0.129596478125 0.89241895625 0.13221234531249998 0.9298276078125 0.133880034375 0.9312773078125 0.1350789734375 0.9484229390625 0.1367466625 0.9498726390625001 0.13783660625 0.965459578125 0.1395042953125 0.9669092765625 0.1418182234375 1 0.18880768750000002 1
0 0.8174575734375 0 0.8196426812500001 0.0312484984375 0.8229780578125 0.034147896875 0.8254849312499999 0.0699978546875 0.8271526203124999 0.0714475546875 0.8424118484375 0.289664690625 0.84096215 0.2913323796875 0.842379078125 0.3115953984375 0.844046765625 0.3130450984375 0.8497144796875 0.3940971765625 0.8482647796875 0.395764865625 0.848373775 0.397323559375 0.8500414624999999 0.398773259375 0.8523303468749999 0.43150582968749995 0.8508806484375 0.43317351718749997 0.8510986375 0.4362909046875 0.8527663249999999 0.4377406046875 0.853093309375 0.4424166859375 0.851643609375 0.4440843734375 0.8520795874999999 0.45031915 0.8537472749999999 0.45176884843750004 0.8522975765625 0.4534365375 0.861235125 0.5812494312500001 0.8597854249999999 0.58291711875 0.8609843640625 0.6000627515625 0.8595346656249999 0.6017304390625 0.8751208765625 0.8246236578125 0.876788565625 0.82607335625 0.8775515265625 0.8369842140625 0.8761018281249999 0.8386519015625 0.881660546875 0.9181452875 0.883328234375 0.9195949859375 0.8838732078125 0.9273884562499999 0.8855408953125 0.9288381546875 0.8864128515624999 0.9413077046874999 0.888080540625 0.9427574046875 0.8888435015624999 0.9536682609374999 0.8905111890624999 0.9551179609375 0.8910561625 0.9629114296875001 0.8943915390624999 0.965810828125 0.8945005328125 0.967369521875 0.8961682218749999 0.968819221875 0.8963862109375 0.971936609375 0.9509404953124999 0.968121803125 0.9442918312499999 0.873041478125 0.9426241421875 0.8715917796875001 0.9420791703125 0.8637983109375 0.94352886875 0.862130621875 0.9402590343749999 0.8153698078125 0.9385913468749999 0.8139201078125 0.936738440625 0.7874223125 0.9381881390625001 0.785754625 0.9290326015625 0.6548243421875 0.9273649140625 0.65337464375 0.923114128125 0.592585584375 0.924563828125 0.5909178953125 0.9233648890625 0.5737722640625 0.9216972 0.5723225640625 0.9197352999999999 0.544266075 0.9211849984375 0.5425983875 0.9144273406250001 0.4459593703125 0.9158770390625 0.44429168125 0.9135881546875 0.4115591109375 0.9119204671875 0.41010941250000005 0.9110485109375001 0.3976398609375 0.9124982109375 0.3959721734375 0.9053045734375 0.2930983796875 0.9067542734374999 0.2914306921875 0.902721478125 0.2337590203125 0.9041711765624999 0.23209133125 0.9013373203124999 0.1915652921875 0.90278701875 0.1898976046875 0.8921055593749999 0.037145609375 0.8935552578125 0.0354779203125 0.8910743999999999 0 0.8174575734375 0
0 0.43628553124999997 1 0.42992286718750006 0.9090096609374999 0.42825517968750004 0.9075599609375 0.42498534374999997 0.860799146875 0.42331765624999995 0.859349446875 0.3969409890625 0.48214554062500004 0.39527330156249996 0.480695840625 0.39145849374999997 0.42614155781249996 0.38979080625 0.4246918578125 0.382161190625 0.315583290625 0.38049350312499997 0.314133590625 0.36904908125 0.1504707390625 0.37049878125 0.14880305 0.36973581875 0.13789219375 0.37118551875 0.1362245046875 0.3700955734375 0.1206375671875 0.3715452734375 0.118969878125 0.371436278125 0.117411184375 0.372885978125 0.115743496875 0.37444467187499997 0.11563450156249999 0.370738859375 0.0626389125 0.369289159375 0.0643066 0.36961614374999996 0.06898268125 0.36816644374999996 0.0706503703125 0.3683844328125 0.0737677578125 0.3669347328125 0.0754354453125 0.3653760390625 0.075544440625 0.36370835156250003 0.074094740625 0.3622914234375 0.053831721875 0.360623734375 0.052382021875 0.360514740625 0.050823328125 0.30907784375 0.054420146875 0.31616248593749996 0.1557352453125 0.31783017343750003 0.15718494375 0.320773025 0.19926967812500002 0.32244071406249997 0.2007193765625 0.323639653125 0.217865009375 0.322189953125 0.219532696875 0.3225169375 0.2242087796875 0.324184625 0.225658478125 0.32429362031250003 0.227217171875 0.32284392031250003 0.2288848609375 0.3244788375 0.25226526875 0.3261465265625 0.2537149671875 0.3323592125 0.342560515625 0.3340269 0.344010215625 0.34034858125 0.43441445625 0.34201626875 0.43586415624999997 0.34441414843749996 0.4701554203125 0.3460818359375 0.47160512031249996 0.3528394953125 0.5682441375 0.35450718281250004 0.5696938359375 0.35581511718750003 0.5883981625 0.35436541718750003 0.5900658515625 0.35610932968750003 0.6150049515625 0.3577770171875 0.6164546515625 0.3668235609375 0.7458262390625 0.3684912484375 0.7472759390625 0.3697991828125 0.7659802640625 0.37146687031250003 0.7674299640625 0.3750636890625 0.818866859375 0.376731378125 0.820316559375 0.38752183281249997 0.9746272484375 0.3891895203125 0.9760769484375 0.390862384375 1 0.43628553124999997 1
0 0.5136342671875 0.9861707093750001 0.514397228125 0.997081565625 0.56427543125 0.9935937421875 0.5329940125 0.5462486140625 0.5313263234375001 0.5447989140625 0.528383471875 0.50271418125 0.529833171875 0.5010464921875 0.5297241765625 0.4994877984375 0.5280564890624999 0.4980380984375 0.5194459234375 0.3749012875 0.5177782359374999 0.3734515875 0.5146173953125001 0.328249465625 0.5129497078125 0.3267997671875 0.49976137343750004 0.1381978140625 0.49809368593750003 0.1367481140625 0.49406088906249995 0.0790764421875 0.4955105890625 0.0774087546875 0.49540159375000004 0.07585006093749999 0.49373390625 0.07440036093749999 0.4936249109375 0.0728416671875 0.449981484375 0.07589351250000001 0.481807875 0.5310321109375 0.4834755640625 0.5324818109375 0.48391154218750004 0.5387165859375 0.4824618421875 0.5403842734375 0.50371576875 0.8443295703125001 0.5053834562499999 0.8457792703125 0.5096342421875 0.9065683296874999 0.5081845421875 0.9082360171875001 0.5131982890625 0.979935934375 0.5148659765625 0.9813856328125 0.5150839656249999 0.9845030203125 0.5136342671875 0.9861707093750001
0 0.3845971203125 1 0.3775050203125 0.898578234375 0.3758373328125 0.8971285343750001 0.36145005937499997 0.69138095 0.359782371875 0.68993125 0.35760248125 0.6587573734375 0.35593479375000003 0.657307675 0.35320993125 0.6183403281250001 0.35154224218749996 0.6168906296875 0.348599390625 0.5748058953124999 0.346931703125 0.5733561968750001 0.34540577968749997 0.5515344828125001 0.34685547968749997 0.5498667953124999 0.34118776562500003 0.46881471562500004 0.33952007812499996 0.467365015625 0.3204460421875 0.194593596875 0.318778353125 0.193143896875 0.315944496875 0.15261785781249998 0.3142768078125 0.15116815781249998 0.3141678140625 0.1496094640625 0.312500125 0.148159765625 0.31239113125 0.146601071875 0.307388065625 0.1422519734375 0.2590685578125 0.1456308015625 0.2651722484375 0.23291765625 0.2668399375 0.23436735625 0.26694893125 0.23592605 0.2686166203125 0.2373757484375 0.2814779703125 0.4213016203125 0.2831456578125 0.42275132031249996 0.29208320625 0.5505642140625 0.2937508953125 0.5520139140625 0.29647575625 0.590981259375 0.2981434453125 0.592430959375 0.2997783625 0.615811365625 0.29832866406249997 0.6174790546875 0.29985458593750003 0.63930076875 0.301522275 0.6407504671875001 0.30610004375 0.7062156078124999 0.30776773125 0.7076653078125 0.316487290625 0.8323608140625 0.3181549796875 0.8338105125 0.3278554890625 0.9725342640625 0.3295231765625 0.9739839625 0.33115809375 0.9973643703124999 0.33282578281249997 0.9988140703124999 0.3329087109375 1 0.3845971203125 1
0 0.5797006921875 0.43020785000000006 0.5774118078125 0.39747527968749996 0.5757441203125 0.39602558125 0.5753081421874999 0.38979080625 0.576757840625 0.38812311718750003 0.5764308578125 0.3834470359375 0.5747631703125 0.3819973359375 0.5674605390624999 0.27756485 0.56579285 0.27611515 0.5608880984375 0.205973928125 0.5592204093750001 0.204524228125 0.5510458234375 0.0876221921875 0.552495521875 0.085954503125 0.5515145718750001 0.071926259375 0.552964271875 0.0702585703125 0.5528552765625 0.0686998765625 0.5543049765625 0.0670321890625 0.5535420156249999 0.056121331249999996 0.50522250625 0.059500160937500005 0.5053315015625001 0.0610588546875 0.5038818015625 0.06272654375 0.5679705609375 0.9792385140625001 0.56963825 0.9806882140625 0.5702922171875 0.9900403765625001 0.5688425171875 0.991708065625 0.5689515125 0.9932667593750001 0.6188297140625 0.9897789343750001 0.5804636546874999 0.44111870781249995 0.578795965625 0.4396690078125 0.57825099375 0.43187553906250004 0.5797006921875 0.43020785000000006
0 0.3000160859375 1 0.299657234375 0.9948681781250001 0.2979895453125 0.9934184796875 0.2934117765625 0.9279533390625 0.2917440890625 0.9265036390624999 0.2885832484375 0.88130151875 0.2869155609375 0.87985181875 0.28451768125 0.8455605546875 0.28596738125 0.8438928671875001 0.2858583859375 0.8423341734375001 0.2841906984375 0.8408844734375001 0.283645725 0.8330910046875 0.285095425 0.8314233156249999 0.279209721875 0.7472538484375 0.280659421875 0.7455861609375 0.2776075765625 0.701942734375 0.2759398875 0.700493034375 0.273542009375 0.6662017703124999 0.2718743203125 0.6647520703125 0.2625007953125 0.5307044015625 0.26083310625 0.5292547015625 0.2577812609375 0.485611275 0.256113571875 0.484161575 0.2534977046875 0.4467529234375 0.251830015625 0.44530322499999997 0.249977109375 0.4188054296875 0.248309421875 0.4173557296875 0.23664701093749999 0.250575490625 0.2349793234375 0.249125790625 0.23443434999999999 0.241332321875 0.23588404999999998 0.2396646328125 0.23468511093750002 0.22251900156249999 0.23613480937500003 0.2208513125 0.23569883125 0.21461653749999998 0.23403114375 0.21316683906249997 0.2265105234375 0.10561696406250001 0.2248428359375 0.104167265625 0.224624846875 0.1010498765625 0.22295715781249997 0.09960017812500001 0.22139846406250002 0.099709171875 0.219730775 0.0982594734375 0.20570253125 0.0992404234375 0.20425283125 0.10090811250000001 0.18243111875 0.10243403437500001 0.18098141875 0.10410172343749999 0.17786403125 0.10431971250000001 0.17641433125 0.1059874 0.1881857375 0.274326334375 0.189853425 0.27577603281249996 0.194867171875 0.34747594843749996 0.19653485937499998 0.34892564843749996 0.20056765625 0.4065973203125 0.2022353453125 0.40804701874999993 0.20626814062499998 0.465718690625 0.20793582968750002 0.46716839062500004 0.211968625 0.5248400625 0.2136363140625 0.5262897609375 0.2218109 0.6431917984375 0.2234785890625 0.6446414984375 0.2262034515625 0.68360884375 0.22787113906249998 0.6850585437500001 0.23048700625000001 0.7224671953125 0.2321546953125 0.72391689375 0.23836738125 0.8127624421874999 0.24003506875 0.8142121421875 0.2484276453125 0.9342315671874999 0.2500953328125 0.935681265625 0.2545929375 1 0.3000160859375 1
0 0.7648376375 0.053876626562499995 0.7665053265624999 0.055326324999999996 0.766832309375 0.060002406249999994 0.7653826109375 0.06167009531249999 0.7783529546875 0.2471546609375 0.7769032546875 0.2488223484375 0.779301134375 0.2831136140625 0.777851434375 0.2847813015625 0.782429203125 0.3502464421875 0.7809795046875 0.35191413125 0.78217844375 0.3690597625 0.78384613125 0.3705094625 0.7854810484375 0.3938898703125 0.78403135 0.3955575578125 0.7856990374999999 0.3970072578125 0.7860260218749999 0.4016833390625 0.784576321875 0.4033510265625 0.78599325 0.42361404687500004 0.7876609390625 0.425063746875 0.787878928125 0.42818113437500005 0.786429228125 0.429848821875 0.7882821343749999 0.45634661718749997 0.7899498234375 0.4577963171875 0.7926746859375 0.4967636625 0.7912249859375 0.49843135 0.806593209375 0.71820718125 0.808260896875 0.7196568796875 0.814582578125 0.810061121875 0.813132878125 0.8117288109375 0.8245773 0.9753916625000001 0.8697794203125 0.972230821875 0.8712291203125 0.970563134375 0.867850290625 0.9222436249999999 0.869299990625 0.9205759375 0.8652671937499999 0.862904265625 0.8635995062499999 0.861454565625 0.859566709375 0.80378289375 0.8610164093750001 0.8021152062500001 0.8566566296874999 0.739767453125 0.8581063296875 0.7380997640625 0.8540735328125001 0.6804280921875 0.8555232328125 0.6787604046875 0.833724334375 0.36702163906249996 0.8351740328125 0.36535395 0.8253645296875 0.22507150625 0.823696840625 0.22362180625 0.823587846875 0.22206311250000002 0.8250375453125001 0.22039542499999998 0.819587821875 0.1424607328125 0.8210375203125 0.14079304374999999 0.8186396421875 0.1065017796875 0.8169719531249999 0.10505208125000001 0.8157730140625 0.08790644843749999 0.8172227140625001 0.0862387609375 0.81613276875 0.07065182187499999 0.8144650796875 0.0692021234375 0.8139201078125 0.061408653125000004 0.8153698078125 0.059740965624999996 0.813843884375 0.0379192515625 0.8121761953125001 0.036469553125 0.8119582078124999 0.033352165625 0.8134079062499999 0.0316844765625 0.8131899171875 0.028567089062500002 0.8115222296875 0.027117389062500004 0.811413234375 0.0255586953125 0.7802393578125 0.027738585937499997 0.778789659375 0.0294062734375 0.7725548828125001 0.029842251562499998 0.771105184375 0.031509940624999996 0.769546490625 0.031618934375000005 0.768096790625 0.0332866234375 0.7682057859375 0.0348453171875 0.7667560859375 0.0365130046875 0.766974075 0.0396303921875 0.765524375 0.04129808125 0.765851359375 0.0459741625 0.764401659375 0.0476418515625 0.7648376375 0.053876626562499995
0 0.5809439390625 0 0.6327824625 0.7413254203124999 0.6344501499999999 0.7427751203125 0.64175278125 0.8472076062499999 0.64342046875 0.84865730625 0.653120978125 0.9873810562499999 0.69988179375 0.984111221875 0.6992278265625 0.9747590578124999 0.6975601390625 0.9733093593750001 0.692328403125 0.8984920546874999 0.6937781015625 0.8968243671874999 0.6885463671875 0.8220070640625 0.686878678125 0.8205573640624999 0.6848077828125 0.7909421812499999 0.6831400953125 0.78949248125 0.681505178125 0.766112075 0.6829548765625 0.7644443859375001 0.682300909375 0.7550922234375 0.680633221875 0.7536425234374999 0.6738755624999999 0.6570035062499999 0.6753252625 0.65533581875 0.6736903453124999 0.6319554109375 0.67514004375 0.630287721875 0.6741590937499999 0.616259478125 0.67249140625 0.6148097781249999 0.6692215703125 0.5680489640624999 0.6706712703125 0.566381275 0.669581325 0.5507943375 0.6679136375 0.5493446375000001 0.6667146984375 0.53219900625 0.6681643968750001 0.5305313171875 0.667292440625 0.5180617671875 0.665624753125 0.5166120671875001 0.6654067640625 0.5134946796875 0.6668564625 0.5118269921875 0.662714671875 0.4525966265625 0.661046984375 0.4511469265625 0.6595210609375 0.42932521250000005 0.6609707609375 0.427657525 0.6596628265625 0.4089531984375 0.6579951390625001 0.40750349999999996 0.6558152484375 0.3763296234375 0.6541475609375 0.3748799234375 0.649351803125 0.3062973953125 0.6508015015625 0.30462970624999997 0.6468777 0.2485167296875 0.6483274 0.246849040625 0.6379729234375 0.09877312656250001 0.636305234375 0.097323428125 0.6359782515625 0.09264734531249999 0.6374279515625 0.0909796578125 0.6310660343750001 0 0.5809439390625 0
0 0.3266434484375 1 0.31078680625 0.7732394421875 0.30911911718749996 0.77178974375 0.3067212390625 0.7374984796875 0.30505355 0.7360487796874999 0.3047265671875 0.7313726984375 0.3061762671875 0.729705009375 0.30552229999999997 0.720352846875 0.3038546109375 0.7189031484374999 0.3028736609375 0.704874903125 0.301205971875 0.7034252046875 0.30055200625 0.694073040625 0.3020017046875 0.6924053531250001 0.3018927109375 0.690846659375 0.300225021875 0.689396959375 0.29412133125 0.6021101046874999 0.2955710296875 0.6004424171875 0.2949170625 0.591090253125 0.293249375 0.5896405546875 0.2851837828125 0.4742972109375 0.28351609375 0.4728475125 0.26760289843749996 0.2452782125 0.2659352109375 0.2438285140625 0.26528124375 0.23447635 0.2372247546875 0.2364382515625 0.2505220828125 0.42659889843750004 0.2521897703125 0.4280485984375 0.25513262187499997 0.47013333125 0.2568003109375 0.4715830296875 0.25887120625 0.5011982125000001 0.26053889375 0.5026479125 0.26359073906249997 0.5462913390625 0.265258428125 0.5477410390624999 0.27310603125 0.6599669953125 0.27477371875 0.66141669375 0.276081653125 0.6801210203125 0.2777493421875 0.68157071875 0.2762996421875 0.6832384078125 0.27651763125 0.6863557953125 0.2781853203125 0.6878054953125 0.2797112421875 0.7096272078125 0.27826154375 0.7112948968749999 0.28338428437499996 0.78455350625 0.28193458437499996 0.7862211953125 0.29065414375 0.9109167015624999 0.2923218328125 0.9123664 0.294392728125 0.9419815828125 0.296060415625 0.9434312828125 0.298676284375 0.980839934375 0.300343971875 0.9822896343749999 0.3015824015625 1 0.3266434484375 1
0 0.4950610328125 1 0.509830140625 0.9989672437499999 0.5095031578125 0.9942911609375 0.5109528562500001 0.9926234734375001 0.496565584375 0.7868758875 0.49489789531249995 0.7854261890625 0.48465241406250004 0.63890896875 0.482984725 0.63745926875 0.44374670937499994 0.076329490625 0.44207902031249996 0.0748797921875 0.44186103125000004 0.0717624046875 0.41380454218749996 0.07372430468749999 0.4785760484375 1 0.4950610328125 1
0 1 0.9529260718750001 0.9978758453125 0.9225492453124999 0.9962081578124999 0.9210995453124999 0.995445196875 0.9101886890625 0.9968948953125001 0.9085210015625 0.9871943859375 0.76979725 0.9886440859375 0.7681295625 0.9871181625000001 0.7463078484375 0.9885678609375 0.744640159375 0.987368921875 0.727494528125 0.988818621875 0.7258268390625 0.9867477265625 0.69621165625 0.9881974250000001 0.69454396875 0.9729381968749999 0.4763268328125 0.9743878968749999 0.47465914375 0.968066215625 0.3842549015625 0.969515915625 0.3825872140625 0.9677720031250001 0.3576481125 0.9692217031249999 0.3559804234375 0.9660608625 0.310778303125 0.9675105625 0.3091106140625 0.952469321875 0.0940108671875 0.950910628125 0.0941198609375 0.949242940625 0.0926701609375 0.91339298125 0.095177034375 0.9119432828124999 0.0968447234375 0.9103845890625 0.0969537171875 0.9045857921874999 0.1036244703125 0.9074196484374999 0.1441505109375 0.9059699484375001 0.1458181984375 0.90793185 0.17387468749999999 0.9095995374999999 0.17532438749999998 0.9102535046875 0.18467655 0.9088038062500001 0.1863442390625 0.9124006234375001 0.23778113437499998 0.9109509250000001 0.23944882343749999 0.9121498640624999 0.2565944546875 0.9107001640625001 0.25826214375 0.9601836625000001 0.9659091421875001 0.999151009375 0.9631842796875001 0.99871503125 0.9569495046875 1 0.9554713156249999 1 0.9529260718750001
0 1 0.49653921093750003 0.9660783468749999 0.011436965625 0.957673971875 0.017245185937499997 0.95788416875 0.104248709375 0.9864008328124999 0.6800511765625 1 0.8745283328125 1 0.49653921093750003
0 0.8181234906249999 0.9754952343750001 0.763553246875 0.06910801093749999 0.7625843953125 0.05525278125000001 0.75491735 0.0436061125 0.7178983718749999 0.046194731249999996 0.7024271953125 0.06293973593749999 0.7130737953125 0.24319240312499998 0.7639378171875 0.9705818171875 0.7674659421875 0.9790375546875 0.8181234906249999 0.9754952343750001
0 0.6393477515625 0 0.636446328125 0.015343573437499999 0.702811875 0.9644151000000001 0.70706655625 0.9832610921875 0.7577241046875 0.9797187703124999 0.6960250421875 0 0.6393477515625 0
0 0.6395593578125001 0.787840996875 0.59279149375 0.1750277640625 0.58926336875 0.1665720265625 0.56393459375 0.1683431859375 0.561375321875 0.173742678125 0.5746969546875 0.3642509140625 0.6221914859375001 0.9874559578125 0.6274256828125 0.9923104765625 0.6508060906249999 0.9906755593750001 0.6533653625 0.98527606875 0.6395593578125001 0.787840996875
0 0.47496125468750006 1 0.4777700125 0.9940729718749999 0.47099882031250007 0.8692412234375 0.41090943125 0.0659213125 0.4032423859375 0.0542746421875 0.374016878125 0.056318289062500006 0.36633916875 0.072518321875 0.3677817296875 0.1211470890625 0.4405088484375 0.9931981734375 0.44498629999999995 1 0.47496125468750006 1
0 0.253026621875 1 0.2512856984375 0.9751036359375 0.179780390625 0.0925260546875 0.16651042968750002 0.0847515328125 0.12364634999999999 0.08774888125 0.119138709375 0.09328461406250001 0.128827121875 0.23183535000000002 0.202047909375 1 0.253026621875 1
0 0.0689845546875 1 0.06838135937499999 0.99137390625 0 0.288800209375 0 0.5093761640625 0.03377345625 1 0.0689845546875 1