0 0 0.842396153125 0.008249209375 0.7005607546875 0.0161886765625 0.447025109375 0.034796070312499996 0.0689302 0.0307729125 0.056466071875 0 0.4898405046875 0 0.842396153125
0 0 0.9613929812500001 0.0006783515625 0.962824625 0.041594064062500005 0.9656857296875 0.06611966875 0.46095768281250005 0.0704366859375 0.28722468125 0.0847270625 0.08286277343750001 0.0785132421875 0.07372737812499999 0.0393037109375 0.074465934375 0.03601788125 0.079456696875 0.0321424734375 0.1348776140625 0 0.9119531078125 0 0.9613929812500001
0 0.07941270781250001 0.830842228125 0.10402197500000002 0.2269205734375 0.10218936875 0.21112927187500002 0.0788089625 0.20949435312500003 0.0755230234375 0.214486675 0.0733431328125 0.24566055156250002 0.042689340625 0.96402214375 0.0452486125 0.969421634375 0.0686290203125 0.9710565515624999 0.07191485 0.9660657890625 0.07941270781250001 0.830842228125
0 0.07191485 0.9660657890625 0.07837085625 0.9717377671874999 0.1253738578125 0.971544184375 0.1465298609375 0.5710020640625 0.1631675609375 0.1370775078125 0.1513508234375 0.12406996562499999 0.114089659375 0.12494476406249999 0.10861327812499999 0.1332627015625 0.1054645359375 0.1782918078125 0.07191485 0.9660657890625
0 0.178580015625 0.9526392937500001 0.2240192203125 0.0508356625 0.215857140625 0.041562465625 0.172750875 0.042028534374999996 0.1694649359375 0.0470208546875 0.1619671875 0.1822428578125 0.128659796875 0.9665518640625 0.132925140625 0.975552575 0.1718924859375 0.9782774359375 0.17736897812500002 0.9699579421875001 0.178580015625 0.9526392937500001
0 0.2143094828125 0.13369299375000002 0.17785335 0.9630311062500001 0.181876509375 0.9754952343750001 0.20915365156250001 0.9774026375 0.2124395890625 0.9724103171875 0.2175365890625 0.9275190140625 0.22649844375 0.79935853125 0.266398928125 0.060759845312500005 0.2601852171875 0.051622892187500005 0.2309597078125 0.0495792453125 0.221102109375 0.064553090625 0.2143094828125 0.13369299375000002
0 0.25649327187500004 0.9023971734374999 0.29758346874999997 0.0907864375 0.29209631406250003 0.07125923125 0.274803303125 0.0665680671875 0.2676206296875 0.0712879015625 0.2588904078125 0.1681367046875 0.21633632343750003 0.9726828031249999 0.22255003593749997 0.9818197578125 0.24203370937500002 0.9831821890624999 0.251164640625 0.97860015625 0.25649327187500004 0.9023971734374999
0 0.3076353015625 0.8990111000000001 0.3511582375 0.080609771875 0.34323834375 0.0678731578125 0.3040288125 0.0686117140625 0.2985523203125 0.0769312078125 0.295888059375 0.11503192031250001 0.254566340625 0.9579527765625 0.257620646875 0.984272134375 0.2848977890625 0.9861795375 0.30011611718750003 0.9785412578124999 0.3076353015625 0.8990111000000001
0 0.305466075 0.9580316796874999 0.30657201562499997 0.98421479375 0.341400440625 0.9901305875 0.35247973906249996 0.9856847984374999 0.4071765171875 0.0914876578125 0.3997409953125 0.0718242078125 0.37660277343750004 0.0667258734375 0.36272201718749997 0.0692355890625 0.35529715781250004 0.077418840625 0.3485046390625 0.1465571859375 0.305466075 0.9580316796874999
0 0.4276716953125 0.1903816671875 0.42511253125000004 0.1849806171875 0.40063684843749997 0.1850092875 0.35442810625 0.9858210406250001 0.35698737812500003 0.9912205328124999 0.382316153125 0.9929916921874999 0.4134240796875 0.5061288234375 0.4276716953125 0.1903816671875
0 0.44078074999999994 0 0.43686507187499996 0.030911065625 0.3846224671875 0.9740094578124999 0.3856019828125 0.98800093125 0.390109621875 0.993536665625 0.4271286015625 0.9961252843749999 0.4347956453125 0.9844786140625 0.44957039375 0.7731898734375 0.491166396875 0.010344146875 0.487827525 0 0.44078074999999994 0
0 0.485808825 1 0.49081381718749995 0.9953580593750001 0.5559576609375 0.035758478125 0.5533877265625 0.002512284375 0.4996865328125 0.0004973078125 0.492409534375 0.076564046875 0.4367440125 0.9846148578125 0.44466390625 0.997351471875 0.4825396125 1 0.485808825 1
0 0.5488994593750001 1 0.551455496875 0.99611661875 0.5691368015625 0.7432621890625 0.6100489 0.10219352343749999 0.60212900625 0.089456909375 0.5670583953125 0.08700453281250001 0.5524509734375 0.0999060609375 0.522301125 0.5450685578125001 0.49690121249999997 0.9923018125 0.502136471875 1 0.5488994593750001 1
0 0.60012490625 1 0.6619174875 0.0884171984375 0.6576521421875 0.0794164875 0.6164941359375 0.0800203578125 0.61320830625 0.0850111203125 0.5921360734375 0.3863580734375 0.5538882359375 0.9893260265625001 0.5564220859375 1 0.60012490625 1
0 0.6803696078125 1 0.7422742546875 0.059229628125 0.7382510953125 0.0467655 0.6715222359374999 0.049060068750000005 0.6616646390625001 0.0640339140625 0.603324084375 0.9823402937499999 0.6043719640624999 1 0.6803696078125 1
0 0.7293523296875 1 0.7871294640625 0.17374846875 0.78286411875 0.1647477578125 0.7417061109375 0.1653516296875 0.7362297296875 0.173669565625 0.69408515625 0.7763650328125 0.682216075 1 0.7293523296875 1
0 0.7783648515625 1 0.845790678125 0.0908322390625 0.8434735921875 0.08196932968750001 0.8122997156249999 0.079789440625 0.7935533718750001 0.09588189999999999 0.73459125 0.981078328125 0.7349464625000001 1 0.7783648515625 1
0 0.8312494156250001 1 0.894036815625 0.15685855625 0.89147754375 0.1514590640625 0.8603036671875 0.14927917500000001 0.8411886046875001 0.15664496875 0.78026941875 1 0.8312494156250001 1
0 0.8900027796875 1 0.90355074375 0.8327796609375 0.9653463140625 0.0330594109375 0.9029985609375 0.028699631250000003 0.8331519421875001 1 0.8900027796875 1
0 1 0.0759751390625 0.9966572781249999 0.0752776453125 0.9671895828125001 0.0766974171875 0.9639037531250001 0.081688178125 0.9282667515625 0.50732346875 0.8919075 1 0.9491607265625 1 0.9518288703125 0.982346084375 1 0.4263631484375 1 0.0759751390625