0 0.52620389375 1 0.552537725 0.997232203125 0.54953426875 0.966952146875 0.551089709375 0.9650541609375001 0.535490953125 0.8078374890625 0.53359125 0.8062806578125 0.5258771609374999 0.7285361078125 0.5239774578125 0.7269792765624999 0.48574988281250003 0.3417130546875 0.4838501796875 0.340156225 0.45642123437500004 0.06373091875 0.457978228125 0.06183277031249999 0.454378521875 0.025550910937499997 0.4524789828125 0.023995634374999998 0.45145069375 0.01362914375 0.449550990625 0.0120723140625 0.44938041406250007 0.0103447421875 0.447480875 0.008789465625 0.4471752359375 0.0057170828125000005 0.374230803125 0.012956510937499999 0.3699069015625 0.018231126562499998 0.3700790328125 0.019958534375 0.3685222015625 0.0218582359375 0.380180096875 0.1393379078125 0.38207979999999997 0.1408947390625 0.394421721875 0.2652860859375 0.39632126093750003 0.2668413625 0.43077732500000004 0.614101425 0.43267686406249994 0.6156567015625 0.44347721093750003 0.7244990062500001 0.445375359375 0.726056 0.4476039046875 0.7485148359375 0.4495036078125 0.7500716671875 0.45944624218749996 0.850275053125 0.46134594531250006 0.8518318828125 0.4760479015625 1 0.52620389375 1
0 0.17771014062499998 1 0.17260258281250002 0.9485247265625001 0.17070288125 0.9469678968749999 0.1652175 0.891683734375 0.1633177984375 0.8901269046875001 0.14788961875 0.734637803125 0.1459900796875 0.7330825265625001 0.1425625046875 0.698528075 0.140662965625 0.6969727984375 0.1396346765625 0.6866063078125 0.1377351375 0.68505103125 0.1331073046875 0.638404234375 0.131207603125 0.6368474046875 0.1216076765625 0.5400989968750001 0.11970797343749999 0.5385421671875 0.115937853125 0.500534290625 0.1140381515625 0.498977459375 0.111124025 0.4696071125 0.1092244859375 0.4680518359375 0.106482490625 0.440408896875 0.1045827890625 0.438852065625 0.09481073125 0.3403762515625 0.0929125828125 0.3388192578125 0.0887981984375 0.297356565625 0.086898496875 0.29579973437499996 0.085012659375 0.276795878125 0.0831145109375 0.275238884375 0.080028253125 0.2441411296875 0.07812871406250001 0.24258585312499997 0.0678432078125 0.138925934375 0.065945221875 0.13737049375 0.065773090625 0.13564308593750002 0.0001224390625 0.14215675625 0 0.14230616093749998 0 0.1585119578125 0.0074799546875 0.23389335312499998 0.009379657812500001 0.235450184375 0.0140074890625 0.2820969796875 0.015907028125 0.28365225625 0.018306314062500002 0.3078402171875 0.0202060171875 0.30939704687499997 0.020891434375 0.3163070046875 0.022791135937500002 0.3178638359375 0.026047971875 0.35068916250000004 0.027947510937499996 0.3522444390625 0.036004471875 0.43344552187499996 0.037904010937499996 0.4350007984375 0.0415035546875 0.47128110312500004 0.0434017015625 0.472838096875 0.0442594140625 0.48147701718749997 0.046158953125 0.48303229375 0.0485582390625 0.5072202546875 0.050457778125 0.50877553125 0.0583439984375 0.5882474890625 0.060242146875 0.5898044828125 0.06247069374999999 0.61226331875 0.0643703953125 0.61382015 0.0667696828125 0.6380081093750001 0.06866922187499999 0.6395633859375 0.07175547812500001 0.670661140625 0.07365362656249999 0.672218134375 0.0873681 0.8104307875 0.0892676390625 0.8119860640625 0.091666925 0.836174025 0.0935664640625 0.8377293015625 0.09888143125 0.891287446875 0.100779415625 0.8928428859374999 0.1038656734375 0.9239406406249999 0.105763821875 0.925497634375 0.10919278750000001 0.9600503687499999 0.111092490625 0.9616072000000001 0.1149018453125 1 0.17771014062499998 1
0 0.29983665937500004 1 0.290109821875 0.9019712249999999 0.2882102828125 0.9004159484375001 0.2844384453125 0.8624066828125001 0.282540459375 0.8608512421875 0.2758544953125 0.793471628125 0.27395495625 0.7919163515625 0.2717262484375 0.7694559625 0.2698282625 0.767900521875 0.269141128125 0.7609891734375 0.27069812187500003 0.759091025 0.2698404109375 0.75045210625 0.2679422625 0.7488951125 0.2665698734375 0.735075359375 0.2681267046875 0.7331756578124999 0.2672689921875 0.7245367375 0.2653710078125 0.7229812984375 0.24617099062499997 0.5294829296875 0.24427145156250002 0.527927653125 0.2403290375 0.4881908140625 0.2384294984375 0.48663553750000005 0.23620078906250003 0.46417514843749996 0.23430125 0.46261987187500003 0.230873675 0.42806542187499996 0.2289741359375 0.42651014375 0.2180032109375 0.3159402671875 0.21610350937499997 0.3143834375 0.20736112968749998 0.2262723953125 0.205461590625 0.22471711874999997 0.2032328828125 0.20225672968750003 0.20133334375 0.20070145312499998 0.196362803125 0.150599678125 0.1944631 0.149042846875 0.1828438296875 0.031945609375 0.1016444625 0.0400039609375 0.1094918953125 0.1190919328125 0.11139143437500001 0.120647209375 0.11327743593749999 0.1396526203125 0.11517542031250001 0.141208059375 0.1172335515625 0.161940878125 0.119133090625 0.1634961546875 0.1213618 0.18595654374999998 0.1232597859375 0.187511984375 0.14023109375 0.35854996250000004 0.1421307953125 0.36010679375 0.14624517812499999 0.4015694859375 0.1481433265625 0.4031264796875 0.14934374687500002 0.415220378125 0.1512432859375 0.4167756546875 0.15501512343749999 0.45478492031249995 0.156913109375 0.4563403609375 0.1740565484375 0.6291057484375 0.175954696875 0.6306627421875 0.1783555375 0.6548505390625 0.1802550765625 0.656405815625 0.18196878125 0.6736822640625 0.183868484375 0.6752390953125 0.1862676078125 0.6994255015624999 0.18816730937499998 0.70098233125 0.1996530734375 0.8167345953125 0.20155122187500002 0.8182915890625001 0.2044653484375 0.8476619359375 0.2063648875 0.8492172124999999 0.20722259843750002 0.8578561328125 0.20912074687499999 0.8594131265625 0.211178715625 0.880144390625 0.2130767015625 0.8816998312500001 0.22481504375 1 0.29983665937500004 1
0 0.6196681890625 0.9704622593750001 0.617770040625 0.968905265625 0.6172552015625 0.9637228796875 0.61881203125 0.9618231765624999 0.615555196875 0.92899785 0.6136554953125 0.9274410203125001 0.528456246875 0.0687961453125 0.46453316562499997 0.0751392375 0.46470374375 0.07686680781250001 0.46314691249999995 0.0787665109375 0.5238328937500001 0.6903562625 0.525732596875 0.69191309375 0.5337893953124999 0.7731126234375 0.535688934375 0.7746679000000001 0.5406596375 0.8247712281249999 0.5425591765625 0.8263265046875 0.5543878125 0.9455353015625001 0.5562857984375 0.9470907421874999 0.5578289265625 0.9626396187499999 0.559728628125 0.96419645 0.5610996265625 0.9780179203125 0.55954435 0.979917459375 0.5600576359375 0.9851000093750001 0.5585021953125 0.98699799375 0.5594449906250001 0.9965062187499999 0.6198777343749999 0.9901544828125 0.61811275 0.9723602453125 0.6196681890625 0.9704622593750001
0 0.47255899375 1 0.4565184140625 0.8383532859375 0.45462042968749994 0.8367978453125 0.447762334375 0.7676908234375001 0.44586435 0.766135384375 0.4331780015625 0.6382876671875 0.4312784625 0.636732390625 0.39253588437500003 0.24628222812499997 0.3906377359375 0.244725234375 0.3812083859375 0.1497043984375 0.379308684375 0.14814756874999999 0.3681671828125 0.0358501203125 0.36626764375 0.03429484375 0.365924771875 0.030838310937500002 0.362127084375 0.027726040624999997 0.3603996765625 0.027898171875 0.3584999734375 0.026341340624999997 0.356772565625 0.026513471875 0.35487286406249996 0.0249566421875 0.351417884375 0.025299349999999998 0.34951834531250003 0.0237440734375 0.3408808171875 0.024600068750000002 0.3393239859375 0.026499770312499997 0.33414160000000004 0.0270146109375 0.332241896875 0.025457779687499998 0.294234184375 0.0292294546875 0.2981764359375 0.0689647375 0.3000761375 0.07052156875 0.3223606953125 0.2951163015625 0.324260396875 0.29667313281249996 0.328545521875 0.3398649484375 0.3304450609375 0.341420225 0.3359306046875 0.39670594062500003 0.33783014375 0.3982612171875 0.34314355625 0.451819525 0.3450430953125 0.4533748015625 0.36870036562499997 0.6917923953125 0.37059990468750004 0.693347671875 0.3771137375 0.758999878125 0.3790132765625 0.7605551546875 0.3824406890625 0.7951080515625 0.384340390625 0.7966648828125 0.391539640625 0.869227046875 0.3934391796875 0.8707823234375001 0.40626113750000004 1 0.47255899375 1
0 0.22307097968749998 1 0.22180693125 0.9872592890625 0.21990722968749998 0.9857024578125 0.208765728125 0.8734050109375 0.206866025 0.8718481796875001 0.2058379 0.8614832421875 0.20393819687499998 0.8599264124999999 0.20205235937500002 0.84092255625 0.2001526578125 0.8393657250000001 0.1898673140625 0.7357073609375 0.187969165625 0.7341503656249999 0.1855684890625 0.7099641234375 0.183670340625 0.7084071296875 0.1824699203125 0.69631323125 0.18057038125 0.6947579546875 0.1779989625 0.6688425859375 0.1760992609375 0.6672857546875 0.1651283359375 0.556715878125 0.16323035156250001 0.5551604390625 0.15877309687500002 0.5102412140625 0.15687339375 0.5086843828125 0.1556729734375 0.496590484375 0.1537749890625 0.4950350453125 0.1536028578125 0.49330763749999995 0.1551596890625 0.491407934375 0.1527590109375 0.4672216921875 0.150859309375 0.4656648609375 0.147431896875 0.43111196406249996 0.1455321953125 0.42955513281249996 0.1259896328125 0.23260333906250003 0.12408992968749999 0.231046509375 0.1189472578125 0.1792173265625 0.11704910937499999 0.1776603328125 0.114134984375 0.1482899859375 0.1122354453125 0.146734709375 0.1096640265625 0.120819340625 0.107764325 0.119262509375 0.1003931078125 0.0449744921875 0.098494959375 0.0434174984375 0.0622131 0.0470172046875 0.0719853203125 0.1454945734375 0.07388330625 0.1470500140625 0.077827275 0.1867866890625 0.079725259375 0.188342128125 0.0816112609375 0.2073475390625 0.0835108 0.208902815625 0.0948244328125 0.322927671875 0.096724134375 0.3244845015625 0.099295553125 0.35039987031250003 0.1011950921875 0.351955146875 0.10205124843749999 0.3605942296875 0.1039507875 0.36214950625000003 0.10686491406250001 0.39151985312500004 0.1087646171875 0.393076684375 0.123335084375 0.539926865625 0.12523478593749998 0.5414836968750001 0.1272912015625 0.5622151234375 0.12919090312499998 0.5637719546875 0.13039132343749998 0.575865853125 0.132289309375 0.5774212921874999 0.1345180171875 0.5998816828125 0.13641755625000002 0.601436959375 0.156302990625 0.8018452859374999 0.15820269375 0.8034021156250001 0.1604312390625 0.8258609515625001 0.1623293875 0.8274179453125001 0.16335906718749998 0.83778271875 0.165257215625 0.8393397125 0.16731518437499998 0.8600709765625 0.1692133328125 0.8616279703125 0.175385846875 0.9238234796875 0.17728383125 0.9253789203125 0.1846879109375 1 0.22307097968749998 1
0 0.3486871078125 1 0.33197035625 0.8315206093749999 0.330070653125 0.8299637796875 0.32595627031249996 0.7885010875 0.32405656875 0.7869442578125 0.32148531406249997 0.7610304421875 0.319587165625 0.7594734484375001 0.31770132812499996 0.7404695921875 0.3158016265625 0.7389127625 0.30311544218750003 0.6110666 0.30121729375 0.60950960625 0.3001891671875 0.5991446687499999 0.30174444375 0.5972451296875 0.3012311578125 0.5920625796875 0.29933145625 0.5905057499999999 0.2981310359375 0.5784118515625 0.2996880296875 0.576513703125 0.29900245000000003 0.5696021906250001 0.29710291093749996 0.5680469140625 0.29624519843749997 0.55940799375 0.2978020296875 0.5575082921875001 0.2974593203125 0.5540533125 0.29555978125000004 0.5524980359375 0.2953892046875 0.550770465625 0.29694448125 0.5488709265625 0.29163106875 0.49531261875 0.2897315296875 0.4937573421875 0.28750282031249996 0.471296953125 0.28560328125 0.46974167656250004 0.2852605734375 0.466286696875 0.28681740312500004 0.4643869953125 0.2859596921875 0.455748075 0.28406170625 0.45419263593750003 0.2808033171875 0.421367471875 0.2823601484375 0.41946777031250004 0.282017440625 0.41601279062499996 0.2801177375 0.41445596093750003 0.27497506562499996 0.362626778125 0.27307536250000003 0.3610699484375 0.268104821875 0.3109681734375 0.2662052828125 0.309412896875 0.258833903125 0.235123325 0.2569357546875 0.23356633124999998 0.255735334375 0.22147243125 0.2538357953125 0.2199171546875 0.252635375 0.20782325625000003 0.2541922046875 0.2059235546875 0.2529919484375 0.193831209375 0.2510938 0.192274215625 0.247664834375 0.1577214828125 0.24576513125 0.15616465156249998 0.24525184531250002 0.1509821015625 0.246807121875 0.14908256250000002 0.23703661875 0.050606584375 0.235136915625 0.049049753125 0.233936659375 0.036957409375 0.18901743437500002 0.0414146640625 0.2056458703125 0.208996109375 0.20754557343750002 0.21055294062500002 0.214916953125 0.2848425125 0.2168164921875 0.2863977890625 0.227102 0.3900577078125 0.22900170156250002 0.3916145390625 0.23242911406250003 0.4261674359375 0.234328653125 0.42772271249999994 0.23569965 0.4415441828125 0.23759935312499997 0.4431010125 0.2423993171875 0.4914752171875 0.24429730156249999 0.49303065625000003 0.261440903125 0.665797596875 0.26334044218749997 0.6673528734375 0.2677976984375 0.7122720984375001 0.26969584687500003 0.7138290921875 0.26814040625 0.715727078125 0.2686538546875 0.72091118125 0.27055339375 0.7224664578125 0.276381646875 0.781207153125 0.2782813484375 0.7827639828125 0.2868529875 0.8691459 0.2887511359375 0.8707028937500001 0.301581009375 1 0.3486871078125 1
0 0.53035299375 0 0.628511428125 0.98924704375 0.6820384609375 0.9836211265625 0.67310761875 0.8936272828125 0.671209634375 0.8920718437499999 0.6681233765625 0.8609740875 0.6696802078124999 0.8590743859375 0.6139647671875 0.2975864078125 0.6155215968750001 0.29568670468749997 0.6153510203125 0.293959134375 0.61345148125 0.2924038578125 0.612936478125 0.2872199171875 0.614493471875 0.28532176875 0.5861814671875 0 0.53035299375 0
0 0.8313264046875 0.92328890625 0.8272120218750001 0.8818262140625001 0.8253138734375 0.8802692203125 0.817427653125 0.8007972609375 0.8189844828125 0.7988975593750001 0.81846964375 0.793715171875 0.8165701046875 0.7921598953125 0.810571275 0.7316916296875 0.8121265515625 0.729792090625 0.8081841359374999 0.6900552531249999 0.8097395765625001 0.68815726875 0.8063121640625001 0.6536043703125001 0.807867440625 0.65170483125 0.8003254828124999 0.5756876890625 0.8018807593749999 0.57378815 0.7473672921875 0.024393907812499997 0.68517161875 0.0305648671875 0.6820595125 0.034364109375 0.6824022203125 0.0378190890625 0.6808453906249999 0.039718790625 0.6887316109375 0.11919074999999998 0.69063115 0.1207460265625 0.6911445984375 0.1259301296875 0.6930441375 0.12748540625 0.693214715625 0.12921297812500002 0.6951144171875 0.1307698078125 0.6956292578125 0.1359521953125 0.69752740625 0.1375091890625 0.6982128234375 0.144419146875 0.696657546875 0.1463186859375 0.7014575093750001 0.19469288906249999 0.6999006796875 0.1965925921875 0.7026440640625 0.22423381406249998 0.701087234375 0.226133515625 0.7017726515625 0.23304347343749998 0.703672353125 0.23460030468749998 0.705386059375 0.251876753125 0.7038307828125 0.25377629218750003 0.716002128125 0.3764400671875 0.7144451328125 0.37833821562500003 0.7735500156249999 0.974002875 0.8339843140625 0.9676509734375 0.8297711281250001 0.9251884453124999 0.8313264046875 0.92328890625
0 0.746691815625 0 0.7506379921875 0.0397722078125 0.7525359765624999 0.041327646875 0.7545939453125 0.0620589109375 0.753037115625 0.0639586140625 0.753209246875 0.065686021875 0.7551073953125 0.067243015625 0.755794365625 0.07415280937499999 0.7542375359375 0.0760525125 0.754752375 0.08123489843750001 0.7566505234374999 0.08279189375 0.7737939625 0.25555727968749997 0.7722371328125 0.2574569828125 0.842616453125 0.9667437 0.8961434859375 0.9611177812499999 0.8919668015625 0.9190174843750001 0.8900670984374999 0.9174606531249999 0.8883533937499999 0.9001842046874999 0.8864538546875 0.8986289281250001 0.8861109828125 0.8951723953125 0.8842114437499999 0.8936171187499999 0.8831831546875 0.883250628125 0.8847399843750001 0.8813509265624999 0.8842251453125 0.8761685390625 0.8857819750000001 0.8742688375000001 0.8840667156249999 0.8569925515625 0.8821687296875 0.8554371109375 0.8811388875 0.8450707843749999 0.88269571875 0.8431710812500001 0.8790961749999999 0.8068907765625 0.8806514515625 0.8049912375 0.8542523484375 0.538932259375 0.8558077875000001 0.5370342734375 0.848951246875 0.4679270890625 0.8505066859375001 0.466029103125 0.8469069796875001 0.42974724374999995 0.8484639734374999 0.4278490953125 0.844177296875 0.38465744218750003 0.8457341265625 0.382757740625 0.811448803125 0.037226803125 0.8095491000000001 0.035669971875 0.8066351375 0.0063011796875 0.8047354359375 0.0047443484374999996 0.8042648281250001 0 0.746691815625 0
0 0.40451673593750004 1 0.3929121921875 0.883048353125 0.391012490625 0.881491521875 0.387070075 0.8417546843749999 0.3851705359375 0.8401994078125 0.3819137015625 0.8073740812500001 0.3800139984375 0.8058172515625 0.374357878125 0.7488039640624999 0.3724583390625 0.7472486875000001 0.353773325 0.5589342609375 0.3518736234375 0.5573774296875 0.3352450234375 0.3897944296875 0.333345484375 0.388239153125 0.328545521875 0.3398649484375 0.3266473734375 0.33830795468749997 0.32098969843749997 0.28129483125 0.319090159375 0.2797395546875 0.30469026875 0.13461694375 0.3027921203125 0.13305994999999998 0.2933627703125 0.038039114062500004 0.2949196015625 0.0361394125 0.293415259375 0.020974521875 0.2381295453125 0.026460065625 0.2468346890625 0.11418695625 0.24873283750000003 0.11574395 0.2516485171875 0.145114134375 0.25009152343749996 0.1470122828125 0.2545487796875 0.19193150781249999 0.25644848124999997 0.1934883375 0.2643331484375 0.272960459375 0.2662326875 0.2745157359375 0.2691468140625 0.30388608437500003 0.27104651562500004 0.3054429140625 0.27430335 0.338268240625 0.2762013359375 0.3398236796875 0.2804880125 0.383015334375 0.2823861609375 0.38457232812500003 0.304672271875 0.6091668968749999 0.306571975 0.610723728125 0.3105142265625 0.6504590125 0.312413928125 0.6520158421875 0.31447034375 0.6727472703124999 0.3163700453125 0.6743041 0.3273409703125 0.784873978125 0.329240671875 0.7864308078125 0.34929668281250004 0.98856670625 0.351196221875 0.9901219828125001 0.3521762046875 1 0.40451673593750004 1
0 0.8217117671875 0 0.8228694328125 0.0116680078125 0.82131415625 0.013567546875 0.82405615 0.0412104859375 0.8225007109375 0.043108471875 0.8255854140625001 0.074206390625 0.8240301375 0.07610592968749999 0.8620873 0.4596461328125 0.86053030625 0.46154428125 0.86721626875 0.5289238953125001 0.865659275 0.53082204375 0.8672024046875 0.546370921875 0.8656471281250001 0.5482704609375 0.8747322140625 0.6398364812499999 0.8731752203125 0.6417346296875001 0.887061825 0.781674690625 0.8855049953125 0.78357439375 0.8909905390624999 0.8388601078125 0.892890078125 0.8404153843750001 0.8913332468749999 0.8423150875 0.8949343437499999 0.8785952296874999 0.8968324921875 0.8801522234375 0.8992331703125 0.904338465625 0.8976763390625001 0.9062381687500001 0.899048890625 0.9200594750000001 0.900946875 0.921614915625 0.9021472953125 0.9337088140625 0.9040469984374999 0.93526564375 0.904217575 0.936993215625 0.9026621359375 0.9388911999999999 0.9047771796875 0.96021034375 0.946216109375 0.9558549375000001 0.946182959375 0.9555096359374999 0.9477382359375 0.9536100968750001 0.9443108234375 0.9190571984375 0.9458660999999999 0.917157659375 0.9412382687499999 0.8705108640624999 0.9393387296875 0.8689555875 0.936252471875 0.8378578328125 0.9378093015625 0.8359581296874999 0.933524178125 0.7927663140625001 0.93507961875 0.790868328125 0.9093659328125 0.5317193078125 0.9109212093749999 0.52981976875 0.9047502484375001 0.46762409531250004 0.9063072421875 0.465725946875 0.903048853125 0.432900784375 0.904605684375 0.43100108125 0.8986053 0.3705329796875 0.90016229375 0.36863483124999996 0.8665623874999999 0.0300138515625 0.8681176640625001 0.0281143125 0.86532818125 0 0.8217117671875 0
0 0.9141792000000001 0 0.9200929640625001 0.059594490624999996 0.9185361343749999 0.0614941921875 0.928993771875 0.1668815203125 0.9274367781249999 0.16877966875 0.9284650671874999 0.179146159375 0.926909790625 0.1810456984375 0.9293089140624999 0.2052321046875 0.9277536375000001 0.20713164375 0.9541527406249999 0.473190621875 0.9525974640625 0.4750901609375 0.96528209375 0.6029364875 0.9637268171875 0.6048360265625 0.9657832328125 0.6255674531250001 0.96422795625 0.6274669921875 0.967312659375 0.6585649109375 0.96575721875 0.660462896875 0.97861414375 0.7900381828125 0.97705715 0.79193633125 0.9787724093750001 0.8092126171875 0.9806705578124999 0.8107696109375 0.9854705218750001 0.8591438140625 0.9839152453125 0.8610433531250001 0.9928358765624999 0.9509550015625001 1 0.9502020218749999 1 0.5044590578125 0.9499448796875001 0 0.9141792000000001 0
0 0.58967199375 0 0.6872177453125 0.9830767625 0.73729036875 0.9778139171875001 0.7175929875 0.7792994328125 0.71914981875 0.77739973125 0.714007146875 0.7255705484375 0.7155624234375 0.7236710093750001 0.709734334375 0.66493186875 0.70783463125 0.6633750390625 0.702691959375 0.61154585625 0.7007938109375 0.6099888625000001 0.700278971875 0.604806475 0.7018358015625 0.6029067734375 0.700806121875 0.592542 0.6989079734375 0.5909850062500001 0.6834797953125 0.435495903125 0.685035071875 0.43359636406249996 0.6807501109375 0.3904061015625 0.6788504093750001 0.38884927187499996 0.6767939937499999 0.36811784375 0.6783492703125 0.3662183046875 0.6723488875 0.305750203125 0.6704509015625 0.3041947625 0.6680500625 0.280006965625 0.6696068921875 0.2781072625 0.6661779265625001 0.2435545296875 0.6642799421875 0.24199908906249998 0.662907390625 0.2281777828125 0.6644642203125 0.2262780796875 0.656235290625 0.1433511421875 0.657792121875 0.14145144062499998 0.6574494140625 0.1379964609375 0.659004690625 0.136096921875 0.6586619812500001 0.13264194375 0.6602188124999999 0.130742240625 0.6472450249999999 0 0.58967199375 0
0 0.7158176843749999 0.392159521875 0.707246046875 0.30577760625 0.7088013234375 0.3038780671875 0.692002146875 0.1345674953125 0.6574494140625 0.1379964609375 0.7407447781250001 0.97745084375 0.7718235875 0.9741843296875 0.7142608546875 0.394059225 0.7158176843749999 0.392159521875
0 0.8723078140625 0 0.89337148125 0.21228818125 0.891816040625 0.214186165625 0.8947301671875 0.24355651250000002 0.896628315625 0.24511350625 0.90005728125 0.279666240625 0.8985004515625 0.28156594375 0.9075870921875 0.3731318 0.9060300984375 0.37502994843750004 0.9096313578125 0.41131164375000007 0.9080743640625 0.41320979218750004 0.9106457828125001 0.4391251609375 0.9125454843749999 0.4406819921875 0.9139163187499999 0.4545019078125 0.9123594875000001 0.456401609375 0.9137320390625 0.47022291562499996 0.9121752093750001 0.47212261875 0.927946096875 0.6310667 0.9263908203125 0.6329662390624999 0.9289620749999999 0.6588800531250001 0.92740524375 0.6607797546875 0.9298059203125 0.6849659984375001 0.928249090625 0.6868657 0.954849803125 0.9549474984374999 0.98407786875 0.9518755062500001 0.984190671875 0.9517379609375001 0.980418996875 0.9137302484375001 0.981975828125 0.9118305453125 0.9716903203125 0.8081706265624999 0.9732457609375 0.8062726421875 0.970503765625 0.7786297015625 0.9720590421875 0.7767301625 0.968116790625 0.7369948796875 0.9696736218750001 0.7350951765625 0.9564725968750001 0.602066628125 0.9580294281249999 0.600166925 0.9359154484375001 0.3772997640625 0.9374707250000001 0.37540022500000003 0.9275279265625 0.27519528437499996 0.9290849203124999 0.2732971359375 0.9218841156250001 0.20073513437499999 0.9234411109374999 0.19883698593750002 0.9201841125 0.16601010624999998 0.9217395515625 0.164112121875 0.9054562359375 0 0.8723078140625 0
0 0.11010370625000002 1 0.10563659218749999 0.9549755421875 0.0903964890625 0.8673164859375 0.071854759375 0.702443621875 0.029945946875 0.4119469765625 0.0140717453125 0.2739487515625 0.0051817750000000004 0.2283060953125 0 0.176087696875 0 0.5262038875 0.049797978124999996 1 0.11010370625000002 1