0 0 0.9982640625 0.0322265625 1 0.037109375 0.9947921875000001 0.037109375 0.9635421875000001 0.015625 0.1302078125 0.0126953125 0.12152812500000001 0.0009765625 0.12152812500000001 0 0.9982640625
0 0.0615234375 1 0.064453125 0.9947921875000001 0.064453125 0.9288187499999999 0.044921875 0.2760421875 0.0400390625 0.246528125 0.0205078125 0.246528125 0.015625 0.2552078125 0.015625 0.293403125 0.037109375 0.9774312500000001 0.0419921875 1 0.0615234375 1
0 0.1142578125 1 0.119140625 0.9947921875000001 0.119140625 0.9079859375 0.09765625 0.1892359375 0.09375 0.16840312500000001 0.0869140625 0.15972187499999999 0.0595703125 0.15972187499999999 0.0478515625 0.16319375 0.04296875 0.171875 0.064453125 0.980903125 0.0693359375 1 0.1142578125 1
0 0.1650390625 1 0.169921875 0.987846875 0.1484375 0.078125 0.1396484375 0.07291718750000001 0.1005859375 0.07638906250000001 0.095703125 0.08506875 0.095703125 0.13368125 0.12109375 0.987846875 0.1259765625 1 0.1650390625 1
0 0.1552734375 0.07986093749999999 0.1484375 0.08854218750000001 0.146484375 0.17534687499999999 0.1640625 0.8836812500000001 0.171875 0.9947921875000001 0.2021484375 0.996528125 0.205078125 0.8038187499999999 0.19140625 0.08854218750000001 0.1806640625 0.07986093749999999 0.1552734375 0.07986093749999999
0 0.2353515625 1 0.244140625 0.9947921875000001 0.244140625 0.918403125 0.224609375 0.11284687499999999 0.2197265625 0.097221875 0.1923828125 0.097221875 0.19140625 0.1857640625 0.20703125 0.980903125 0.2119140625 1 0.2353515625 1
0 0.2822265625 1 0.291015625 0.9913187499999999 0.29296875 0.9704859375 0.29296875 0.8767359375 0.27734375 0.11979218750000001 0.275390625 0.09895781249999999 0.2666015625 0.090278125 0.2373046875 0.090278125 0.2265625 0.09895781249999999 0.244140625 0.9704859375 0.24609375 0.9947921875000001 0.2509765625 1 0.2822265625 1
0 0.3310546875 1 0.34375 0.9913187499999999 0.3251953125 0.090278125 0.2958984375 0.08680625 0.2841796875 0.09375 0.279296875 0.10243125 0.279296875 0.1822921875 0.294921875 0.984375 0.3017578125 1 0.3310546875 1
0 0.3720703125 1 0.37109375 0.671875 0.361328125 0.237846875 0.3583984375 0.20138906250000002 0.3330078125 0.20138906250000002 0.345703125 0.9982640625 0.3720703125 1
0 0.3603515625 0 0.361328125 0.265625 0.373046875 0.9635421875000001 0.3759765625 0.996528125 0.4189453125 1 0.42578125 0.987846875 0.423828125 0.63368125 0.41015625 0.00868125 0.4052734375 0 0.3603515625 0
0 0.4736328125 1 0.48046875 0.9947921875000001 0.482421875 0.8975687499999999 0.4765625 0.019096875 0.4697265625 0 0.41796875 0.0017359375 0.427734375 0.984375 0.4326171875 0.996528125 0.4423828125 1 0.4736328125 1
0 0.5244140625 0.090278125 0.4931640625 0.090278125 0.478515625 0.10590312500000001 0.48046875 0.546875 0.48828125 0.9913187499999999 0.4951171875 1 0.5380859375 0.996528125 0.541015625 0.9913187499999999 0.541015625 0.765625 0.53515625 0.10590312500000001 0.5244140625 0.090278125
0 0.5849609375 1 0.58984375 0.9947921875000001 0.58984375 0.9079859375 0.583984375 0.09201406250000001 0.5791015625 0.07986093749999999 0.5419921875 0.07986093749999999 0.537109375 0.08506875 0.544921875 0.9947921875000001 0.5498046875 1 0.5849609375 1
0 0.6630859375 1 0.66796875 0.9947921875000001 0.66796875 0.9600687499999999 0.662109375 0.053818750000000005 0.6572265625 0.0416671875 0.5908203125 0.0451390625 0.587890625 0.050346875 0.583984375 0.06423593749999999 0.583984375 0.08854218750000001 0.591796875 0.987846875 0.6005859375 1 0.6630859375 1
0 0.7099609375 1 0.716796875 0.9947921875000001 0.71484375 0.171875 0.7099609375 0.15625 0.6708984375 0.15625 0.666015625 0.16493125 0.6640625 0.484375 0.669921875 0.9913187499999999 0.6826171875 1 0.7099609375 1
0 0.71875 0.081596875 0.71875 0.800346875 0.72265625 0.9947921875000001 0.7490234375 1 0.765625 0.9913187499999999 0.763671875 0.074653125 0.7607421875 0.06944375 0.7314453125 0.06944375 0.71875 0.081596875
0 0.8095703125 1 0.81640625 0.9947921875000001 0.818359375 0.14409687499999999 0.8154296875 0.1354171875 0.767578125 0.140625 0.767578125 0.987846875 0.7744140625 1 0.8095703125 1
0 0.8125 0.11979218750000001 0.8203125 0.9947921875000001 0.8740234375 0.996528125 0.880859375 0.012153124999999999 0.8779296875 0 0.8212890625 0.003471875 0.81640625 0.012153124999999999 0.8125 0.11979218750000001
0 0.9443359375 0.055556249999999995 0.8876953125 0.0520828125 0.8828125 0.0572921875 0.87890625 0.269096875 0.876953125 0.980903125 0.87890625 0.9913187499999999 0.8857421875 0.996528125 0.9208984375 0.996528125 0.9375 0.980903125 0.94921875 0.09201406250000001 0.94921875 0.06770781249999999 0.9443359375 0.055556249999999995
0 0.9599609375 0.9756937499999999 0.9765625 0.9670140625 0.98828125 0.0295140625 0.9658203125 0.024306249999999998 0.9404296875 0.034721875 0.939453125 0.9704859375 0.9599609375 0.9756937499999999
0 0.978515625 0.9635421875000001 0.9833984375 0.972221875 0.9990234375 0.9756937499999999 0.9990234375 0.0208328125 0.9931640625 0.024306249999999998 0.990234375 0.0364578125 0.982421875 0.58506875 0.978515625 0.9635421875000001