0 1 0.46503659375 0.9375696484375 0.02082155625 0.915675396875 0.0220682796875 0.90999233125 0.031950696875000004 0.9406197203125 0.2410402203125 0.9585948859375 0.41940565156250004 1 0.7511468140625001 1 0.46503659375
0 1 0.7507385140625 0.9343889890625 0.19851381875000002 0.9297171562500001 0.1666192421875 0.9259469687499999 0.161741796875 0.9020082421875 0.16524817187500002 0.9013525359375001 0.1816332625 0.973722303125 0.8009036593750001 0.9908022828125 0.9305287124999999 1 0.9291814593750001 1 0.7507385140625
0 0.8843991656249999 0.5388708906249999 0.9359972765625001 0.9385576703125 0.9909167828125 0.9305126203125 0.8960790187500001 0.1317268203125 0.8893313062500001 0.08565663125 0.8830465562500001 0.077527184375 0.844623903125 0.07953474687499999 0.8334747921875 0.0938381015625 0.8843991656249999 0.5388708906249999
0 0.7715766828125 0 0.764121090625 0.0098778640625 0.8811355109375001 0.9339228468749999 0.8829513515625 0.94632678125 0.9329685203125001 0.9390006906249999 0.8382282359375001 0.140201190625 0.8199776046875 0.00169639375 0.8186663187500001 0 0.7715766828125 0
0 0.7805699781250001 0.0943481796875 0.768193003125 0.02376190625 0.756879128125 0.0091284578125 0.726955828125 0.013512199999999999 0.7212727625 0.0233946171875 0.8198720015625 0.7799995453124999 0.8390798453125001 0.9111243015625 0.846814478125 0.9516200765624999 0.8822387015625001 0.946431671875 0.8826928609375001 0.9445548875 0.7805699781250001 0.0943481796875
0 0.7970239640625 0.8883242109375 0.8071464140625 0.9574301593750001 0.8431442468749999 0.9521579843750001 0.7373643578125 0.133255509375 0.720834078125 0.034318228125 0.7130735875 0.0300252515625 0.6956397265625001 0.036199159375 0.6915124640625 0.0567138359375 0.7970239640625 0.8883242109375
0 0.6831502875 0.03440899375 0.6427349125 0.036709239062499996 0.6355743406250001 0.050426795312499995 0.7441191500000001 0.8888342890625 0.7571449359375 0.9647556234374999 0.8028238765625 0.9580644765624999 0.80333475625 0.945319340625 0.695145475 0.0815199421875 0.689436584375 0.0425382234375 0.6831502875 0.03440899375
0 0.622784940625 0.0396313625 0.6083025625 0.0381323328125 0.5848823640624999 0.045182278125 0.5787606140625 0.06598830624999999 0.7034900296875 0.9726150562500001 0.7514895015625 0.965583578125 0.7509484703125 0.9493729906249999 0.643442484375 0.11805396718750001 0.631065509375 0.04746769375 0.622784940625 0.0396313625
0 0.6046262640625 0.4929735828125 0.6725771140625 0.9771426140624999 0.7015264875 0.9729020593750001 0.5927765484374999 0.1616751328125 0.5675804328125 0.163554734375 0.56536759375 0.1693093296875 0.6046262640625 0.4929735828125
0 0.48741755312499996 0 0.5882224953125 0.7704917078125 0.6196286671875 0.9848980265625 0.6707466390625 0.977410915625 0.6707163109375001 0.9719857765625 0.543483734375 0.0059968796875 0.542257784375 0 0.48741755312499996 0
0 0.46503659218750004 0 0.42129988906250004 0.00614679375 0.42127730156250004 0.020278085937500002 0.5617949046875 0.9933700046875 0.6176483234375 0.98518896875 0.48986631875000003 0.057290984375 0.4799713203125 0 0.46503659218750004 0
0 0.5165328875 1 0.555861175 0.9942386484375 0.4955908015625 0.541524 0.4298825421875 0.08598713125 0.4138428125 0.073856059375 0.3779347234375 0.0791156234375 0.37077436874999997 0.092834728125 0.46281997031250005 0.74904186875 0.499579103125 1 0.5165328875 1
0 0.4975476859375 1 0.4113457796875 0.383727034375 0.366183928125 0.0754071140625 0.3624137390625 0.07052966875 0.3200023296875 0.07312148125 0.3163122046875 0.0827127640625 0.44867740781250004 1 0.4975476859375 1
0 0.44629044218749997 1 0.44625165312500004 0.9976247359375 0.31467324531249996 0.0576122109375 0.303361134375 0.0429800921875 0.23449665312499998 0.0458278265625 0.23132638437500003 0.058960915625 0.36522178125 1 0.44629044218749997 1
0 0.3635836828125 1 0.33678601874999997 0.792841471875 0.2464625328125 0.1762031765625 0.24017778281250002 0.1680737296875 0.197764825 0.17066576093750002 0.194076246875 0.1802568265625 0.314150984375 1 0.3635836828125 1
0 0.310098321875 1 0.18139909375000002 0.10066373749999999 0.160849203125 0.085575328125 0.1289314171875 0.0902504234375 0.1272371078125 0.0995485890625 0.2630146703125 1 0.310098321875 1
0 0.26108962343750003 1 0.1370995203125 0.1668828625 0.11685091875 0.1607979546875 0.0849331328125 0.16547305 0.082718746875 0.1712278625 0.20794597499999998 1 0.26108962343750003 1
0 0.2060533171875 1 0.0658864890625 0.0560968890625 0.0020791859375 0.06506442031250001 0.1255741546875 0.8672197 0.14652247812500002 1 0.2060533171875 1
0 0.1448199703125 1 0.0747832578125 0.5343852421874999 0.004949065625 0.0993612859375 0.00117733125 0.09448405625 0 0.0945164890625 0 0.48948306874999997 0.08346993281250001 1 0.1448199703125 1