0 0.6918234375 1 0.6918234375 0.9422234375 0.693396875 0.9406609375 0.693396875 0.8133921875000001 0.6949687499999999 0.8118296875000001 0.6949687499999999 0.7772625 0.696540625 0.7757 0.696540625 0.7489890625 0.6981124999999999 0.747428125 0.6981124999999999 0.7112890625 0.6996859375 0.7097265625 0.6996859375 0.464615625 0.7012578125 0.46305312499999995 0.7012578125 0.411203125 0.7028296875 0.40964062500000004 0.7028296875 0.3907859375 0.704403125 0.3892234375 0.704403125 0.3216609375 0.705975 0.3200984375 0.705975 0.140978125 0.707546875 0.1394171875 0.707546875 0.060854687500000004 0.705975 0.059275 0.705975 0.057703125 0.7028296875 0.05454218749999999 0.6367921875 0.054159374999999996 0.6336484375 0.0572828125 0.6336484375 0.06042499999999999 0.632075 0.061987499999999994 0.632075 0.41551406249999995 0.6305031249999999 0.41707656249999997 0.6305031249999999 0.5019218750000001 0.62893125 0.503484375 0.62893125 0.5679046875 0.6273578125 0.5694671875 0.6273578125 0.6386015625 0.6257859375 0.6401625 0.6257859375 0.867990625 0.6242140625 0.869553125 0.6242140625 0.9779687499999999 0.6226421875 0.9795296875 0.6226421875 0.9952421875 0.6242140625 0.9968234375 0.6242140625 0.999965625 0.6241796875000001 1 0.6918234375 1
0 0.7531453124999999 1 0.7531453124999999 0.9975734375 0.7547171875 0.9960109375 0.7547171875 0.9535875 0.7562890624999999 0.9520250000000001 0.7562890624999999 0.7964734375 0.7578609375 0.7949125 0.7578609375 0.7650578125 0.759434375 0.763496875 0.759434375 0.7399281249999999 0.76100625 0.7383656249999999 0.76100625 0.7116546875 0.762578125 0.71009375 0.762578125 0.541971875 0.7641515625 0.5404093750000001 0.7641515625 0.516840625 0.7657234374999999 0.515278125 0.7657234374999999 0.4822828125 0.7672953125 0.4807203125 0.7672953125 0.4304421875 0.7688671874999999 0.4288796875 0.7688671874999999 0.2921828125 0.770440625 0.29062031250000003 0.770440625 0.2466265625 0.7720125 0.2450640625 0.7720125 0.2293515625 0.773584375 0.2277890625 0.773584375 0.1775109375 0.7751578125 0.1759484375 0.7751578125 0.061248437499999996 0.7327046875 0.061001562499999995 0.7311328125000001 0.06256406249999999 0.729559375 0.0625546875 0.7279875 0.06411718749999999 0.7216984375 0.06407968750000001 0.7201265625 0.0656421875 0.71698125 0.0656234375 0.715409375 0.0671859375 0.715409375 0.0687578125 0.7138359375000001 0.07031875 0.7138359375000001 0.071890625 0.7122640625 0.073453125 0.7122640625 0.07973749999999999 0.7106921875000001 0.0813 0.7106921875000001 0.0860125 0.70911875 0.087575 0.70911875 0.12214218750000001 0.707546875 0.12370468750000001 0.707546875 0.3719578125 0.705975 0.3735203125 0.705975 0.44893906250000004 0.704403125 0.45050156250000006 0.704403125 0.4724984375 0.7028296875 0.4740609375 0.7028296875 0.5117703125 0.7012578125 0.5133328125000001 0.7012578125 0.7474453125 0.6996859375 0.7490078125 0.6996859375 0.7867171875000001 0.6981124999999999 0.7882796875 0.6981124999999999 0.8165609375 0.696540625 0.8181234375 0.696540625 0.84640625 0.6949687499999999 0.8479671874999999 0.6949687499999999 1 0.7531453124999999 1
0 0.4233234375 1 0.424528125 0.998803125 0.42610000000000003 0.9988125 0.42610000000000003 0.9595328125 0.424528125 0.9579515625000001 0.424528125 0.9013875 0.42295625000000003 0.8998078125 0.42295625000000003 0.8558125000000001 0.424528125 0.8542500000000001 0.424528125 0.8291109375 0.42295625000000003 0.82753125 0.42295625000000003 0.774109375 0.424528125 0.772546875 0.424528125 0.7458359375 0.42610000000000003 0.7442734375 0.42610000000000003 0.09535625 0.413521875 0.09528281250000001 0.41195000000000004 0.093703125 0.40723281250000004 0.093675 0.4056609375 0.0920953125 0.380503125 0.09194843750000001 0.37893125 0.0935109375 0.3773578125 0.0935015625 0.3742140625 0.096625 0.3742140625 0.09819687499999999 0.3726421875 0.099759375 0.3726421875 0.1029015625 0.37106875 0.1044640625 0.37106875 0.10603437499999999 0.369496875 0.107596875 0.369496875 0.9953406250000001 0.37106875 0.996921875 0.3726421875 0.9969312499999999 0.3742140625 0.9985109375000001 0.39308125 0.9986203124999999 0.3944546875 1 0.4233234375 1
0 0.8018875 1 0.8018875 0.931865625 0.8034593750000001 0.930303125 0.8018875 0.9287218749999999 0.8018875 0.8894421875 0.8034593750000001 0.8878796875000001 0.8034593750000001 0.8643109375 0.8050312500000001 0.8627484375 0.8050312500000001 0.8344671874999999 0.806603125 0.8329046874999999 0.806603125 0.7354890625 0.8081765624999999 0.7339265625 0.8081765624999999 0.667934375 0.8097484375 0.6663734375 0.8097484375 0.653803125 0.8113203125 0.652240625 0.8113203125 0.6098171875 0.81289375 0.6082562499999999 0.81289375 0.4385625 0.8144656250000001 0.4370015625 0.8144656250000001 0.415003125 0.8160375 0.4134421875 0.8160375 0.40244375000000004 0.817609375 0.40088125 0.817609375 0.35688593750000003 0.8191828125 0.355325 0.8191828125 0.24533906249999998 0.8207546875 0.2437765625 0.8207546875 0.1903546875 0.8223265625 0.18879218749999999 0.8223265625 0.1510828125 0.8239000000000001 0.1495203125 0.8239000000000001 0.034821875 0.8207546875 0.0316609375 0.7893078124999999 0.031478125 0.7877359375 0.0330390625 0.7861640624999999 0.03303125 0.784590625 0.034592187499999996 0.7798734375 0.034565625 0.7767296875 0.037689062499999995 0.7767296875 0.042403125 0.7751578125 0.043965625 0.7751578125 0.056534375000000005 0.7767296875 0.058115625000000004 0.7767296875 0.169671875 0.7751578125 0.171234375 0.7751578125 0.2215140625 0.773584375 0.22307656250000002 0.773584375 0.23721718749999998 0.7720125 0.23877968749999998 0.7720125 0.285915625 0.770440625 0.287478125 0.770440625 0.40532031249999995 0.7688671874999999 0.40688281249999997 0.7688671874999999 0.494871875 0.7672953125 0.4964328125 0.7672953125 0.540428125 0.7657234374999999 0.5419890625 0.7657234374999999 0.57184375 0.7641515625 0.5734046875 0.7641515625 0.7242437500000001 0.762578125 0.7258046874999999 0.762578125 0.7666578125 0.76100625 0.7682187500000001 0.76100625 0.7917875000000001 0.759434375 0.79335 0.759434375 0.8734828125 0.7578609375 0.8750453125 0.7578609375 1 0.8018875 1
0 0.12106874999999999 0.5476671875 0.12106874999999999 0.5508093749999999 0.11949687499999999 0.552371875 0.11949687499999999 0.557084375 0.12106874999999999 0.5586656249999999 0.12106874999999999 0.56495 0.11949687499999999 0.5665125 0.11949687499999999 0.5680828124999999 0.12106874999999999 0.5696640625 0.12106874999999999 0.6765078124999999 0.1226421875 0.6780875 0.1226421875 0.9200578125 0.1242140625 0.9216374999999999 0.1242140625 0.998628125 0.171384375 0.9989015625000001 0.171384375 0.99733125 0.17295624999999998 0.9957687500000001 0.17295624999999998 0.4144140625 0.171384375 0.412834375 0.171384375 0.235284375 0.1698109375 0.2337046875 0.1698109375 0.177140625 0.1682390625 0.17555937500000002 0.1682390625 0.162990625 0.1666671875 0.16140937500000002 0.1666671875 0.1268421875 0.16509374999999998 0.1252625 0.16509374999999998 0.027845312500000004 0.1588046875 0.021525 0.1588046875 0.019953125 0.1572328125 0.0183734375 0.1556609375 0.0183640625 0.1540875 0.0167828125 0.152515625 0.0167734375 0.1493703125 0.0136140625 0.1462265625 0.013595312500000001 0.1446546875 0.0120140625 0.11949687499999999 0.01186875 0.11792499999999999 0.01343125 0.11792499999999999 0.015001562500000001 0.1163515625 0.0165640625 0.1163515625 0.38108906249999996 0.11792499999999999 0.38266875 0.11792499999999999 0.4628015625 0.11949687499999999 0.46438281249999996 0.11949687499999999 0.4848078125 0.12106874999999999 0.48638906249999997 0.11949687499999999 0.4879515625 0.11949687499999999 0.5460859375 0.12106874999999999 0.5476671875
0 0.1808171875 0.8151234374999999 0.1808171875 0.8921140624999999 0.182390625 0.8936937500000001 0.182390625 0.9125484374999999 0.1839625 0.9141296875 0.1839625 0.9895484375000001 0.185534375 0.991128125 0.185534375 0.9958421875000001 0.18710625 0.997421875 0.1902515625 0.997440625 0.1918234375 0.995878125 0.1981125 0.995915625 0.19968593750000002 0.9974953125000001 0.2201265625 0.9976140625 0.2216984375 0.9960531250000001 0.2232703125 0.9960609375 0.2232703125 0.9944906250000001 0.2248421875 0.992928125 0.2248421875 0.9913562499999999 0.226415625 0.9897953125000001 0.226415625 0.98508125 0.2279875 0.98351875 0.2279875 0.1633375 0.226415625 0.16175781250000001 0.226415625 0.1539015625 0.2248421875 0.1523203125 0.2248421875 0.12718125 0.226415625 0.12561875 0.226415625 0.1004796875 0.2248421875 0.0988984375 0.2248421875 0.08004375 0.226415625 0.0784828125 0.226415625 0.0502 0.2248421875 0.0486203125 0.2248421875 0.040764062499999996 0.2232703125 0.039182812500000004 0.2232703125 0.0250421875 0.2216984375 0.0234609375 0.17452812499999998 0.0231875 0.17452812499999998 0.20073593750000002 0.17609999999999998 0.2023171875 0.17609999999999998 0.2918765625 0.1776734375 0.29345625000000003 0.1776734375 0.3688765625 0.1792453125 0.37045625000000004 0.1792453125 0.38616875 0.1776734375 0.38773124999999997 0.1776734375 0.40658593749999994 0.1792453125 0.408165625 0.1792453125 0.8135421875000001 0.1808171875 0.8151234374999999
0 1 0.1348328125 0.990565625 0.134778125 0.990565625 0.13635 0.98899375 0.1379109375 0.98899375 0.167765625 0.9874218750000001 0.1693265625 0.9874218750000001 0.1771828125 0.9858484375 0.1787453125 0.9858484375 0.199171875 0.9842765625000001 0.2007328125 0.9842765625000001 0.2761515625 0.9827046875000001 0.27771406249999997 0.9827046875000001 0.29656875 0.9811328125 0.29813125 0.9811328125 0.30598749999999997 0.979559375 0.30755 0.979559375 0.33111718749999997 0.9779875 0.3326796875 0.9779875 0.335821875 0.979559375 0.33740312499999997 0.979559375 0.34054531250000003 0.9779875 0.3421078125 0.9779875 0.44266562499999995 0.9764156249999999 0.444228125 0.9764156249999999 0.4709390625 0.9748421875 0.4725015625 0.9748421875 0.4850703125 0.9732703125000001 0.4866328125 0.9732703125000001 0.507059375 0.9716984375 0.5086203125 0.9716984375 0.58246875 0.9701265625 0.58403125 0.9701265625 0.6107421875 0.968553125 0.6123031250000001 0.968553125 0.6217312500000001 0.9669812500000001 0.62329375 0.9669812500000001 0.645290625 0.9654093749999999 0.646853125 0.9654093749999999 0.722271875 0.9638359375000001 0.723834375 0.9638359375000001 0.7568296875 0.9622640625000001 0.7583921874999999 0.9622640625000001 0.775675 0.9606921875 0.7772375 0.9606921875 0.8039484375000001 0.95911875 0.8055109375 0.95911875 0.8526468749999999 0.9606921875 0.854228125 0.9606921875 0.8557984375000001 0.95911875 0.8573609375 0.95911875 0.9390640625 0.957546875 0.9406265625 0.957546875 0.953196875 0.9559749999999999 0.9547593750000001 0.9559749999999999 0.9641859374999999 0.954403125 0.9657484375 0.954403125 1 1 1 1 0.1348328125
0 0.946721875 1 0.9504718750000001 0.980040625 0.9524374999999999 0.8368953125 0.9642296874999999 0.5750921875 0.976021875 0.1771171875 0.979953125 0.12825781249999998 0.9789703125000001 0.06365625 0.9494890625 0.05999375 0.9465406249999999 0.0652140625 0.9347484375 0.4073234375 0.9347484375 0.4841390625 0.9249218750000001 0.6796125 0.9249218750000001 0.7913453125000001 0.917059375 0.91350625 0.916140625 1 0.946721875 1
0 0.913565625 1 0.917059375 0.9938125 0.917059375 0.9204890625000001 0.9249218750000001 0.7529375 0.9249218750000001 0.6621546875 0.9327828125 0.5120609375 0.9308171875 0.4980828125 0.9347484375 0.46668125 0.9327828125 0.4247703125 0.9465406249999999 0.0791796875 0.944575 0.05821875 0.937696875 0.042467187499999996 0.9023187500000001 0.038768750000000005 0.874803125 0.0455921875 0.8718546875 0.061287499999999995 0.8718546875 0.1415953125 0.867925 0.1974375 0.8659593750000001 0.347565625 0.8620281249999999 0.3999171875 0.8600625000000001 0.5535375 0.8561328125 0.612871875 0.858096875 0.62685 0.8541671875000001 0.6896765625 0.8541671875000001 0.7874421875000001 0.8502359374999999 0.8467765625 0.8522015625 0.8537703125 0.84828125 1 0.913565625 1
0 0.8463109375 1 0.8482703125000001 0.87120625 0.8541671875000001 0.7664921875 0.8541671875000001 0.6512687500000001 0.8600625000000001 0.5011625000000001 0.8620281249999999 0.340559375 0.869890625 0.1730078125 0.869890625 0.0717515625 0.8590796875000001 0.062959375 0.8374609375000001 0.0628328125 0.8295984375 0.06627968749999999 0.8246859375 0.0784703125 0.810928125 0.5602343750000001 0.8050312500000001 0.8814296875000001 0.806996875 0.891915625 0.803065625 0.9722 0.803065625 1 0.8463109375 1
0 0.8011734374999999 1 0.81289375 0.4170890625 0.8227203125000001 0.12734218749999998 0.8227203125000001 0.0400515625 0.819771875 0.034796875 0.7804640625 0.034568749999999995 0.7726015625 0.0380140625 0.7657234374999999 0.0501953125 0.773584375 0.0642078125 0.773584375 0.15848125 0.755896875 0.9125687499999999 0.755896875 1 0.8011734374999999 1
0 0.617571875 1 0.6183171875 0.9990578125 0.630109375 0.21002031250000003 0.6281453124999999 0.12271875000000002 0.62323125 0.1139609375 0.5740953125 0.113675 0.5691828125 0.12237499999999998 0.5633015625 1 0.617571875 1
0 0.5566578125 1 0.5593546875000001 0.9952234375 0.5613203125 0.9812687499999999 0.5613203125 0.6460734375 0.5672171875 0.192196875 0.5652515625000001 0.031570312499999996 0.5151343749999999 0.0295328125 0.5082546875 0.041714062499999996 0.5102203125 0.21281406249999998 0.5062890624999999 0.9949140625 0.5091421875 1 0.5566578125 1
0 0.5014453125 1 0.5023578125 0.9983828125 0.5082546875 0.2721609375 0.5082546875 0.0556796875 0.503340625 0.0469234375 0.46010156249999995 0.046671875 0.4571546875 0.0553828125 0.4571546875 0.9981203125 0.4582078125 1 0.5014453125 1
0 0.4541203125 1 0.4551890625 0.998109375 0.4571546875 0.19155625 0.45420625000000003 0.18630156250000002 0.4306203125 0.1861640625 0.42767343750000003 0.191384375 0.42570781249999995 0.9944453125000001 0.4288234375 1 0.4541203125 1
0 0.3587578125 1 0.3647796875 0.9940921875000001 0.36674531250000003 0.9836281250000001 0.3647796875 0.8334765624999999 0.3687109375 0.550678125 0.3687109375 0.10375156249999999 0.367728125 0.0112171875 0.3461078125 0.0041078125 0.32055781250000004 0.003959374999999999 0.31367968749999997 0.012648437500000002 0.31367968749999997 0.3722859375 0.317609375 0.56085625 0.3156453125 0.9938062499999999 0.3232609375 1 0.3587578125 1
0 0.3078015625 1 0.3117140625 0.9902906249999999 0.3156453125 0.777325 0.3117140625 0.5573296875 0.3117140625 0.058028125 0.30974843750000003 0.019609375000000002 0.3068 0.0143546875 0.27142343750000003 0.010657812499999999 0.26454374999999997 0.0158546875 0.26454374999999997 0.31613437499999997 0.270440625 0.8608609375 0.268475 0.8992578124999999 0.2713578125 1 0.3078015625 1
0 0.2643171875 1 0.266509375 0.9935203125 0.26454374999999997 0.319625 0.262578125 0.0437765625 0.2557 0.028023437499999998 0.2360453125 0.0244171875 0.2291671875 0.03310625 0.2350625 0.6371921875 0.23309687499999998 0.6476546875 0.23899374999999998 0.9095609375 0.237028125 0.97938125 0.23899374999999998 0.9968515625000001 0.24146406250000002 1 0.2643171875 1
0 0.118265625 1 0.123034375 0.9961765625 0.119103125 0.7761812499999999 0.119103125 0.53176875 0.1151734375 0.140684375 0.11222499999999999 0.1354296875 0.088640625 0.1352921875 0.0837265625 0.1439921875 0.0837265625 0.3185734375 0.08962187499999999 0.9820156250000001 0.0915875 0.99599375 0.09562343749999999 1 0.118265625 1
0 0.087353125 1 0.08962187499999999 0.9959828125 0.08176093749999999 0.3290375 0.0837265625 0.32555625 0.0797953125 0.171903125 0.08176093749999999 0.09160625 0.0778296875 0.0008015625 0.0685921875 0.00039843750000000003 0.03130625 0.0001828125 0.028695312499999997 0.010990625 0.038521875 0.5382828125 0.042453125 0.9747578125 0.04441875 0.9922281249999999 0.0487796875 1 0.087353125 1
0 0.0281734375 1 0.0355734375 0.9974140625000001 0.040487499999999996 0.9887124999999999 0.03655625 0.7966515625 0.0326265625 0.7896453125 0.030660937500000002 0.7686843750000001 0.0247640625 0.056359375 0.022798437499999998 0.0039734375 0.0206375 0.0001203125 0 0 0 0.9990515625 0.0012359375 1 0.0281734375 1