0 0.301871346875 0.44385497812499997 0.303321046875 0.445522665625 0.28631790625 0.688678903125 0.28776760625 0.690346590625 0.2852607328125 0.7261965499999999 0.28671043125 0.7278642375000001 0.284857525 0.7543620328125 0.286307225 0.7560297203124999 0.2839093453125 0.7903209859375 0.2853590453125 0.7919886734375 0.2765304921875 0.9182428734375 0.277980190625 0.9199105624999999 0.2736204109375 0.982258315625 0.3422029390625 0.9870540734375 0.342420928125 0.9839366843749999 0.3409712296875 0.982268996875 0.34118921874999997 0.9791516093749999 0.34285690625 0.9777019093750001 0.3439468515625 0.9621149718750001 0.3424971515625 0.9604472828124999 0.350017771875 0.8528974093749999 0.348568071875 0.8512297203125 0.3643722734375 0.625219115625 0.36292257499999997 0.6235514265625001 0.36771833125 0.5549688984375 0.3662686328125 0.5533012109375 0.37073740625 0.4893947640625 0.3692877078125 0.487727075 0.375173409375 0.40355760781249994 0.3737237109375 0.4018899203125 0.39824747031249996 0.051183809375 0.396797771875 0.0495161203125 0.3970157609375 0.046398732812499996 0.39411636250000004 0.043063356250000004 0.3286512203125 0.0384855875 0.32531584375 0.0413849859375 0.32520685 0.0429436796875 0.3235391609375 0.0443933796875 0.31808943749999996 0.1223280703125 0.3195391359375 0.123995759375 0.3071137640625 0.30168685625 0.3085634640625 0.30335454375 0.3038767 0.37037837812499996 0.3053264 0.3720460671875 0.304018465625 0.3907503921875 0.305468165625 0.39241808125 0.301871346875 0.44385497812499997
0 0.23665696718749998 0.45809052968749997 0.23436808281250002 0.49082309999999996 0.23581778125000002 0.49249078749999997 0.23418286406250002 0.5158711953124999 0.23563256406250002 0.5175388843750001 0.22397015312500002 0.6843191234375 0.225419853125 0.6859868109375 0.2235669453125 0.71248460625 0.22501664531249999 0.7141522953125 0.22338172812499998 0.7375327031250001 0.22483142812499998 0.739200390625 0.22276053281250002 0.7688155734375 0.22421023125 0.7704832625 0.21341977656250002 0.9247939515624999 0.21486947656250002 0.9264616390624999 0.21192662499999998 0.968546371875 0.21337632499999998 0.9702140609375001 0.2128313515625 0.9780075296874999 0.2705030234375 0.9820403265625 0.281402471875 0.82617094375 0.27995277343749997 0.8245032546875001 0.2819146734375 0.796446765625 0.280464975 0.794779078125 0.28242687499999997 0.7667225890625 0.2809771765625 0.7650549 0.28359304375 0.7276462484375 0.2821433453125 0.7259785609375 0.29838352343749996 0.4937331796875 0.296933825 0.4920654921875 0.2995496921875 0.4546568390625 0.2980999921875 0.45298915156249997 0.29962591562499996 0.4311674375 0.29817621562499996 0.42949975 0.3034079515625 0.35468244531250004 0.301958253125 0.35301475781249997 0.31917938125 0.1067411328125 0.31772968281249997 0.10507344375000001 0.3201275609375 0.0707821796875 0.3186778625 0.0691144921875 0.3190048453125 0.064438409375 0.317555146875 0.062770721875 0.3179911234375 0.056535946875 0.316541425 0.0548682578125 0.31665041875 0.0533095640625 0.3152007203125 0.0516418765625 0.31530971406249997 0.0500831828125 0.313860015625 0.04841549375 0.310742628125 0.0481975046875 0.309292928125 0.0465298171875 0.303058153125 0.0460938390625 0.301608453125 0.04442615 0.300049759375 0.04431715625 0.2986000609375 0.0426494671875 0.2565153265625 0.039706615625000004 0.24855872968749998 0.15349126562499998 0.250008428125 0.15515895468750002 0.2465206046875 0.20503715625000002 0.2479703046875 0.2067048453125 0.24688035937500002 0.2222917828125 0.2483300578125 0.22395947187499998 0.2452782125 0.26760289843749996 0.2467279125 0.2692705875 0.23724539218750001 0.40487694999999996 0.238695090625 0.40654463906249994 0.23520726718749999 0.456422840625 0.23665696718749998 0.45809052968749997
0 0.5504025375 0.8543791531249999 0.5473506921875 0.8980225796875001 0.5456830046875 0.8994722796874999 0.5417592015625 0.9555852578125 0.5400915140625 0.95703495625 0.5373666515625 0.9960023031249999 0.5389253453125 0.9961112968749999 0.5403750453125 0.9977789859374999 0.5684315343749999 0.9997408859375 0.570099221875 0.9982911874999999 0.5888035484375 0.9995991203125 0.5904712359375 0.9981494218750001 0.5920299296875 0.9982584156250001 0.59369761875 0.9968087171875 0.6552795062500001 0.116146703125 0.65382980625 0.114479015625 0.6539387999999999 0.11292032187500001 0.6524891015625001 0.1112526328125 0.652707090625 0.1081352453125 0.651257390625 0.10646755625 0.6513663859375 0.1049088625 0.6484669875 0.1015734859375 0.6469082921875 0.1014644921875 0.64545859375 0.099796803125 0.6205194921875 0.09805289218749999 0.6188518046875 0.099502590625 0.6141757218749999 0.0991756078125 0.612508034375 0.10062530781250001 0.6000384828125 0.09975335156250001 0.555023759375 0.7434939015625 0.5564734578125 0.745161590625 0.5546205515625 0.7716593859375 0.5560702515625 0.7733270734375 0.5523644390625 0.8263226640625 0.55069675 0.8277723640625 0.5489528390625 0.8527114640625 0.5504025375 0.8543791531249999
0 0.191574521875 0.3860201765625 0.1930242203125 0.387687865625 0.1914982984375 0.4095095796875 0.192947996875 0.41117726718750003 0.18117659218749999 0.5795162015625 0.18262629218749998 0.5811838890625001 0.179683440625 0.623268621875 0.18113314062500002 0.6249363109375 0.180261184375 0.6374058609375 0.1817108828125 0.63907355 0.1771331140625 0.704538690625 0.1785828140625 0.706206378125 0.17182515625 0.802845396875 0.17327485468749998 0.804513084375 0.17131295468750002 0.8325695734374999 0.172762653125 0.8342372625 0.1711277359375 0.85761766875 0.1725774359375 0.8592853578125 0.1698525734375 0.8982527031249999 0.168184884375 0.8997024031249999 0.169634584375 0.901370090625 0.16451184375 0.9746287015625 0.20815527031249997 0.9776805468750001 0.2172018125 0.848308959375 0.2157521140625 0.8466412703125 0.22131083281250002 0.7671478859375 0.21986113281250003 0.765480196875 0.22149605 0.7420997890625001 0.22004635156250002 0.7404321015625001 0.2228802078125 0.6999060609375001 0.22143050937500003 0.6982383734375001 0.2318939796875 0.548603765625 0.23044428125 0.546936078125 0.23251517656249998 0.5173208953125 0.23106547656249998 0.51565320625 0.23411732187499998 0.47200977968749996 0.23266762343749997 0.470342090625 0.2387713140625 0.3830552359375 0.23732161562499998 0.3813875484375 0.24549620156250002 0.2644855109375 0.244046503125 0.2628178234375 0.24731633749999998 0.2160570078125 0.24586663749999998 0.21438932031250002 0.24684758750000002 0.200361075 0.2453978890625 0.1986933875 0.2488857125 0.14881518437500002 0.2474360125 0.1471474953125 0.255174621875 0.036480234375 0.2568423109375 0.035030534375 0.257714265625 0.022560984375000002 0.2562645671875 0.020893295312499997 0.25659155 0.0162172140625 0.2536921515625 0.012881837500000002 0.2490160703125 0.0125548546875 0.2475663703125 0.010887165625 0.24600767656250003 0.010778171875 0.24455797812500002 0.0091104828125 0.21338410156249998 0.00693059375 0.210048725 0.0098299921875 0.20209212656250003 0.1236146421875 0.20354182656250003 0.1252823296875 0.2009259578125 0.16269098125 0.2023756578125 0.1643586703125 0.1986698453125 0.21735425937500003 0.20011954375 0.2190219484375 0.1924899296875 0.3281305171875 0.1939396296875 0.3297982046875 0.190887784375 0.37344163125 0.19233748281250002 0.3751093203125 0.191574521875 0.3860201765625
0 0.8378196750000001 1 0.8418676015625 0.942111940625 0.843535290625 0.9406622421874999 0.8603204421875 0.7006233921875 0.8619881296875 0.6991736921875 0.86939975625 0.5931825125 0.87106744375 0.5917328125 0.8711764390625 0.59017411875 0.8697267390625001 0.58850643125 0.8701627171874999 0.58227165625 0.87183040625 0.58082195625 0.8721573890625001 0.576145875 0.8707076890625001 0.5744781859375 0.870925678125 0.5713607984375 0.8725933671874999 0.5699111 0.8766261625 0.512239428125 0.8751764640624999 0.5105717390625 0.8768441515625 0.509122040625 0.8782610796875 0.4888590203125 0.8799287687499999 0.48740932031249995 0.8854874875000001 0.4079159359375 0.8871551765625 0.40646623593750003 0.9124418984375 0.04484926875 0.9109921984374999 0.0431815796875 0.9111011921875001 0.0416228859375 0.90965149375 0.039955196875 0.8847123921875 0.0382112859375 0.8830447046875 0.039660984375 0.879927315625 0.039442996875000004 0.8765919390624999 0.042342395312499996 0.8750332453125 0.0422334 0.8733655578124999 0.0436831 0.8718068640625001 0.0435741046875 0.870139175 0.0450238046875 0.87003018125 0.046582498437499995 0.863359428125 0.0523812953125 0.85660176875 0.1490203125 0.85493408125 0.1504700125 0.8525362015625 0.18476127656250002 0.8508685140625 0.18621097656250002 0.8499965578124999 0.1986805265625 0.8483288703125 0.2001302265625 0.8444050687500001 0.25624320312500004 0.8427373796875001 0.25769290312500004 0.8304210015625 0.43382530625 0.8287533140625 0.4352750046875 0.7892638953125 1 0.8378196750000001 1
0 0.7782996875 1 0.7831822093749999 0.9301766812500001 0.7848498968750001 0.92872698125 0.7861578312499999 0.91002265625 0.7878255203125 0.9085729562499999 0.79316625 0.8321969593749999 0.7948339375 0.8307472593749999 0.8229545171874999 0.4286042515625 0.8246222046874999 0.427154553125 0.8259301390625 0.40845022656249996 0.8244804390624999 0.4067825375 0.825570384375 0.3911956 0.8272380734375 0.3897459 0.8324698078124999 0.314928596875 0.8341374968749999 0.313478896875 0.8403501828125 0.22463335 0.8420178703125 0.22318365 0.8543342484374999 0.047051246875 0.8075734328124999 0.0437814125 0.8059057453125 0.0452311125 0.8049247953125 0.05925935624999999 0.80325710625 0.060709056250000004 0.802712134375 0.06850252500000001 0.8010444453125001 0.0699522234375 0.7990825453125 0.0980087125 0.80053224375 0.0996764015625 0.799224309375 0.118380728125 0.797556621875 0.11983042656250001 0.795812709375 0.144769528125 0.797262409375 0.146437215625 0.795518496875 0.1713763171875 0.7938508093750001 0.1728260171875 0.7933058359375 0.1806194859375 0.7916381484375 0.18206918593750002 0.734743025 0.9957073640624999 0.7361927234375 0.9973750515625 0.7360091703125 1 0.7782996875 1
0 0 0.961558596875 0.013427535937499999 0.9624975421874999 0.0161523984375 0.9235301953124999 0.014702699999999999 0.9218625078124999 0.015356665624999998 0.91251034375 0.0139069671875 0.91084265625 0.0147789234375 0.89837310625 0.013329223437500001 0.8967054171875001 0.018996937499999998 0.8156533375 0.0175472375 0.81398565 0.0176562328125 0.81242695625 0.0193239203125 0.81097725625 0.022593754687500002 0.7642164421875 0.02114405625 0.762548753125 0.022996962500000002 0.7360509578125 0.0215472625 0.7343832703125 0.022746201562500002 0.7172376375 0.021296503124999998 0.71556995 0.0235853875 0.6828373796875 0.0221356875 0.681169690625 0.0273674234375 0.6063523875 0.0259177234375 0.6046846984375 0.027443646874999998 0.5828629859375 0.025993946875 0.581195296875 0.0266479140625 0.571843134375 0.025198215625 0.5701754453125 0.027051121875 0.54367765 0.025601421875000002 0.5420099625 0.030724162500000003 0.4687513515625 0.0292744640625 0.46708366406249996 0.0306913921875 0.44682064375 0.0292416921875 0.44515295625 0.0301136484375 0.4326834046875 0.02866395 0.4310157171875 0.030516856250000002 0.404517921875 0.029067156249999997 0.4028502328125 0.036042803125 0.303093828125 0.0345931046875 0.301426140625 0.03481109375 0.298308753125 0.036478781249999995 0.296859053125 0.0366967703125 0.293741665625 0.035247071875 0.2920739765625 0.036881989062499995 0.2686935703125 0.0354322890625 0.26702588125000004 0.0359772625 0.2592324125 0.0345275625 0.2575647234375 0.035835496875 0.2388603984375 0.034385796875 0.237192709375 0.0396175328125 0.16237540625 0.038167832812500004 0.16070771718750002 0.039584760937500005 0.14044469843750002 0.0381350625 0.13877700937499998 0.038680034375 0.130983540625 0.0372303359375 0.1293158515625 0.03930123125 0.09970066875 0.03785153125 0.09803298125 0.0379605265625 0.0964742875 0.0286083625 0.0958203203125 0 0.50493896875 0 0.961558596875
0 0.0743654109375 0.3710372734375 0.08641180937500001 0.0307705890625 0.0838525359375 0.0253710984375 0.054384842187500004 0.026790868750000002 0.0489297859375 0.090802209375 0.0494355921875 0.1395672203125 0.0335138953125 0.5352532625 0.027038314062500002 0.7958535453125 0.019056084374999997 0.9380039421875 0.022110390625 0.9643233 0.051335900000000004 0.9663669453124999 0.05678029375 0.874508903125 0.0574641984375 0.7527318421875 0.06521490468749999 0.641891565625 0.06903677968750001 0.4472402546875 0.0743654109375 0.3710372734375
0 0.1251940078125 0.820120590625 0.127626746875 0.8133299984375 0.12784760625 0.7541731765625 0.1346294609375 0.6571881296875 0.13509250625 0.594567890625 0.138009725 0.5808489031249999 0.138230584375 0.5216920828125 0.14693948125 0.3691498734375 0.146675859375 0.316921446875 0.1551425703125 0.16784265625 0.155121134375 0.11215081093749998 0.1606919515625 0.032484409375 0.1588593453125 0.0166931078125 0.132066684375 0.007857309375 0.0967538875 0.0088683515625 0.08884465625 0.023978439062500002 0.08544295625000001 0.044625818750000004 0.075102740625 0.3884921625 0.070247925 0.42992005000000005 0.07196477031250001 0.4613664125 0.0690475515625 0.47508539843750003 0.0664259421875 0.62457291875 0.060128459375 0.71463113125 0.056295921875 0.8814357390625001 0.0512094765625 0.954175303125 0.058887184375 0.9703753359375 0.11149309999999998 0.9740539 0.118917959375 0.9658706484374999 0.1251940078125 0.820120590625
0 0.1656680015625 0.9412953390625001 0.167342084375 0.8613564531250001 0.17001711875 0.851100884375 0.1864553953125 0.5320249953125 0.20624172812500002 0.0530728921875 0.20221857031249998 0.040608764062500004 0.1946672859375 0.0366003734375 0.173235246875 0.0351016984375 0.1619137609375 0.043010906249999994 0.1548896109375 0.1434609296875 0.151057075 0.3102655390625 0.1418636984375 0.46973614062499996 0.13729383125 0.6190858593749999 0.1293008296875 0.7333911125 0.1278797046875 0.8377117234375 0.1208663265625 0.966006890625 0.12513167187500002 0.9750076015625 0.158253915625 0.9773237343750001 0.16373040781249998 0.9690042390625001 0.1656680015625 0.9412953390625001
0 0.2165464109375 0.8856808390625 0.2513284609375 0.13628161249999998 0.2578681296875 0.0427599828125 0.2666304515625 0.0294497265625 0.260658925 0.016849354687500002 0.2531076421875 0.012840964062499998 0.2141402953125 0.010116103125000001 0.210854465625 0.0151068640625 0.20479916875 0.101701659375 0.194437625 0.3898745984375 0.1654364796875 0.972605459375 0.16994411874999998 0.97814119375 0.2069630984375 0.9807298125000001 0.2102489265625 0.9757390515625 0.2165464109375 0.8856808390625
0 0.456380734375 0.115813603125 0.45211538906250004 0.10681289218750001 0.40340620781250003 0.1034068140625 0.397929715625 0.11172630937500001 0.38992615937499997 0.1981833015625 0.3468769328125 0.9818110921875001 0.35309064375 0.990948046875 0.390109621875 0.993536665625 0.40118892187500005 0.9890908765624999 0.456380734375 0.115813603125
0 0.45348495 0.185224434375 0.42784274218749996 0.635922665625 0.404590621875 0.9684434953125001 0.4055701359375 0.98243496875 0.40983548125 0.991435678125 0.45269956093749997 0.9944330265625 0.458176053125 0.9861135328125 0.508534378125 0.20995755 0.5223509375 0.0403707390625 0.5163794109375 0.0277703671875 0.46657495156250006 0.026027876562500003 0.45348495 0.185224434375
0 0.46183060156250005 0.9898494359375001 0.464389765625 0.9952504859375001 0.5033571109375 0.9979753484374999 0.50664305 0.9929830281250001 0.57203974375 0.0577667296875 0.5697226578125 0.048903821874999996 0.5268585765625 0.0459064734375 0.52138219375 0.054224409375000004 0.5063651515625 0.268978128125 0.46183060156250005 0.9898494359375001
0 0.5325951250000001 1 0.5380591124999999 0.9916995 0.591819028125 0.1948976953125 0.5892597546875 0.1894982046875 0.5658793484375 0.18786328593749999 0.56259351875 0.1928540484375 0.5085914171875 0.9931192703124999 0.5111505796875 0.9985203203124999 0.532310975 1 0.5325951250000001 1
0 0.6462075328125 1 0.6471676796875 0.9993291140625 0.6752532890625 0.56968699375 0.6922293625 0.3829162203125 0.717177003125 0.026148348437500003 0.710963290625 0.01701139375 0.685634515625 0.015240234375 0.6637179953125 0.020669953125 0.656325234375 0.11239175312500001 0.62532240625 0.5557528609375 0.6096001328125 0.8365902359374999 0.5972366874999999 0.9853965406249999 0.5984584984375 0.9959230359375001 0.602046959375 1 0.6462075328125 1
0 0.691491753125 1 0.7004681640625 0.90907731875 0.7011840578124999 0.8708403640625001 0.744813953125 0.3309013796875 0.7656439984375 0.03301784375 0.7591879921875 0.027345865625 0.7238751953125 0.0283569078125 0.720589365625 0.0333476703125 0.715976628125 0.071313696875 0.6813406859375 0.5666307453125 0.6621847234375 0.7845753953125 0.6513066000000001 0.9961381828125001 0.6525531140624999 1 0.691491753125 1
0 0.7244023078125 1 0.7260712234375 0.990923609375 0.7289670078125 0.9215127781250001 0.75297789375 0.6621386828125 0.751756084375 0.6516121859374999 0.799503571875 0.0527888671875 0.7932897515625 0.043653471875 0.7735638921875 0.045754457812499996 0.7656546625 0.0608645453125 0.7445717671875001 0.334364796875 0.6960761375 1 0.7244023078125 1
0 0.8723197562499999 1 0.9238215578125001 0.3468991640625 0.9359320437499999 0.17371113437500002 0.931666590625 0.16471198125 0.9082861828125001 0.1630770640625 0.905000353125 0.1680678265625 0.8739760890625 0.5557370890625 0.8570214515625001 0.7981997062499999 0.839284475 1 0.8723197562499999 1
0 0.9192766609374999 1 0.9533747765625 0.5682498921875 0.9996902593750001 0.0459036 0.9976154671874999 0.0335757140625 0.9517077437499999 0.032105709375 0.9415135250000001 0.1218914359375 0.9378910749999999 0.20169407968750003 0.9233370765625001 0.35382755781249997 0.9250432578125001 0.35742721875 0.872497325 1 0.9192766609374999 1
0 1 0.0968062703125 0.94518235 0.7974038109375 0.941780759375 0.8180496328125001 0.9373995453124999 0.824705540625 0.9215334937499999 1 0.9662327953125001 1 1 0.51017263125 1 0.0968062703125