0 0.75931625 0 0.868423621875 0.9042952609375 0.8747509421874999 0.9157611828125001 0.8852901953125001 0.9214645953125 0.9128532453125 0.9215782265625 0.931815796875 0.9157519703125001 0.9386351375 0.89917231875 0.8301177140625 0 0.75931625 0
0 0.7131383703124999 0 0.8270445000000001 0.919869821875 0.8325257796875001 0.924445303125 0.8635428468749999 0.9206368859375 0.8677543999999999 0.914871275 0.75733530625 0 0.7131383703124999 0
0 0.6759412796875 0.2982354796875 0.7607101171874999 0.9245167125 0.7651875640625 0.9449562140625 0.7730305265624999 0.9527396640625 0.8118018609375 0.9479791437499999 0.8248600171874999 0.9341314109375001 0.8225670515625 0.8994303203125 0.711453928125 0.010512935937499999 0.7016724 0.0029675125 0.6629010656250001 0.007728032812500001 0.6424230625 0.0172383125 0.6759412796875 0.2982354796875
0 0.5741900249999999 0 0.5846404390625 0.0995468828125 0.7023072 0.94568105625 0.7063615328124999 0.9626745609375 0.71420449375 0.9704580109375 0.7568529625 0.9652214375 0.7632489984374999 0.945194240625 0.6374750484375 0 0.5741900249999999 0
0 0.66077085625 0.9840147343750001 0.702996209375 0.9753321640625 0.7031534296874999 0.9525730484375 0.5908105375 0.13377192031250001 0.5823674515625 0.10507446718749999 0.551350384375 0.108882884375 0.53668808125 0.11767908593750001 0.5486251421875 0.22291183750000002 0.6548664625 0.9759932578124999 0.66077085625 0.9840147343750001
0 0.6376942265625 0.8521630140625 0.52510541875 0.0473854484375 0.48515324375 0.050541984375 0.48288025625 0.05606956875 0.5048843375 0.23527842968749998 0.572727046875 0.723707409375 0.6126413 0.984677378125 0.6161838234375 0.9894893328125001 0.6510780234375 0.9852048640625 0.6533512 0.97967883125 0.6376942265625 0.8521630140625
0 0.46082909218749996 0.293163253125 0.5594535781250001 0.9842105390624999 0.56341940625 0.992470040625 0.6041293078125001 0.98747149375 0.6053788640625 0.957582359375 0.492366940625 0.149358796875 0.4845239796875 0.141575346875 0.45544547968750004 0.14514573749999998 0.44659906562499996 0.1532294109375 0.4443258890625 0.15875544531250002 0.46082909218749996 0.293163253125
0 0.530581315625 1 0.546395421875 0.998058271875 0.5583614328125 0.9913421078125 0.43737808593749994 0.08614374531249999 0.4241227515625 0.042293246875 0.4139182984375 0.0313033765625 0.35273039375000004 0.045812203125 0.3489419546875 0.055023809374999996 0.3548661375 0.103272409375 0.486211159375 0.996701525 0.488639078125 1 0.530581315625 1
0 0.4807127828125 1 0.46981662812499997 0.9112579453125 0.3516580359375 0.0931708953125 0.345330525 0.0817034234375 0.3065591921875 0.08646394375000001 0.3023476375 0.0922295546875 0.3042174875 0.1234846484375 0.4334467421875 0.9996822328125001 0.43359931874999996 1 0.4807127828125 1
0 0.43151796718749996 1 0.4116198609375 0.8379429296875 0.3025248375 0.1096991125 0.2942587609375 0.09846966562500001 0.253971975 0.106914209375 0.2471526328125 0.1234938609375 0.256039003125 0.19586753437499999 0.377051109375 0.9891154296875 0.379647925 1 0.43151796718749996 1
0 0.36961347187500004 1 0.34856210625 0.8211966625 0.24013611406250002 0.0823752796875 0.22097657499999998 0.03050485625 0.173693246875 0.0380594921875 0.31693734687499997 1 0.36961347187500004 1
0 0.315314484375 1 0.27940296875000004 0.7387322390625 0.170662534375 0.0454290875 0.16088100624999999 0.0378836640625 0.1124168390625 0.043834315624999995 0.1379636328125 0.22785668124999997 0.2593718515625 1 0.315314484375 1
0 0.2598858515625 1 0.1932489875 0.54990868125 0.14117173593750001 0.2379581953125 0.1376290234375 0.23314468906250002 0.11436622187500001 0.23600100156249998 0.11209323593750001 0.24152858593749998 0.1167478828125 0.2794376453125 0.229744940625 1 0.2598858515625 1
0 0.2271562703125 1 0.103698696875 0.14110778906250002 0.09113237187499999 0.1269083984375 0.0523610375 0.1316689203125 0.0466340328125 0.141118553125 0.049773228125 0.182711634375 0.17869854999999998 1 0.2271562703125 1
0 0.1751100375 1 0.1640149203125 0.9208189390625 0.0436031296875 0.14848659687500002 0.035337053125000004 0.13725715 0 0.14159599375 0 0.2059832171875 0.12711344062500002 1 0.1751100375 1
0 0.1261815734375 1 0 0.203037478125 0 0.425152678125 0.0903863140625 1 0.1261815734375 1
0 0.08912205 1 0.078117671875 0.9103765312500001 0 0.418915246875 0 0.5259217703125 0.05769395625 1 0.08912205 1