0 0.0905431875 0.7528428984375 0.2165733671875 0.7351305124999999 0.2183394234375 0.7364696328125 0.2525702046875 0.731658809375 0.2543362609375 0.7329979296875 0.28078725000000004 0.729280484375 0.282551759375 0.730619821875 0.31833911875 0.7255902375 0.32010539374999997 0.726930903125 0.562830928125 0.6928180546875 0.5645969843749999 0.6941571734374999 0.615942384375 0.6869410484375 0.617708440625 0.68828016875 0.6363796359375 0.685656103125 0.638145909375 0.6869967703125 0.7050508953125 0.6775938874999999 0.7068169515625 0.6789330078125 0.8841940781250001 0.6540042781250001 0.8859585875 0.655343615625 0.9637565234375 0.6444098281249999 0.9651020734375001 0.6426334 0.9666586515625 0.6424146375 0.969351084375 0.6388600171875 0.9605395281250001 0.5734119125 0.9570089625 0.5707334562499999 0.9538973531250001 0.5711707640625 0.9521310796875 0.569830096875 0.6020450140625 0.6190314859375 0.60027895625 0.617692365625 0.5162593531249999 0.6295005515625001 0.514493296875 0.62816143125 0.45069991875 0.63712700625 0.44893364375000006 0.6357863390625 0.38047207968749996 0.645407984375 0.3787075703125 0.644068646875 0.153096653125 0.67577619375 0.151330596875 0.6744370734375 0.043970065625 0.6895256125 0.04220555625 0.688186275 0.02664596875 0.6903730328125001 0.0252988703125 0.6921496781250001 0.0221872625 0.6925869859375 0.0221484375 0.6925577296875 0.031562628125 0.759543175 0.0887769125 0.7515022328125001 0.0905431875 0.7528428984375
0 0.0442659875 0.821269678125 0.0862765625 0.8153654765624999 0.0880426203125 0.8167045953125 0.242080365625 0.795056003125 0.24384487500000002 0.7963953390625 0.27340901875 0.7922403703125 0.2751737453125 0.7935812546875 0.298513125 0.79030111875 0.3002791828125 0.7916402390624999 0.32673017031249996 0.78792279375 0.3284946796875 0.78926213125 0.49498040468750004 0.7658640890624999 0.49674667812499995 0.7672047562500001 0.520086059375 0.7639246203125001 0.521852115625 0.7652637390625 0.5545263203124999 0.7606716796875 0.5562923765625001 0.7620107984375 0.6060811984375001 0.7550134359375 0.6078472546875 0.75635255625 0.7432138046875 0.737328028125 0.7449800796875 0.7386686953125 0.788545684375 0.7325459484375 0.7903117421875 0.73388506875 0.8058713281250001 0.7316983109375 0.8076373859375 0.7330374296875 0.8574262062500001 0.7260400671875 0.85919248125 0.727380734375 0.972776228125 0.7114175796875 0.9671123671874999 0.669343246875 0.9653463109375 0.668004128125 0.9651366156250001 0.6664446984375 0.9633705578124999 0.665105578125 0.962532425 0.6588725015625 0.9607663687500001 0.6575333828125001 0.96034719375 0.6544160703124999 0.9585811359375 0.65307695 0.957024559375 0.6532957125000001 0.9552598328125 0.6519548281249999 0.9537032546875001 0.6521735921875 0.9519371984375 0.650834471875 0.9457139828125 0.6517090875 0.943947925 0.65036996875 0.9392812875000001 0.651025821875 0.9375150124999999 0.6496851546875 0.90328423125 0.6544959765625 0.901518175 0.6531568578125 0.65568103125 0.6877070140625 0.653914975 0.6863678953125001 0.5792301953125001 0.69686415625 0.5774641390624999 0.6955250375 0.5556813359375 0.698586409375 0.5539150625 0.69724574375 0.516572671875 0.7024938734374999 0.514806615625 0.7011547546875 0.2829724828125 0.7337369171875 0.28120642500000004 0.7323977968750001 0.2438640359375 0.737645928125 0.2420977609375 0.7363052609375 0.2140917421875 0.74024125 0.2123256859375 0.7389021296875 0.1843181203125 0.7428383375000001 0.1825536109375 0.741499 0.032000371875 0.762657878125 0.040096984375 0.8202682703124999 0.04249993125 0.8199305578124999 0.0442659875 0.821269678125
0 0 0.495644159375 0.0346544375 0.490773796875 0.0360015359375 0.48899715156249995 0.0920151203125 0.48112495468749994 0.093360671875 0.47934852812499995 0.136927825 0.47322556406249994 0.13869388124999998 0.4745646828125 0.16358829218749998 0.4710660015625 0.16493384375 0.4692895734375 0.2178358203125 0.4618546859375 0.21960187812499998 0.46319380624999995 0.246052865625 0.45947636249999996 0.247818921875 0.46081548124999994 0.8904208921875 0.3705036640625 0.888743078125 0.358037728125 0.8900886296875001 0.3562613 0.8894599765625 0.35158610625 0.8908055265625 0.349809678125 0.8874496828125 0.324876259375 0.8856836250000001 0.32353713906250003 0.8854739296874999 0.321977709375 0.8819433625 0.31929925312499996 0.8803867859375 0.31951801562500004 0.8786207296875 0.3181788953125 0.875509121875 0.31861620468749996 0.873742846875 0.3172755375 0.8721878171874999 0.3174940828125 0.8704217609375 0.3161549625 0 0.4384847625 0 0.495644159375
0 1 0.7134445796875 0.9998556531249999 0.7123737828125 0.9963250875 0.7096953265625 0.9916569031250001 0.7103513968749999 0.9898908453124999 0.709012278125 0.9774444140625 0.7107615093749999 0.9760973156249999 0.7125381546875 0.8656267234374999 0.728063784375 0.8638606671875 0.7267246640625 0.814070296875 0.7337222437500001 0.8123040234375001 0.7323815765624999 0.7983010140625 0.7343495718749999 0.7965349578125 0.7330104515625 0.74985774375 0.73957050625 0.7480916875 0.7382313875000001 0.63139633125 0.75463185 0.6296300578125 0.7532911828125 0.5424972984374999 0.76553689375 0.5407327890625 0.76419755625 0.4971656359375 0.7703205203125 0.49540112656249996 0.7689811828125 0.4658369828125 0.7731361531250001 0.4640724734375 0.771796815625 0.31470136718749997 0.79278955625 0.312936640625 0.791448671875 0.2724810953125 0.7971343281250001 0.2707165859375 0.7957949906249999 0.24737720468750002 0.7990751265625 0.2456111484375 0.79773600625 0.1662581828125 0.8088883390625 0.164491909375 0.807547671875 0.040753271875000004 0.824938003125 0.046880584375 0.8685361015625 0.11435188125 0.8590536296875 0.11611793749999999 0.8603927499999999 0.11746503593749999 0.8586161046875 0.15636245625 0.8531494281249999 0.15812851249999998 0.8544885484375 0.18146789375 0.8512084124999999 0.18323395 0.8525475312499999 0.21123996875 0.8486115421875 0.21300602500000002 0.8499506625000001 0.3094736078125 0.8363930281249999 0.3112398828125 0.8377336937500001 0.3765898390625 0.8285493578124999 0.3783543484375 0.8298886937500001 0.39080232656249997 0.8281392453124999 0.3925683828125 0.8294783640625001 0.434578959375 0.8235741624999999 0.43634368593749995 0.8249150468750001 0.6043859874999999 0.8012982421875 0.606150496875 0.8026375796874999 0.627934846875 0.7995759890625 0.62969935625 0.8009153250000001 0.6405907578125001 0.7993846390625 0.6423568140625 0.8007237593750001 0.6859239671874999 0.79460079375 0.6876886953125 0.7959416796875 0.79660425625 0.7806345953125 0.7983703125 0.7819737140624999 0.851272290625 0.7745388265625001 0.8530383468749999 0.775877946875 0.8903807359375 0.770629815625 0.8921470109375 0.7719704828125 1 0.7568127328124999 1 0.7134445796875
0 0 0.240012621875 0.539237328125 0.16422775625 0.5405828796875001 0.1624513296875 0.716404975 0.13774114531249998 0.7177503093750001 0.1359631703125 0.77376389375 0.128090975 0.7751109921875 0.1263143296875 0.7875574249999999 0.12456509687499999 0.7889045234375 0.1227884515625 0.8231353046875001 0.1179776296875 0.8244806390624999 0.1161996546875 0.9209497687500001 0.102641803125 0.9263333046875 0.095534328125 0.9278898828125 0.0953155640625 0.9292354328125001 0.09353913750000001 0.9290259546874999 0.0919812546875 0.9303728359375001 0.0902030625 0.9301633562499999 0.08864517968749999 0.9328542421874999 0.0850907765625 0.9324352843750001 0.0819750125 0.9337823828125 0.0801983671875 0.930424990625 0.055265165625 0.928658934375 0.053926045312500004 0.927103903125 0.054144590625 0.9253376296875 0.0528039234375 0.5643601609375 0.10353599843750001 0.563014828125 0.1053139734375 0.4836618625 0.11646630625000001 0.48231476406249996 0.1182429515625 0.4620885390625 0.1210855609375 0.46074143906250004 0.12286220625 0.45897538281249994 0.1215230875 0.4014067671875 0.129613828125 0.40005966875 0.13139047343750002 0.3969480609375 0.13182778125 0.3951820046875 0.1304886609375 0.390515365625 0.1311445140625 0.38916826718749997 0.132921159375 0.3829450515625 0.1337957765625 0.3811789953125 0.13245665625 0.379623965625 0.13267520156249998 0.378276865625 0.134451846875 0.2724729125 0.149321621875 0.271127578125 0.15109959687500002 0.0315121046875 0.18477535625 0.030166553125000002 0.186551784375 0 0.19079141718749998 0 0.240012621875
0 0 0.2955846953125 0.7955293 0.1837803421875 0.7968748515625 0.182003915625 0.8046546453125 0.1809105359375 0.8060015265624999 0.17913234375 0.8308959375 0.1756336625 0.8326622109375 0.1769743296875 0.8575566218749999 0.17347564843750002 0.8589035031250001 0.17169745625 0.8775746984374999 0.169073390625 0.8793394250000001 0.170414275 0.9073469921875 0.16647806874999999 0.908692325 0.16470009375 0.91647211875 0.163606715625 0.9178192171875 0.16183007031250002 0.9318222265625 0.159862075 0.933169325 0.1580854296875 0.9268752640625 0.1113361203125 0.751054715625 0.1360460875 0.7497076171875 0.1378227328125 0.6610198265625 0.1502869890625 0.65967449375 0.15206496249999998 0.584988165625 0.1625614421875 0.5836426140625 0.1643378703125 0.568083028125 0.1665246265625 0.5663169703125 0.16518550781250002 0.5476457765625 0.1678095734375 0.546300225 0.169586 0.144868759375 0.2260035140625 0.14352166093750002 0.227780159375 0.067280303125 0.2384951828125 0.06593496875 0.2402731578125 0.047263773437500003 0.24289722343750003 0.045916675000000004 0.24467386875 0 0.2511270359375 0 0.2955846953125
0 0.534963403125 1 0.9311999562500001 0.944312584375 0.9299411 0.9349624125 0.9283845218750001 0.9351811765625 0.9266200124999999 0.9338418390625 0.8970558687500001 0.9379968078124999 0.8952913609375001 0.936657471875 0.8875115671874999 0.9377508499999999 0.8857452921875 0.9364101828125 0.8655175203125 0.9392530109375 0.8637530109375 0.9379136734375001 0.78906823125 0.948409934375 0.787302175 0.947070815625 0.7686309796875 0.9496948812499999 0.7668649234375 0.9483557609375 0.7590851296875 0.9494491390625001 0.7573188546875 0.9481084734375 0.733981021875 0.9513883921874999 0.732214965625 0.950049271875 0.7291033578125 0.9504865796875 0.727756259375 0.9522632249999999 0.72464465 0.9527005328125 0.72287859375 0.9513614125000001 0.623299403125 0.96535635625 0.621533346875 0.9640172359375001 0.5950823578125 0.9677346796874999 0.5933160843749999 0.9663940125 0.5808696531249999 0.9681432453125 0.5791035953125 0.966804125 0.5588758234375 0.969646953125 0.5571113140625 0.9683076156249999 0.4839815640625 0.9785853328125 0.4822155078125 0.9772462125000001 0.45576451875 0.9809636562499999 0.4539997921875 0.979622771875 0.44466342187499996 0.9809349140625001 0.44289736562500004 0.97959579375 0.4211145625 0.9826571671875 0.41934850468749996 0.9813180484374999 0.34466372500000003 0.991814309375 0.3428974515625 0.9904736421875 0.310223246875 0.9950657015625 0.308457190625 0.9937265828124999 0.29134257343750003 0.996131884375 0.2895765171875 0.994792765625 0.263125528125 0.9985102093749999 0.2613592546875 0.9971695421875 0.2412195015625 1 0.534963403125 1
0 0.18922223437500002 1 0.22935045937499998 0.994921175 0.4902468890625 0.9701626484375 0.8859899796875 0.9264526609375 0.9349209828125 0.923545740625 0.998757065625 0.91358169375 0.9982809265625001 0.8838776312500001 0.9927010734374999 0.8816844156249999 0.652279928125 0.9176194109375 0.57621186875 0.9283100796875001 0.381273171875 0.9457837937500001 0.270627734375 0.9613339953125 0.1485614109375 0.9705495296875 0.06278154687500001 0.9816773234375 0.06535663124999999 1 0.18922223437500002 1
0 1 0.8078152031249999 0.98619515 0.80717884375 0.9066688875000001 0.8183555312499999 0.8508232453125 0.8222358171874999 0.7018825953125 0.8411831187500001 0.649493390625 0.84457605625 0.49709453750000004 0.8640093765625 0.43779069374999996 0.8683756812500001 0.4242219484375 0.8722660093749999 0.361459903125 0.8771183328125 0.2646457265625 0.890724678125 0.2053416640625 0.8950894343750001 0.1986895390625 0.8980092718750001 0.053337346875000004 0.9144783515625001 0.0624231765625 0.9791273828125 0.0690366953125 0.9817259984375 0.1416465546875 0.9715213484375 0.30866176562500003 0.9559886609375001 0.3985610859375 0.9433541359375001 0.5482881640625 0.9302495578125001 0.56185669375 0.9263576828125 0.5934997828124999 0.9258804218750001 0.6347292828125 0.9181010515624999 0.9788713609374999 0.8836280546875 0.999354746875 0.878764359375 1 0.8783675656250001 1 0.8078152031249999
0 0.2853918421875 0.8878090015625 0.3994939328125 0.8717729984375 0.548959828125 0.8567201859375 0.7082735359375001 0.8363150453125 0.875288746875 0.8207823578125 0.9755595781249999 0.8066902125000001 0.982761609375 0.7947608500000001 0.9798781921874999 0.773334878125 0.9753706125000001 0.7660286078125 0.9626149390625001 0.762860521875 0.48362465312499997 0.8162851984374999 0.1647345046875 0.8551474593749999 0.154624178125 0.8585533156249999 0.074574 0.86583375 0.0470445484375 0.8697027609375001 0.053063132812500004 0.9125272140625 0.1808761625 0.8965428953125001 0.2853918421875 0.8878090015625
0 1 0.7134437078125 0.9999347578125001 0.7129590953125 0.9954287265625 0.7056526078124999 0.9824087734375 0.700536721875 0.9696266734375 0.7102713203125 0.8762706984375 0.723391646875 0.1270603015625 0.8108249765625001 0.040479926562500004 0.8229930546875 0.04678120625 0.8678289890625001 0.625650446875 0.7983097171875 0.9139451187500001 0.7677156765625 1 0.7556214531250001 1 0.7134437078125
0 0.80526535 0.5884857875 0.8914439546875 0.574390809375 0.8994326328125 0.56830571875 0.8928773859374999 0.5196081734375 0.8835783656249999 0.5159542874999999 0.013675840625 0.6322720671875001 0.0212288078125 0.6860142234375 0.022265553125 0.68662115625 0.80526535 0.5884857875
0 0.0319490625 0.6277032124999999 0.3638822765625 0.581053040625 0.81416243125 0.52372511875 0.972952225 0.4994237265625 0.96799493125 0.44951071093749995 0.9549747609375 0.444393278125 0.78581345625 0.4701522921875 0.010777675 0.5751065828125 0.0061383125 0.5786397671875 0.012751209375 0.6256929734375001 0.01785661875 0.6276988328125 0.0319490625 0.6277032124999999
0 0 0.5349634062499999 0.0050671140625 0.571017796875 0.006795559375 0.5716963484375001 0.726770578125 0.476465284375 0.9411450484375001 0.44633691718749996 0.9491321781250001 0.44025204375 0.943363578125 0.39739877031250004 0.9343272890625001 0.395692903125 0.0007644453124999999 0.526896603125 0 0.5274781203125001 0 0.5349634062499999
0 0 0.5247511671875 0.0005017140625000001 0.5249485859374999 0.79947908125 0.41464458125 0.8042722875000001 0.41099352656250004 0.801125921875 0.387617990625 0.7955462875 0.385426321875 0.000027121874999999997 0.49524430625000004 0 0.49526495937500004 0 0.5247511671875
0 0 0.435233421875 0.0025330421875 0.4353501640625 0.150949778125 0.412506609375 0.43154316562500006 0.377041665625 0.8741202687499999 0.314841509375 0.965617325 0.300989965625 0.9696485453125 0.2785906265625 0.966239665625 0.25326862031249997 0.956677915625 0.247666715625 0.6005403828125 0.29771858125 0.4143521296875 0.327853940625 0 0.3841717359375 0 0.435233421875
0 0 0.38035420000000003 0.19971669375 0.3560356203125 0.41702390312500004 0.3215251984375 0.911466296875 0.25203585156249997 0.949237596875 0.2447425 0.954030803125 0.2410914453125 0.9527682343749999 0.20554465937500002 0.9466644671875001 0.19945518906249998 0.64930708125 0.2412460453125 0.110702446875 0.3228968171875 0.072405684375 0.3262941328125 0 0.3385914875 0 0.38035420000000003
0 0 0.3344220234375 0.6458504265625 0.2417318453125 0.9187407640625 0.2013946671875 0.93338333125 0.19239106875 0.93421908125 0.1724257671875 0.9246573296875 0.1668238625 0.327270784375 0.25673431562500004 0.31663654218750004 0.25624391874999997 0.058099832812499995 0.29853371093750003 0 0.3050377140625 0 0.3344220234375
0 0 0.1887997671875 0.173495928125 0.1612469875 0.415529821875 0.1272313421875 0.802261284375 0.06891147343750001 0.8070544906249999 0.06526041875000001 0.803908340625 0.0418864296875 0.794609103125 0.0382309953125 0.6217268671875 0.062528009375 0 0.1555468203125 0 0.1887997671875
0 0.700762175 0 0.39786441093749997 0.0483408859375 0 0.1079159859375 0 0.15527814375 0.6110910781250001 0.062037829687500004 0.6148120109375 0.0634998296875 0.76642266875 0.038222456249999995 0.8462116625 0.0289937859375 0.935585521875 0.012463225 0.9346991109375 0.0032595203125 0.934260221875 0 0.700762175 0
0 0.4650365953125 0 0 0.06535663124999999 0 0.10523914999999999 0.1417365265625 0.0823523703125 0.1481276859375 0.0774858453125 0.1686110703125 0.07262215 0.65603249375 0 0.4650365953125 0