0 0.46933833593749996 0 0 0.06542818125 0 0.10221187031250001 0.612315221875 0 0.46933833593749996 0
0 0.5884583531249999 0 0 0.1016337203125 0 0.1304431734375 0.014738075 0.12837187187500002 0.6584436359375 0.0181817609375 0.6869909140625 0.009238903125 0.6856924703125 0 0.5884583531249999 0
0 0 0.1856681203125 0.042979173437500004 0.179627790625 0.7517443 0.058321832812499995 0.7718307249999999 0.051554231250000006 0.7794761109375 0.043576625 0.7756705968750001 0.0164989828125 0.7706015749999999 0.0053774703124999995 0.761325253125 0.0017503734375 0 0.1294418140625 0 0.1856681203125
0 0 0.236246796875 0.8688412984375 0.0931452296875 0.872775228125 0.08371691406250001 0.863900690625 0.045517759375 0.8546259171875 0.0418904453125 0.8064865109375001 0.0486559984375 0 0.1865496921875 0 0.236246796875
0 0 0.27000450468750004 0.1580928015625 0.25023168125 0.864505584375 0.137145603125 0.871607325 0.1252997625 0.8680736328125 0.1001562359375 0.858525490625 0.09459502187499999 0.7722937578125 0.10474178281249999 0.07329924531250001 0.2207299296875 0 0.2363395796875 0 0.27000450468750004
0 0 0.311896565625 0.050060003124999995 0.304861090625 0.8450584093750001 0.17340815625 0.8598517921875001 0.16639828437499998 0.8560462781249999 0.139320640625 0.7682298656250001 0.1506762734375 0 0.274080965625 0 0.311896565625
0 0 0.3607063625 0.00527961875 0.36046255 0.09811725 0.347415071875 0.8455198953125 0.22659592499999998 0.8658796890625 0.2217622234375 0.8732517062499999 0.21185071562500002 0.8691743687500001 0.18283895625 0.859084128125 0.173409290625 0 0.31186529687500003 0 0.3607063625
0 0 0.4123104171875 0.8814063796875 0.26987423593750004 0.8807671296875 0.24037928437499997 0.8722600203124999 0.22974096406250002 0.8629837 0.22611386718749998 0.7838999640625001 0.23722836093750002 0 0.36301347968750003 0 0.4123104171875
0 0 0.44104420624999996 0.31185739375 0.3962686328125 0.7403024734375 0.32619300625 0.7759977484375 0.318217884375 0.77246405625 0.293074359375 0 0.4142147484375 0 0.44104420624999996
0 0 0.49182901718750005 0.0065715640625 0.49439870468749997 0.35701865 0.4431742578125 0.9740334359375 0.3426522484375 0.9819506453125 0.336608759375 0.975698728125 0.2921240609375 0.712794684375 0.330058975 0.023300512500000002 0.43879497812499996 0 0.44420666718749996 0 0.49182901718750005
0 0 0.5349634046875 0.0011963625 0.5434759671875 0.0073048718750000005 0.549520590625 0.103853959375 0.5379238203125001 0.9729611390624999 0.4098618125 0.9909207859375 0.40043463125 0.981998446875 0.3494221171875 0.010281473437499999 0.4958496296875 0 0.5017591109375 0 0.5349634046875
0 0.0118317953125 0.55677365 0.004186409375 0.5647512578125 0.013604590625 0.606818646875 0.0191710015625 0.6089948171875 0.24266831562500002 0.5775843187499999 0.89515435625 0.479966428125 0.9091322703125 0.46715420312499994 0.9047831109375 0.43620832500000006 0.8872715046874999 0.423877025 0.45086295937500004 0.48718256562500006 0.0118317953125 0.55677365
0 0.1084883875 0.6457500656249999 0.9157038125 0.5263863765625 0.9270591078124999 0.5198596953125 0.9218944812500001 0.48311146562499996 0.91605779375 0.4790009609375 0.016275012499999998 0.6133464609375 0.0117974390625 0.6189065421875 0.016690242187500003 0.6537206546875 0.0225269296875 0.6578311593749999 0.1084883875 0.6457500656249999
0 0.0677853390625 0.730363284375 0.964400309375 0.598435309375 0.9757540578125001 0.5919088453125 0.96307400625 0.5266320484375 0.9575091421874999 0.5244556593749999 0.9432116031250001 0.522520409375 0.9191419 0.5259031843749999 0.0296764734375 0.6587986765625 0.018864821875 0.6691935921875001 0.027563140625 0.731085346875 0.033399828124999996 0.735195853125 0.0677853390625 0.730363284375
0 0.8548321812499999 0.6670867312500001 0.8696255640624999 0.6600768593749999 0.8641891140625001 0.6213945125 0.85491279375 0.617767415625 0.538306025 0.660291275 0.037111284375 0.7366465609375 0.030281365625 0.7504265203125 0.0340868796875 0.7775041625 0.040195389062499996 0.7835487859375 0.8548321812499999 0.6670867312500001
0 0.05043058593750001 0.8314183093749999 0.9579034609375 0.7019089953125001 0.9626544046875001 0.6982828140625 0.95857706875 0.6692710546875 0.9447753703125 0.6583906796875 0.2330201953125 0.7584213453124999 0.04101085625 0.7893511375 0.0395233296875 0.816186509375 0.05043058593750001 0.8314183093749999
0 0.8967465609374999 0.76572898125 0.9049340453125 0.7616198265625 0.8931172640625 0.714958740625 0.0541404953125 0.8328692359375 0.043057021875000004 0.8413300343750001 0.0479498265625 0.8761441453125001 0.054058334374999996 0.8821887687500001 0.8967465609374999 0.76572898125
0 1 0.74824626875 0.91999925 0.756544071875 0.0546019796875 0.8860570031250001 0.060358054687499996 0.9394868265625 1 0.8140764515625 1 0.74824626875
0 1 0.853226225 0.9975148468749999 0.8215842640625001 0.9916766125 0.8174739765625001 0.78138955 0.8430832562499999 0.0762387265625 0.940213421875 0.06619628749999999 0.9435971140625 0.0619889890625 0.9510915296875 0.06688179375 0.9859056421875 0.08445197812500001 1 0.0860108578125 1 0.9665346125 0.8880663156249999 0.990604315625 0.8846835390625 1 0.8792826281250001 1 0.853226225
0 1 0.874464165625 0.09995173125 1 0.39271093281249997 1 1 0.9223785640625 1 0.874464165625
0 1 0.9243867203124999 0.48289928125000003 0.9895662609375 0.40265897656250005 1 0.5279465140624999 1 1 0.933657209375 1 0.9243867203124999