0 1 0.1202565390625 0.9899987046875 0.11885094843749999 0.72300134375 0.0958842109375 0.529750996875 0.07496348750000001 0.36859721093750003 0.062711290625 0.0876532640625 0.0336252609375 0.074231909375 0.036938046875000005 0.0685477046875 0.06421396874999999 0.0687865453125 0.07568383281249999 0.0738015578125 0.0795080671875 0.120992471875 0.08614031875 0.2126026328125 0.0927764453125 0.4787399484375 0.1218627296875 0.5228725828125 0.1239059390625 0.5773234015625001 0.131558503125 0.9646839249999999 0.1672819515625 1 0.1778847546875 1 0.1202565390625
0 0.9836926343749999 0.24273677343750003 0.9895672578125 0.24044455468749998 0.994535378125 0.17875594687500002 0.9861770234374999 0.1723822234375 0.935357703125 0.1652400328125 0.0771448984375 0.0820575578125 0.06343693593750001 0.08740967656250001 0.061048303125 0.13074428437500002 0.06883343750000001 0.141196675 0.195883284375 0.1590523671875 0.9836926343749999 0.24273677343750003
0 1 0.2471082375 0.9398466078125001 0.2386542296875 0.083066634375 0.145276634375 0.06071370625 0.1462943625 0.05063569375 0.15215663906250002 0.0429934265625 0.1801956015625 0.05130379375000001 0.2000800703125 0.0669220515625 0.20747410624999998 1 0.31589504687500003 1 0.2471082375
0 1 0.3399370453125 0.9951561625 0.31921238125 0.9446219046875 0.310030640625 0.07723890312500001 0.2130816953125 0.0660624390625 0.213590559375 0.0556978171875 0.22149216875 0.053595793749999995 0.26278744375 0.0686408328125 0.274260146875 0.1194617 0.2814025546875 0.9533137625 0.3798778734375 0.979011578125 0.381409853125 0.9927195421875 0.376057734375 1 0.3475948921875 1 0.3399370453125
0 1 0.3886106984375 0.0683542234375 0.27629948125000003 0.0585628203125 0.2801224234375 0.05426389375 0.310710875 0.05927890625 0.314535109375 0.088320065625 0.318616578125 1 0.4283632234375 1 0.3886106984375
0 1 0.4312251265625 0.9436652265625 0.4221921703125 0.09920991875 0.320147046875 0.0698821515625 0.3181049125 0.048627674999999995 0.3244760515625 0.0396481140625 0.3356917390625 0.0364956265625 0.35812285781250003 0.042035871875000005 0.3713791703125 0.057080909375 0.382851875 0.07131410625 0.3869318328125 0.62728071875 0.4609086171875 1 0.5056176578125 1 0.4312251265625
0 1 0.5070520562499999 0.9149113484375 0.495093625 0.064054203125 0.3859115203125 0.0470028984375 0.38871415 0.0410802875 0.40451711250000005 0.0427039703125 0.4193026015625 0.05803561875 0.428735971875 0.997500846875 0.5527458046875 1 0.5349634046875 1 0.5070520562499999
0 0.0443276546875 0.4340880921875 0.0391689 0.47079454375 0.043897303124999995 0.4766581109375 0.9897952234374999 0.6075741625 0.9969378484375 0.5567517484375 0.05774900937500001 0.43077530625 0.0443276546875 0.4340880921875
0 0.046954034374999995 0.481246934375 0.0371626328125 0.4850698765625 0.03286370625 0.5156583296874999 0.03420078125 0.5324831515625 0.0459024765625 0.541406365625 0.9803547203124999 0.6747468296875 0.989507309375 0.6096227796875 0.0690219 0.48226875781249995 0.046954034374999995 0.481246934375
0 0.041412696875 0.547014209375 0.027418340625 0.5544041140625 0.02139975625 0.5972285671875001 0.023023440625 0.6120140562499999 0.0313817953125 0.6183877812499999 0.0710261984375 0.6260390515625 0.9691765109375 0.7542839234375001 0.9800587609375 0.6768526968749999 0.05985061093750001 0.547525875 0.041412696875 0.547014209375
0 0.026892015624999998 0.6239956234374999 0.0171006125 0.6278185656249999 0.011751003125 0.639544409375 0.008025296875 0.6660541953125 0.0188671640625 0.681095409375 0.950635253125 0.8203653281250001 0.9610958484375001 0.78544223125 0.960331775 0.7645402890625 0.9522600296875 0.75612723125 0.026892015624999998 0.6239956234374999
0 0.010986271875 0.6976629609375 0.0078335671875 0.7200956265625 0.010030470312500001 0.73080245 0.021732384375 0.739724115625 0.9508752484375 0.884504175 0.9590416656249999 0.8263971015625 0.0219238953125 0.6856842328125 0.010986271875 0.6976629609375
0 0.0214457734375 0.74176345 0.008024420312499999 0.7450762359375 0.0022924453125 0.7858613546875 0.0106508 0.7922350781249999 0.9433109734375 0.9383267921874999 0.9506127765624999 0.8863717578125 0.26437055 0.7779839140625 0.0214457734375 0.74176345
0 0 0.8154702875 0.013613106250000001 0.8238456078124999 0.241443309375 0.862103896875 0.795688934375 0.948314915625 0.8501397531249999 0.9559674796875001 0.85601459375 0.9536737140625 0.8594536921874999 0.9292032609374999 0.8544386796874999 0.9253790265624999 0.3041098328125 0.8376372828124999 0.017912249999999998 0.793255609375 0.004775959375 0.79452884375 0 0.8091471531250001 0 0.8154702875
0 0.93464336875 1 0.9390790234375 0.9684386765624999 0.0099816078125 0.8233352343749999 0.00019020468750000001 0.8271581765624999 0 0.828511553125 0 0.8778078624999999 0.00195675625 0.8804350203125001 0.01982166875 0.8850238046875001 0.73296813125 1 0.93464336875 1
0 0.73236605625 1 0.005015253125 0.8850225125 0 0.8869803609375 0 0.93464336875 0.4650365953125 1 0.73236605625 1