0 1 0.08638281249999999 0.9781453125 0.0845703125 0.9711421874999999 0.093565625 0.972371875 0.3048828125 0.9653484375 0.4840140625 0.9574578125000001 0.9944640625 1 0.994215625 1 0.08638281249999999
0 0.9719328125000001 0.22966875 0.968878125 0.22431406250000002 0.9446843749999999 0.22445468750000003 0.9417546874999999 0.2405890625 0.9272343749999999 0.8639046875 0.9261078125 0.9946453125 0.9564640624999999 0.99446875 0.9721203125000001 0.261903125 0.9719328125000001 0.22966875
0 0.9432078125000001 0.14387343749999998 0.938115625 0.13494843750000002 0.8997875000000001 0.1315890625 0.88675625 0.1442015625 0.8752484375 0.591990625 0.87071875 0.99496875 0.9262234375 0.9946453125 0.9434781250000001 0.190434375 0.9432078125000001 0.14387343749999998
0 0.8862140625 0.051078124999999995 0.883159375 0.045723437500000005 0.8387828125000001 0.0424 0.8297625 0.05140625 0.8170359375 0.98274375 0.8171078125 0.9952796875000001 0.8676578125000001 0.9949859375000001 0.8850109375 0.190775 0.8862140625 0.051078124999999995
0 0.7785624999999999 0.9543140625 0.7805859374999999 0.9954921875 0.8163875 0.995284375 0.8170984375 0.9934890624999999 0.8342953124999999 0.13734375000000001 0.8318625000000001 0.065721875 0.8226953124999999 0.04965625 0.792453125 0.049832812500000004 0.78545 0.058828124999999995 0.777790625 0.8217921875 0.7785624999999999 0.9543140625
0 0.7834953125 0.069584375 0.7764078125 0.064253125 0.758284375 0.067940625 0.7513421874999999 0.08768125 0.7400890625 0.9258828125 0.7404953125 0.995725 0.7768765625 0.9955140625000001 0.7860953125 0.16985937499999998 0.7834953125 0.069584375
0 0.7361265625 0.9957515625 0.7384062499999999 0.9832015625 0.7514875 0.1127515625 0.751259375 0.0733546875 0.7461656249999999 0.0644296875 0.7058234375 0.06108281250000001 0.6968234375 0.0736703125 0.687628125 0.9190250000000001 0.6899609375 0.9960203125 0.7361265625 0.9957515625
0 0.6842453125 0.9960531250000001 0.6859656249999999 0.979925 0.695203125 0.141734375 0.6927703125 0.0701125 0.6856609375 0.0612 0.671528125 0.057699999999999994 0.6473546875 0.061421875 0.638396875 0.0811734375 0.635734375 0.9963359374999999 0.6842453125 0.9960531250000001
0 0.63375 0.9963468750000001 0.638959375 0.1778796875 0.613746875 0.176234375 0.6107546875 0.18162499999999998 0.6045859375 0.5076031249999999 0.6044921875 0.9965171875 0.63375 0.9963468750000001
0 0.55715625 0 0.54971875 0.7801375 0.5509796875 0.9968281250000001 0.6026421875 0.996528125 0.6033671875 0.9911515625 0.6118125 0.01685625 0.610765625 0 0.55715625 0
0 0.490796875 0 0.4888078125 0.013990625000000001 0.4925296875 0.9971687499999999 0.548978125 0.9968406249999999 0.551578125 0.0601890625 0.5496875 0 0.490796875 0
0 0.488184375 0.0802578125 0.4739890625 0.0660125 0.43769843750000004 0.06622343750000001 0.42869843750000003 0.0788125 0.42852187500000005 0.74144375 0.43001093749999997 0.9975328125 0.48653281249999997 0.9972031250000001 0.4898546875 0.54050625 0.488184375 0.0802578125
0 0.428390625 0.3725203125 0.426578125 0.060915624999999994 0.4235234375 0.0555609375 0.3811640625 0.052225 0.37617500000000004 0.061209374999999996 0.37962656250000004 0.997825 0.42743593750000003 0.9975468749999999 0.42798437500000003 0.995753125 0.428390625 0.3725203125
0 0.3002890625 0.013296875 0.295321875 0.025860937499999997 0.29698437499999997 0.9983062500000001 0.3759640625 0.9978468749999999 0.37751875 0.9853015624999999 0.3780453125 0.036125000000000004 0.3688796875 0.0200609375 0.3002890625 0.013296875
0 0.246540625 0.1318078125 0.24155312499999998 0.1407921875 0.24654375 0.9986 0.29508125 0.9983171875 0.29761875 0.7672765625 0.29399375 0.14406875 0.2889015625 0.13514375 0.246540625 0.1318078125
0 0.18956875 0.042595312499999996 0.186596875 0.0515671875 0.196103125 0.9988921875000001 0.24044218750000002 0.998634375 0.2423765625 0.9753421875000001 0.2400765625 0.060209374999999996 0.2218265625 0.042407812499999996 0.18956875 0.042595312499999996
0 0.1355296875 0.1109625 0.13253593749999998 0.11635312499999999 0.14166406250000002 0.9992093750000001 0.1935640625 0.9989078125 0.19411406250000002 0.9971140625 0.1869921875 0.11961875 0.1677875 0.110775 0.1355296875 0.1109625
0 0.06745625 0 0.0781109375 0.8115359375000001 0.08118906249999999 0.9941890624999999 0.08222968750000001 0.9995546875000001 0.13967812500000001 0.9992218749999999 0.13189062499999998 0 0.06745625 0
0 0.03220625 0.0256015625 0.0060171875 0.0293359375 0.0002484375 0.0427234375 0.0010843749999999998 0.186296875 0.0185015625 0.9623171875000001 0.0206640625 0.987378125 0.02575625 0.9963015625 0.0345140625 0.9998328125 0.0769875 0.9995859375 0.07919375 0.9977828125 0.0741359375 0.474871875 0.065525 0.034362500000000004 0.062468749999999997 0.0290078125 0.03220625 0.0256015625