0 0 0.6403279359375 0.0401481 0.6445476718750001 0.0415375703125 0.6462758156249999 0.1681091296875 0.6595790234375001 0.1694987640625 0.6613056125 0.2038765890625 0.6649188671874999 0.2052662234375 0.6666454578125001 0.2318308359375 0.6694375109374999 0.2332189171875 0.6711639375 0.26916000625000003 0.6749414984375 0.270549478125 0.6766696421875 0.514317671875 0.7022907109375 0.51570730625 0.7040173015625 0.5672732671875 0.7094371015625 0.5686629015625 0.7111636921875 0.5874143015625 0.7131345437500001 0.588803771875 0.7148626874999999 0.6559961578125 0.7219248921875 0.6573857921874999 0.72365148125 0.835524865625 0.7423746515625 0.836912946875 0.744101078125 0.915045071875 0.752313096875 0.9167804125 0.7509149546875 0.9183436765625 0.751079259375 0.9218160718749999 0.7482815859375 0.9290995859375 0.6826458609375 0.9263218703125 0.6791928453125 0.923196896875 0.678864396875 0.9218074250000001 0.677136253125 0.5702175171875 0.6401826640625 0.5688278828125 0.638456075 0.4844473625 0.6295873249999999 0.4830577265625 0.627860734375 0.418990315625 0.6211269781250001 0.4176008453125 0.619398834375 0.34884519531249997 0.612172325 0.3474571140625 0.6104458984375001 0.12087705468750001 0.586631375 0.1194874203125 0.584904784375 0.011665707812499999 0.573572265625 0.0102776265625 0.5718458390625 0 0.5707656171875 0 0.6403279359375
0 0 0.7035681234375 0.022272103125 0.705909015625 0.0236617390625 0.70763560625 0.1783611734375 0.723895171875 0.1797492546875 0.7256215984375001 0.20944039375 0.7287422625 0.21082831249999998 0.7304702421875 0.23426795 0.7329338484375 0.235657584375 0.7346604375 0.262222196875 0.737452490625 0.263610278125 0.7391789171875 0.43081116406250003 0.7567524390625 0.432200634375 0.7584805828125 0.4556402734375 0.7609441875 0.4570299078125 0.7626707781250001 0.48984446875 0.7661197265624999 0.49123410312500004 0.7678463171875001 0.5412368 0.7731018125 0.542626434375 0.7748284015625 0.67857446875 0.7891171156250001 0.679963940625 0.7908452593749999 0.7237166890625 0.795443859375 0.7251063234374999 0.7971704484375 0.7407327484375 0.7988128515625 0.7421223828125 0.8005394421875 0.7921250796875 0.8057949375 0.7935145515625 0.8075230812499999 0.9075862125 0.8195124953124999 0.9122692953125 0.7773177390625 0.910879659375 0.7755911484375 0.911053453125 0.7740273109375 0.9096638171875 0.772300721875 0.9103584984375 0.76605003125 0.9089688640625001 0.764323440625 0.9093162859374999 0.7611973187500001 0.9079266515625 0.7594707281249999 0.9063633875000001 0.7593064234375 0.90497546875 0.7575784421875 0.9034122046874999 0.7574141375 0.9020225703125 0.7556875468750001 0.8957726218750001 0.7550306515625 0.8943829875 0.7533040609375 0.8896963031249999 0.7528114703125001 0.8883068312500001 0.7510833265625 0.8539290062499999 0.747470071875 0.852539371875 0.7457434828125 0.605646203125 0.7197939640625 0.60425656875 0.7180673750000001 0.5292509703125 0.71018396875 0.5278613359375 0.708457378125 0.5059849609375 0.7061580796875 0.5045954906250001 0.7044299359374999 0.46709269062500003 0.7004882328125001 0.46570305625 0.6987616421875 0.23287304843749998 0.6742902234375 0.2314834140625 0.6725636328125 0.193980615625 0.6686219296875 0.19259114375 0.6668937859375 0.164464821875 0.663937590625 0.16307518593749998 0.6622110015625 0.1349473109375 0.6592546421875001 0.1335592296875 0.657528215625 0 0.6434905750000001 0 0.7035681234375
0 0.052446103125 0.3770725953125 0.10870030156249999 0.38298515 0.110435640625 0.3815870078125 0.15418994218749998 0.3861857703125 0.155579578125 0.387912359375 0.180580925 0.39054010781250004 0.182316265625 0.38914196562500003 0.2354454890625 0.394726071875 0.23683512499999998 0.3964526625 0.2633997359375 0.39924471562499997 0.26478937187499996 0.40097130468750003 0.910151721875 0.46880162187499996 0.9115395296875001 0.45630007656249993 0.91327486875 0.45490193437500004 0.9137959203125 0.45021352812500004 0.9155312609375 0.4488153875 0.9183070375 0.42381074375 0.916917403125 0.42208415468749994 0.9170911953124999 0.420520315625 0.9143134796875 0.4170673 0.9127502156249999 0.41690299375000006 0.91136058125 0.4151764046875 0.9082356078125 0.41484795625000004 0.9068461359375 0.4131198125 0.905284425 0.4129556703125 0.903894790625 0.41122907968750005 0.02101419375 0.318434590625 0.0192773 0.31983256875 0.0191035078125 0.32139640625 0.01736816875 0.3227945484375 0.015287234375 0.341546946875 0.0137715421875 0.34276864375 0.0107539359375 0.3714792484375 0.0118183296875 0.37280244375 0.0116447 0.374364728125 0.050709209374999994 0.3784705734375 0.052446103125 0.3770725953125
0 0 0.7509982625 0.03894434375 0.755091478125 0.040333978124999996 0.75681806875 0.042070871875 0.755420090625 0.08113538125 0.7595259359375001 0.082525015625 0.761252525 0.105964653125 0.7637161296875 0.1073542890625 0.7654427203124999 0.1354806109375 0.768398915625 0.1368702453125 0.77012550625 0.2337522171875 0.7803082109374999 0.2351416890625 0.7820363546875 0.3007723640625 0.7889344171875 0.3021604453125 0.79066084375 0.314661896875 0.7919747984375001 0.31605153124999996 0.7937013890625 0.35824256875 0.7981358453125 0.3596304859375 0.7998638265625 0.5283946359375 0.8176016531249999 0.5297827171875 0.8193280796875 0.5516606453125 0.8216275421875 0.553048725 0.82335396875 0.5639869125 0.82450361875 0.5653765468749999 0.8262302078125 0.6091308484375 0.8308289703125 0.610518765625 0.8325569515625 0.7199021890624999 0.8440536125 0.7212918234375 0.8457802015624999 0.7744210484375 0.8513643078124999 0.7758106828125 0.8530908984375 0.8133134828124999 0.8570326015624999 0.8147029531250001 0.8587607453125001 0.9287730609375 0.870749996875 0.9322454578125001 0.867952321875 0.9357143625000001 0.836696825 0.9343262812500001 0.8349703984374999 0.93449835625 0.8334079515624999 0.9331104390625 0.831679971875 0.9336299359375 0.8269914015625 0.9308522203124999 0.8235383859375001 0.9261639828125 0.82304563125 0.9247743484375001 0.8213190421875 0.91227445 0.82000525 0.9105375578125001 0.8214032281250001 0.7995924234375 0.8097424249999999 0.7982027890625 0.808015834375 0.7481985390625 0.8027601765625001 0.7468090671875001 0.8010320328124999 0.73274590625 0.799553934375 0.731356271875 0.7978273453125 0.68447855 0.7929002984375 0.683088915625 0.7911737078125001 0.5658922796875 0.7788558453125 0.5645028078125 0.7771277015625 0.476995759375 0.767930340625 0.475607678125 0.7662039140625 0.4318533765625 0.7616051515625 0.4304652953125 0.759878725 0.4007741546875 0.756758059375 0.3993860734375 0.7550316328125 0.24937332343750002 0.7392646578125001 0.24798540624999998 0.737536678125 0.20735607968749997 0.7332663625 0.20596799843750002 0.7315399359375 0.1825283609375 0.72907633125 0.181138725 0.7273497421874999 0.1014448890625 0.71897358125 0.1000554171875 0.7172454375 0 0.7067291906250001 0 0.7509982625
0 1 0.1667904359375 0.6583617125 0.13088280624999998 0.6566262093749999 0.13228250156250002 0.5769323734375 0.1239063421875 0.5751954796875001 0.1253043203125 0.5548823703125 0.12316932656249999 0.5531454765625 0.12456730468749999 0.5517558421875 0.12284071562500001 0.4939399328125 0.11676401875 0.4922030390625 0.118161996875 0.48907806562499995 0.1178335484375 0.48768843124999994 0.116106959375 0.483001746875 0.11561436875 0.481264853125 0.11701234687499999 0.4750149046875 0.1163554515625 0.47362526875000005 0.1146288609375 0.472063559375 0.11446471875 0.47032666562500003 0.11586269687499999 0.3640682171875 0.104694484375 0.3623327140625 0.10609417968749998 0.12168794062499999 0.0808013953125 0.11995260156250001 0.0821995375 0.043383739062499996 0.074151825 0.038181159375 0.1210351515625 0.03974286875 0.12119929375 0.041132503125 0.122925884375 0.6193024687500001 0.18369399687500002 0.621037809375 0.1822958546875 0.797615171875 0.2008548828125 0.7993506734375 0.1994551875 0.8556048734375 0.20536774218749998 0.857341765625 0.2039697640625 0.8698416640625 0.20528355625 0.87157855625 0.2038855765625 0.90595638125 0.20749883281249998 0.907691884375 0.2060991359375 1 0.215801109375 1 0.1667904359375
0 1 0.22528745312499998 0.8316457375 0.20759270624999998 0.82990884375 0.208990684375 0.740840084375 0.19962918125 0.73910458125 0.2010288765625 0.6640974296875 0.1931453078125 0.6623620906250001 0.19454345 0.646735665625 0.19290104531250002 0.6453460296875 0.19117445625 0.6265946312499999 0.1892036046875 0.624859290625 0.190601746875 0.2217034234375 0.1482283578125 0.21996653125 0.14962633593750002 0.14339766874999998 0.1415786234375 0.141662165625 0.1429783203125 0.122910765625 0.14100746875 0.12117387187499999 0.142405446875 0.046168274999999995 0.134522040625 0.044432934375 0.1359201828125 0.039744696875 0.135427428125 0.03800935625 0.1368255703125 0.037661934375 0.1399516921875 0.0390515703125 0.1416782828125 0.038356889062499996 0.1479289734375 0.0366213859375 0.14932866875 0.034366659375000004 0.1696449046875 0.035754740624999996 0.17137133124999998 0.035582665624999996 0.1729337796875 0.037144375 0.173097921875 0.038534009375 0.1748245109375 0.040097275 0.17498881718749998 0.0414851921875 0.176716796875 0.0461734296875 0.1772095515625 0.047563065625 0.17893614062500002 0.8632512765625 0.2646684265625 0.8649866156250001 0.263270284375 0.872799828125 0.2640914859375 0.8745368843750001 0.2626919546875 0.8995382328125 0.2653197015625 0.9009277046875 0.2670478453125 0.9259290531250001 0.26967559375 0.927666109375 0.2682760609375 0.946417509375 0.2702469125 0.9478054265625 0.2719748921875 0.9759333031249999 0.2749312515625 0.97766880625 0.27353155625 0.98548201875 0.2743527578125 0.9872189109375 0.2729547796875 1 0.274298125 1 0.22528745312499998
0 0.6507942484375 1 0.65047081875 0.9995981468749999 0.64265760625 0.9987769453125 0.641268134375 0.9970488015625 0.61783005 0.994585359375 0.616440415625 0.9928587703125 0.613315440625 0.9925303218750001 0.6115785484375 0.9939283 0.6084535734375 0.9935998515625 0.6070639390625 0.9918732625000001 0.5070569921875 0.9813621078124999 0.5056673578125 0.97963551875 0.4791027453125 0.9768434656249999 0.4777132734375 0.9751153218749999 0.4652133765625 0.9738015296875 0.4638237421875 0.9720749390625001 0.44350907812499996 0.9699397828125 0.4421209984375 0.96821335625 0.368677109375 0.9604940921875 0.36728747500000003 0.958767503125 0.3407228625 0.9559754500000001 0.33933494531249997 0.95424746875 0.32995846875 0.9532619609375 0.328568834375 0.9515353718749999 0.306692459375 0.9492360718749999 0.305302825 0.9475094828125 0.23029722656249998 0.9396260765625 0.22890775468750002 0.9378979328125 0.1960931953125 0.9344489828125001 0.194703559375 0.93272239375 0.177515425 0.9309158468750001 0.1761257890625 0.9291892578125 0.149561178125 0.9263972046875001 0.14817170625 0.9246690609374999 0.10129398437499999 0.9197420140625001 0.09955692656250001 0.9211415453124999 0.09799521718750001 0.920977403125 0.0966057453125 0.919249259375 0.0153501984375 0.9107089578125 0.0139605640625 0.9089823671874999 0.0014591125 0.9076684125 0.000069478125 0.905941821875 0 0.90593451875 0 0.9502020218749999 0.4737961125 1 0.6507942484375 1
0 0.88898948125 1 0.8906114484375 0.9930198921875 0.8857279296874999 0.9895419343749999 0.546725284375 0.942054178125 0.4703304640625 0.934024759375 0.2769550046875 0.903819490625 0.1658342765625 0.89214023125 0.0451644046875 0.8715515078125 0 0.8663189515624999 0 0.9007416890625001 0.1176576390625 0.91474385 0.376793959375 0.9538373171875 0.718346028125 1 0.88898948125 1
0 0 0.8668045375 0.0382198453125 0.8708216046875 0.20403168749999998 0.896154940625 0.2943171828125 0.9056443281250001 0.4427670109375 0.9291512718750001 0.45687402656250004 0.9286575265625 0.487692640625 0.9358495984375 0.5295794484375 0.9382756265625 0.871838809375 0.9880821296875 0.892890384375 0.9883182875 0.9092746187499999 0.983124328125 0.916650815625 0.9483266 0.9127409249999999 0.9202484640625 0.8974397875 0.915675571875 0.817571909375 0.9072811203125 0.7624463968749999 0.8975358609375 0.613346153125 0.8798883421875001 0.5616923046875 0.8705064 0.4091190046875 0.852493846875 0.3505204328125 0.84238355625 0.33641358125 0.842875746875 0.274341953125 0.8324004234375 0.1771118984375 0.8221811328124999 0.1185134921875 0.8120692875 0.111352590625 0.8132930984375 0 0.7985626796874999 0 0.8668045375
0 0 0.7961818859375 0.094423096875 0.8075608328125 0.1979471328125 0.824371003125 0.3125393640625 0.8364151328125 0.46120708906249996 0.8579685250000001 0.6207249484374999 0.8767109812499999 0.7865367921875001 0.902044315625 0.8872383484374999 0.9126284765625 0.8971124234375001 0.902795796875 0.8994980671875 0.8813087062499999 0.8968919296875001 0.87312898125 0.8852815812499999 0.866969125 0.40759475624999997 0.802928621875 0.0887753765625 0.7634899984375 0.07814141875 0.7643487765625 0 0.7522471828125 0 0.7961818859375
0 0 0.75086579375 0.549750440625 0.8198462375 0.8368828953125 0.859905765625 0.9236953328125 0.8690301203124999 0.9292294312499999 0.8666470984375 0.9335650921875001 0.8275784640625 0.9309605078125 0.819398903125 0.9195649484375 0.8112851687499999 0.90480751875 0.8176383390625 0.8110505203124999 0.80778408125 0.0629428375 0.7113698671875001 0 0.7047543093749999 0 0.75086579375
0 0 0.5665483296875 0.774791015625 0.659707753125 0.86181963125 0.6668799484375 0.8710431265624999 0.662908246875 0.8764636015624999 0.61407136875 0.8683247578125 0.6082763828125 0 0.5111244187499999 0 0.5665483296875
0 0 0.5063495859375 0.00128519375 0.5072645921875 0.014957971875 0.5106781109375 0.34831705 0.5457155609375001 0.7990908375 0.599023153125 0.959042934375 0.61385834375 0.9663079453125001 0.5642286796875 0.9549125500000001 0.5561133921875 0.7845443890625 0.5401834296875 0.007139742187500001 0.45452200468750004 0.0017834328125 0.45682787343750003 0 0.47379610625 0 0.5063495859375
0 0.9502453718749999 0.550681721875 0.9550152687500001 0.507705821875 0.9466600828124999 0.5038645500000001 0.009086996875 0.40532164843749996 0.007107525000000001 0.40617252343750004 0.0025879765624999998 0.44917316406249996 0.004100921875 0.45024970625 0.7257280859375 0.532025134375 0.9410234296875 0.5546535875 0.9502453718749999 0.550681721875
0 0.8193688640625 0.4638051703125 0.81448518125 0.4603287671875 0.016028959375 0.374431184375 0.0101790296875 0.37694911875 0.007534785937500001 0.4021074140625 0.0093033390625 0.403367934375 0.8112326171875001 0.48963055000000005 0.8167667156249999 0.487247528125 0.8193688640625 0.4638051703125
0 1 0.3652055015625 0.6464902078125 0.32805012499999997 0.4585421390625 0.3122473203125 0.028169184375 0.26503841875 0.021213315625 0.27196490156249997 0.017502881249999998 0.3072673203125 0.0227488734375 0.3138737421875 0.0329501484375 0.316922390625 0.182484628125 0.3306626453125 0.4633229390625 0.36413284687499997 0.907801190625 0.41084939218749994 0.9999313843750001 0.419544440625 1 0.41939178125 1 0.3652055015625
0 1 0.3157989078125 0.7074702703125 0.2850527953125 0.16511138593750002 0.2339779359375 0.127130315625 0.22800951249999998 0.02663866875 0.22034610625 0.022829259375 0.2565902140625 0.032076478125 0.26149618750000003 0.243464528125 0.2876668703125 0.4626656109375 0.306752928125 0.959231946875 0.358944153125 0.9976456984375 0.36100515 1 0.3599913703125 1 0.3157989078125
0 1 0.28664739375 0.9926457953125001 0.2794545234375 0.391252875 0.2221733671875 0.381053153125 0.21912488125000001 0.11996526249999999 0.19761279375000002 0.050732896875 0.1883597265625 0.033152825000000004 0.18848843906249999 0.029763417187500002 0.1906161171875 0.027374614062500004 0.21334405156249997 0.033589659375000004 0.21620154062500002 0.7039987671875 0.284687925 0.9785415421874999 0.31156708125 0.9949273296875001 0.3063732859375 1 0.289134509375 1 0.28664739375
0 0.8975725859375 0.1548402671875 0.9031066828125001 0.152457246875 0.90570866875 0.1290164421875 0.8975699875 0.1232199015625 0.7239451109374999 0.10497119218749999 0.0635211015625 0.041485617187500004 0.049414085937500005 0.0419793625 0.045007912500000004 0.0455744234375 0.042641159375 0.0680925734375 0.0459451828125 0.0732348578125 0.2651462640625 0.092320915625 0.508219846875 0.11786897968750001 0.8975725859375 0.1548402671875
0 0.049797978124999996 0 0.045872395312499994 0.037349415625 0.049630428125 0.0400256484375 0.7137438359375 0.1019225421875 0.7170005515625 0.1042412890625 0.8702228765625 0.11639269999999999 0.9498744125 0.126740865625 1 0.12982513281250002 1 0.07932071874999999 0.5101645046875001 0.03704825625 0.12427143593750001 0 0.049797978124999996 0
0 0.15766586093749999 0 0.25341658906250003 0.0080865109375 0.260795221875 0.004910703125000001 0.28184679687499997 0.0051468609375 0.9908859968750001 0.07374052812500001 1 0.074354053125 1 0.049797978124999996 0.5262038890625 0 0.15766586093749999 0