0 0.8145580765625 0.96541693125 0.819355271875 0.9779744406249999 0.8292629171874999 0.9852328328125 0.8572882281249999 0.9891303484374999 0.877413590625 0.9857935765624999 0.886723321875 0.9698286218750001 0.9055188859375001 0.007002193750000001 0.8344937671875 0.005762446875 0.8332686453125 0.0084445984375 0.8145580765625 0.96541693125
0 0.7751545609375 0.9810316234374999 0.80725450625 0.9814044000000001 0.8123649265624999 0.9761068453125 0.831300503125 0.0057067078125 0.7861776890625001 0.0049190859375 0.770231125 0.975616746875 0.7751545609375 0.9810316234374999
0 0.753400415625 1 0.765969503125 0.9898539156249999 0.7685989625 0.9541678078125001 0.782673965625 0.0328559421875 0.77380210625 0.02382473125 0.7336744671875 0.02335715 0.7114806046875 0.030242735937499998 0.7053976453125 0.321257459375 0.7020797390625 0.9712516765625001 0.703711903125 0.992700615625 0.7089291421875 0.9995474 0.7477906609375 1 0.753400415625 1
0 0.6396335625 0.98481234375 0.6409560328125 0.998756296875 0.698467171875 0.9994257328125 0.7017057390625 0.9926781 0.708973825 0.0035714875 0.644557075 0.0024470890625 0.6409221640625 0.10621039218749999 0.6396335625 0.98481234375
0 0.5866399546875 0.2270142484375 0.587027515625 0.9981290828124999 0.6385108484375001 0.9987276812499999 0.6395089140625 0.9919534437499999 0.642306565625 0.1419431203125 0.637819440625 0.111532053125 0.6057194953125 0.111159275 0.58954409375 0.11811397187499999 0.5866399546875 0.2270142484375
0 0.5395444859375 0.74077838125 0.542654775 0.9976124046875 0.5852197875 0.9981084671874999 0.5872704453125001 0.8806263624999999 0.5878126375 0.044875725 0.5467130874999999 0.04261121875 0.5436103640625001 0.047932878125 0.5403692062500001 0.23361865625 0.5395444859375 0.74077838125
0 0.50296025625 0.1349648171875 0.4928033140625 0.14198862343750002 0.48970059062500004 0.147310284375 0.487269715625 0.2865750078125 0.48877000156249995 0.996985953125 0.5367738203125 0.9975441328124999 0.5393183578125 0.9836442359375 0.5399212984374999 0.1443238015625 0.5330556015625 0.13531510625 0.50296025625 0.1349648171875
0 0.4066203953125 0.0784826640625 0.41241451093750003 0.9960969796875 0.4867544921875 0.9969617109375 0.49301565625 0.072345784375 0.4858013703125 0.02582998125 0.4769902859375 0.013227412499999999 0.4126642109375 0.019621365625 0.40749301562499995 0.028490279687499998 0.4066203953125 0.0784826640625
0 0.352200375 0.092136546875 0.3583250546875 0.9954685187500001 0.4066585390625 0.9960308890625 0.40802358906249997 0.917827178125 0.40480121875 0.06774771874999999 0.400002459375 0.055190181250000005 0.3598763546875 0.0547241875 0.354767496875 0.0600217703125 0.352200375 0.092136546875
0 0.3034502015625 0.068353990625 0.29414205781249997 0.0843174109375 0.292833128125 0.1593059875 0.3025102421875 0.9844599265625 0.3034934671875 0.9948302281249999 0.35650016875 0.9954460421875 0.3592987703125 0.8351142140625001 0.35244970000000003 0.077852784375 0.345644778125 0.06527273125000001 0.3034502015625 0.068353990625
0 0.23172760312500001 0 0.2398498234375 0.99408969375 0.2933830609375 0.994711571875 0.2975382546875 0.809393365625 0.2928823046875 0.041443582812500004 0.283866665625 0 0.23172760312500001 0
0 0.168427465625 0 0.16812935 0.17571335625 0.18145592500000002 0.9934095375 0.2381217984375 0.9940689062500001 0.23896969218750003 0.71585070625 0.22757565 0 0.168427465625 0
0 0.139167546875 0.22537796718749997 0.15136682968749998 0.9930593578125 0.18185276718750001 0.9934149015625 0.178321084375 0.511562690625 0.16994849843749998 0.1864498640625 0.16703278906250002 0.18105753125 0.1429558765625 0.1807779140625 0.139853153125 0.18609957500000002 0.139167546875 0.22537796718749997
0 0.1456745921875 0.0825900953125 0.134919709375 0.0663921171875 0.09479360625 0.065926125 0.0876147125 0.0747709328125 0.0848606046875 0.11759813906250001 0.0995569578125 0.992456621875 0.1485075890625 0.9930266390625 0.1456745921875 0.0825900953125
0 0.030627571875 0.120539590625 0.04725335625 0.9918483921875 0.0954899796875 0.9924090734375 0.09553655 0.8856186203125 0.0834777390625 0.081867 0.0766743796875 0.069286975 0.0385544375 0.068843496875 0.0334440171875 0.074141053125 0.030627571875 0.120539590625
0 0.0107880140625 0.9914244203125 0.04552064375 0.991827525 0.045888371875 0.9707604203125 0.030876895312500003 0.10625582812500001 0.026391334375 0.0758447875 0.007331362499999999 0.07562305 0.00092919375 0.442403115625 0.0096499453125 0.9774805593749999 0.0107880140625 0.9914244203125
0 0 0.9912981000000001 0.007400703125 0.9913840468749999 0.009638346875 0.8631895125 0.001494596875 0.410011175 0 0.495636565625 0 0.9912981000000001