0 0.4273359671875 0.5682024859375 0.42895204531250003 0.569709503125 0.432387465625 0.6680870375 0.43400354375 0.6695940546875 0.434712440625 0.68989418125 0.43632851875 0.6914011984374999 0.43949128593750003 0.7819709921875 0.4411073640625 0.7834780109375 0.4465058796875 0.9380712796875 0.448121959375 0.9395782968749999 0.44926709843749996 0.9723708078125 0.4508831765625 0.9738778265624999 0.4511012984375 0.98012401875 0.452717378125 0.9816310359375 0.4528264390625 0.9847541328125 0.4544425171875 0.98626115 0.454497046875 0.9878226984375 0.45611312656249997 0.989329715625 0.45616765625 0.9908912640624999 0.459290753125 0.990782203125 0.46090683125 0.992289221875 0.4655914765625 0.9921256296875001 0.46709849375 0.9905095515625 0.470221590625 0.990400490625 0.47172860781250003 0.9887844109374999 0.4873440890625 0.98823910625 0.4888511078125 0.9866230281249999 0.5075896859375 0.9859686625 0.509096703125 0.984352584375 0.513781346875 0.9841889921875 0.515288365625 0.9825729140625 0.5151247734375 0.9778882703124999 0.516631790625 0.976272190625 0.513687146875 0.891948590625 0.5151941640625 0.8903325109375 0.5102318921875 0.748231628125 0.5086158125 0.7467246109375 0.5061619421875 0.6764549421875 0.5045458640625 0.674947925 0.49238557031249996 0.326722684375 0.4907694921875 0.325215665625 0.4820446171875 0.075367959375 0.4835516359375 0.07375188125 0.4824064953125 0.04095936875 0.48079041718750004 0.0394523515625 0.480463234375 0.0300830625 0.47884715624999996 0.0285760453125 0.47879262499999997 0.027014496875 0.477176546875 0.0255074796875 0.47706748593750004 0.0223843828125 0.473835328125 0.019370346875 0.425427334375 0.0210607921875 0.4239203171875 0.0226768703125 0.4161125765625 0.022949521875 0.414605559375 0.0245656015625 0.4114824625 0.0246746625 0.406961409375 0.0295228984375 0.4070159390625 0.031084446874999998 0.405508921875 0.032700525 0.40921699375 0.1388858 0.41083307187500007 0.14039281718750002 0.414759265625 0.2528242859375 0.41637534374999996 0.25433130312499996 0.4273359671875 0.5682024859375
0 0.1860084734375 1 0.18552905 0.9862711015625001 0.1839129703125 0.9847640828124999 0.1827133 0.9504100234375 0.181097221875 0.9489030062499999 0.18027926562500002 0.9254797828125 0.1786631859375 0.9239727656250001 0.176209315625 0.8537030984375 0.1745932375 0.85219608125 0.17284826250000002 0.8022265390625 0.1712321828125 0.8007195218750001 0.1663244421875 0.6601801859374999 0.1647083625 0.65867316875 0.163617753125 0.6274422046875 0.162001675 0.6259351875 0.16167449218750002 0.6165658984375 0.16005841406250002 0.61505888125 0.158586090625 0.57289708125 0.1569700125 0.5713900625 0.15391630625 0.48394336562499995 0.152300228125 0.48243634843749994 0.1511005578125 0.4480822875 0.1494844796875 0.4465752703125 0.1485574609375 0.42002895156250003 0.1469413828125 0.418521934375 0.1460688953125 0.39353716250000004 0.1444528171875 0.3920301453125 0.1413445796875 0.3030219 0.1397285015625 0.3015148828125 0.1384197703125 0.2640377265625 0.1368036921875 0.2625307078125 0.13620385625 0.245353678125 0.134587778125 0.2438466609375 0.1336062296875 0.21573879375 0.1319901515625 0.2142317765625 0.1287183234375 0.12053888593749999 0.1271022453125 0.11903186875 0.12704771406249998 0.1174703203125 0.067708884375 0.119542478125 0.066201865625 0.12115855625000001 0.06903745 0.20235906093749997 0.07065352968750001 0.20386607968749998 0.0721258515625 0.2460278796875 0.0737419296875 0.24753489687500002 0.07450535625 0.269396571875 0.07612143593750001 0.2709035890625 0.0763395578125 0.27714978125 0.0779556359375 0.2786568 0.0789917140625 0.3083262140625 0.08060779375 0.3098332328125 0.083170725 0.383225996875 0.084786803125 0.3847330140625 0.08593194374999999 0.417525525 0.087548021875 0.41903254375000004 0.087820675 0.426840284375 0.089436753125 0.4283473015625 0.0902001796875 0.4502089765625 0.0918162578125 0.45171599375 0.094324659375 0.523547209375 0.0959407375 0.5250542265625 0.096649634375 0.545354353125 0.0982657125 0.5468613718750001 0.09902913906250001 0.5687230453125001 0.1006452171875 0.5702300625000001 0.10162676562499999 0.5983379296875 0.10324284531250001 0.5998449484374999 0.10760528124999999 0.7247688015625 0.10922136093749998 0.72627581875 0.1099847875 0.74813749375 0.111600865625 0.7496445109375001 0.11329130937500001 0.7980525046875 0.1149073890625 0.799559521875 0.1158889375 0.8276673890625 0.117505015625 0.8291744062499999 0.11859562500000001 0.8604053703125001 0.120211703125 0.8619123875 0.123701653125 0.9618514703125 0.12531773125 0.9633584875000001 0.12553585312499999 0.9696046812500001 0.12715193281249998 0.9711116984375 0.12726099375 0.9742347953125 0.128877071875 0.9757418124999999 0.1289316015625 0.9773033609375 0.13054768125 0.9788103781249999 0.130711271875 0.9834950234375001 0.13555950781249998 0.9880160765625 0.13712105624999998 0.9879615453125 0.1403532140625 0.9909755812500001 0.1388461953125 0.9925916593749999 0.1357231 0.9927007203124999 0.1327090640625 0.9959328781250001 0.132851090625 1 0.1860084734375 1
0 0.293886690625 1 0.2937121171875 0.995000884375 0.2920960375 0.9934938671875001 0.2915507328125 0.9778783843750001 0.2899346546875 0.9763713671875 0.284427078125 0.8186550031250001 0.28281100000000003 0.8171479843749999 0.28161132968749997 0.782793925 0.27999525 0.7812869078125 0.2778685625 0.7203865281249999 0.276252484375 0.7188795109375 0.27554358749999996 0.698579384375 0.273927509375 0.6970723671875 0.27370938749999996 0.690826175 0.27521640468749997 0.6892100953125 0.27494375312499997 0.6814023546875 0.2733276734375 0.6798953375 0.2728914296875 0.6674029515625 0.2743984484375 0.6657868734375 0.2741257953125 0.6579791328125 0.2725097171875 0.656472115625 0.26640230468750004 0.4815787203125 0.2647862265625 0.48007170312499997 0.26353202656249997 0.4441560953125 0.26191594687499997 0.4426490765625 0.2612070515625 0.4223489515625 0.259590971875 0.42084193281250004 0.2585003640625 0.3896109703125 0.256884284375 0.3881039515625 0.253394334375 0.28816486874999997 0.25177825625 0.2866578515625 0.248997203125 0.2070188953125 0.2473811234375 0.205511878125 0.246672228125 0.1852117515625 0.24505615 0.1837047328125 0.24347476562499998 0.1384198359375 0.2418586875 0.13691281875 0.2378779640625 0.022919803125 0.236261884375 0.021412784375 0.2362073546875 0.0198512375 0.2345912765625 0.01834421875 0.23453674531250002 0.0167826703125 0.2329206671875 0.015275653125 0.170458740625 0.017456871875 0.1674447046875 0.0206890296875 0.167499234375 0.0222505765625 0.16599221718749999 0.02386665625 0.1662103390625 0.0301128484375 0.164703321875 0.031728926562499996 0.16726625312500001 0.10512169062500001 0.16888233125000002 0.10662870937499999 0.1694821671875 0.1238057390625 0.1710982453125 0.12531275625 0.1717526109375 0.144051334375 0.173368690625 0.14555835156250002 0.1740775859375 0.16585847812500001 0.1756936640625 0.1673654953125 0.1810921796875 0.3219587640625 0.182708259375 0.3234657828125 0.18401699062500002 0.3609429375 0.18563306875000002 0.36244995625 0.1860147828125 0.37338079375 0.1876308609375 0.3748878109375 0.18883053125 0.40924187031250003 0.190446609375 0.41074888749999994 0.19589965625 0.5669037046875001 0.197515734375 0.5684107218750001 0.1982791609375 0.590272396875 0.1998952390625 0.5917794140625 0.20044054375 0.607394896875 0.2020566234375 0.6089019140625 0.20282005 0.6307635890625 0.204436128125 0.63227060625 0.20808966875 0.7368943328124999 0.2097057484375 0.7384013515625 0.210632765625 0.7649476703125 0.21224884375 0.7664546875 0.212521496875 0.774262428125 0.214137575 0.7757694453124999 0.214791940625 0.7945080234375 0.21640801875000001 0.7960150421875001 0.22175200468749998 0.9490467625000001 0.22336808281249998 0.9505537796875 0.22391338749999998 0.9661692609375001 0.22552946718750003 0.9676762796875 0.22574758906249998 0.973922471875 0.22736366718749998 0.9754294890624999 0.227854440625 0.9894834234375001 0.22947052031249998 0.990990440625 0.229785140625 1 0.293886690625 1
0 0.5230019046875001 0.8900598593750001 0.5234381484374999 0.90255224375 0.52193113125 0.9041683234375 0.5220947218750001 0.9088529671875 0.5205877046875 0.9104690468750001 0.5226598625000001 0.9698078765625 0.524275940625 0.97131489375 0.52454859375 0.9791226343749999 0.5230415749999999 0.9807387140625 0.5230961062499999 0.9823002625000001 0.524712184375 0.9838072796875 0.5715586296875 0.982171365625 0.5730656468750001 0.9805552875 0.5714495687500001 0.9790482687500001 0.5713405078125 0.9759251734375001 0.5697244296874999 0.9744181546874999 0.5694517765625 0.9666104140625 0.575479846875 0.9601461 0.5753707859375 0.957023003125 0.5768778046875 0.9554069249999999 0.5752617250000001 0.9538999078125 0.5749890734374999 0.9460921656249999 0.5733729953125 0.9445851484375 0.5733184640625 0.9430236000000001 0.57482548125 0.941407521875 0.5744437687499999 0.9304766843750001 0.5759507859374999 0.92886060625 0.5749692375000001 0.9007527390625001 0.57647625625 0.8991366609375 0.5748601765625 0.8976296421875001 0.5746965859375 0.8929449984375 0.576203603125 0.8913289203125 0.575167525 0.8616595046875 0.5735514453125 0.8601524859375 0.54644980625 0.084063046875 0.48867252343749995 0.086080675 0.48872705468750005 0.0876422234375 0.4872200359375 0.0892583015625 0.5065238203125 0.642046353125 0.5081398984375001 0.6435533703125 0.5107028312499999 0.716946134375 0.512318909375 0.7184531515625 0.5139002921875 0.7637380484375 0.515516371875 0.7652450671875 0.5192789734375001 0.872991890625 0.5208950515625 0.8744989078125001 0.5213858265625 0.888552840625 0.5230019046875001 0.8900598593750001
0 0.36872586875 0.6359141968750001 0.3707980265625 0.6952530265625 0.37241410468749997 0.69676004375 0.37350471406249997 0.7279910078125 0.3751207921875 0.729498025 0.377411071875 0.7950830484375 0.37902715 0.796590065625 0.38431660624999997 0.9480602390625 0.385932684375 0.9495672562499999 0.3866415796875 0.9698673828125 0.388257659375 0.9713744 0.38874843281250004 0.9854283328125 0.3903645109375 0.9869353515625001 0.3904190421875 0.9884969 0.3936512 0.991510934375 0.395212746875 0.9914564046875001 0.3968288265625 0.992963421875 0.398390375 0.9929088921875 0.40000645312499994 0.994415909375 0.40151347031249995 0.9927998312499999 0.40307501874999996 0.9927452999999999 0.4045820359375 0.9911292218750001 0.4077051328125 0.9910201609374999 0.40921215 0.98940408125 0.42638918124999997 0.9888042468749999 0.4278961984375 0.98718816875 0.43882703593750005 0.9868064546875001 0.44033405312499996 0.9851903765625 0.44027952187499997 0.9836288281250001 0.4432935578125 0.9803966703125001 0.443184496875 0.9772735750000001 0.4446915140625 0.9756574953125 0.4375480234375 0.7710946859375001 0.4359319453125 0.7695876687500001 0.43375072656249997 0.7071257421875 0.4321346484375 0.7056187234375 0.42809939375 0.590064159375 0.42648331562499997 0.5885571421875 0.41415943125 0.23564725625 0.4125433515625 0.23414023906249998 0.4095441765625 0.1482550890625 0.4079280984375 0.146748071875 0.40438361718750004 0.045247440625 0.4027675390625 0.043740423437499995 0.40265847812500005 0.0406173265625 0.3994263203125 0.037603290625 0.397864771875 0.037657821875000004 0.39624869375 0.036150804687499996 0.3946871453125 0.036205334374999995 0.3930710671875 0.0346983171875 0.3899479703125 0.034807378124999996 0.38833189218749997 0.033300359375 0.3805241515625 0.0335730125 0.379017134375 0.035189090625 0.3743324890625 0.0353526828125 0.37271641093749996 0.0338456640625 0.3383623515625 0.035045334375 0.3396165515625 0.0709609421875 0.3412326296875 0.07246796093749999 0.348321590625 0.275469221875 0.34993766875 0.2769762390625 0.35130093125 0.31601494375 0.352917009375 0.3175219609375 0.35466198437499996 0.367491503125 0.3562780625 0.3689985203125 0.3579685078125 0.4174065140625 0.3595845859375 0.41891353125 0.3671097890625 0.634407178125 0.36872586875 0.6359141968750001
0 0.2266582359375 1 0.22629289375 0.989537953125 0.2246768140625 0.9880309359374999 0.22434963125000001 0.9786616468749999 0.222733553125 0.9771546296875 0.22213371875000001 0.9599776 0.22051763906250002 0.95847058125 0.2181728296875 0.8913240109375 0.21655675156249998 0.8898169921875001 0.2130122703125 0.7883163625 0.2113961921875 0.78680934375 0.211069009375 0.7774400546875 0.20945293125000003 0.7759330375 0.2088530953125 0.7587560078125 0.20723701718749998 0.7572489906250001 0.2039651890625 0.6635561 0.20234911093750002 0.6620490828125 0.201585684375 0.6401874078125 0.1999696046875 0.638680390625 0.1995878921875 0.6277495531249999 0.1979718140625 0.6262425359375 0.19715385624999998 0.6028193125 0.195537778125 0.6013122953125001 0.19204782812500001 0.5013732125 0.19043175 0.4998661953125 0.18901395781250002 0.4592659421875 0.1873978796875 0.457758925 0.187016165625 0.44682808749999997 0.1854000875 0.4453210703125 0.18534555625 0.443759521875 0.18685257500000002 0.4421434421875 0.1860891484375 0.42028176874999995 0.18447306875 0.41877475156250005 0.183382459375 0.38754378749999996 0.18176638125 0.3860367703125 0.1755499078125 0.208020278125 0.17393382968749999 0.2065132609375 0.17229791562500002 0.159666815625 0.17068183750000002 0.1581597984375 0.16975481875 0.13161347968749998 0.168138740625 0.1301064625 0.167320784375 0.10668323906249999 0.1657047046875 0.105176221875 0.1633598953125 0.03802965 0.1617438171875 0.0365226328125 0.1289513046875 0.037667771875 0.1320595421875 0.1266760171875 0.1336756203125 0.1281830359375 0.1349298203125 0.16409864375 0.1365459 0.1656056609375 0.137145734375 0.18278269062500002 0.1387618125 0.184289709375 0.1423608234375 0.28735188749999996 0.143976903125 0.28885890625 0.144794859375 0.312282128125 0.1464109375 0.3137891453125 0.146683590625 0.3215968859375 0.14829966875 0.3231039046875 0.1492266875 0.34965022343749996 0.150842765625 0.351157240625 0.1554778546875 0.48388883437499997 0.1570939328125 0.485395853125 0.1577482984375 0.50413443125 0.15936437812499998 0.5056414484375 0.159746090625 0.5165722859375 0.1613621703125 0.5180793031250001 0.162071065625 0.5383794296875 0.16368714374999999 0.539886446875 0.170012678125 0.721026034375 0.17162875625000001 0.7225330515625 0.172337653125 0.7428331781249999 0.17395373125 0.744340196875 0.1742809140625 0.7537094843750001 0.1758969921875 0.755216503125 0.1765513578125 0.77395508125 0.1781674375 0.7754620984375 0.1801305328125 0.8316778328125001 0.1817466125 0.83318485 0.18430954375 0.9065776140624999 0.1828025265625 0.9081936921875 0.18432937968750002 0.9519170421875 0.1859454578125 0.9534240593750001 0.1864362328125 0.9674779921875001 0.1880523109375 0.9689850109375 0.18816137187499998 0.97210810625 0.18977745 0.973615125 0.1901046328125 0.9829844140624999 0.1917207109375 0.98449143125 0.1922622828125 1 0.2266582359375 1
0 0.32832850625 1 0.32979131562499997 0.9984313281249999 0.3329144125 0.9983222671875 0.33592844843749997 0.995090109375 0.334674246875 0.9591745015625 0.33305816875 0.957667484375 0.32607826875 0.75778931875 0.324462190625 0.7562823015625 0.323153459375 0.7188051453125001 0.32153738125000003 0.717298128125 0.32071942343750004 0.6938749046875 0.3191033453125 0.6923678875 0.318503509375 0.6751908578125 0.31688743124999996 0.6736838406250001 0.3128521765625 0.558129275 0.3112360984375 0.5566222578125 0.310908915625 0.54725296875 0.3124159328125 0.545636890625 0.3122523421875 0.5409522453125 0.3106362640625 0.5394452281250001 0.31025455 0.528514390625 0.3117615671875 0.5268983125 0.3115434453125 0.5206521203125 0.30992736718749997 0.5191451015624999 0.309654715625 0.5113373609375 0.3111617328125 0.5097212828125001 0.311052671875 0.5065981859375001 0.30943659375 0.50509116875 0.3093820625 0.5035296203125 0.3108890796875 0.5019135421875001 0.30919863593749997 0.4535055484375 0.3075825578125 0.45199853125 0.3068736609375 0.4316984046875 0.30525758281250004 0.4301913875 0.30514852187499997 0.427068290625 0.3066555390625 0.42545221250000004 0.3063828875 0.4176444703125 0.3047668078125 0.416137453125 0.3037307296875 0.3864680375 0.305237746875 0.384851959375 0.30512868593750003 0.38172886250000004 0.3035126078125 0.38022184531250003 0.30187669375000004 0.3333754 0.300260615625 0.33186838281250003 0.29867923125 0.2865834859375 0.297063153125 0.28507646875 0.29471834375 0.217929896875 0.2931022640625 0.21642287968749999 0.2927205515625 0.2054920421875 0.2911044734375 0.20398502500000001 0.29072275937500003 0.1930541875 0.29222977656250004 0.191438109375 0.29184806406249997 0.18050727187499999 0.2902319859375 0.179000253125 0.2891413765625 0.147769290625 0.287525296875 0.1462622734375 0.28736170625 0.14157762812500002 0.2888687234375 0.13996155 0.2857604875 0.0509533046875 0.28414440937499996 0.0494462859375 0.2837626953125 0.0385154484375 0.24316244375 0.039933240625 0.2484518984375 0.1914034140625 0.2500679765625 0.19291043125000001 0.2524127859375 0.2600570015625 0.254028865625 0.2615640203125 0.25730069375000003 0.355256909375 0.258916771875 0.356763928125 0.26000738125 0.38799489062500003 0.261623459375 0.389501909375 0.262059703125 0.40199429374999995 0.26367578125 0.4035013125 0.26520263437499997 0.4472246609375 0.2668187140625 0.448731678125 0.27227175937500003 0.6048864953125 0.2738878390625 0.6063935125000001 0.27530563125 0.646993765625 0.276921709375 0.6485007828125 0.2754146921875 0.6501168609375 0.2755782828125 0.65480150625 0.2771943609375 0.6563085234375 0.279048396875 0.7094011609375 0.28066447656250004 0.7109081796875001 0.2833909984375 0.7889855875 0.285007078125 0.7904926046874999 0.29111448906250004 0.965386 0.29273056875000003 0.9668930171874999 0.293330403125 0.9840700468750001 0.2949464828125 0.985577065625 0.2951646046875 0.9918232578125 0.29678068281250003 0.9933302749999999 0.29694427343749996 0.9980149203125 0.298560353125 0.9995219375 0.29857704687500003 1 0.32832850625 1
0 0.5808153125 0 0.55136743125 0.0010283421875000001 0.5853399109375 0.97387285 0.591804225 0.9799009218749999 0.6245967375 0.97875578125 0.6261037546875 0.977139703125 0.627665303125 0.977085171875 0.6291723203124999 0.9754690937499999 0.6322954171874999 0.9753600328124999 0.6353094515625 0.972127875 0.6341643125 0.9393353640625 0.632548234375 0.937828346875 0.6288946921874999 0.83320461875 0.6272786140625 0.8316976015625 0.626297065625 0.8035897343749999 0.6278040828125 0.80197365625 0.6100816828125 0.2944705015625 0.6115887 0.2928544234375 0.6115341703125 0.291292875 0.609918090625 0.2897858578125 0.6097545 0.2851012125 0.6112615171875 0.283485134375 0.6015550953125001 0.0055295609375 0.5999935468750001 0.005584090625 0.5984865296875 0.0072001687499999995 0.5952543718750001 0.004186134375 0.5951998421875 0.0026245859375 0.5935837625 0.00111756875 0.5935447359375 0 0.5808153125 0
0 0.6945639 0.1617537671875 0.6930568828125 0.1633698453125 0.694583734375 0.2070931953125 0.6930767171875 0.2087092734375 0.6939492046875 0.23369404375 0.6924421875 0.235310121875 0.692660309375 0.24155631562500002 0.6942763875 0.24306333281249998 0.6948216921875 0.2586788140625 0.693314675 0.26029489375 0.6971863375 0.3711648125 0.6956793203125 0.3727808921875 0.71650995625 0.9692922921875 0.7181260359375 0.970799309375 0.719687584375 0.970744778125 0.7213036625 0.972251796875 0.7634654624999999 0.9707794734374999 0.7649724796874999 0.9691633953125001 0.7680955765624999 0.9690543343750001 0.76960259375 0.96743825625 0.7695480640625 0.9658767078125001 0.77105508125 0.9642606296875 0.7677832546875 0.8705677390625001 0.769290271875 0.8689516609375 0.767981540625 0.8314745046875001 0.7663654625 0.8299674874999999 0.7638570609374999 0.7581362703125001 0.765364078125 0.7565201921875 0.7652004875 0.7518355484375 0.7635844078125 0.7503285296875 0.7616758421875 0.69567434375 0.763182859375 0.6940582656250001 0.761928659375 0.6581426578125 0.7634356765625 0.6565265796875 0.7623450671875001 0.625295615625 0.7638520859375 0.6236795374999999 0.7614527453125 0.5549714171875 0.7629597625 0.5533553390625 0.745619075 0.05678302187499999 0.689403340625 0.05874611875 0.6863893062499999 0.061978276562500004 0.6864983671875 0.06510137187500001 0.6849913484375 0.0667174515625 0.68749975 0.1385486671875 0.689115828125 0.140055684375 0.6892794203125 0.1447403296875 0.6908954984375 0.14624734687500002 0.6909500296875 0.14780889531250002 0.6925661078124999 0.1493159125 0.6927297 0.15400055625 0.694345778125 0.155507575 0.6945639 0.1617537671875
0 0.7451996203125 0 0.7476713968750001 0.07078242500000001 0.7492874765625 0.0722894421875 0.7499418421875 0.0910280203125 0.7484348234375 0.0926441 0.7484893546875 0.09420564687500001 0.7501054328125 0.095712665625 0.7503235546875 0.1019588578125 0.7488165375 0.1035749359375 0.748980128125 0.10825958124999999 0.7505962078125 0.1097665984375 0.756049253125 0.265921415625 0.7545422359375 0.26753749375 0.7787537609374999 0.9608648796875 0.7803698406249999 0.9623718984374999 0.7804243703125 0.963933446875 0.78204045 0.9654404640625 0.7820949796875001 0.9670020125000001 0.7836565281250001 0.9669474812500001 0.7852726062500001 0.9684545 0.799326540625 0.967963725 0.8008335578124999 0.966347646875 0.8055182015625 0.9661840546875 0.8070252203124999 0.9645679765624999 0.810148315625 0.964458915625 0.811655334375 0.9628428375 0.816339978125 0.9626792453125 0.8178469968750001 0.9610631671875 0.8209700921875 0.96095410625 0.823984128125 0.9577219484375 0.8238205359374999 0.9530373046875 0.8253275546875001 0.951421225 0.8252184937499999 0.9482981296874999 0.8267255109375 0.94668205 0.8239989874999999 0.8686046421875 0.822382909375 0.8670976250000001 0.8218376046874999 0.85148214375 0.8202215265625 0.8499751249999999 0.8201124656250001 0.8468520296875001 0.8184963859375 0.8453450109375 0.818169203125 0.8359757218749999 0.8196762218750001 0.83435964375 0.8195126296874999 0.8296749984374999 0.8210196484375001 0.8280589203125001 0.82047434375 0.8124434390624999 0.8188582640625001 0.810936421875 0.81853108125 0.8015671328125 0.8200381 0.799951053125 0.8188929593750001 0.7671585421875 0.8203999765625 0.7655424640625 0.8120022859375 0.5250640453125001 0.8135093031249999 0.5234479671875001 0.8113280843749999 0.46098604062500004 0.8128351031250001 0.45936996093750004 0.8116899625 0.42657745 0.81319698125 0.424961371875 0.81183371875 0.3859226671875 0.8133407375000001 0.38430658906250004 0.8024346437500001 0.0719969546875 0.800818565625 0.0704899375 0.799891546875 0.04394361875 0.79827546875 0.042436601562499995 0.7972939203125 0.014328734374999999 0.7956778421874999 0.012821715624999999 0.79556878125 0.0096986203125 0.7970757984375 0.008082540624999999 0.7968576765625001 0.0018363484375 0.7952415984375001 0.00032933124999999996 0.7952300984375 0 0.7451996203125 0
0 0.30429089375 0.31296621406249997 0.30565415625000003 0.35200491718750004 0.307270234375 0.35351193593749997 0.3143591953125 0.556513196875 0.3159752734375 0.5580202140625 0.31722947343749996 0.5939358218749999 0.31884555312499996 0.595442840625 0.31949991875 0.61418141875 0.32111599687500003 0.6156884359375 0.324605946875 0.7156275187500001 0.32622202499999997 0.7171345359375 0.3326020890625 0.8998356718749999 0.33421816875 0.9013426890625 0.33634485625 0.96224306875 0.33796093437499997 0.9637500859375001 0.338451709375 0.97780401875 0.3400677875 0.9793110374999999 0.3406130921875 0.99492651875 0.34384525 0.9979405546875 0.34852989375 0.9977769625 0.350145971875 0.9992839796874999 0.351652990625 0.9976679015625001 0.364145375 0.9972316578125 0.36565239374999997 0.9956155796875 0.3687754890625 0.9955065187500001 0.3702825078125 0.993890440625 0.37184405625 0.993835909375 0.37335107343749996 0.9922198312500001 0.3827203625 0.9918926484374999 0.3842273796875 0.99027656875 0.38417285 0.9887150218749999 0.3856798671875 0.9870989421875 0.3848619109375 0.9636757203125 0.38324583125 0.9621687031249999 0.3829186484375 0.9527994140624999 0.38442566718750004 0.951183334375 0.3843711359375 0.9496217859374999 0.38275505781249997 0.94811476875 0.377847315625 0.8075754343750001 0.3762312375 0.806068415625 0.3749770359375 0.7701528078125001 0.3733609578125 0.768645790625 0.3723248796875 0.738976375 0.3707088 0.7374693578125 0.3689092953125 0.68593826875 0.36729321718749997 0.68443125 0.3613493953125 0.5142225 0.3597333171875 0.5127154828125 0.35444386250000004 0.3612453109375 0.352827784375 0.3597382921875 0.35130093125 0.31601494375 0.3496848515625 0.31450792656250004 0.347885346875 0.2629768375 0.34626926875 0.26146981875 0.341688709375 0.13029977343750002 0.34007263125 0.1287927546875 0.3370734546875 0.04290760625 0.33858047343750003 0.041291528125 0.337817046875 0.019429853125 0.33620096718750003 0.0179228359375 0.33609190624999996 0.014799739062500001 0.3280115140625 0.00726465 0.2874112609375 0.0086824421875 0.2909012109375 0.108621525 0.29251728906249996 0.11012854375 0.2934443078125 0.1366748625 0.2919372890625 0.138290940625 0.29335508125 0.1788911921875 0.2949711609375 0.1803982109375 0.2974795609375 0.25222942656249997 0.299095640625 0.25373644375 0.3000226578125 0.2802827625 0.3016387375 0.28178978125 0.302674815625 0.3114591953125 0.30429089375 0.31296621406249997
0 0.80930116875 0 0.8094045921875 0.0029616531250000002 0.8110206718749999 0.0044686703125 0.8115114453125001 0.0185226046875 0.8131275234374999 0.020029621875 0.814163603125 0.0496990375 0.8126565859375001 0.051315115625 0.8135290734374999 0.0762998859375 0.8120220546875 0.077915965625 0.8130036031250001 0.10602383281250001 0.8114965859375 0.1076399109375 0.8236023484375 0.45430360312499996 0.8220953312500001 0.45591968281249995 0.8242220187499999 0.5168200609375 0.8227150015625 0.5184361390625 0.8232057749999999 0.5324900734375 0.8216987578125 0.5341061515625001 0.8245888718750001 0.6168682046875 0.8230818546875 0.6184842828125 0.827498821875 0.744969684375 0.8259918046875001 0.7465857640625 0.8277367796874999 0.7965553046875 0.8293528578125 0.798062321875 0.827845840625 0.7996784015625 0.8289909796874999 0.8324709125 0.8306070578125 0.8339779296875 0.8313704843749999 0.8558396046875 0.8298634671875 0.8574556828125001 0.8302997109374999 0.86994806875 0.8319157890625 0.8714550859375001 0.832297503125 0.8823859234375 0.83391358125 0.8838929406249999 0.8339681125 0.8854544890625 0.8324610937499999 0.8870705687499999 0.833169990625 0.9073706937500001 0.83478606875 0.9088777125 0.8354949656249999 0.9291778374999999 0.83711104375 0.9306848562500001 0.837329165625 0.9369310484375 0.8358221484374999 0.9385471265625001 0.8359312093750001 0.9416702234375001 0.8375472875 0.943177240625 0.837710878125 0.9478618859375001 0.845791271875 0.9553969734375001 0.8473528203124999 0.95534244375 0.8489688984375 0.9568494609375 0.8645843796875001 0.9563041562500001 0.866200459375 0.957811175 0.8663640499999999 0.9624958187500001 0.8648570328125 0.964111896875 0.8649115625 0.9656734453125001 0.8695962078124999 0.9655098546875 0.871103225 0.9638937750000001 0.8710486953125001 0.962332228125 0.869432615625 0.960825209375 0.8693235546875 0.9577021140624999 0.8708305734374999 0.9560860343750001 0.8707215125 0.9529629390625001 0.8722285296875001 0.951346859375 0.8705926156249999 0.904500415625 0.872099634375 0.9028843359375 0.871009025 0.8716533734375 0.8725160421875 0.8700372937499999 0.87104371875 0.82787549375 0.8694276406249999 0.8263684765624999 0.8684460921875001 0.798260609375 0.8699531109375 0.79664453125 0.8685898484375001 0.7576058265625 0.870096865625 0.7559897484375 0.861917296875 0.521757521875 0.8634243140625 0.52014144375 0.8614612171875 0.46392570937500005 0.8629682359374999 0.46230963125 0.86193215625 0.43264021562500005 0.8634391750000001 0.4310241375 0.8615306078125 0.37636995156249997 0.8630376265624999 0.3747538734375 0.8523496546875 0.06869043281250001 0.8538566734374999 0.067074353125 0.8516754546874999 0.0046124265625 0.8531824718750001 0.0029963484375 0.8530778375000001 0 0.80930116875 0
0 0.895291053125 0 0.8987251609375001 0.09834001249999999 0.89721814375 0.09995609062500001 0.9005445015625 0.1952105296875 0.8990374843750001 0.1968266078125 0.8993646671875 0.206195896875 0.8978576484375 0.20781197499999998 0.898621075 0.22967365 0.8971140578125001 0.231289728125 0.90551175 0.47176814531250005 0.90400473125 0.47338422500000005 0.9080399859374999 0.5889387890625 0.90653296875 0.5905548671874999 0.9071873343749999 0.6092934453125001 0.905680315625 0.6109095250000001 0.9066618640625 0.6390173906250001 0.9051548468749999 0.6406334703125001 0.90924463125 0.7577495828125 0.9077376140625001 0.7593656609375 0.90828291875 0.7749811421875 0.9098989968750001 0.7764881609375001 0.91142585 0.8202115093750001 0.9099188328125001 0.8218275875 0.9144448609375001 0.9514360859375 0.9160609390625 0.9529431031250001 0.9161154703125 0.9545046515625 0.92096370625 0.9590257046874999 0.9240868015625001 0.95891664375 0.92570288125 0.9604236609375001 0.9569338437500001 0.9593330515625 0.9584408625 0.9577169734375 0.9600024093749999 0.95766244375 0.9615094281250001 0.9560463640625001 0.9613458359375 0.9513617203125 0.9628528546874999 0.949745640625 0.9602353921875 0.8747913296875 0.961742409375 0.8731752500000001 0.9572709109374999 0.7451283015625 0.9587779296875001 0.743512221875 0.9563240578125001 0.6732425546874999 0.9578310765625 0.6716264765625 0.9565223453125 0.6341493203125 0.9580293624999999 0.6325332421875001 0.95546643125 0.559140478125 0.9569734484374999 0.5575243984375 0.9479213921874999 0.29830740312500004 0.9494284093750001 0.296691325 0.94751984375 0.24203713906250002 0.9490268609375001 0.24042105937499997 0.9480998421875 0.21387474062499998 0.9496068609374999 0.21225866249999997 0.9478073546875001 0.1607275734375 0.9493143734375 0.15911149375 0.943758078125 0 0.895291053125 0
0 0.67142825625 0.5737496671875 0.6711010734375 0.564380378125 0.66948499375 0.5628733593749999 0.6645772531249999 0.42233402499999995 0.6660842703125 0.42071794531249995 0.664721009375 0.3816792421875 0.6631049296875 0.3801722234375 0.6624505640625 0.361433646875 0.6639575828125001 0.3598175671875 0.662049015625 0.30516338125 0.6604329375 0.30365636406249996 0.6596695109375 0.2817946890625 0.661176528125 0.2801786109375 0.66008591875 0.2489476484375 0.658469840625 0.24744062968749997 0.658033596875 0.23494824531249997 0.6595406140625 0.23333216562499998 0.6569231531249999 0.1583778546875 0.6584301703125 0.156761775 0.658321109375 0.1536386796875 0.6598281265625 0.1520226 0.6597190656249999 0.1488995046875 0.661226084375 0.147283425 0.656427403125 0.0098671859375 0.6548113234375 0.008360168749999999 0.6126495234375 0.0098324921875 0.61114250625 0.0114485703125 0.6064578609375 0.011612160937500001 0.6048417828125 0.01010514375 0.6384325484375 0.9720188140625 0.6837174453125 0.97043743125 0.6754288140625 0.733082109375 0.6769358328124999 0.73146603125 0.6752999187500001 0.6846195859375 0.6768069359375 0.6830035078125001 0.6749529 0.6299108703125 0.673336821875 0.6284038515625 0.6717009078125 0.5815574078125 0.6700848296874999 0.5800503890625001 0.6699212375 0.5753657453125001 0.67142825625 0.5737496671875
0 0.714948409375 0.9693468218750001 0.6946085453124999 0.38688935625 0.6961155640625 0.3852732765625 0.693389040625 0.30719586875 0.6948960578125 0.305579790625 0.689552071875 0.1525480703125 0.658321109375 0.1536386796875 0.686949603125 0.9734514671875001 0.7119343734375 0.9725789796875001 0.714948409375 0.9693468218750001
0 0.8577681953124999 0 0.8659376249999999 0.23394188593749998 0.8644306078125 0.23555796406249999 0.865357625 0.2621042828125 0.866973703125 0.2636113015625 0.8680643124999999 0.2948422640625 0.8665572953125 0.2964583421875 0.869447409375 0.3792203953125 0.8679403921875 0.380836475 0.86908553125 0.4136289859375 0.8675785140625001 0.4152450640625 0.8683964718749999 0.4386682875 0.87001255 0.4401753046875 0.87044879375 0.45266769062499995 0.8689417765625 0.45428376875 0.8693780203125 0.4667761546875 0.8678710015625001 0.4683922328125 0.8728878046874999 0.6120546640625 0.8713807875 0.6136707421875001 0.87219874375 0.637093965625 0.8706917265625 0.63871004375 0.8714551531250001 0.66057171875 0.869948134375 0.662187796875 0.8806906359375001 0.9698127859375001 0.904113859375 0.968994828125 0.904059328125 0.9674332812499999 0.9055663453125 0.9658172015625001 0.9034396578124999 0.9049168234374999 0.904946675 0.9033007453125 0.9037470046875 0.8689466843749999 0.9052540234374999 0.86733060625 0.9019821953125 0.7736377156249999 0.9034892125 0.7720216375 0.902616725 0.7470368671875 0.9041237437499999 0.7454207890625 0.9028695421874999 0.7095051812500001 0.9043765609375001 0.7078891015625 0.9001777140625 0.58764989375 0.9016847328125 0.5860338140625 0.8946503031249999 0.38459410156249996 0.8961573203125001 0.38297802187499996 0.8929945531250001 0.292408228125 0.8945015703125 0.29079215 0.8922112921875 0.22520712656250003 0.8937183093750001 0.22359104843750002 0.8926822296875001 0.19392163281250002 0.8941892484375 0.1923055546875 0.8874737906249999 0 0.8577681953124999 0
0 0.9515753390624999 0 0.957013053125 0.15571574531250001 0.955506034375 0.157331825 0.9569238265625 0.1979320765625 0.9554168093750001 0.1995481546875 0.955853053125 0.21204054062500002 0.9543460359375 0.21365661875000003 0.95505493125 0.2339567453125 0.9535479140625001 0.2355728234375 0.96058234375 0.43701253749999996 0.9590753265625 0.438628615625 0.9627288671875001 0.5432523437500001 0.96122185 0.5448684218750001 0.96154903125 0.5542377109375 0.9600420140624999 0.555853790625 0.9621141718749999 0.6151926203125 0.9606071546875 0.6168086984375 0.9638244515625001 0.708940040625 0.962317434375 0.71055611875 0.9647713046874999 0.7808257875 0.9632642875 0.782441865625 0.9686628031250001 0.9370351343750001 0.97027888125 0.9385421515625 0.9703334124999999 0.9401037000000001 0.971949490625 0.9416107171875 0.97222214375 0.9494184578124999 0.9786864578125 0.9554465296875 0.9787409874999999 0.9570080781250001 0.9803570671875 0.9585150953125 0.980411596875 0.9600766437500001 0.982027675 0.9615836609375 0.985150771875 0.9614746000000001 0.9867668500000001 0.9629816171875 0.9930130437500001 0.9627634953124999 0.9945200609375 0.9611474171875001 1 0.9609560531250001 1 0.5360438796875 0.9812809359375001 0 0.9515753390624999 0
0 0.0576794578125 1 0.057714948437500004 0.986217653125 0.0490720359375 0.9066098546875001 0.045073153125 0.79209684375 0.021836457812499998 0.518434834375 0 0.2158260625 0 0.4918752515625 0.017172934375 1 0.0576794578125 1
0 0.11798075156250001 1 0.11870966093749999 0.9979851999999999 0.1194498203125 0.9632163140625 0.115693271875 0.855642821875 0.107050359375 0.7760350234375 0.0998877109375 0.6268878890625 0.07896650468750001 0.363568559375 0.07265213125 0.23871286875000003 0.0672941515625 0.1972089515625 0.0645070453125 0.1173966640625 0.059324235937500004 0.10889110937499999 0.0473702921875 0.1023605671875 0.01418739375 0.10351934062499998 0 0.11260936562499999 0 0.2060263171875 0.007255776562500001 0.2687916171875 0.0276792125 0.573820915625 0.035837403125 0.6395481125 0.0579573359375 0.9931587359374999 0.05896986562499999 1 0.11798075156250001 1