0 0.65872873125 0 0.658964615625 0.0033733062500000003 0.65739201875 0.005187425 0.6577476671875 0.010273442187499999 0.6561765203125 0.012085892187499999 0.65665075625 0.01886776875 0.65507805 0.020680328125 0.6580417187500001 0.063062771875 0.659851378125 0.06463881406250001 0.660207028125 0.06972483125 0.6620152375 0.071302540625 0.666164221875 0.1306357796875 0.667973990625 0.1322133796875 0.669159415625 0.1491657328125 0.66758681875 0.1509798515625 0.67280275 0.2255711453125 0.6712316031250001 0.2273835953125 0.6737210359375 0.2629841625 0.6721484390625 0.2647982796875 0.672385503125 0.2681884390625 0.6741951625 0.2697644796875 0.6744323343749999 0.2731561984375 0.672859628125 0.2749687578125 0.676416009375 0.32582737812499996 0.6748433046875 0.3276399375 0.6896613234375 0.53954748125 0.6880887265625 0.5413615984375 0.6927119453125 0.6074767140625 0.6911407984375 0.6092891640625 0.69517130625 0.666928103125 0.693598709375 0.668742221875 0.699407353125 0.7518096921875 0.697834646875 0.7536222515625 0.7136010265625 0.9790919890625001 0.7120283203125 0.9809045484375 0.7124103468749999 0.9863677703124999 0.7834244375 0.98140198125 0.782686871875 0.9708543000000001 0.7842579093750001 0.9690402921875 0.7807016375 0.9181832296874999 0.782274234375 0.9163691109375 0.7761099421875 0.8282156234375 0.7776825390625 0.8264015046875001 0.7764971140625 0.8094491515625 0.7780698203124999 0.8076365921875001 0.7772399359375 0.795768696875 0.7788110828125 0.793956246875 0.7747805765625 0.7363173078125 0.7763531734375 0.734503190625 0.7589272421875 0.48530077968749996 0.7604999484375 0.4834882203125 0.7580105140625 0.447887653125 0.7595831109375 0.4460735359375 0.7583976875 0.42912118125000004 0.759968725 0.427307171875 0.757479290625 0.3917066046875 0.759051996875 0.389894046875 0.7455379875 0.19663471562499998 0.747110584375 0.1948205984375 0.74331725 0.1405733765625 0.744889846875 0.1387592578125 0.7441785484375 0.128587221875 0.7457496953125 0.126774771875 0.736884740625 0 0.65872873125 0
0 0.804664740625 0 0.7794847734375 0.0017607546875 0.7779120671875 0.0035733140625 0.764385721875 0.0045191671875 0.762814684375 0.006333176562499999 0.7560515109375 0.0068061046875 0.7544789140625 0.008620221875 0.749406925 0.008974890624999999 0.746261621875 0.012601567187500001 0.7445704390625 0.0127198265625 0.7429992921874999 0.014532276562499998 0.7432364640625 0.01792399375 0.741663759375 0.019736553125 0.7480651140625 0.11128020000000001 0.7464925171875 0.11309431875 0.748033590625 0.135132690625 0.74646099375 0.1369468078125 0.74752783125 0.152203303125 0.74595679375 0.1540173125 0.7465495062499999 0.1624934890625 0.74835760625 0.1640696390625 0.748594778125 0.1674613578125 0.74702363125 0.1692738078125 0.7472606953125001 0.1726639671875 0.7490689046875 0.174241675 0.750847040625 0.19967020625 0.749276003125 0.201484215625 0.7506984906249999 0.221826728125 0.7491258937499999 0.22364084687500002 0.7628769656250001 0.4202903359375 0.7613043687500001 0.4221044546875 0.7639122796875 0.459399321875 0.7623396828125 0.4612134390625 0.76494759375 0.49850830625000003 0.76337655625 0.500322315625 0.7741640671875001 0.6545909203125 0.7725913609374999 0.656403478125 0.7858683078124999 0.8462726500000001 0.7842956015625 0.848085209375 0.79045989375 0.936238696875 0.788887296875 0.938052815625 0.7898356578125 0.9516150109374999 0.7882645109374999 0.9534274609375 0.790187609375 0.9809290546874999 0.8527457859375 0.9765545609374999 0.852482346875 0.9727871984375 0.8540549437499999 0.9709730796875 0.8433860187500001 0.8184003343749999 0.8449587234375 0.816587775 0.8430620015624999 0.7894633859375 0.844633040625 0.7876493765625 0.8430919671874999 0.7656110046875 0.8446646718749999 0.7637984453125 0.8418195890625 0.723111859375 0.8433921859375 0.7212977421875 0.83141925 0.5500767843750001 0.8329919562500001 0.5482642249999999 0.8302654593750001 0.5092734984375 0.831836496875 0.5074594890624999 0.8310067218749999 0.495593153125 0.83257931875 0.49377903593749994 0.8283117484375 0.4327499375 0.8298843453125 0.43093581875 0.8204008437500001 0.295315428125 0.82197355 0.29350286875 0.8197211781249999 0.26129246093749997 0.8212922171875 0.2594784515625 0.819395603125 0.23235562031249998 0.8209682 0.230541503125 0.8177675765625001 0.1847704578125 0.8193401734375 0.182956340625 0.811871871875 0.0761546390625 0.8134445765624999 0.07434207968749999 0.8105994937500001 0.0336554953125 0.8121705328125 0.031841485937500004 0.8099439593750001 0 0.804664740625 0
0 0.9203832953125 0 0.9206499875 0.00381388125 0.9190773921875 0.0056279984375 0.9200256437500001 0.019188634375 0.918453046875 0.021002753125000002 0.9244987531250001 0.1074603828125 0.922927715625 0.109274390625 0.9252985625000001 0.1431790984375 0.923725965625 0.1449932171875 0.924555740625 0.156859553125 0.9229831453124999 0.158673671875 0.9265394171875 0.2095307328125 0.9249668203124999 0.2113448515625 0.9295900390625 0.2774599671875 0.9280188921875 0.2792724171875 0.9313381015625 0.3267393203125 0.9297655046875001 0.3285534390625 0.9310695140625 0.3472016515625 0.929496809375 0.34901421093749996 0.9348313265625 0.42530136250000006 0.9332587296874999 0.42711548125 0.940015734375 0.5237451453124999 0.9384445875 0.5255575968749999 0.9404598953125 0.5543778453125 0.9388871890624999 0.5561904046875 0.9397170734375001 0.5680582984375 0.9381443671874999 0.5698708578125 0.9399225031249999 0.5952993890625 0.93834990625 0.5971135078125 0.9456996234374999 0.70221935 0.944128584375 0.7040333578125 0.94721073125 0.7481101031249999 0.9490188328125001 0.7496862531249999 0.9492558953125 0.7530764125 0.9476848578125001 0.7548904203125 0.9493445156250001 0.7786246515624999 0.9477718109375 0.7804372109375 0.9482460453125 0.7872190875 0.9466733390625001 0.789031646875 0.950111134375 0.838194409375 0.9485385375 0.8400085265625 0.95719215625 0.9637610234375 0.9556211171875001 0.9655750328125 0.9558845578125 0.9693423953125 1 0.96625754375 1 0.482539609375 0.96625754375 0 0.9203832953125 0
0 0.8082460734374999 0 0.82079429375 0.179447921875 0.8192215875000001 0.18126048125 0.8218296078125 0.21855690781249998 0.8202569015625001 0.2203694671875 0.8215609125000001 0.2390176796875 0.819988315625 0.2408317984375 0.8225962265625 0.278126665625 0.8210251890625001 0.2799406734375 0.82861196875 0.388436675 0.827039371875 0.39025079375 0.8305956437500001 0.4411078546875 0.829023046875 0.44292197343749995 0.8335276796875 0.5073412312500001 0.8319550828125 0.5091553484375 0.8374080781250001 0.5871368 0.8358369296875001 0.5889492515625 0.8360741031250001 0.5923409687500001 0.837882203125 0.5939171187500001 0.836311165625 0.595731128125 0.8436608812499999 0.7008369703125 0.8420882859375001 0.7026510874999999 0.8477783421874999 0.7840226984374999 0.8462057453125 0.7858368171875 0.8492878921875 0.8299135609375 0.8510975515625001 0.8314896031250001 0.8516902640625 0.8399657796875 0.8501176671874999 0.8417798968750001 0.853792525 0.89433281875 0.8522198187500001 0.8961453781250001 0.8537608921875 0.9181837500000001 0.8521898546875001 0.9199977593750001 0.8533752781249999 0.9369501124999999 0.85180268125 0.9387642312500001 0.85443696875 0.9764363015624999 0.9034703593750001 0.973007553125 0.9017844328125 0.9488976765625001 0.9033554718750001 0.94708366875 0.8982581265625 0.8741882343749999 0.8998307234375 0.872374115625 0.8972228109374999 0.8350792484375 0.8987954078125 0.8332651312499999 0.8908529796875 0.7196831109375 0.8924255765625 0.71786899375 0.8899361421875 0.6822684265625 0.8915072890625 0.6804559765625 0.8904403421874999 0.665197921875 0.8920130484375 0.6633853625 0.8890493796875001 0.62100291875 0.8906220843750001 0.619190359375 0.8788862125 0.45135956093749996 0.8804588093750001 0.44954544218750003 0.8766654734375001 0.39529822187499997 0.8782365125 0.3934842125 0.8772881515625001 0.3799220171875 0.87886085625 0.3781094578125 0.8769641343749999 0.35098506875 0.87853673125 0.34917095 0.8691718156249999 0.21524641875 0.8707444125 0.21343230000000002 0.8692033390624999 0.191393928125 0.8707744859375 0.18958147812499998 0.869588953125 0.17262756562499998 0.871161659375 0.17081500624999998 0.8685536390624999 0.1335185796875 0.8701263453125 0.1317060203125 0.8609165624999999 0 0.8082460734374999 0
0 0.49758485312499995 1 0.49409891874999995 0.950148803125 0.49566995625 0.9483347953125 0.4941288828125 0.9262964218749999 0.4923207828125 0.9247202718749999 0.4873419140625 0.8535191390625 0.48891295156250003 0.8517051296875 0.48666069062500006 0.8194962796875 0.48823328750000006 0.8176821625 0.487640575 0.8092059859375 0.48583080624999997 0.8076283859375 0.481326171875 0.743209128125 0.48289876875 0.7413950093749999 0.48076498437500004 0.7108804609375 0.482337690625 0.7090679015625 0.481982040625 0.703981884375 0.480172271875 0.702404284375 0.4780384875 0.671889734375 0.47961119218750004 0.6700771750000001 0.43740950781250004 0.066564953125 0.37992176093749996 0.0705848890625 0.3783507234375 0.072398896875 0.3789434359375 0.08087507499999999 0.3773708390625 0.08268919218750001 0.40653264218749996 0.49972240156250003 0.40834230156249995 0.50129844375 0.41367681875000006 0.5775855953125 0.41210411249999995 0.5793981546875 0.4211134890625 0.708238228125 0.4195408921875 0.7100523453124999 0.41989643125000004 0.7151368046875 0.42170620000000003 0.7167144046875 0.42514399531249997 0.7658771671875 0.423571290625 0.7676897265625 0.425381059375 0.7692673265625001 0.42561812187500003 0.772657484375 0.42404552500000003 0.7744716031250001 0.43981600624999995 1 0.49758485312499995 1
0 0.8694106921874999 0 0.870755190625 0.019227225 0.8691841515625001 0.021041232812499998 0.8708437015625 0.04477390625 0.8692711046875001 0.0465880234375 0.870812178125 0.0686263953125 0.8692395812499999 0.0704405140625 0.8733885656249999 0.129773753125 0.871817528125 0.1315877609375 0.8756108625 0.1858349828125 0.8740382656250001 0.1876491015625 0.8752236906249999 0.2046014546875 0.87365109375 0.2064155734375 0.8779186640625 0.2674446703125 0.8763459578124999 0.2692572296875 0.8782426796875 0.2963816203125 0.8766716421874999 0.2981956296875 0.8769087046875 0.3015857875 0.878716915625 0.303163496875 0.878953978125 0.30655365625000003 0.877382940625 0.308367665625 0.8821246359374999 0.37617708125 0.8805520390625 0.37799119999999997 0.8884944671874999 0.49157321875 0.8903041281249999 0.493149259375 0.8907783625000001 0.49993113593749994 0.88920565625 0.5017436953125001 0.8895613062500001 0.5068297140625 0.891371075 0.5084073140625 0.88979836875 0.5102198734375001 0.8902726046874999 0.51700175 0.8920823734375001 0.51857935 0.8962313578125001 0.5779125890625 0.8946587609375 0.57972670625 0.8995190421875 0.64923198125 0.8979463375 0.651044540625 0.898657634375 0.6612165765625 0.8970850374999999 0.6630306953125 0.8994558859374999 0.696935403125 0.9012656546875 0.698513003125 0.9013841328125001 0.700207303125 0.8998115359375 0.7020214218749999 0.901826734375 0.7308401109375 0.900255696875 0.7326541203125 0.9053530421874999 0.8055495546874999 0.9037804453125 0.807363671875 0.9080480156249999 0.8683927703125001 0.90647541875 0.8702068890625 0.9088462671875 0.9041115968750001 0.9072735609375 0.90592415625 0.91192315625 0.9724164765625 0.9525021921875 0.9695789140625 0.9517646265625 0.9590312328125 0.9533372234374999 0.9572171140625001 0.9508477890625 0.921616546875 0.95242049375 0.9198039874999999 0.9387879 0.7248487984375 0.9403589374999999 0.723034790625 0.9378696124999999 0.68743578125 0.939442209375 0.6856216640625 0.9384938484375001 0.67205946875 0.9400664453124999 0.67024535 0.9372214703124999 0.629560325 0.9387940671875 0.62774620625 0.9335781359374999 0.5531549140625 0.9351491749999999 0.5513409046875 0.9323041999999999 0.510655878125 0.933876796875 0.5088417609375 0.9331654984375 0.49866972499999995 0.9347382046874999 0.496857165625 0.930707696875 0.43921822656250004 0.9322802937500001 0.4374041078125 0.9244564515624999 0.325517946875 0.926027490625 0.3237039390625 0.9224712171875 0.2728468765625 0.9240438140625 0.27103275781249997 0.9232140390625 0.259166421875 0.9247866359374999 0.25735230468750003 0.9225343734375 0.22514345468750002 0.9241069703125 0.2233293375 0.9169943171874999 0.1216136546875 0.9185654640625 0.1198012046875 0.917617103125 0.106239009375 0.9191897000000001 0.104424890625 0.918715575 0.0976445734375 0.920288171875 0.0958304546875 0.9135870531249999 0 0.8694106921874999 0
0 0.22573514218750002 1 0.171531290625 0.2248488140625 0.1697230796875 0.22327110625 0.16592963593750001 0.169022325 0.1675007828125 0.167209875 0.1672637203125 0.163819715625 0.165455509375 0.1622420078125 0.15570856875 0.022854253124999998 0.09822082343750001 0.0268741875 0.1013293453125 0.07132813593750001 0.10313900625000001 0.0729041765625 0.10456160156250001 0.0932482484375 0.1063712609375 0.094824290625 0.10731962187499999 0.10838648437500001 0.105747025 0.11020060312499999 0.1095403609375 0.164447825 0.1113501296875 0.16602542343749999 0.113720978125 0.1999301328125 0.11214838125 0.20174425 0.1161788890625 0.2593831890625 0.1179885484375 0.26095923125 0.12071504531249999 0.29994995625 0.1225232546875 0.301527665625 0.1228789046875 0.3066136828125 0.1213077578125 0.308426134375 0.12356012812499999 0.3406365421875 0.1253683390625 0.34221425 0.1713651984375 1 0.22573514218750002 1
0 0.4381165546875 1 0.4375279015625 0.9915818640625 0.43571980000000005 0.9900057140625 0.42765878593749995 0.8747278359375 0.4292298234375 0.8729138265625 0.42697756093750006 0.840704978125 0.4251693515625 0.8391272687500001 0.4237468640625 0.81878475625 0.42531790156250004 0.8169707468749999 0.42270999062500003 0.7796758796875001 0.42090178125 0.7780981703125 0.419005059375 0.75097378125 0.42057620625 0.7491613312500001 0.41891654687499996 0.7254271 0.4171084453125 0.72385095 0.4152117234375 0.6967265593749999 0.4167827625 0.69491255 0.368746165625 0.0079572125 0.31295116093750003 0.0118587796875 0.3820487265625 1 0.4381165546875 1
0 0.288600778125 1 0.2807972359375 0.8884041328125001 0.2789875765625 0.886828090625 0.27839486406249997 0.8783519140625 0.27996746093749997 0.876537796875 0.26372695468749996 0.6442877390625 0.2619171859375 0.6427101390625001 0.2590722109375 0.6020251140624999 0.2572624421875 0.6004475140625 0.249794140625 0.49364581249999995 0.251366846875 0.491833253125 0.24994424999999998 0.47148918125000006 0.248134590625 0.469913140625 0.24718622968749998 0.4563509453125 0.24875882656249998 0.454536828125 0.24840317656250002 0.44945080937500004 0.2465935171875 0.44787476875000004 0.236517303125 0.3037782 0.2380899 0.30196408125 0.23654882656249998 0.279925709375 0.23473916718750001 0.27834966875 0.2165755625 0.01859801875 0.162471740625 0.0223813265625 0.1673584 0.09226380468749999 0.1691665015625 0.0938399546875 0.208286040625 0.6532754328125 0.21009570000000002 0.654851475 0.2202905 0.8006439015625 0.22210026875 0.8022215015624999 0.225656540625 0.8530785640625 0.22746475156249998 0.8546562734375 0.23090254687499998 0.9038190343749999 0.22933140000000002 0.905631484375 0.2359302890625 1 0.288600778125 1
0 0.133986646875 1 0.09315053749999999 0.4160164296875 0.09134076875 0.4144388296875 0.089681109375 0.3907045984375 0.0878730078125 0.3891284484375 0.0805232921875 0.28402260625000003 0.0787135234375 0.28244500625 0.061169006250000005 0.0315467359375 0.059359346874999996 0.0299706953125 0.0593329703125 0.029593492187499997 0.0069187734375 0.033258648437499996 0.009790123437500001 0.0743208796875 0.011599892187499999 0.07589847968749999 0.0121926046875 0.08437465625 0.0106200078125 0.0861887734375 0.0114497828125 0.0980551109375 0.0132595515625 0.09963271093750001 0.013496615625 0.10302286875 0.011923909375 0.10483542812499999 0.013820631250000001 0.13195981875 0.0156304 0.13353741875 0.0281960484375 0.313234553125 0.0300041484375 0.3148107046875 0.032849232812500004 0.3554972890625 0.0346590015625 0.3570748890625 0.034777478125 0.3587691890625 0.03320488125 0.36058330625 0.036998325 0.41483208749999995 0.0388079859375 0.41640812812499994 0.0398749328125 0.43166618124999995 0.0416845921875 0.43324222343749996 0.0435813140625 0.4603666125 0.0453910828125 0.4619442125 0.0545189359375 0.5924785859374999 0.0529463390625 0.5942927046875 0.0548430609375 0.62141709375 0.0532703546875 0.623229653125 0.0555227265625 0.6554400609375 0.057332385937499994 0.6570161031249999 0.062429840625 0.7299130953125 0.0642395 0.7314891375 0.07727938281249999 0.9179681484375 0.07908748437499999 0.9195442984375 0.08240680312500001 0.9670127609374999 0.08083565468750001 0.9688252109375 0.0830156078125 1 0.133986646875 1
0 0.16456895625 1 0.1114925125 0.24097149375 0.109684303125 0.2393937859375 0.10921017656250001 0.23261346718749998 0.11078121406250001 0.23079945781250003 0.1063951671875 0.168076059375 0.1045869578125 0.16649835156249998 0.10411283125 0.15971803281250002 0.10568386874999999 0.1579040234375 0.10449844531250001 0.1409516703125 0.070684140625 0.143316196875 0.08087894062499999 0.2891086234375 0.0826870421875 0.2906847734375 0.0863619 0.3432376953125 0.08817166875 0.3448152953125 0.09101664375 0.385500321875 0.0928264125 0.387077921875 0.09887211875 0.47353554999999997 0.10068032812500001 0.47511325937500004 0.137383984375 1 0.16456895625 1
0 0.664781203125 0.1776749640625 0.655291521875 0.0723397140625 0.6517260328125001 0.06691114375 0.609193934375 0.06609949375 0.5946622515625 0.0709014328125 0.5918869734375 0.0767733921875 0.644544040625 0.9816497671875 0.6452025859375 0.9910673953125 0.7068348984374999 0.9867576437500001 0.6742462734375 0.4041523390625 0.664781203125 0.1776749640625
0 0.5206442671875 0 0.5587601359375001 0.605296659375 0.574307153125 0.79727825 0.5843122109375 0.9953252656249999 0.6432931859375 0.9912009140625001 0.5979289953125 0.2542764984375 0.5929345515625 0.1221279859375 0.58439453125 0 0.5206442671875 0
0 0.5521743609375 0.511115703125 0.549270453125 0.4999614109375 0.5226807906250001 0.02861334375 0.5192501125 0.009925884375000001 0.5156860734375 0.004495645312499999 0.47130226718749996 0.0075992640625 0.4669403890625 0.0211553046875 0.46667076874999996 0.047673084375 0.5014497875 0.5146627109375 0.531216865625 0.999038053125 0.5817980390625 0.9955010734374999 0.5653336578125 0.760049459375 0.5521743609375 0.511115703125
0 0.5174603875 1 0.5311342546875 0.9990438296875 0.47483718125 0.16445821875 0.4712715828125 0.159028090625 0.44802366562499996 0.1606537421875 0.44524849531250005 0.1665272609375 0.48211649218749997 0.7545112171875 0.499282740625 1 0.5174603875 1
0 0.376101425 1 0.3070328 0.0122726328125 0.25851066093749997 0.01566563125 0.33136467187499996 1 0.376101425 1
0 0.3271751796875 1 0.2563144625 0.015819203125 0.22204501875 0.01821555625 0.22203999375 0.04206619375 0.244970734375 0.3092440203125 0.244437675 0.3319944359375 0.29522287187499996 1 0.3271751796875 1
0 0.082713828125 1 0.06892248125 0.8288324046875 0.06535688281249999 0.823402275 0.0602046859375 0.825656228125 0.0104162203125 0.1136480046875 0.0038181953125 0.0800388890625 0.0005780062499999999 0.0337020390625 0 0.0337424578125 0 0.517460384375 0.0337424578125 1 0.082713828125 1