0 0 0.8570843531250001 0.0009765625 0.8583849359375 0.0068359375 0.8583849359375 0.0078125 0.8570843531250001 0.0087890625 0.8557837703125 0.0205078125 0.8557837703125 0.0224609375 0.853182603125 0.0322265625 0.853182603125 0.0341796875 0.8505814375 0.0400390625 0.8505814375 0.0419921875 0.8479802703124999 0.0458984375 0.8479802703124999 0.0478515625 0.8453791046875001 0.0498046875 0.8453791046875001 0.052734375 0.8414773546875001 0.052734375 0.6802050328125 0.05078125 0.6776038671875 0.05078125 0.6671992 0.052734375 0.664598034375 0.052734375 0.6619968671875001 0.05078125 0.6593957015624999 0.05078125 0.64638986875 0.052734375 0.643788703125 0.052734375 0.6411875359375 0.05078125 0.63858636875 0.05078125 0.6229793703125 0.052734375 0.6203782046875 0.05078125 0.6177770375 0.05078125 0.5111292125 0.048828125 0.5085280453125 0.048828125 0.500724546875 0.0458984375 0.496822796875 0.0419921875 0.496822796875 0.0390625 0.492921046875 0.0390625 0.4382965515625 0.037109375 0.43569538437500005 0.037109375 0.264018396875 0.03515625 0.26141723125 0.037109375 0.2588160640625 0.037109375 0.2562148984375 0.03515625 0.25361373125000003 0.03515625 0.1443647390625 0.033203125 0.14176357343749998 0.033203125 0.13916240625 0.0302734375 0.13526065625 0.0283203125 0.13526065625 0.0263671875 0.132659490625 0.0107421875 0.132659490625 0.0087890625 0.13005832343749998 0.0009765625 0.13005832343749998 0 0.13135890625 0 0.8570843531250001
0 0.068359375 0.8362750218749999 0.068359375 0.8336738546875001 0.06640625 0.8310726890625 0.06640625 0.7374306953125 0.064453125 0.7348295296875 0.064453125 0.729627196875 0.06640625 0.7270260296875 0.06640625 0.7244248625 0.064453125 0.721823696875 0.064453125 0.5839618734375 0.0625 0.5813607078125 0.0625 0.45650471562500006 0.060546875 0.45390355 0.060546875 0.3654638890625 0.05859375 0.36286272343750003 0.05859375 0.271821896875 0.056640625 0.2692207296875 0.056640625 0.2562148984375 0.0556640625 0.2549143140625 0.0517578125 0.2549143140625 0.05078125 0.2562148984375 0.05078125 0.300434728125 0.052734375 0.30303589375 0.052734375 0.31083939374999997 0.05078125 0.3134405609375 0.05078125 0.321244059375 0.052734375 0.3238452265625 0.052734375 0.3342498921875 0.05078125 0.3368510578125 0.052734375 0.339452225 0.052734375 0.586563040625 0.0546875 0.58916420625 0.0546875 0.6021700390625 0.052734375 0.6047712046875 0.052734375 0.607372371875 0.0546875 0.6099735390625 0.0546875 0.6125747046875001 0.052734375 0.615175871875 0.052734375 0.6177770375 0.0546875 0.6203782046875 0.0546875 0.8440785203125 0.0576171875 0.8479802703124999 0.0654296875 0.8479802703124999 0.06640625 0.8466796875 0.068359375 0.8440785203125 0.06640625 0.8414773546875001 0.06640625 0.8388761875 0.068359375 0.8362750218749999
0 0.1162109375 0.8661884359375 0.1181640625 0.8635872703125 0.1201171875 0.8635872703125 0.1220703125 0.860986103125 0.1259765625 0.860986103125 0.1298828125 0.8557837703125 0.1318359375 0.8557837703125 0.13671875 0.8492808546875 0.13671875 0.1807810703125 0.1396484375 0.1768793203125 0.1416015625 0.1768793203125 0.142578125 0.1755787375 0.142578125 0.1729775703125 0.1337890625 0.161272321875 0.1318359375 0.161272321875 0.1259765625 0.153468821875 0.1240234375 0.153468821875 0.1220703125 0.15086765625 0.1201171875 0.15086765625 0.1181640625 0.1482664890625 0.1142578125 0.1482664890625 0.1123046875 0.145665321875 0.1064453125 0.145665321875 0.1044921875 0.14306415625 0.0947265625 0.14306415625 0.0927734375 0.14046298906250002 0.0849609375 0.14046298906250002 0.0830078125 0.1378618234375 0.0615234375 0.1378618234375 0.0595703125 0.14046298906250002 0.0556640625 0.14046298906250002 0.0546875 0.14176357343749998 0.0546875 0.1443647390625 0.052734375 0.14696590625 0.052734375 0.15216823906250002 0.0546875 0.1547694046875 0.0546875 0.19638806875 0.056640625 0.1989892359375 0.056640625 0.2692207296875 0.05859375 0.271821896875 0.05859375 0.370666221875 0.060546875 0.3732673890625 0.060546875 0.472111715625 0.0625 0.47471288125 0.0625 0.58916420625 0.064453125 0.5917653734375 0.064453125 0.721823696875 0.06640625 0.7244248625 0.06640625 0.8258703562499999 0.068359375 0.828471521875 0.068359375 0.8674890187500001 0.0712890625 0.8713907687500001 0.0986328125 0.8713907687500001 0.099609375 0.8700901859375 0.1005859375 0.868789603125 0.1064453125 0.868789603125 0.1083984375 0.8661884359375 0.1162109375 0.8661884359375
0 0.1943359375 0.8427779375 0.19921875 0.8362750218749999 0.19921875 0.693210865625 0.201171875 0.6906096984375 0.201171875 0.6776038671875 0.19921875 0.6750027000000001 0.19921875 0.6724015343749999 0.201171875 0.6698003671875 0.201171875 0.6021700390625 0.19921875 0.5995688718750001 0.19921875 0.5735572078125 0.201171875 0.5709560406249999 0.201171875 0.3914755546875 0.19921875 0.3888743875 0.19921875 0.3836720546875 0.201171875 0.3810708890625 0.201171875 0.37586855625000004 0.19921875 0.3732673890625 0.19921875 0.36286272343750003 0.201171875 0.36026155625 0.201171875 0.3342498921875 0.19921875 0.33164872500000003 0.19921875 0.300434728125 0.201171875 0.2978335609375 0.201171875 0.28482772968750003 0.2021484375 0.2835271453125 0.2119140625 0.2835271453125 0.2138671875 0.2809259796875 0.2255859375 0.2809259796875 0.2275390625 0.2835271453125 0.2412109375 0.2835271453125 0.2431640625 0.2861283125 0.2451171875 0.2861283125 0.2470703125 0.2835271453125 0.2490234375 0.2861283125 0.2509765625 0.2861283125 0.2529296875 0.288729478125 0.2548828125 0.288729478125 0.2568359375 0.2913306453125 0.2666015625 0.2913306453125 0.2685546875 0.2939318109375 0.2724609375 0.2939318109375 0.2734375 0.292631228125 0.2734375 0.29003006249999996 0.275390625 0.28742889531250004 0.275390625 0.27962539531249997 0.2734375 0.27702422968749996 0.2734375 0.27442306250000004 0.2666015625 0.2653189796875 0.2646484375 0.2653189796875 0.2529296875 0.24971198125 0.2509765625 0.24971198125 0.2470703125 0.2445096484375 0.2451171875 0.2445096484375 0.2373046875 0.2341049828125 0.2353515625 0.2341049828125 0.2197265625 0.21329565156250002 0.2177734375 0.21329565156250002 0.2041015625 0.1950874859375 0.2021484375 0.1950874859375 0.1962890625 0.1872839859375 0.1943359375 0.1872839859375 0.1923828125 0.1846828203125 0.1904296875 0.1846828203125 0.1884765625 0.182081653125 0.1845703125 0.182081653125 0.1826171875 0.1794804875 0.1416015625 0.1794804875 0.138671875 0.1833822359375 0.138671875 0.8466796875 0.1416015625 0.8505814375 0.1826171875 0.8505814375 0.18359375 0.8492808546875 0.1845703125 0.8479802703124999 0.1884765625 0.8479802703124999 0.1923828125 0.8427779375 0.1943359375 0.8427779375
0 0.25390625 0.771245859375 0.255859375 0.76864469375 0.255859375 0.7556388609375 0.25390625 0.75303769375 0.25390625 0.7504365281250001 0.255859375 0.7478353609374999 0.255859375 0.7348295296875 0.25390625 0.7322283625 0.255859375 0.729627196875 0.255859375 0.7166213640625 0.25390625 0.714020196875 0.25390625 0.71141903125 0.255859375 0.7088178640625 0.255859375 0.4122848859375 0.25390625 0.4096837203125 0.25390625 0.40708255312499997 0.255859375 0.4044813875 0.255859375 0.3966778875 0.25390625 0.3940767203125 0.25390625 0.36806505624999997 0.255859375 0.3654638890625 0.255859375 0.36026155625 0.2587890625 0.35635980625 0.2861328125 0.35635980625 0.287109375 0.35505922343749996 0.287109375 0.3524580578125 0.2890625 0.349856890625 0.2890625 0.3342498921875 0.287109375 0.33164872500000003 0.287109375 0.3264463921875 0.2822265625 0.3199434765625 0.2802734375 0.3199434765625 0.2685546875 0.30433647812500003 0.2666015625 0.30433647812500003 0.2607421875 0.296532978125 0.2587890625 0.296532978125 0.2548828125 0.2913306453125 0.2529296875 0.2913306453125 0.2509765625 0.288729478125 0.2490234375 0.288729478125 0.2470703125 0.2861283125 0.2275390625 0.2861283125 0.2255859375 0.2835271453125 0.2060546875 0.2835271453125 0.201171875 0.29003006249999996 0.201171875 0.8336738546875001 0.2041015625 0.8375756046875 0.2412109375 0.8375756046875 0.2421875 0.8362750218749999 0.2431640625 0.8349744390625 0.2451171875 0.8349744390625 0.25390625 0.8232691890625 0.25390625 0.771245859375
0 0.29296875 0.6776038671875 0.291015625 0.6750027000000001 0.291015625 0.6724015343749999 0.29296875 0.6698003671875 0.29296875 0.6593957015624999 0.291015625 0.656794534375 0.291015625 0.64638986875 0.29296875 0.643788703125 0.29296875 0.6411875359375 0.291015625 0.63858636875 0.291015625 0.3654638890625 0.2880859375 0.361562140625 0.2861328125 0.361562140625 0.2841796875 0.3589609734375 0.2607421875 0.3589609734375 0.2578125 0.36286272343750003 0.2578125 0.3732673890625 0.255859375 0.37586855625000004 0.255859375 0.42529071875 0.2578125 0.427891884375 0.2578125 0.4513023828125 0.255859375 0.45390355 0.2578125 0.45650471562500006 0.2578125 0.8232691890625 0.2587890625 0.824569771875 0.2607421875 0.824569771875 0.2626953125 0.8271709390625 0.2841796875 0.8271709390625 0.28515625 0.8258703562499999 0.2861328125 0.824569771875 0.2880859375 0.824569771875 0.29296875 0.81806685625 0.29296875 0.6776038671875
0 0.341796875 0.45390355 0.33984375 0.4513023828125 0.33984375 0.2978335609375 0.337890625 0.2952323953125 0.337890625 0.2822265625 0.3369140625 0.2809259796875 0.3349609375 0.2809259796875 0.3330078125 0.2783248125 0.2958984375 0.2783248125 0.291015625 0.28482772968750003 0.29296875 0.28742889531250004 0.291015625 0.29003006249999996 0.291015625 0.42268955156250004 0.29296875 0.42529071875 0.29296875 0.6671992 0.294921875 0.6698003671875 0.294921875 0.7270260296875 0.29296875 0.729627196875 0.29296875 0.7556388609375 0.294921875 0.758240028125 0.294921875 0.8232691890625 0.2958984375 0.824569771875 0.3369140625 0.824569771875 0.337890625 0.8232691890625 0.33984375 0.8206680234375 0.33984375 0.81806685625 0.341796875 0.8154656890625 0.341796875 0.45390355
0 0.359375 0.81806685625 0.361328125 0.8154656890625 0.361328125 0.6671992 0.359375 0.664598034375 0.359375 0.6619968671875001 0.361328125 0.6593957015624999 0.361328125 0.3966778875 0.359375 0.3940767203125 0.359375 0.349856890625 0.361328125 0.347255725 0.361328125 0.2822265625 0.359375 0.27962539531249997 0.359375 0.27702422968749996 0.3583984375 0.275723646875 0.3564453125 0.275723646875 0.3544921875 0.2731224796875 0.3486328125 0.2731224796875 0.3466796875 0.275723646875 0.3408203125 0.275723646875 0.33984375 0.27702422968749996 0.33984375 0.4304930515625 0.341796875 0.43309421875 0.341796875 0.44610004999999997 0.33984375 0.44870121718749995 0.341796875 0.4513023828125 0.341796875 0.8232691890625 0.3447265625 0.8271709390625 0.3486328125 0.8271709390625 0.3505859375 0.8297721046875 0.3515625 0.828471521875 0.3525390625 0.8271709390625 0.3583984375 0.8271709390625 0.359375 0.8258703562499999 0.359375 0.81806685625
0 0.39453125 0.27702422968749996 0.3935546875 0.275723646875 0.3623046875 0.275723646875 0.361328125 0.27702422968749996 0.361328125 0.8258703562499999 0.3623046875 0.8271709390625 0.3642578125 0.8271709390625 0.3662109375 0.8297721046875 0.3876953125 0.8297721046875 0.388671875 0.828471521875 0.3896484375 0.8271709390625 0.3916015625 0.8271709390625 0.39453125 0.8232691890625 0.39453125 0.27702422968749996
0 0.45703125 0.7946563578125 0.45703125 0.472111715625 0.458984375 0.46951054843750006 0.45703125 0.4669093828125 0.45703125 0.46170704999999995 0.458984375 0.4591058828125 0.458984375 0.3810708890625 0.45703125 0.378469721875 0.45703125 0.36286272343750003 0.458984375 0.36026155625 0.458984375 0.35505922343749996 0.45703125 0.3524580578125 0.45703125 0.271821896875 0.4560546875 0.2705213140625 0.4150390625 0.2705213140625 0.4130859375 0.267920146875 0.4033203125 0.267920146875 0.4013671875 0.2705213140625 0.3974609375 0.2705213140625 0.396484375 0.271821896875 0.396484375 0.3420533921875 0.39453125 0.3446545578125 0.39453125 0.347255725 0.396484375 0.349856890625 0.396484375 0.35505922343749996 0.39453125 0.357660390625 0.396484375 0.36026155625 0.396484375 0.3836720546875 0.39453125 0.386273221875 0.39453125 0.3888743875 0.396484375 0.3914755546875 0.396484375 0.399279053125 0.39453125 0.40188022031250004 0.39453125 0.4044813875 0.396484375 0.40708255312499997 0.396484375 0.5709560406249999 0.39453125 0.5735572078125 0.39453125 0.75303769375 0.396484375 0.7556388609375 0.39453125 0.758240028125 0.39453125 0.7660435265625 0.396484375 0.76864469375 0.39453125 0.771245859375 0.39453125 0.7738470265624999 0.396484375 0.7764481921875 0.39453125 0.779049359375 0.39453125 0.7920551921875 0.396484375 0.7946563578125 0.396484375 0.799858690625 0.39453125 0.8024598578125 0.39453125 0.8050610234375 0.396484375 0.8076621906250001 0.396484375 0.8102633562499999 0.39453125 0.8128645234375 0.396484375 0.8154656890625 0.396484375 0.8206680234375 0.39453125 0.8232691890625 0.39453125 0.828471521875 0.396484375 0.8310726890625 0.396484375 0.8336738546875001 0.3974609375 0.8349744390625 0.4013671875 0.8349744390625 0.4033203125 0.8375756046875 0.4521484375 0.8375756046875 0.453125 0.8362750218749999 0.45703125 0.8310726890625 0.45703125 0.799858690625 0.455078125 0.797257525 0.45703125 0.7946563578125
0 0.5380859375 0.853182603125 0.5400390625 0.8505814375 0.5419921875 0.8505814375 0.54296875 0.8492808546875 0.54296875 0.8466796875 0.544921875 0.8440785203125 0.544921875 0.7556388609375 0.54296875 0.75303769375 0.54296875 0.7452341953125 0.541015625 0.742633028125 0.541015625 0.69581203125 0.5390625 0.693210865625 0.541015625 0.6906096984375 0.541015625 0.6750027000000001 0.5390625 0.6724015343749999 0.5390625 0.6671992 0.541015625 0.664598034375 0.541015625 0.656794534375 0.5390625 0.65419336875 0.5390625 0.4799152140625 0.541015625 0.4773140484375 0.541015625 0.44870121718749995 0.5390625 0.44610004999999997 0.5390625 0.4122848859375 0.541015625 0.4096837203125 0.541015625 0.40708255312499997 0.5390625 0.4044813875 0.5390625 0.378469721875 0.541015625 0.37586855625000004 0.541015625 0.300434728125 0.5390625 0.2978335609375 0.5390625 0.2484113984375 0.537109375 0.24581023124999998 0.537109375 0.19638806875 0.5390625 0.193786903125 0.5390625 0.14696590625 0.5380859375 0.145665321875 0.5361328125 0.145665321875 0.5341796875 0.14306415625 0.5283203125 0.14306415625 0.5263671875 0.14046298906250002 0.4775390625 0.14046298906250002 0.4755859375 0.14306415625 0.4697265625 0.14306415625 0.4677734375 0.145665321875 0.4638671875 0.145665321875 0.458984375 0.15216823906250002 0.458984375 0.157370571875 0.45703125 0.1599717375 0.45703125 0.185983403125 0.458984375 0.18858456875000001 0.458984375 0.2171974 0.4609375 0.21979856718750002 0.4609375 0.3810708890625 0.462890625 0.3836720546875 0.462890625 0.4877187140625 0.46484375 0.49031988125000003 0.46484375 0.5995688718750001 0.466796875 0.6021700390625 0.466796875 0.7660435265625 0.46875 0.76864469375 0.46875 0.8466796875 0.4736328125 0.853182603125 0.4794921875 0.853182603125 0.4814453125 0.8557837703125 0.4970703125 0.8557837703125 0.4990234375 0.8583849359375 0.5185546875 0.8583849359375 0.51953125 0.8570843531250001 0.5205078125 0.8557837703125 0.5341796875 0.8557837703125 0.5361328125 0.853182603125 0.5380859375 0.853182603125
0 0.58984375 0.6880085328125001 0.587890625 0.6854073656249999 0.587890625 0.6828062 0.58984375 0.6802050328125 0.58984375 0.64638986875 0.587890625 0.643788703125 0.587890625 0.63858636875 0.58984375 0.635985203125 0.58984375 0.6125747046875001 0.587890625 0.6099735390625 0.58984375 0.607372371875 0.587890625 0.6047712046875 0.587890625 0.357660390625 0.5859375 0.35505922343749996 0.5859375 0.2510125640625 0.5830078125 0.247110815625 0.5771484375 0.247110815625 0.5751953125 0.2445096484375 0.5595703125 0.2445096484375 0.5576171875 0.247110815625 0.5556640625 0.247110815625 0.5478515625 0.25751548125 0.5458984375 0.25751548125 0.54296875 0.26141723125 0.54296875 0.3732673890625 0.544921875 0.37586855625000004 0.544921875 0.3836720546875 0.54296875 0.386273221875 0.54296875 0.3940767203125 0.544921875 0.3966778875 0.544921875 0.53974204375 0.54296875 0.542343209375 0.54296875 0.5657537078125 0.544921875 0.568354875 0.544921875 0.7270260296875 0.546875 0.729627196875 0.546875 0.8024598578125 0.548828125 0.8050610234375 0.548828125 0.81806685625 0.55078125 0.8206680234375 0.55078125 0.8362750218749999 0.552734375 0.8388761875 0.552734375 0.8414773546875001 0.5576171875 0.8479802703124999 0.5595703125 0.8479802703124999 0.5615234375 0.8505814375 0.5830078125 0.8505814375 0.583984375 0.8492808546875 0.587890625 0.8440785203125 0.587890625 0.8128645234375 0.58984375 0.8102633562499999 0.58984375 0.6880085328125001
0 0.6748046875 0.8713907687500001 0.677734375 0.8674890187500001 0.677734375 0.7192225296875 0.67578125 0.7166213640625 0.67578125 0.70361553125 0.677734375 0.7010143656250001 0.677734375 0.6984131984374999 0.67578125 0.69581203125 0.67578125 0.6593957015624999 0.677734375 0.656794534375 0.67578125 0.65419336875 0.67578125 0.63858636875 0.677734375 0.635985203125 0.677734375 0.6047712046875 0.67578125 0.6021700390625 0.67578125 0.49552221406249997 0.677734375 0.492921046875 0.67578125 0.49031988125000003 0.67578125 0.48251638124999996 0.677734375 0.4799152140625 0.67578125 0.4773140484375 0.67578125 0.46170704999999995 0.677734375 0.4591058828125 0.677734375 0.45390355 0.67578125 0.4513023828125 0.67578125 0.3940767203125 0.677734375 0.3914755546875 0.67578125 0.3888743875 0.67578125 0.349856890625 0.677734375 0.347255725 0.67578125 0.3446545578125 0.67578125 0.29003006249999996 0.677734375 0.28742889531250004 0.677734375 0.2822265625 0.67578125 0.27962539531249997 0.67578125 0.2588160640625 0.677734375 0.2562148984375 0.677734375 0.2250009 0.67578125 0.22239973281249997 0.677734375 0.21979856718750002 0.677734375 0.15216823906250002 0.6728515625 0.145665321875 0.6689453125 0.145665321875 0.6669921875 0.14306415625 0.6591796875 0.14306415625 0.6572265625 0.14046298906250002 0.6240234375 0.14046298906250002 0.6220703125 0.14306415625 0.6181640625 0.14306415625 0.6162109375 0.145665321875 0.6123046875 0.145665321875 0.6103515625 0.1482664890625 0.6083984375 0.1482664890625 0.599609375 0.1599717375 0.599609375 0.16257290468750002 0.59765625 0.165174071875 0.59765625 0.17037640468749998 0.595703125 0.1729775703125 0.595703125 0.178179903125 0.59375 0.1807810703125 0.59375 0.185983403125 0.591796875 0.18858456875000001 0.591796875 0.1911857359375 0.58984375 0.193786903125 0.58984375 0.19638806875 0.5859375 0.2015904015625 0.5859375 0.2119950671875 0.587890625 0.214596234375 0.587890625 0.22239973281249997 0.58984375 0.2250009 0.5859375 0.23020323281250002 0.5859375 0.2380067328125 0.587890625 0.24060789843750002 0.587890625 0.24320906562500003 0.58984375 0.24581023124999998 0.587890625 0.2484113984375 0.587890625 0.292631228125 0.58984375 0.2952323953125 0.58984375 0.31864289375 0.591796875 0.321244059375 0.591796875 0.4513023828125 0.59375 0.45390355 0.59375 0.5657537078125 0.595703125 0.568354875 0.595703125 0.5839618734375 0.59765625 0.586563040625 0.59765625 0.7010143656250001 0.599609375 0.70361553125 0.599609375 0.8362750218749999 0.6015625 0.8388761875 0.6015625 0.8492808546875 0.603515625 0.8518820203124999 0.603515625 0.8544831875 0.60546875 0.8570843531250001 0.60546875 0.8596855203124999 0.6142578125 0.8713907687500001 0.6162109375 0.8713907687500001 0.6181640625 0.8739919359374999 0.6240234375 0.8739919359374999 0.6259765625 0.8765931015625 0.6630859375 0.8765931015625 0.6640625 0.87529251875 0.6650390625 0.8739919359374999 0.6708984375 0.8739919359374999 0.6728515625 0.8713907687500001 0.6748046875 0.8713907687500001
0 0.701171875 0.7062166984375 0.69921875 0.70361553125 0.69921875 0.4773140484375 0.697265625 0.47471288125 0.697265625 0.292631228125 0.6953125 0.29003006249999996 0.6953125 0.2822265625 0.6943359375 0.2809259796875 0.6787109375 0.2809259796875 0.677734375 0.2822265625 0.677734375 0.6671992 0.67578125 0.6698003671875 0.67578125 0.6828062 0.677734375 0.6854073656249999 0.677734375 0.8206680234375 0.6806640625 0.824569771875 0.7001953125 0.824569771875 0.701171875 0.8232691890625 0.701171875 0.7166213640625 0.69921875 0.714020196875 0.69921875 0.7088178640625 0.701171875 0.7062166984375
0 0.748046875 0.6203782046875 0.74609375 0.6177770375 0.74609375 0.6125747046875001 0.748046875 0.6099735390625 0.74609375 0.607372371875 0.74609375 0.4382965515625 0.744140625 0.43569538437500005 0.744140625 0.2822265625 0.7412109375 0.2783248125 0.7080078125 0.2783248125 0.7060546875 0.2809259796875 0.7021484375 0.2809259796875 0.7001953125 0.2835271453125 0.6982421875 0.2835271453125 0.697265625 0.28482772968750003 0.697265625 0.28742889531250004 0.6953125 0.29003006249999996 0.6953125 0.292631228125 0.697265625 0.2952323953125 0.697265625 0.44870121718749995 0.69921875 0.4513023828125 0.69921875 0.6698003671875 0.701171875 0.6724015343749999 0.701171875 0.6750027000000001 0.69921875 0.6776038671875 0.69921875 0.6802050328125 0.701171875 0.6828062 0.701171875 0.8128645234375 0.703125 0.8154656890625 0.703125 0.8206680234375 0.7060546875 0.824569771875 0.7119140625 0.824569771875 0.7138671875 0.8271709390625 0.7470703125 0.8271709390625 0.748046875 0.8258703562499999 0.75 0.8232691890625 0.75 0.779049359375 0.748046875 0.7764481921875 0.748046875 0.6203782046875
0 0.8251953125 0.8349744390625 0.828125 0.8310726890625 0.828125 0.7764481921875 0.826171875 0.7738470265624999 0.826171875 0.771245859375 0.828125 0.76864469375 0.828125 0.7634423609375001 0.826171875 0.7608411937499999 0.828125 0.758240028125 0.826171875 0.7556388609375 0.826171875 0.742633028125 0.828125 0.7400318625 0.828125 0.70361553125 0.826171875 0.7010143656250001 0.826171875 0.6698003671875 0.828125 0.6671992 0.828125 0.560551375 0.830078125 0.5579502093750001 0.828125 0.5553490421875 0.828125 0.46951054843750006 0.830078125 0.4669093828125 0.830078125 0.464308215625 0.828125 0.46170704999999995 0.828125 0.4591058828125 0.830078125 0.45650471562500006 0.830078125 0.45390355 0.828125 0.4513023828125 0.828125 0.44870121718749995 0.830078125 0.44610004999999997 0.830078125 0.443498884375 0.828125 0.4408977171875 0.828125 0.2952323953125 0.826171875 0.292631228125 0.826171875 0.24320906562500003 0.8193359375 0.2341049828125 0.8173828125 0.2341049828125 0.8154296875 0.231503815625 0.7705078125 0.231503815625 0.7685546875 0.2341049828125 0.7626953125 0.2341049828125 0.7607421875 0.2367061484375 0.7568359375 0.2367061484375 0.7548828125 0.239307315625 0.7529296875 0.239307315625 0.7490234375 0.2445096484375 0.7470703125 0.2445096484375 0.7412109375 0.25231314843749997 0.7392578125 0.25231314843749997 0.7314453125 0.2627178140625 0.7294921875 0.2627178140625 0.72265625 0.271821896875 0.72265625 0.27702422968749996 0.7236328125 0.2783248125 0.7412109375 0.2783248125 0.744140625 0.2822265625 0.744140625 0.339452225 0.74609375 0.3420533921875 0.74609375 0.542343209375 0.748046875 0.5449443765625 0.748046875 0.550146709375 0.74609375 0.5527478765625 0.74609375 0.5657537078125 0.748046875 0.568354875 0.748046875 0.5735572078125 0.74609375 0.5761583734375 0.748046875 0.578759540625 0.748046875 0.6828062 0.75 0.6854073656249999 0.75 0.81806685625 0.7587890625 0.8297721046875 0.7607421875 0.8297721046875 0.7626953125 0.832373271875 0.7666015625 0.832373271875 0.7685546875 0.8349744390625 0.7744140625 0.8349744390625 0.7763671875 0.8375756046875 0.7783203125 0.8375756046875 0.7802734375 0.840176771875 0.7978515625 0.840176771875 0.798828125 0.8388761875 0.7998046875 0.8375756046875 0.8212890625 0.8375756046875 0.8232421875 0.8349744390625 0.8251953125 0.8349744390625
0 0.90234375 0.8440785203125 0.904296875 0.8414773546875001 0.904296875 0.8310726890625 0.90234375 0.828471521875 0.90234375 0.771245859375 0.904296875 0.76864469375 0.904296875 0.7608411937499999 0.90234375 0.758240028125 0.90234375 0.7270260296875 0.904296875 0.7244248625 0.904296875 0.721823696875 0.90234375 0.7192225296875 0.90234375 0.5527478765625 0.900390625 0.550146709375 0.900390625 0.542343209375 0.90234375 0.53974204375 0.90234375 0.5345397109375 0.900390625 0.53193854375 0.900390625 0.5267362109375 0.90234375 0.5241350453125 0.90234375 0.370666221875 0.900390625 0.36806505624999997 0.900390625 0.16257290468750002 0.8984375 0.1599717375 0.8984375 0.157370571875 0.8955078125 0.153468821875 0.8935546875 0.153468821875 0.8916015625 0.15086765625 0.8857421875 0.15086765625 0.8837890625 0.1482664890625 0.8681640625 0.1482664890625 0.8662109375 0.15086765625 0.8564453125 0.15086765625 0.8544921875 0.153468821875 0.8505859375 0.153468821875 0.8486328125 0.1560699890625 0.8447265625 0.1560699890625 0.837890625 0.165174071875 0.837890625 0.193786903125 0.8359375 0.19638806875 0.8359375 0.2093939015625 0.833984375 0.2119950671875 0.833984375 0.2171974 0.83203125 0.21979856718750002 0.83203125 0.347255725 0.833984375 0.349856890625 0.833984375 0.643788703125 0.8359375 0.64638986875 0.8359375 0.65419336875 0.833984375 0.656794534375 0.833984375 0.6776038671875 0.83203125 0.6802050328125 0.83203125 0.6984131984374999 0.830078125 0.7010143656250001 0.830078125 0.7660435265625 0.83203125 0.76864469375 0.83203125 0.7946563578125 0.833984375 0.797257525 0.833984375 0.8024598578125 0.8359375 0.8050610234375 0.8359375 0.8310726890625 0.8447265625 0.8427779375 0.8466796875 0.8427779375 0.8486328125 0.8453791046875001 0.8505859375 0.8453791046875001 0.8525390625 0.8479802703124999 0.8564453125 0.8479802703124999 0.8583984375 0.8505814375 0.8662109375 0.8505814375 0.8681640625 0.853182603125 0.8955078125 0.853182603125 0.896484375 0.8518820203124999 0.8974609375 0.8505814375 0.8994140625 0.8505814375 0.90234375 0.8466796875 0.90234375 0.8440785203125
0 0.962890625 0.8414773546875001 0.96484375 0.8388761875 0.96484375 0.8128645234375 0.962890625 0.8102633562499999 0.962890625 0.3836720546875 0.9609375 0.3810708890625 0.9609375 0.37586855625000004 0.962890625 0.3732673890625 0.962890625 0.2276020671875 0.9609375 0.2250009 0.962890625 0.22239973281249997 0.962890625 0.1677752375 0.9609375 0.165174071875 0.9609375 0.16257290468750002 0.9580078125 0.15867115468749998 0.9521484375 0.15867115468749998 0.9501953125 0.1560699890625 0.9404296875 0.1560699890625 0.9384765625 0.153468821875 0.9248046875 0.153468821875 0.9228515625 0.1560699890625 0.9111328125 0.1560699890625 0.908203125 0.1599717375 0.908203125 0.1677752375 0.90625 0.17037640468749998 0.908203125 0.1729775703125 0.908203125 0.185983403125 0.90625 0.18858456875000001 0.90625 0.1911857359375 0.908203125 0.193786903125 0.908203125 0.1989892359375 0.90625 0.2015904015625 0.90625 0.22239973281249997 0.908203125 0.2250009 0.90625 0.2276020671875 0.90625 0.3264463921875 0.908203125 0.329047559375 0.908203125 0.33164872500000003 0.90625 0.3342498921875 0.90625 0.3368510578125 0.908203125 0.339452225 0.908203125 0.3524580578125 0.90625 0.35505922343749996 0.90625 0.357660390625 0.908203125 0.36026155625 0.908203125 0.6489910359375 0.91015625 0.6515922015625 0.908203125 0.65419336875 0.908203125 0.8414773546875001 0.9130859375 0.8479802703124999 0.9248046875 0.8479802703124999 0.9267578125 0.8505814375 0.9501953125 0.8505814375 0.951171875 0.8492808546875 0.9521484375 0.8479802703124999 0.9599609375 0.8479802703124999 0.962890625 0.8440785203125 0.962890625 0.8414773546875001