0 0.1750490984375 0 0.1741250265625 0.0004893046875 0.17320841874999998 0.006276540625 0.17434022031250002 0.007444535937500001 0.17547202343749999 0.00861253125 0.17455541562500002 0.01439976875 0.176819021875 0.016735759375 0.1765134859375 0.0186648375 0.178777090625 0.021000828125000003 0.1784715546875 0.0229299078125 0.19092138593750002 0.0357778578125 0.2166128046875 0.039846978125 0.21948748125 0.038324810937499995 0.2426097578125 0.0419870203125 0.24548443749999999 0.040464853125 0.2763141375 0.045347798437499996 0.27918881562500003 0.0438256328125 0.30744937656250004 0.048301665625000004 0.310324053125 0.0467794984375 0.336015471875 0.05084861875 0.3388901484375 0.049326453125 0.3697198515625 0.054209396875 0.3725945296875 0.05268723125 0.39571680468750003 0.05634943906249999 0.3985914828125 0.054827273437500004 0.4294211859375 0.05971021875 0.4322958625 0.058188051562499996 0.45798727968749997 0.062257171874999996 0.46086195781250006 0.060735004687500004 0.49939908437499997 0.0668386859375 0.5022737640625 0.0653165203125 0.5228268968750001 0.0685718171875 0.5257015765624999 0.06704965 0.5565312765625 0.0719325953125 0.5594059546875 0.07041042812500001 0.58252823125 0.07407263750000001 0.5854029093750001 0.0725504703125 0.6188017515625 0.077840328125 0.6216764312499999 0.0763181609375 0.64479870625 0.07998037031250001 0.647673384375 0.078458203125 0.67593394375 0.0829342359375 0.678808621875 0.08141206875 0.7045000390625 0.08548119062500001 0.70737471875 0.0839590234375 0.73820441875 0.08884196875 0.741079096875 0.0873198015625 0.7642013734375 0.0909820109375 0.7670760515625 0.08945984375 0.80047489375 0.0947497 0.8033495734375 0.093227534375 0.829040990625 0.0972966546875 0.83191566875 0.0957744875 0.860176228125 0.10025052187500001 0.86305090625 0.09872835468749999 0.8810348984375 0.1015767390625 0.8839095765625 0.100054571875 0.88647871875 0.100461484375 0.89941476875 0.093611734375 0.9000258406249999 0.0897535765625 0.9029005187499999 0.088231409375 0.9056503421875 0.0708697015625 0.9033867375 0.068533709375 0.9039978109375 0.064675553125 0.901734203125 0.0623395609375 0.9023452765625001 0.0584814046875 0.9012134734374999 0.057313407812499995 0.7316501140625 0.0304572109375 0.7287754359374999 0.031979378125 0.7082223015625 0.02872408125 0.705347625 0.0302462484375 0.6668104968749999 0.024142565625 0.6639358203125 0.0256647328125 0.643382684375 0.0224094359375 0.6405080078125 0.023931603125 0.6199548734375 0.020676306250000002 0.6170801953125 0.022198473437499998 0.5965270609375 0.0189431765625 0.5936523828125 0.02046534375 0.5602535390625001 0.0151754859375 0.5573788625 0.016697653125 0.5342565859375 0.01303544375 0.5313819078125 0.014557610937500002 0.4979830640625 0.009267753125 0.4951083859375 0.0107899203125 0.47455525156249995 0.0075346234375000005 0.471680575 0.009056790625 0.43828173125000003 0.0037669328124999998 0.43540705312499994 0.0052891 0.4122847765625 0.0016268906249999999 0.4094101 0.0031490578125000003 0.39142610625 0.0003006734375 0.388551428125 0.0018228390625000001 0.3770424734375 0 0.1750490984375 0
0 0.2907565515625 0.087184671875 0.29363122812500003 0.0856625046875 0.32959921406250003 0.0913592734375 0.3324738921875 0.08983710624999999 0.3581653109375 0.093906228125 0.3610399875 0.0923840609375 0.38673140625 0.09645318281250001 0.3896060828125 0.094931015625 0.41786664375000004 0.0994070484375 0.420741321875 0.09788488125 0.4464327390625 0.101954003125 0.44930741718749995 0.1004318359375 0.474998834375 0.10450095625 0.4778735140625 0.102978790625 0.5138414984375 0.108675559375 0.5167161765625 0.1071533921875 0.539838453125 0.1108156015625 0.54271313125 0.10929343437500001 0.576111975 0.1145832921875 0.5789866515625001 0.11306112500000001 0.6072472109375 0.1175371578125 0.6101218890625 0.11601499062500001 0.63838245 0.120491025 0.6412571265625 0.1189688578125 0.664379403125 0.122631065625 0.6672540812500001 0.1211089 0.6980837828124999 0.12599184375 0.7009584609374999 0.12446967812500001 0.726649878125 0.1285387984375 0.72952455625 0.1270166328125 0.7577851171875001 0.131492665625 0.76065979375 0.1299704984375 0.7863512125 0.13403961874999998 0.7892258890625 0.1325174515625 0.8406087250000001 0.14065569375 0.841740528125 0.1418236890625 0.8414349921875001 0.14375276875 0.8436985984375 0.14608875937500002 0.8433930625 0.1480178375 0.846788471875 0.151521825 0.8724798890625 0.1555909453125 0.8753545671875 0.154068778125 0.8779237078125 0.154475690625 0.8879850812500001 0.1491481078125 0.8885961531250001 0.14528995 0.89147083125 0.1437677828125 0.897581553125 0.10518620781250002 0.8964497484375 0.10401821093750001 0.8810348984375 0.1015767390625 0.8781602218750001 0.10309890625 0.8447613781250001 0.0978090484375 0.8418867000000001 0.099331215625 0.8136261390625 0.09485518281250001 0.8107514609375001 0.0963773484375 0.7824909015625 0.09190131562500001 0.779616225 0.0934234828125 0.7539248062499999 0.08935436249999999 0.7510501281249999 0.090876528125 0.72278956875 0.0864004953125 0.7199148906249999 0.0879226625 0.6890851890625 0.0830397171875 0.6862105109375001 0.084561884375 0.6579499515625 0.0800858515625 0.6550752734375 0.0816080171875 0.6268147140625 0.07713198437499999 0.6239400359375 0.0786541515625 0.59824861875 0.07458503125 0.5953739390624999 0.076107196875 0.5645442390625 0.071224253125 0.5616695609375 0.07274641875 0.533409 0.0682703859375 0.5305343234375 0.069792553125 0.5074120468750001 0.06613034375 0.50453736875 0.0676525109375 0.4737076671875 0.062769565625 0.47083298906250004 0.0642917328125 0.44000328906249997 0.059408787500000004 0.43712860937500003 0.060930954687500004 0.41143719218749997 0.0568618328125 0.4085625140625 0.058384000000000005 0.3854402375 0.054721790625 0.3825655609375 0.0562439578125 0.3517358578125 0.051361012500000004 0.34886118125 0.052883179687500004 0.320600621875 0.048407146875 0.3177259421875 0.0499293140625 0.2946036671875 0.0462671046875 0.2917289890625 0.047789271875 0.2608992875 0.0429063265625 0.258024609375 0.04442849375 0.22976405 0.039952459375 0.22688937187499997 0.0414746265625 0.208905378125 0.0386262421875 0.20603070156249997 0.040148409375 0.2037670953125 0.0378124171875 0.20089241875 0.039334584374999995 0.19061585 0.037706935937500005 0.186303834375 0.0399901859375 0.18447061874999998 0.051564659375 0.18560242031250002 0.052732654687500005 0.18673422343749999 0.05390065000000001 0.18428993437500002 0.0693332796875 0.18994895 0.0751732578125 0.225916934375 0.0808700265625 0.22879161250000002 0.079347859375 0.249344746875 0.08260315625 0.252219425 0.081080990625 0.2907565515625 0.087184671875
0 0.24384509687499997 0.11732657500000002 0.246719775 0.11580440781250001 0.2749803359375 0.12028044062500001 0.2778550125 0.118758275 0.3009772890625 0.1224204828125 0.3038519671875 0.12089831718749999 0.34238909375 0.12700199843749999 0.345263771875 0.12547983125 0.3760934734375 0.1303627765625 0.37896815 0.128840609375 0.40465956875 0.13290972968749998 0.40753424687499995 0.13138756406250002 0.4435022328125 0.13708433281250001 0.44637690937499996 0.135562165625 0.46949918593750006 0.139224375 0.47237386406250004 0.1377022078125 0.503203565625 0.142585153125 0.50607824375 0.1410629859375 0.5369079453125 0.14594593125 0.5397826234374999 0.1444237640625 0.575750609375 0.150120534375 0.5786252859375 0.1485983671875 0.6094549875 0.1534813125 0.612329665625 0.15195914531250002 0.6482976515625001 0.157655915625 0.651172328125 0.1561337484375 0.6794328875 0.16060978125 0.6823075656250001 0.1590876140625 0.715706409375 0.16437747187500001 0.7185810874999999 0.1628553046875 0.7442725046875001 0.166924425 0.7471471843749999 0.165402259375 0.7805460265625 0.170692115625 0.7834207046875 0.16916994999999999 0.8168195468749999 0.17445980625 0.8196942265624999 0.172937640625 0.8222633671875 0.1733445515625 0.8237007078125 0.17258346875 0.828589284375 0.1417182078125 0.8251938750000001 0.13821422187500002 0.8046407406249999 0.134958925 0.8017660624999999 0.13648109218749999 0.773505503125 0.132005059375 0.770630825 0.133527225 0.7449394078125 0.12945810468750002 0.742064728125 0.130980271875 0.7138041687500001 0.1265042375 0.7109294921875 0.12802640468749998 0.6775306484375 0.1227365484375 0.6746559703125 0.1242587140625 0.65153369375 0.12059650625 0.6486590171875 0.122118671875 0.6178293140625 0.11723572812500001 0.6149546375 0.11875789375000001 0.5866940781250001 0.1142818609375 0.5838193984375 0.11580402812499999 0.5529896984375 0.11092108281249999 0.55011501875 0.11244325 0.521854459375 0.10796721718749999 0.5189797828125 0.10948938281250001 0.48815007968749996 0.1046064390625 0.485275403125 0.1061286046875 0.45187655781249997 0.1008387484375 0.44900188124999996 0.1023609140625 0.428448746875 0.09910561875 0.42557406875000003 0.100627784375 0.397313509375 0.0961517515625 0.39443883281250003 0.09767391875 0.366178271875 0.0931978859375 0.36330359375 0.09472005156249999 0.3401813171875 0.09105784375 0.337306640625 0.0925800109375 0.30904608125 0.08810397656249999 0.3061714015625 0.08962614375 0.283049125 0.085963934375 0.2801744484375 0.0874861015625 0.249344746875 0.08260315625 0.24647006875000002 0.0841253234375 0.20536379999999999 0.0776147296875 0.202489121875 0.079136896875 0.1819359875 0.07588160000000001 0.179061309375 0.0774037671875 0.1482316078125 0.072520821875 0.1453569296875 0.0740429890625 0.1299420796875 0.071601515625 0.128504740625 0.0723626 0.12819920468749998 0.07429167812500001 0.12532452656249998 0.07581384531249999 0.12135255781250001 0.10089186875 0.1224843609375 0.1020598640625 0.12474796562499998 0.10439585468749998 0.1401628171875 0.10683732812499999 0.1430374953125 0.1053151609375 0.1790054796875 0.1110119296875 0.1818801578125 0.1094897640625 0.207571575 0.11355888437499999 0.21044625312499998 0.1120367171875 0.24384509687499997 0.11732657500000002
0 1 0.0729596578125 0.9371814578125001 0.06301017812500001 0.93574411875 0.06377126093749999 0.9354385828125 0.0657003390625 0.9325639062500001 0.06722250625000001 0.9322583703125 0.06915158593750001 0.9293836921875 0.0706737515625 0.9287726187500001 0.07453190937500001 0.9258979421875001 0.07605407656249999 0.9252868703124999 0.079912234375 0.9224121921874999 0.08143439999999999 0.9214955828125 0.0872216375 0.9186209046875 0.08874380312499999 0.9183153687500001 0.0906728828125 0.9154406921874999 0.09219504843750001 0.9148296203124999 0.09605320625 0.911954940625 0.0975753734375 0.9113438687500001 0.10143353125000001 0.9158710796875 0.1061055125 0.9100658953125 0.142758009375 0.9071912187500001 0.1442801765625 0.906274609375 0.1500674125 0.9033999312500001 0.1515895796875 0.902788859375 0.15544773750000002 0.90618426875 0.1589517234375 0.9113225515625001 0.159765546875 0.9141972296875001 0.15824338124999998 0.9167663703125 0.15865029218749999 0.919029978125 0.160986284375 0.9219046546874999 0.1594641171875 0.9296120796875 0.160684853125 0.9330074890625 0.16418883906249998 0.9320908812500001 0.1699760765625 0.929216203125 0.1714982421875 0.921272265625 0.221654290625 0.9183975875 0.2231764578125 0.9180920515625 0.2251055375 0.9152173734375 0.226627703125 0.9149118375 0.2285567828125 0.9120371593750001 0.2300789484375 0.9117316234375 0.23200802812500002 0.9088569453125 0.23353019531250002 0.908551409375 0.2354592734375 0.9028020531250001 0.23850360625000003 0.9024965171874999 0.24043268593749997 0.899621840625 0.24195485312499998 0.8993163046875001 0.24388393125 0.8964416265624999 0.2454060984375 0.896136090625 0.24733517656249998 0.8932614109375001 0.24885734375 0.892955875 0.250786421875 0.8900811984375 0.2523085890625 0.8897756625 0.2542376671875 0.886900984375 0.255759834375 0.8880327875 0.2569278296875 0.8902963921874999 0.2592638203125 0.8954346765625001 0.2600776453125 0.8976982828125 0.2624136359375 0.9105439921875 0.264448196875 0.9139394 0.2679521828125 0.9044677812499999 0.327753625 0.9078631906249999 0.3312576109375 0.9258471828125 0.33410599531249996 0.9287218609375 0.3325838296875 0.9749664125 0.339908246875 0.9794936234374999 0.344580228125 0.9846319078124999 0.345394053125 0.9857637109375 0.3465620484375 0.985458175 0.34849112656250003 0.9877217796875 0.35082711718750004 0.9864996359375 0.3585434328125 0.983624959375 0.3600656 0.982402815625 0.3677819140625 0.980965475 0.3685429984375 0.9787018703125 0.36620700781250004 0.97726453125 0.366968090625 0.9763479234375 0.3727553265625 0.9734732453125 0.37427749375 0.9716400281249999 0.385851965625 0.9687653515625 0.3873741328125 0.9681542796875 0.391232290625 0.970417884375 0.39356828125 0.9679735953125 0.4090009125 0.9702372015625 0.41133690312500004 0.9696261296875001 0.41519506093749997 0.9707579328125 0.41636305625 0.973632609375 0.41484088906250005 0.9747644140625 0.41600888437499994 0.97079244375 0.44108690937499995 0.97305605 0.4434229 0.970181371875 0.44494506562499997 0.9698758359375 0.4468741453125 0.9721394406250001 0.4492101359375 0.9678274234375 0.4514933859375 0.966695621875 0.45032539062500004 0.9712786625 0.421389209375 0.970146859375 0.4202212140625 0.968709521875 0.420982296875 0.9622932640625 0.4614929515625 0.9671260109375 0.4642358546875 0.9573488578125 0.525966375 0.9596124625 0.528302365625 0.95839031875 0.5360186812500001 0.9606539250000001 0.538354671875 0.9600428531249999 0.5422128296875 0.9571681734374999 0.543734996875 0.9544183500000001 0.5610967062500001 0.9501063328124999 0.56337995625 0.9449680484374999 0.56256613125 0.942093371875 0.5640882984375 0.9138328124999999 0.559612265625 0.9109581328124999 0.5611344328125 0.908694528125 0.5587984406250001 0.893279678125 0.5563569687500001 0.890405 0.5578791359374999 0.8647135828125 0.5538100140625 0.860401565625 0.5560932640625 0.8600960296875 0.55802234375 0.85722135 0.559544509375 0.8556936703125 0.5691899046875 0.8590890796874999 0.572693890625 0.8616582218750001 0.573100803125 0.8639218265625 0.57543679375 0.8767675359375 0.577471353125 0.879031140625 0.5798073453125 0.8816002828125 0.58021425625 0.8838638874999999 0.582550246875 0.89414045625 0.5841778953125 0.8964040609374999 0.5865138875 0.906680628125 0.5881415343749999 0.9089442343749999 0.5904775265625 0.9192208015625001 0.592105175 0.9214844078125 0.5944411656249999 0.9625906765625001 0.600951759375 0.9654653546875 0.5994295921874999 0.9834493468750001 0.6022779765624999 0.986324025 0.6007558093750001 0.9888931671875 0.601162721875 0.99033050625 0.6004016390625 1 0.5393508546875 1 0.0729596578125
0 0.138398625 0.16785950624999998 0.1429258359375 0.1725314890625 0.145494978125 0.1729384 0.1477585828125 0.175274390625 0.15032772656249999 0.17568130312500002 0.15259133125 0.17801729375 0.1551604734375 0.17842420625 0.157424078125 0.180760196875 0.1728389296875 0.1832016703125 0.1757136078125 0.181679503125 0.196266740625 0.1849348 0.19914141875 0.1834126328125 0.2119871296875 0.18544719375000002 0.21486180625 0.1839250265625 0.2302766578125 0.1863665 0.23315133437500002 0.18484433281249998 0.25370446874999997 0.1880996296875 0.256579146875 0.1865774625 0.29768541718749997 0.19308805625 0.30056009375000003 0.1915658890625 0.3313897953125 0.196448834375 0.3342644734375 0.1949266671875 0.367663315625 0.200216525 0.3705379953125 0.1986943578125 0.40907512187500006 0.2047980390625 0.41194980000000003 0.20327587343750003 0.45305606718749997 0.209786465625 0.455930746875 0.2082643 0.51502100625 0.2176232765625 0.5178956859375 0.2161011109375 0.5744168046875 0.22505317656249998 0.5772914828125 0.22353100937499998 0.6595040203125 0.236552196875 0.6623786984375 0.2350300296875 0.7034849671875001 0.2415406234375 0.7063596453125001 0.24001845624999998 0.7474659124999999 0.24652905 0.7503405921875 0.2450068828125 0.78887771875 0.2511105640625 0.791752396875 0.24958839843749997 0.8225820984375 0.2544713421875 0.8254567765624999 0.2529491765625 0.830595059375 0.253763 0.8334697375 0.2522408328125 0.8360388796875 0.2526477453125 0.83891355625 0.251125578125 0.8411771625 0.2534615703125 0.8488845875000001 0.25468230625 0.851759265625 0.2531601390625 0.8543284078125 0.25356705156250003 0.8615151031250001 0.24976163437499999 0.8618206390625 0.24783255624999997 0.8646953156249999 0.24631038906249997 0.8650008515625001 0.2443813109375 0.8678755296875 0.24285914375 0.8684866031249999 0.23900098593750002 0.8713612812499999 0.23747881875000001 0.8716668171874999 0.235549740625 0.87454149375 0.2340275734375 0.8754581015625 0.2282403375 0.8783327812499999 0.2267181703125 0.8798604609374999 0.2170727765625 0.8775968546874999 0.2147367859375 0.881874359375 0.1877296828125 0.8784789500000001 0.18422569687499998 0.8116812640625 0.17364598281250002 0.8088065875 0.1751681484375 0.7677003171875 0.16865755625 0.7648256390625 0.170179721875 0.7339959390625 0.16529677812500002 0.7311212593749999 0.16681894375 0.700291559375 0.1619359984375 0.69741688125 0.16345816562499998 0.6665871796875 0.1585752203125 0.6637125015625001 0.1600973875 0.6303136578124999 0.1548075296875 0.62743898125 0.156329696875 0.599178421875 0.1518536640625 0.5963037421874999 0.15337583125 0.5526283328125 0.146458325 0.549753653125 0.1479804921875 0.52149309375 0.143504459375 0.5186184171875 0.1450266265625 0.49035785781249996 0.1405505921875 0.487483178125 0.142072759375 0.45665347812499996 0.1371898140625 0.4537787984375 0.13871198125 0.42037995625 0.13342212343749998 0.41750527968749995 0.134944290625 0.38667557656249996 0.1300613453125 0.3838008984375 0.1315835125 0.352971196875 0.1267005671875 0.35009651875 0.128222734375 0.3192668171875 0.12333978906250001 0.3163921390625 0.12486195625 0.2855624390625 0.1199790109375 0.282687759375 0.12150117812500001 0.25442719999999996 0.11702514374999999 0.2515525234375 0.1185473109375 0.2155845375 0.11285054218749999 0.2127098609375 0.11437270937499999 0.189587584375 0.1107105 0.1867129046875 0.1122326671875 0.1456066359375 0.1057220734375 0.142731959375 0.107244240625 0.11960968281249999 0.10358203125000001 0.1167350046875 0.1051041984375 0.11159672031250001 0.1042903734375 0.1072847046875 0.10657362343750001 0.10300720000000001 0.1335807265625 0.10413900312499999 0.134748721875 0.10527080468750001 0.1359167171875 0.1046597328125 0.13977487500000002 0.1216367765625 0.15729480625 0.12420591875 0.15770171875 0.1287331296875 0.1623737 0.1313022703125 0.1627806125 0.1358294828125 0.16745259375 0.138398625 0.16785950624999998
0 0.170158128125 0.25001108437499997 0.17303280625 0.24848891874999998 0.211569934375 0.2545926 0.2144446109375 0.2530704328125 0.258120021875 0.2599879390625 0.2609947 0.25846577187499997 0.2995318265625 0.264569453125 0.3024065046875 0.26304728593750004 0.353789340625 0.271185528125 0.3566640171875 0.2696633609375 0.40290857031250005 0.276987778125 0.4057832484375 0.2754656125 0.4443203765625 0.28156929375 0.447195053125 0.2800471265625 0.49600874843750004 0.28777845625 0.498883425 0.2862562890625 0.5682502546875 0.297242915625 0.57112493125 0.2957207484375 0.6070929171875 0.30141751875 0.6099675953125 0.29989535156249997 0.66905785625 0.3092543296875 0.671932534375 0.3077321625 0.7156079453124999 0.31464966875 0.718482621875 0.3131275015625 0.75701975 0.31923118281249996 0.7598944265625 0.317709015625 0.7907241296875 0.3225919609375 0.79359880625 0.32106979375 0.8192902249999999 0.325138915625 0.8221649031249999 0.3236167484375 0.8709785984374999 0.331348078125 0.8738532749999999 0.3298259109375 0.8789915578124999 0.3306397359375 0.8818662375 0.32911756875 0.884435378125 0.32952448125 0.8873100562499999 0.3280023140625 0.8975866234375 0.3296299625 0.901898640625 0.32734671249999997 0.9028152484374999 0.3215594765625 0.9056899250000001 0.320037309375 0.9124117187499999 0.2775975765625 0.9101481140625 0.2752615859375 0.911064721875 0.2694743484375 0.90540570625 0.263634371875 0.9028365656249999 0.26322745937500003 0.8999618875 0.2647496265625 0.8485790515625 0.25661138437500003 0.8457043750000001 0.2581335515625 0.814874671875 0.25325060625 0.8119999953124999 0.2547727734375 0.7657554421875 0.24744835625 0.7628807656250001 0.24897052187500002 0.7423276296875 0.245715225 0.739452953125 0.24723739218750002 0.713761534375 0.24316827187499998 0.7108868562499999 0.2446904375 0.6749188703125 0.23899366875 0.67204419375 0.2405158359375 0.6283687828125 0.2335983296875 0.6254941046875 0.23512049687499997 0.58952611875 0.229423728125 0.5866514421875 0.2309458953125 0.5481143140625 0.22484221249999997 0.5452396375 0.22636437968749998 0.5067025109375 0.2202606984375 0.50382783125 0.221782865625 0.467859846875 0.21608609687500002 0.46498516875 0.21760826249999998 0.43929375156250006 0.2135391421875 0.43641907343749997 0.215061309375 0.3876053796875 0.20732997968750003 0.3847307015625 0.2088521453125 0.34362443125 0.2023415515625 0.3407497546875 0.20386371875 0.2919360609375 0.1961323890625 0.2890613828125 0.19765455625 0.25566253906249997 0.19236469843749998 0.2527878609375 0.193886865625 0.22195815937500002 0.1890039203125 0.21908348125 0.1905260875 0.1779772140625 0.18401549374999998 0.175102534375 0.1855376609375 0.1494111171875 0.181468540625 0.147973778125 0.1822296234375 0.1467516328125 0.1899459375 0.14387695625000002 0.1914681046875 0.1435714203125 0.193397184375 0.1447032234375 0.1945651796875 0.145835025 0.195733175 0.14186305625 0.2208111984375 0.1441266625 0.223147190625 0.142293446875 0.2347216625 0.1445570515625 0.237057653125 0.1439459796875 0.24091581093749997 0.14960499375 0.2467557875 0.170158128125 0.25001108437499997
0 0.0945821140625 0.42787823124999996 0.09684572031250001 0.430214221875 0.0994148609375 0.43062113437500005 0.1016784671875 0.432957125 0.10681674999999999 0.43377094843749997 0.1090803578125 0.43610694062500005 0.11164949843750001 0.43651385156250005 0.1139131046875 0.43884984375 0.165295940625 0.44698808437500004 0.16817061718749998 0.44546591874999997 0.1704342234375 0.44780190937500003 0.180710790625 0.44942955781249994 0.18358546874999998 0.447907390625 0.1938620359375 0.44953503906250003 0.1961256421875 0.4518710296875 0.20126392499999998 0.45268485468749997 0.204138603125 0.4511626875 0.3505796859375 0.4743566765625 0.3534543625 0.472834509375 0.5101720125 0.497656146875 0.513046690625 0.49613397968750006 0.5207541171875001 0.49735471562500005 0.523017721875 0.4996907078125 0.5307251484375 0.50091144375 0.533599825 0.4993892765625 0.5413072515625 0.5006100124999999 0.5435708578125 0.5029460046875001 0.5461399984375 0.5033529156250001 0.5490146765625 0.50183075 0.7725300125000001 0.5372321 0.7754046921875 0.535709934375 0.8190801015625 0.5426274390625 0.8213437062500001 0.5449634296875 0.8239128484375 0.5453703421875 0.8267875265625 0.543848175 0.82935666875 0.5442550875000001 0.8316202734375 0.546591078125 0.893279678125 0.5563569687500001 0.8961543546874999 0.5548348015625 0.9012926390624999 0.5556486265625 0.9035562453124999 0.5579846171875 0.9061253859375 0.5583915296875 0.9090000640625 0.5568693625 0.9423989078125 0.5621592203125 0.9495856015624999 0.5583538031249999 0.950807746875 0.5506374875 0.953682425 0.5491153203125 0.9570433218750001 0.5278954546875 0.9547797156250001 0.5255594640625 0.957835075 0.5062686750000001 0.9555714703125 0.5039326843749999 0.9589323671875001 0.48271281874999994 0.9566687609375 0.4803768265625 0.9609462656250001 0.45336972343750004 0.9586826609375001 0.4510337328125 0.9663210624999999 0.40280676406250004 0.9640574562499999 0.40047077187499996 0.9669321343749999 0.39894860625 0.964668528125 0.396612615625 0.9689460328124999 0.3696055125 0.9718207124999999 0.3680833453125 0.9739594640625 0.35457979375000004 0.9768341406250001 0.3530576265625 0.9774452140625 0.34919946875 0.975181609375 0.346863478125 0.9754871453125 0.3449344 0.974355340625 0.3437664046875 0.9717862 0.3433594921875 0.96952259375 0.3410235015625 0.9515385999999999 0.3381751171875 0.9486639234375 0.3396972828125 0.9281107890625 0.3364419875 0.9252361109375 0.337964153125 0.8969755515625 0.3334881203125 0.894100871875 0.3350102875 0.878686021875 0.3325688140625 0.8758113453125 0.33409098125000003 0.8449816421874999 0.3292080359375 0.842106965625 0.330730203125 0.8061389796875 0.325033434375 0.8032643015625001 0.3265556 0.7750037421875 0.32207956718749997 0.7721290640625 0.323601734375 0.738730221875 0.31831187656250004 0.7358555421874999 0.31983404375 0.7075949828125 0.3153580109375 0.70472030625 0.316880178125 0.6559066109375 0.3091488484375 0.653031934375 0.31067101406250003 0.6507683265625 0.3083350234375 0.6404917609375 0.306707375 0.6376170828125 0.3082295421875 0.593941671875 0.3013120359375 0.5910669953125 0.302834203125 0.5448224421875 0.2955097859375 0.5419477625 0.29703195312499997 0.47515007656249997 0.2864522375 0.4722754 0.2879744046875 0.4157542796875 0.2790223390625 0.41287960156250003 0.28054450625 0.3769116171875 0.2748477359375 0.3740369390625 0.276369903125 0.3277923859375 0.2690454859375 0.32491770937500003 0.270567653125 0.2889497234375 0.26487088281250004 0.286075046875 0.26639305 0.2295539265625 0.25744098437499996 0.22667924843749998 0.25896315 0.1804346953125 0.2516387328125 0.17756001875 0.2531609 0.1518686 0.2490917796875 0.148993921875 0.2506139453125 0.133579071875 0.2481724734375 0.13070439375 0.24969464062500002 0.1281352515625 0.24928772812500002 0.1252605734375 0.25080989531250003 0.12269143125 0.2504029828125 0.12125409218750001 0.251164065625 0.12094855625 0.2530931453125 0.11807387968750001 0.2546153109375 0.11776834375 0.256544390625 0.114893665625 0.25806655625 0.1118383046875 0.2773573453125 0.108963628125 0.2788795109375 0.0985754015625 0.344468190625 0.0957007234375 0.3459903578125 0.09478411406250001 0.35177759375 0.0959159171875 0.3529455890625 0.0970477203125 0.35411358437499996 0.0891037828125 0.40426963281250006 0.0913673875 0.4066056234375 0.0889231 0.4220382546875 0.09118670625 0.4243742453125 0.09088117031250001 0.42630332343750005 0.092012971875 0.42747131875 0.0945821140625 0.42787823124999996
0 0.0677720875 0.505696984375 0.0711674953125 0.5092009703125 0.07373663750000001 0.5096078828125 0.07600024375 0.5119438734374999 0.1273830796875 0.520082115625 0.1296466859375 0.52241810625 0.28122605156249997 0.5464259203124999 0.28348965625 0.5487619109375 0.2911970828125 0.549982646875 0.2940717609375 0.5484604796875 0.2966409015625 0.5488673921875 0.2989045078125 0.5512033828125 0.5070049937500001 0.5841632625 0.5092685984374999 0.5864992531250001 0.5144068828125 0.5873130765625 0.5172815609375 0.5857909109375 0.5224198453125 0.586604734375 0.52468345 0.5889407249999999 0.6582788234375 0.610100153125 0.6605424296875 0.61243614375 0.6708189953125 0.6140637921875001 0.673693675 0.6125416265625 0.6762628171875 0.6129485390625 0.678526421875 0.6152845296875 0.77358466875 0.6303402765625 0.775848275 0.6326762671874999 0.791263125 0.6351177390625 0.794137803125 0.6335955734375001 0.7992760875 0.634409396875 0.803588103125 0.632126146875 0.804810246875 0.62440983125 0.807684925 0.622887665625 0.8162399359375 0.568873459375 0.813976328125 0.56653746875 0.8161150812500001 0.5530339171875001 0.8138514765625 0.5506979265624999 0.8144625484375 0.5468397687500001 0.8133307468750001 0.5456717734375001 0.8081924624999999 0.5448579484375 0.8059288562500001 0.5425219578125 0.6980249 0.52543165 0.6951502234375 0.5269538171875 0.6848736546875 0.52532616875 0.68261005 0.5229901781249999 0.6800409078125 0.522583265625 0.67716623125 0.5241054328125 0.53586343125 0.5017252671875 0.5329887531249999 0.503247434375 0.3659945359375 0.4767981484375 0.363119859375 0.478320315625 0.2654924703125 0.46285765625 0.26261779218750003 0.46437982343749995 0.13672984531250001 0.44444113124999995 0.133855165625 0.445963296875 0.085041471875 0.4382319671875 0.07498010000000001 0.4435595515625 0.074369028125 0.447417709375 0.0714943484375 0.44893987500000004 0.0711888125 0.4508689546875 0.06831413593749999 0.45239112031250006 0.0670919921875 0.4601074359375 0.0642173140625 0.461629603125 0.06055088125 0.48477854843749996 0.061682684375 0.48594654375 0.0628144875 0.4871145390625 0.0622034140625 0.490972696875 0.0644670203125 0.4933086875 0.064161484375 0.49523776562500005 0.066425090625 0.4975737578125 0.0661195546875 0.49950283593749994 0.068383159375 0.5018388265625 0.0677720875 0.505696984375
0 0.091733825 0.5955121375 0.09399743125 0.597848128125 0.155656834375 0.60761401875 0.1579204390625 0.609950009375 0.1784735734375 0.61320530625 0.1813482515625 0.6116831390625 0.1836118578125 0.6140191296874999 0.33262208125 0.63762003125 0.33488568750000003 0.639956021875 0.3400239703125 0.6407698453124999 0.34289865 0.6392476796875 0.34803693281250003 0.640061503125 0.3503005375 0.64239749375 0.4813267703125 0.6631500109374999 0.483590375 0.6654860015625 0.4861595171875 0.6658929140625001 0.4890341953125 0.664370746875 0.49160333749999996 0.664777659375 0.49386694374999995 0.66711365 0.612047465625 0.6858316062500001 0.6143110703125 0.688167596875 0.729922453125 0.706478640625 0.7321860578125 0.70881463125 0.8889037078124999 0.73363626875 0.8903410468749999 0.7328751859375 0.8906465828125001 0.73094610625 0.8935212609375001 0.7294239390625 0.89963198125 0.6908423640625 0.9025066609374999 0.689320196875 0.9037288046875 0.6816038828125001 0.9014651984375 0.679267890625 0.9020762703124999 0.675409734375 0.9009444671875 0.6742417374999999 0.898375325 0.6738348265625 0.8938481140625001 0.66916284375 0.8912789734375 0.6687559328125 0.8822245499999999 0.65941196875 0.8796554078125001 0.65900505625 0.8660737734374999 0.6449891109375 0.86350463125 0.6445822 0.8544502078124999 0.6352382359375001 0.8518810671875 0.6348313234375 0.8428266437499999 0.6254873609375 0.840257503125 0.6250804484375 0.8382994328125 0.620815378125 0.835730290625 0.6204084671875 0.8312030796875 0.615736484375 0.8286339375 0.615329571875 0.8241067265625001 0.610657590625 0.8163992999999999 0.6094368546875 0.8149619609375 0.6101979375 0.8140453531249999 0.6159851749999999 0.8111706765625 0.617507340625 0.8096429953125 0.627152734375 0.8067683171875 0.6286749015625 0.805851709375 0.6344621375 0.8015396921875 0.6367453875 0.7398802890625 0.6269794984375 0.737616684375 0.6246435078125 0.5911756015625 0.60144951875 0.5897382609374999 0.6022106015625 0.589432725 0.6041396796875 0.5865580484375 0.605661846875 0.5862525125 0.6075909265625 0.583377834375 0.6091130921875 0.5830722984375 0.611042171875 0.5773229421875 0.6140865046874999 0.57701740625 0.6160155828125 0.5741427296875 0.61753775 0.5738371921875001 0.6194668296875 0.5709625140625 0.6209889953125 0.5706569781249999 0.6229180750000001 0.5663449609375 0.625201325 0.5637758203125001 0.6247944125 0.5609011421875 0.6263165796875 0.53264058125 0.621840546875 0.5303769765624999 0.61950455625 0.463579290625 0.6089248406250001 0.461315684375 0.60658885 0.4047945640625 0.597636784375 0.40253095781250003 0.59530079375 0.3511481234375 0.5871625515625001 0.3488845171875 0.5848265609375 0.2075817171875 0.562446396875 0.2053181125 0.5601104046875001 0.19504154375 0.55848275625 0.1921668671875 0.5600049234375 0.1150926140625 0.5477975609375 0.11056540156250001 0.5431255796875 0.1076907234375 0.5446477468750001 0.10255244062499999 0.543833921875 0.0996777625 0.5453560890625 0.0971086203125 0.5449491765625 0.0942339421875 0.5464713437500001 0.0916648015625 0.54606443125 0.0902274609375 0.5468255140625 0.089921925 0.54875459375 0.0870472484375 0.550276759375 0.0867417125 0.5522058390625 0.0878735140625 0.553373834375 0.0890053171875 0.5545418296875 0.0868665640625 0.5680453812499999 0.089130171875 0.570381371875 0.0860748109375 0.589672159375 0.088338415625 0.5920081500000001 0.0880328796875 0.5939372296875 0.08916468281249999 0.595105225 0.091733825 0.5955121375
0 0.9552710046874999 0.73030551875 0.9190533125 0.692929665625 0.9164841718750001 0.692522753125 0.9096933546875 0.68551478125 0.9045550703125 0.68470095625 0.9031177328125001 0.6854620390624999 0.9015900515625 0.695107434375 0.8987153734375 0.6966296 0.8926046515625 0.7352111765625 0.8911673140625 0.735972259375 0.7986782078125 0.721323425 0.796414603125 0.718987434375 0.70135635625 0.7039316859375 0.6990927499999999 0.7015956953125 0.573204803125 0.681657003125 0.570941196875 0.6793210125 0.4707446671875 0.663451440625 0.46848106093749997 0.6611154499999999 0.306625128125 0.6354799890625 0.304361521875 0.6331439984375 0.10139931875 0.60099794375 0.09421262500000001 0.604803359375 0.0932960171875 0.6105905968750001 0.0904213390625 0.6121127625 0.0926849453125 0.614448753125 0.0898102671875 0.6159709203125 0.0882825875 0.6256163140625 0.0894143890625 0.626784309375 0.0905461921875 0.6279523046875 0.08901851250000001 0.6375976999999999 0.09128211875 0.639933690625 0.0909765828125 0.64186276875 0.0943719890625 0.6453667546874999 0.0969411328125 0.6457736671875 0.0992047390625 0.6481096578125001 0.1480184328125 0.6558409875 0.150893109375 0.6543188203125 0.16373881875000001 0.65635338125 0.166002425 0.658689371875 0.309874365625 0.68147645 0.31213797187500003 0.683812440625 0.41233450156250007 0.6996820109375 0.41459810625 0.7020180015624999 0.5122254953125001 0.7174806609375 0.5144891015625 0.719816653125 0.61468563125 0.7356862234375 0.6169492359375 0.7380222140625 0.699161775 0.7510434015625 0.7014253796875 0.7533793921874999 0.7887762015625001 0.767214403125 0.7910398062499999 0.76955039375 0.8886671953124999 0.7850130531249999 0.8909308015624999 0.78734904375 0.9577284890625 0.797928759375 0.9591658265625 0.7971676750000001 0.9680263734375 0.741224390625 0.9578401484375 0.73071243125 0.9552710046874999 0.73030551875
0 0.3864624 0.7133815125 0.4609675125 0.7251819625 0.4632311171875 0.727517953125 0.517183096875 0.7360631078125001 0.5194467015625001 0.7383990984375 0.5322924109375 0.7404336578125 0.5345560171875 0.74276965 0.6270451218749999 0.757418484375 0.629308728125 0.759754475 0.7295052578125001 0.775624046875 0.7317688625 0.7779600375 0.7831516984375 0.7860982796875 0.7854153046875 0.7884342703125 0.829090715625 0.795351775 0.831354321875 0.7976877671875 0.85961488125 0.8021638 0.8610522203125001 0.801402715625 0.8634965078124999 0.7859700859375 0.8578374953125 0.7801301078125 0.7781940984375 0.7675158343749999 0.7759304921875 0.7651798421875 0.696287096875 0.7525655687499999 0.694023490625 0.750229578125 0.6092418125 0.7368014781250001 0.60697820625 0.7344654875 0.5042125328125 0.7181890046875 0.501948928125 0.7158530140625 0.4043215390625 0.7003903546875 0.402057934375 0.6980543625 0.2479094265625 0.6736396375 0.24564582031249999 0.671303646875 0.2427711421875 0.6728258140625 0.2016648734375 0.6663152203125 0.19940126875 0.6639792296875 0.17370985 0.6599101093749999 0.169397834375 0.662193359375 0.1681756890625 0.6699096734375 0.16930749218750002 0.67107766875 0.179584059375 0.6727053171875 0.18184766562500002 0.675041309375 0.261491059375 0.6876555828125 0.263754665625 0.6899915734375 0.315137503125 0.698129815625 0.31740110781249997 0.70046580625 0.38419879375 0.7110455203125 0.3864624 0.7133815125
0 0.5573514390625001 0.806692953125 0.5594901906249999 0.7931894015625 0.5583583890625 0.7920214062500001 0.5557892468750001 0.79161449375 0.553525640625 0.789278503125 0.545818215625 0.7880577671875 0.5435546109375 0.7857217765625 0.4844643484375 0.7763627984375 0.48220074375 0.7740268078125 0.4796316015625 0.7736198953125 0.47675692343750004 0.7751420625 0.47418778125000005 0.7747351499999999 0.4719241765625 0.772399159375 0.43081790781249996 0.765888565625 0.42855429999999994 0.7635525750000001 0.38487889062499997 0.75663506875 0.3826152859375 0.7542990781250001 0.3389398734375 0.7473815734375 0.33667626875 0.7450455828125 0.333801590625 0.7465677484375 0.3315379859375 0.7442317578125001 0.303277425 0.739755725 0.30101381875 0.737419734375 0.28302982656250003 0.73457135 0.280766221875 0.732235359375 0.20626110937500003 0.7204349078125001 0.203997503125 0.7180989171875 0.17059865937500002 0.7128090593749999 0.16628664375 0.7150923109375 0.1644534265625 0.7266667828125 0.1615787484375 0.7281889500000001 0.1609676765625 0.7320471078125 0.1632312828125 0.7343830984374999 0.1603566046875 0.735905265625 0.16005106875 0.73783434375 0.1611828703125 0.7390023390625 0.163140940625 0.743267409375 0.304443740625 0.7656475734375 0.3067073453125 0.7679835640625 0.3095820234375 0.7664613984375 0.3249968734375 0.7689028703125 0.32726048125 0.7712388609375 0.5559141000000001 0.8074540375 0.5573514390625001 0.806692953125
0 0.3540623828125 0.8348079937499999 0.3569370609375 0.8332858265624999 0.3646444859375 0.8345065640625 0.3669080921875 0.8368425546875 0.5673011515625 0.868581696875 0.5695647578125 0.8709176875000001 0.6697612890625 0.886787259375 0.6740733046875 0.8845040093750001 0.6743788421875 0.88257493125 0.6758161796875 0.881813846875 0.6780797859375001 0.8841498375000001 0.682391803125 0.8818665875 0.6854471640625001 0.8625757999999999 0.684315359375 0.8614078046874999 0.682878021875 0.8621688875 0.68226695 0.8660270453125 0.6793922718750001 0.8675492124999999 0.6778645921875001 0.87719460625 0.6764272515624999 0.8779556890625001 0.67529545 0.8767876937500001 0.678656346875 0.855567828125 0.676392740625 0.8532318359375 0.6773093484375 0.8474446 0.6750457437499999 0.845108609375 0.6787121765624999 0.8219596640625 0.6730531625 0.8161196875 0.6627765937500001 0.8144920375 0.6599019171875 0.8160142046875001 0.652194490625 0.8147934687499999 0.6507571515625 0.8155545515625 0.6552843640625 0.8202265343749999 0.654978828125 0.8221556124999999 0.6535414890625 0.8229166953125 0.586743803125 0.81233698125 0.5838691234375 0.8138591484375001 0.5812999828125001 0.8134522359374999 0.5790363765625 0.8111162453125 0.5379301078125 0.8046056515625001 0.5350554296875 0.80612781875 0.5093640109375001 0.8020586984375001 0.50710040625 0.7997227078125 0.5019621234375 0.7989088828125 0.49908744374999997 0.80043105 0.49651830312499995 0.8000241375 0.494254696875 0.797688146875 0.48140898749999994 0.7956535859375 0.4785343109375 0.797175753125 0.47596516875 0.796768840625 0.47370156249999995 0.79443285 0.239909659375 0.75740385 0.23764605312499998 0.755067859375 0.2350769109375 0.754660946875 0.232202234375 0.7561831140625 0.2090799578125 0.7525209046875 0.20681635156249997 0.7501849140625 0.203941675 0.75170708125 0.1988033890625 0.75089325625 0.196539784375 0.7485572656249999 0.18369407499999998 0.7465227046875 0.1808193984375 0.748044871875 0.1785557921875 0.74570888125 0.163140940625 0.743267409375 0.1602662625 0.744789575 0.157697121875 0.7443826640625 0.1562597828125 0.745143746875 0.15595424687499998 0.7470728249999999 0.15307956875 0.7485949921875 0.15216296093749998 0.754382228125 0.14928828125 0.7559043953125 0.1437886328125 0.7906278140625 0.14492043593749998 0.791795809375 0.1460522390625 0.7929638046874999 0.145746703125 0.7948928828125 0.1491421125 0.7983968703125 0.2030940890625 0.8069420234375 0.20535769531249998 0.8092780140625001 0.3466604953125 0.8316581796875001 0.34892409999999996 0.8339941703125 0.3540623828125 0.8348079937499999
0 0.4380523078125 0.8698628718749999 0.4403159125 0.8721988625 0.53280501875 0.8868476968750001 0.5350686234375 0.8891836890624999 0.6172811625 0.902204875 0.6195447671875 0.904540865625 0.65037446875 0.9094238109375 0.6546864859375 0.9071405609375001 0.65560309375 0.901353325 0.658477771875 0.8998311578125 0.6603109875000001 0.8882566859375001 0.6591791859375 0.8870886890625 0.6232112 0.8813919203125 0.6209475953125 0.8790559296874999 0.4847830796875 0.8574895890625 0.482519471875 0.8551535984375 0.3669080921875 0.8368425546875 0.3646444859375 0.8345065640625 0.21049597968749997 0.8100918390625 0.20823237187500002 0.807755846875 0.1748335296875 0.8024659906249999 0.1719588515625 0.8039881578125 0.169389709375 0.8035812453125001 0.1671261046875 0.8012452546875 0.16455696250000001 0.8008383421874999 0.15737026875 0.804643759375 0.1555370515625 0.81621823125 0.1566688546875 0.8173862265625 0.1589324609375 0.81972221875 0.19233130468749998 0.8250120750000001 0.19459490937499999 0.827348065625 0.25625431249999997 0.83711395625 0.25851791875 0.8394499468750001 0.35357616406250003 0.85450569375 0.35583977031249997 0.8568416843750001 0.4380523078125 0.8698628718749999
0 0.31577496250000003 0.8603833968749999 0.31803856875 0.8627193890625 0.3565756953125 0.8688230703125001 0.35883929999999997 0.8711590609375 0.39737642968750003 0.8772627421875001 0.399640034375 0.8795987328124999 0.4664377203125 0.890178446875 0.46870132656249996 0.8925144375 0.5200841625 0.9006526796875001 0.5223477671875 0.9029886703125 0.5608848953125001 0.9090923515625 0.5631485015625 0.9114283421874999 0.6042547703125 0.9179389359375 0.606518375 0.9202749265625 0.668177778125 0.9300408171875001 0.670441384375 0.9323768078124999 0.737239071875 0.942956521875 0.7395026765625 0.9452925125 0.7651940953125 0.949361634375 0.7695061125 0.947078384375 0.7710337921875 0.9374329890625 0.77390846875 0.9359108234375 0.7716448640625 0.9335748328125 0.7734780812500001 0.922000359375 0.767819065625 0.9161603828124999 0.7649443890625001 0.9176825484375 0.7186998359375 0.91035813125 0.71643623125 0.9080221406250001 0.7112979453125 0.907208315625 0.7084232687500001 0.9087304828124999 0.7058541265625 0.9083235703125 0.703590521875 0.9059875796875 0.6830373859375001 0.9027322828125 0.68077378125 0.9003962921875001 0.6730663546875 0.89917555625 0.6701916781249999 0.9006977234375 0.6676225359375 0.9002908109375 0.666185196875 0.90105189375 0.6684488015625 0.903387884375 0.6670114640625 0.9041489687500001 0.6593040390625 0.9029282328124999 0.6578667 0.9036893156250001 0.6575611625 0.90561839375 0.65037446875 0.9094238109375 0.6298213359375 0.9061685140625 0.627557728125 0.9038325234375 0.553052615625 0.8920320734375 0.5507890109375 0.8896960828125 0.48399132500000003 0.8791163687499999 0.48172771875000003 0.8767803765625001 0.402084321875 0.8641661031250001 0.3998207171875 0.8618301109375001 0.30733161249999996 0.8471812765625 0.3050680078125 0.8448452859375 0.1971640515625 0.827754978125 0.1949004453125 0.8254189875 0.1897621609375 0.8246051624999999 0.1868874828125 0.8261273296875 0.184623878125 0.8237913390625 0.1817492 0.8253135046875 0.1689034921875 0.8232789453124999 0.1674661515625 0.824040028125 0.1668550796875 0.8278981859375 0.16798688281250002 0.82906618125 0.1702504875 0.831402171875 0.1779579140625 0.8326229078124999 0.18022151875 0.8349589 0.21105122187499997 0.83984184375 0.2133148265625 0.8421778359375001 0.2826816546875 0.8531644609375 0.2849452625 0.8555004531250001 0.31577496250000003 0.8603833968749999
0 0.8055639796875 1 0.80358505 0.9979577890625 0.8045016578125 0.992170553125 0.7999744468750001 0.9874985703125001 0.8008910546875001 0.981711334375 0.79862745 0.9793753437499999 0.7989329859375001 0.977446265625 0.7966693796875 0.9751102734374999 0.796974915625 0.9731811953125 0.7947113109374999 0.9708452046874999 0.7953223828125 0.966987046875 0.7930587765625 0.9646510562499999 0.7936698484375 0.9607928984375 0.79140624375 0.9584569078125 0.7917117796875 0.9565278296875 0.7894481734375 0.9541918375 0.789753709375 0.952262759375 0.7874901046875 0.9499267687499999 0.787795640625 0.9479976890625 0.7821366265624999 0.9421577125 0.779567484375 0.9417508 0.7695061125 0.947078384375 0.7692005765625 0.9490074625 0.7677632359375 0.9497685453125 0.7112421171875 0.9408164796875 0.7089785109375 0.9384804890625 0.6550265343749999 0.9299353359375001 0.652762928125 0.9275993437500001 0.585965240625 0.9170196296875 0.583701634375 0.9146836390624999 0.540026225 0.907766134375 0.5377626203125 0.90543014375 0.49665635 0.8989195499999999 0.49439274375000003 0.896583559375 0.46356304374999996 0.8917006140625 0.4612994375 0.8893646234375 0.3842251828125 0.8771572609374999 0.3819615765625 0.8748212687500001 0.31259475000000003 0.86383464375 0.31033114375 0.8614986515625 0.3077620015625 0.8610917406249999 0.30488732343749997 0.86261390625 0.29461075625 0.8609862578125 0.29234715 0.8586502671874999 0.28207058281249997 0.85702261875 0.279806978125 0.8546866281250001 0.2772378359375 0.8542797156249999 0.274363159375 0.8558018828125 0.25637916562499996 0.8529534984374999 0.254115559375 0.8506175078125 0.24640813437500003 0.849396771875 0.24353345625 0.8509189375 0.24096431406250002 0.8505120249999999 0.238700709375 0.848176034375 0.2001635828125 0.842072353125 0.1978999765625 0.8397363625 0.1927616921875 0.8389225390625 0.1904980875 0.8365865484375 0.1725140953125 0.8337381625000001 0.1538286875 0.8436322468749999 0.15352315156250002 0.845561325 0.150648475 0.8470834921874999 0.15034293906250001 0.8490125703125001 0.138844228125 0.8551012375000001 0.13853869218749998 0.8570303171875 0.127039978125 0.8631189828125001 0.12673444218750002 0.8650480625 0.11811040937499999 0.8696145625 0.11780487343749999 0.8715436406249999 0.11205551875 0.8745879750000001 0.1117499828125 0.876517053125 0.1060006265625 0.8795613875000001 0.105695090625 0.881490465625 0.1028204125 0.8830126328125001 0.1025148765625 0.8849417109375001 0.099640196875 0.8864638781249999 0.0981125171875 0.8961092718750001 0.095237840625 0.8976314390625 0.092488015625 0.9149931468749999 0.09361981875 0.9161611421875 0.09475162031249999 0.9173291375 0.09444608437499999 0.9192582171874999 0.10010509999999999 0.92509819375 0.1078125234375 0.92631893125 0.11007613125 0.928654921875 0.1409058328125 0.9335378671875001 0.1431694375 0.9358738578124999 0.1791374234375 0.9415706265624999 0.181401028125 0.9439066171875 0.214799871875 0.9491964749999999 0.217063478125 0.9515324656249999 0.2401857546875 0.9551946750000001 0.24244935937499998 0.957530665625 0.2732790625 0.9624136109375 0.2755426671875 0.9647496015625 0.311510653125 0.9704463703125 0.3137742578125 0.9727823609374999 0.33946567656250004 0.97685148125 0.34172928125 0.9791874734375 0.3622824171875 0.9824427703125 0.36454602187499996 0.9847787609375 0.4606491453125 1 0.8055639796875 1