0 0 0.3446545578125 0.001953125 0.347255725 0.001953125 0.36806505624999997 0.00390625 0.370666221875 0.00390625 0.4096837203125 0.005859375 0.4122848859375 0.005859375 0.43309421875 0.0078125 0.43569538437500005 0.0078125 0.45650471562500006 0.009765625 0.4591058828125 0.009765625 0.4799152140625 0.01171875 0.48251638124999996 0.01171875 0.5163315453124999 0.013671875 0.5189327109375 0.013671875 0.542343209375 0.015625 0.5449443765625 0.015625 0.578759540625 0.017578125 0.5813607078125 0.017578125 0.6021700390625 0.01953125 0.6047712046875 0.01953125 0.63858636875 0.021484375 0.6411875359375 0.021484375 0.664598034375 0.0234375 0.6671992 0.0234375 0.6854073656249999 0.025390625 0.6880085328125001 0.025390625 0.714020196875 0.02734375 0.7166213640625 0.02734375 0.742633028125 0.029296875 0.7452341953125 0.029296875 0.779049359375 0.03125 0.781650525 0.03125 0.8024598578125 0.033203125 0.8050610234375 0.033203125 0.8336738546875001 0.03515625 0.8362750218749999 0.03515625 0.8882983515625 0.037109375 0.8908995171875 0.037109375 0.893500684375 0.0380859375 0.8948012671875001 0.0400390625 0.8948012671875001 0.0419921875 0.8974024343749999 0.0556640625 0.8974024343749999 0.0576171875 0.9000036 0.0634765625 0.9000036 0.064453125 0.8987030171875 0.0654296875 0.8974024343749999 0.0712890625 0.8974024343749999 0.0732421875 0.8948012671875001 0.0751953125 0.8948012671875001 0.0771484375 0.8922001015625 0.0791015625 0.8922001015625 0.08984375 0.8778936859375 0.08984375 0.8518820203124999 0.087890625 0.8492808546875 0.087890625 0.8258703562499999 0.0859375 0.8232691890625 0.0859375 0.7920551921875 0.083984375 0.7894540250000001 0.083984375 0.7608411937499999 0.08203125 0.758240028125 0.08203125 0.7322283625 0.080078125 0.729627196875 0.080078125 0.6984131984374999 0.078125 0.69581203125 0.078125 0.6724015343749999 0.076171875 0.6698003671875 0.076171875 0.63858636875 0.07421875 0.635985203125 0.07421875 0.6099735390625 0.072265625 0.607372371875 0.072265625 0.568354875 0.0703125 0.5657537078125 0.0703125 0.5449443765625 0.068359375 0.542343209375 0.068359375 0.5111292125 0.06640625 0.5085280453125 0.06640625 0.485117546875 0.064453125 0.48251638124999996 0.064453125 0.44870121718749995 0.0625 0.44610004999999997 0.0625 0.42268955156250004 0.060546875 0.4200883859375 0.060546875 0.3914755546875 0.05859375 0.3888743875 0.05859375 0.36286272343750003 0.056640625 0.36026155625 0.056640625 0.329047559375 0.0546875 0.3264463921875 0.0546875 0.30303589375 0.052734375 0.300434728125 0.052734375 0.2666195640625 0.05078125 0.264018396875 0.05078125 0.2380067328125 0.048828125 0.23540556562499998 0.048828125 0.206792734375 0.046875 0.20419156875 0.046875 0.185983403125 0.044921875 0.1833822359375 0.044921875 0.1807810703125 0.0361328125 0.16907582031249999 0.0322265625 0.16907582031249999 0.0302734375 0.1664746546875 0.0126953125 0.1664746546875 0.0107421875 0.16907582031249999 0.0068359375 0.16907582031249999 0.0048828125 0.1716769875 0.0009765625 0.1716769875 0 0.1729775703125 0 0.3446545578125
0 0.12890625 0.8362750218749999 0.126953125 0.8336738546875001 0.126953125 0.8128645234375 0.125 0.8102633562499999 0.125 0.771245859375 0.123046875 0.76864469375 0.123046875 0.7322283625 0.12109375 0.729627196875 0.12109375 0.70361553125 0.119140625 0.7010143656250001 0.119140625 0.6750027000000001 0.1171875 0.6724015343749999 0.1171875 0.643788703125 0.115234375 0.6411875359375 0.115234375 0.615175871875 0.11328125 0.6125747046875001 0.11328125 0.586563040625 0.111328125 0.5839618734375 0.111328125 0.5475455421875 0.109375 0.5449443765625 0.109375 0.521533878125 0.107421875 0.5189327109375 0.107421875 0.485117546875 0.10546875 0.48251638124999996 0.10546875 0.45390355 0.103515625 0.4513023828125 0.103515625 0.42268955156250004 0.1015625 0.4200883859375 0.1015625 0.3966778875 0.099609375 0.3940767203125 0.099609375 0.36286272343750003 0.09765625 0.36026155625 0.09765625 0.3342498921875 0.095703125 0.33164872500000003 0.095703125 0.30303589375 0.09375 0.300434728125 0.09375 0.27442306250000004 0.091796875 0.271821896875 0.091796875 0.21979856718750002 0.0927734375 0.21849798437499998 0.0947265625 0.21849798437499998 0.0966796875 0.21589681718749998 0.0986328125 0.21589681718749998 0.1015625 0.2119950671875 0.1015625 0.185983403125 0.099609375 0.1833822359375 0.099609375 0.1807810703125 0.0927734375 0.1716769875 0.0888671875 0.1716769875 0.0869140625 0.16907582031249999 0.0478515625 0.16907582031249999 0.046875 0.17037640468749998 0.046875 0.185983403125 0.048828125 0.18858456875000001 0.048828125 0.22239973281249997 0.05078125 0.2250009 0.05078125 0.25361373125000003 0.052734375 0.2562148984375 0.052734375 0.28482772968750003 0.0546875 0.28742889531250004 0.0546875 0.3134405609375 0.056640625 0.3160417265625 0.056640625 0.3446545578125 0.05859375 0.347255725 0.05859375 0.378469721875 0.060546875 0.3810708890625 0.060546875 0.4096837203125 0.0625 0.4122848859375 0.0625 0.4408977171875 0.064453125 0.443498884375 0.064453125 0.46951054843750006 0.06640625 0.472111715625 0.06640625 0.5033257125 0.068359375 0.5059268796875 0.068359375 0.5345397109375 0.0703125 0.5371408765625 0.0703125 0.560551375 0.072265625 0.5631525421875 0.072265625 0.5943665390625 0.07421875 0.59696770625 0.07421875 0.628181703125 0.076171875 0.6307828703125 0.076171875 0.656794534375 0.078125 0.6593957015624999 0.078125 0.6828062 0.080078125 0.6854073656249999 0.080078125 0.7166213640625 0.08203125 0.7192225296875 0.08203125 0.7478353609374999 0.083984375 0.7504365281250001 0.083984375 0.7738470265624999 0.0859375 0.7764481921875 0.0859375 0.8076621906250001 0.087890625 0.8102633562499999 0.087890625 0.8388761875 0.08984375 0.8414773546875001 0.08984375 0.8596855203124999 0.091796875 0.8622866859375 0.08984375 0.864887853125 0.091796875 0.8674890187500001 0.091796875 0.8778936859375 0.0947265625 0.881795434375 0.1064453125 0.881795434375 0.107421875 0.8804948515625 0.1083984375 0.8791942687500001 0.1240234375 0.8791942687500001 0.12890625 0.8726913515625 0.12890625 0.8362750218749999
0 0.166015625 0.8778936859375 0.1640625 0.87529251875 0.1640625 0.8492808546875 0.162109375 0.8466796875 0.162109375 0.8128645234375 0.16015625 0.8102633562499999 0.16015625 0.781650525 0.158203125 0.779049359375 0.158203125 0.7556388609375 0.15625 0.75303769375 0.15625 0.714020196875 0.154296875 0.71141903125 0.154296875 0.6802050328125 0.15234375 0.6776038671875 0.15234375 0.6515922015625 0.150390625 0.6489910359375 0.150390625 0.6125747046875001 0.1484375 0.6099735390625 0.1484375 0.586563040625 0.146484375 0.5839618734375 0.146484375 0.5527478765625 0.14453125 0.550146709375 0.14453125 0.5189327109375 0.142578125 0.5163315453124999 0.142578125 0.4799152140625 0.140625 0.4773140484375 0.140625 0.44610004999999997 0.138671875 0.443498884375 0.138671875 0.40708255312499997 0.13671875 0.4044813875 0.13671875 0.37586855625000004 0.134765625 0.3732673890625 0.134765625 0.339452225 0.1328125 0.3368510578125 0.1328125 0.31083939374999997 0.130859375 0.3082382265625 0.130859375 0.27442306250000004 0.12890625 0.271821896875 0.12890625 0.2380067328125 0.126953125 0.23540556562499998 0.126953125 0.23280439999999997 0.1259765625 0.231503815625 0.0947265625 0.231503815625 0.091796875 0.23540556562499998 0.091796875 0.2562148984375 0.09375 0.2588160640625 0.09375 0.28742889531250004 0.095703125 0.29003006249999996 0.095703125 0.3160417265625 0.09765625 0.31864289375 0.09765625 0.347255725 0.099609375 0.349856890625 0.099609375 0.3836720546875 0.1015625 0.386273221875 0.1015625 0.4096837203125 0.103515625 0.4122848859375 0.103515625 0.443498884375 0.10546875 0.44610004999999997 0.10546875 0.47471288125 0.107421875 0.4773140484375 0.107421875 0.5085280453125 0.109375 0.5111292125 0.109375 0.53974204375 0.111328125 0.542343209375 0.111328125 0.5735572078125 0.11328125 0.5761583734375 0.11328125 0.6099735390625 0.115234375 0.6125747046875001 0.115234375 0.6333840359375 0.1171875 0.635985203125 0.1171875 0.664598034375 0.119140625 0.6671992 0.119140625 0.69581203125 0.12109375 0.6984131984374999 0.12109375 0.721823696875 0.123046875 0.7244248625 0.123046875 0.75303769375 0.125 0.7556388609375 0.125 0.779049359375 0.126953125 0.781650525 0.126953125 0.8128645234375 0.12890625 0.8154656890625 0.12890625 0.8570843531250001 0.130859375 0.8596855203124999 0.130859375 0.8804948515625 0.1328125 0.8830960187500001 0.1328125 0.914310015625 0.134765625 0.9169111828125001 0.134765625 0.9325181812500001 0.1357421875 0.9338187640625 0.1376953125 0.9338187640625 0.1396484375 0.93641993125 0.1650390625 0.93641993125 0.166015625 0.9351193468749999 0.16796875 0.9325181812500001 0.16796875 0.9169111828125001 0.166015625 0.914310015625 0.166015625 0.8778936859375
0 0.4423828125 0 0.4404296875 0.0026011671875 0.4130859375 0.0026011671875 0.4111328125 0.0052023328125 0.3916015625 0.0052023328125 0.3896484375 0.0078035 0.3642578125 0.0078035 0.3623046875 0.010404665625 0.3369140625 0.010404665625 0.3349609375 0.013005832812500001 0.3134765625 0.013005832812500001 0.3115234375 0.0156069984375 0.2900390625 0.0156069984375 0.2880859375 0.018208165625 0.2626953125 0.018208165625 0.2607421875 0.02080933125 0.2373046875 0.02080933125 0.2353515625 0.0234104984375 0.2158203125 0.0234104984375 0.2138671875 0.026011664062500002 0.1884765625 0.026011664062500002 0.1865234375 0.028612831249999998 0.1611328125 0.028612831249999998 0.1591796875 0.0312139984375 0.1337890625 0.0312139984375 0.1318359375 0.0338151640625 0.1103515625 0.0338151640625 0.1083984375 0.03641633125 0.0849609375 0.03641633125 0.0830078125 0.039017496875 0.0595703125 0.039017496875 0.0576171875 0.0416186640625 0.0361328125 0.0416186640625 0.0341796875 0.044219829687500004 0.0166015625 0.044219829687500004 0.0146484375 0.046820996875 0.0009765625 0.046820996875 0 0.0481215796875 0 0.136561240625 0.0009765625 0.1378618234375 0.0029296875 0.1378618234375 0.0048828125 0.14046298906250002 0.0068359375 0.14046298906250002 0.0087890625 0.14306415625 0.0126953125 0.14306415625 0.0146484375 0.145665321875 0.0185546875 0.145665321875 0.0205078125 0.1482664890625 0.0263671875 0.1482664890625 0.0283203125 0.15086765625 0.0302734375 0.15086765625 0.0322265625 0.153468821875 0.0361328125 0.153468821875 0.0380859375 0.1560699890625 0.0419921875 0.1560699890625 0.0458984375 0.15086765625 0.0830078125 0.15086765625 0.0849609375 0.153468821875 0.0908203125 0.153468821875 0.0927734375 0.1560699890625 0.0966796875 0.1560699890625 0.099609375 0.15216823906250002 0.099609375 0.14696590625 0.09765625 0.1443647390625 0.09765625 0.14176357343749998 0.099609375 0.13916240625 0.09765625 0.136561240625 0.09765625 0.128757740625 0.1005859375 0.124855990625 0.1064453125 0.124855990625 0.1083984375 0.1274571578125 0.1591796875 0.1274571578125 0.1611328125 0.13005832343749998 0.1630859375 0.13005832343749998 0.1650390625 0.132659490625 0.1669921875 0.132659490625 0.1689453125 0.13526065625 0.1708984375 0.13526065625 0.1728515625 0.1378618234375 0.1748046875 0.1378618234375 0.1787109375 0.14306415625 0.1806640625 0.14306415625 0.1826171875 0.145665321875 0.1845703125 0.145665321875 0.1865234375 0.1482664890625 0.1884765625 0.1482664890625 0.1904296875 0.15086765625 0.1923828125 0.15086765625 0.1943359375 0.153468821875 0.1962890625 0.153468821875 0.1982421875 0.1560699890625 0.19921875 0.1547694046875 0.201171875 0.15216823906250002 0.201171875 0.14696590625 0.203125 0.1443647390625 0.203125 0.13135890625 0.2060546875 0.1274571578125 0.2666015625 0.1274571578125 0.26953125 0.1235554078125 0.26953125 0.1053472421875 0.267578125 0.10274607499999999 0.267578125 0.055925079687500004 0.271484375 0.050722746875 0.271484375 0.0455204140625 0.2724609375 0.044219829687500004 0.2744140625 0.044219829687500004 0.2763671875 0.0416186640625 0.2841796875 0.0416186640625 0.2861328125 0.044219829687500004 0.2939453125 0.044219829687500004 0.294921875 0.0455204140625 0.29296875 0.0481215796875 0.2939453125 0.0494221625 0.2998046875 0.0494221625 0.3017578125 0.052023329687499995 0.3134765625 0.052023329687499995 0.3154296875 0.0546244953125 0.3193359375 0.0546244953125 0.3212890625 0.052023329687499995 0.3369140625 0.052023329687499995 0.3388671875 0.0494221625 0.3427734375 0.0494221625 0.34375 0.0481215796875 0.341796875 0.0455204140625 0.3427734375 0.044219829687500004 0.3681640625 0.044219829687500004 0.3701171875 0.0416186640625 0.3720703125 0.044219829687500004 0.3740234375 0.044219829687500004 0.3759765625 0.0416186640625 0.37890625 0.0455204140625 0.3779296875 0.046820996875 0.3486328125 0.046820996875 0.34765625 0.0481215796875 0.3486328125 0.0494221625 0.3896484375 0.0494221625 0.3916015625 0.044219829687500004 0.4541015625 0.044219829687500004 0.4560546875 0.0416186640625 0.4638671875 0.0416186640625 0.4658203125 0.039017496875 0.4697265625 0.039017496875 0.4716796875 0.0416186640625 0.4892578125 0.0416186640625 0.4921875 0.0455204140625 0.4921875 0.050722746875 0.494140625 0.0533239125 0.494140625 0.08193674375 0.49609375 0.0845379109375 0.494140625 0.0871390765625 0.494140625 0.10274607499999999 0.49609375 0.1053472421875 0.49609375 0.13135890625 0.4990234375 0.13526065625 0.5009765625 0.13526065625 0.5029296875 0.1378618234375 0.5126953125 0.1378618234375 0.515625 0.1339600734375 0.515625 0.13135890625 0.517578125 0.128757740625 0.517578125 0.1157519078125 0.51953125 0.11315074218750001 0.51953125 0.110549575 0.521484375 0.10794840937500001 0.521484375 0.0975437421875 0.5234375 0.0949425765625 0.5234375 0.0845379109375 0.525390625 0.08193674375 0.525390625 0.071532078125 0.52734375 0.0689309109375 0.52734375 0.0273122484375 0.525390625 0.02471108125 0.525390625 0.006502915624999999 0.5234375 0.00390175 0.5234375 0.0013005828125 0.5224609375 0 0.4423828125 0
0 0.220703125 0.92471468125 0.224609375 0.9195123484375 0.224609375 0.9169111828125001 0.228515625 0.9117088499999999 0.228515625 0.9091076828125001 0.232421875 0.9039053499999999 0.232421875 0.9013041828125001 0.234375 0.8987030171875 0.234375 0.89610185 0.236328125 0.893500684375 0.236328125 0.8908995171875 0.23828125 0.8882983515625 0.23828125 0.8726913515625 0.236328125 0.8700901859375 0.236328125 0.8492808546875 0.234375 0.8466796875 0.234375 0.8336738546875001 0.232421875 0.8310726890625 0.232421875 0.8154656890625 0.23046875 0.8128645234375 0.23046875 0.7920551921875 0.228515625 0.7894540250000001 0.228515625 0.7478353609374999 0.2265625 0.7452341953125 0.2265625 0.714020196875 0.224609375 0.71141903125 0.224609375 0.6776038671875 0.22265625 0.6750027000000001 0.22265625 0.635985203125 0.220703125 0.6333840359375 0.220703125 0.5917653734375 0.21875 0.58916420625 0.21875 0.5293373781249999 0.216796875 0.5267362109375 0.216796875 0.46951054843750006 0.21484375 0.4669093828125 0.21484375 0.3836720546875 0.212890625 0.3810708890625 0.212890625 0.339452225 0.2109375 0.3368510578125 0.2109375 0.2952323953125 0.208984375 0.292631228125 0.208984375 0.25361373125000003 0.20703125 0.2510125640625 0.20703125 0.21979856718750002 0.205078125 0.2171974 0.205078125 0.2119950671875 0.203125 0.2093939015625 0.203125 0.206792734375 0.201171875 0.20419156875 0.203125 0.2015904015625 0.203125 0.193786903125 0.201171875 0.1911857359375 0.201171875 0.18858456875000001 0.1962890625 0.182081653125 0.1943359375 0.182081653125 0.1923828125 0.1794804875 0.1904296875 0.1794804875 0.1884765625 0.1768793203125 0.1845703125 0.1768793203125 0.1826171875 0.174278153125 0.1806640625 0.174278153125 0.1787109375 0.1716769875 0.1728515625 0.1716769875 0.1708984375 0.16907582031249999 0.1611328125 0.16907582031249999 0.1591796875 0.1716769875 0.1318359375 0.1716769875 0.12890625 0.1755787375 0.12890625 0.24320906562500003 0.130859375 0.24581023124999998 0.130859375 0.28742889531250004 0.1328125 0.29003006249999996 0.1328125 0.321244059375 0.134765625 0.3238452265625 0.134765625 0.35505922343749996 0.13671875 0.357660390625 0.13671875 0.3888743875 0.138671875 0.3914755546875 0.138671875 0.42529071875 0.140625 0.427891884375 0.140625 0.45650471562500006 0.142578125 0.4591058828125 0.142578125 0.5033257125 0.14453125 0.5059268796875 0.14453125 0.5345397109375 0.146484375 0.5371408765625 0.146484375 0.5657537078125 0.1484375 0.568354875 0.1484375 0.5995688718750001 0.150390625 0.6021700390625 0.150390625 0.635985203125 0.15234375 0.63858636875 0.15234375 0.6698003671875 0.154296875 0.6724015343749999 0.154296875 0.70361553125 0.15625 0.7062166984375 0.15625 0.7374306953125 0.158203125 0.7400318625 0.158203125 0.771245859375 0.16015625 0.7738470265624999 0.16015625 0.8024598578125 0.162109375 0.8050610234375 0.162109375 0.8414773546875001 0.1640625 0.8440785203125 0.1640625 0.8674890187500001 0.166015625 0.8700901859375 0.166015625 0.9117088499999999 0.16796875 0.914310015625 0.16796875 0.9377205140625 0.169921875 0.94032168125 0.169921875 0.9455240140625 0.1728515625 0.9494257625 0.2001953125 0.9494257625 0.201171875 0.9481251796875 0.2021484375 0.9468245968750001 0.2060546875 0.9468245968750001 0.220703125 0.9273158484374999 0.220703125 0.92471468125
0 0.2939453125 0.8948012671875001 0.2958984375 0.8922001015625 0.2998046875 0.8922001015625 0.3046875 0.8856971843749999 0.3046875 0.864887853125 0.302734375 0.8622866859375 0.302734375 0.8232691890625 0.30078125 0.8206680234375 0.30078125 0.7764481921875 0.298828125 0.7738470265624999 0.298828125 0.7348295296875 0.296875 0.7322283625 0.296875 0.6802050328125 0.294921875 0.6776038671875 0.294921875 0.6307828703125 0.29296875 0.628181703125 0.29296875 0.58916420625 0.291015625 0.586563040625 0.291015625 0.5371408765625 0.2890625 0.5345397109375 0.2890625 0.464308215625 0.287109375 0.46170704999999995 0.287109375 0.42529071875 0.28515625 0.42268955156250004 0.28515625 0.36286272343750003 0.283203125 0.36026155625 0.283203125 0.3160417265625 0.28125 0.3134405609375 0.28125 0.27442306250000004 0.279296875 0.271821896875 0.279296875 0.24060789843750002 0.27734375 0.2380067328125 0.27734375 0.2119950671875 0.275390625 0.2093939015625 0.275390625 0.1599717375 0.2734375 0.157370571875 0.2734375 0.15216823906250002 0.271484375 0.149567071875 0.271484375 0.14696590625 0.26953125 0.1443647390625 0.26953125 0.1339600734375 0.2666015625 0.13005832343749998 0.2607421875 0.13005832343749998 0.2587890625 0.1274571578125 0.2158203125 0.1274571578125 0.2138671875 0.13005832343749998 0.2080078125 0.13005832343749998 0.203125 0.136561240625 0.203125 0.13916240625 0.205078125 0.14176357343749998 0.205078125 0.193786903125 0.20703125 0.19638806875 0.20703125 0.2276020671875 0.208984375 0.23020323281250002 0.208984375 0.27702422968749996 0.2109375 0.27962539531249997 0.2109375 0.300434728125 0.212890625 0.30303589375 0.212890625 0.329047559375 0.21484375 0.33164872500000003 0.21484375 0.36806505624999997 0.216796875 0.370666221875 0.216796875 0.41488605312500004 0.21875 0.41748721875 0.21875 0.45390355 0.220703125 0.45650471562500006 0.220703125 0.49552221406249997 0.22265625 0.49812337968750003 0.22265625 0.5371408765625 0.224609375 0.53974204375 0.224609375 0.5761583734375 0.2265625 0.578759540625 0.2265625 0.6047712046875 0.228515625 0.607372371875 0.228515625 0.656794534375 0.23046875 0.6593957015624999 0.23046875 0.7010143656250001 0.232421875 0.70361553125 0.232421875 0.75303769375 0.234375 0.7556388609375 0.234375 0.7894540250000001 0.236328125 0.7920551921875 0.236328125 0.8232691890625 0.23828125 0.8258703562499999 0.23828125 0.8674890187500001 0.240234375 0.8700901859375 0.240234375 0.89610185 0.2412109375 0.8974024343749999 0.2490234375 0.8974024343749999 0.2509765625 0.9000036 0.2529296875 0.9000036 0.25390625 0.8987030171875 0.2548828125 0.8974024343749999 0.2802734375 0.8974024343749999 0.2822265625 0.8948012671875001 0.2939453125 0.8948012671875001
0 0.4873046875 0.918211765625 0.4892578125 0.9156105984374999 0.4912109375 0.9156105984374999 0.4921875 0.914310015625 0.4921875 0.9117088499999999 0.494140625 0.9091076828125001 0.494140625 0.9065065171875 0.49609375 0.9039053499999999 0.49609375 0.8987030171875 0.498046875 0.89610185 0.498046875 0.893500684375 0.5 0.8908995171875 0.5 0.8388761875 0.498046875 0.8362750218749999 0.5 0.8336738546875001 0.5 0.8232691890625 0.498046875 0.8206680234375 0.498046875 0.8102633562499999 0.5 0.8076621906250001 0.5 0.8024598578125 0.498046875 0.799858690625 0.498046875 0.6515922015625 0.49609375 0.6489910359375 0.49609375 0.49031988125000003 0.494140625 0.4877187140625 0.494140625 0.4799152140625 0.49609375 0.4773140484375 0.49609375 0.46951054843750006 0.494140625 0.4669093828125 0.494140625 0.4591058828125 0.49609375 0.45650471562500006 0.49609375 0.45390355 0.494140625 0.4513023828125 0.494140625 0.2250009 0.4921875 0.22239973281249997 0.4921875 0.178179903125 0.494140625 0.1755787375 0.494140625 0.1729775703125 0.4921875 0.17037640468749998 0.4921875 0.1677752375 0.494140625 0.165174071875 0.494140625 0.10274607499999999 0.4921875 0.10014490937500001 0.4921875 0.0949425765625 0.494140625 0.092341409375 0.494140625 0.08974024375 0.4921875 0.0871390765625 0.4921875 0.0533239125 0.4873046875 0.046820996875 0.4794921875 0.046820996875 0.4775390625 0.044219829687500004 0.4560546875 0.044219829687500004 0.4541015625 0.046820996875 0.4345703125 0.046820996875 0.4326171875 0.0494221625 0.4111328125 0.0494221625 0.4091796875 0.052023329687499995 0.3818359375 0.052023329687499995 0.3798828125 0.0546244953125 0.3310546875 0.0546244953125 0.3291015625 0.057225662499999996 0.3271484375 0.0546244953125 0.3251953125 0.057225662499999996 0.2978515625 0.057225662499999996 0.2958984375 0.0546244953125 0.2822265625 0.0546244953125 0.2802734375 0.052023329687499995 0.2763671875 0.052023329687499995 0.2744140625 0.0546244953125 0.2724609375 0.0546244953125 0.271484375 0.055925079687500004 0.271484375 0.0585262453125 0.26953125 0.0611274125 0.26953125 0.079335578125 0.271484375 0.08193674375 0.271484375 0.10274607499999999 0.2734375 0.1053472421875 0.2734375 0.1339600734375 0.275390625 0.136561240625 0.275390625 0.15216823906250002 0.27734375 0.1547694046875 0.27734375 0.185983403125 0.279296875 0.18858456875000001 0.279296875 0.2250009 0.28125 0.2276020671875 0.28125 0.2562148984375 0.283203125 0.2588160640625 0.283203125 0.292631228125 0.28515625 0.2952323953125 0.28515625 0.3238452265625 0.287109375 0.3264463921875 0.287109375 0.37586855625000004 0.2890625 0.378469721875 0.287109375 0.3810708890625 0.287109375 0.3914755546875 0.2890625 0.3940767203125 0.2890625 0.4382965515625 0.291015625 0.4408977171875 0.291015625 0.4877187140625 0.29296875 0.49031988125000003 0.29296875 0.5579502093750001 0.294921875 0.560551375 0.294921875 0.6177770375 0.296875 0.6203782046875 0.296875 0.656794534375 0.298828125 0.6593957015624999 0.298828125 0.7062166984375 0.30078125 0.7088178640625 0.30078125 0.7452341953125 0.302734375 0.7478353609374999 0.302734375 0.8050610234375 0.3046875 0.8076621906250001 0.3046875 0.8544831875 0.306640625 0.8570843531250001 0.306640625 0.8830960187500001 0.30859375 0.8856971843749999 0.30859375 0.9013041828125001 0.310546875 0.9039053499999999 0.310546875 0.9065065171875 0.3125 0.9091076828125001 0.3125 0.9117088499999999 0.3134765625 0.9130094328125 0.3154296875 0.9130094328125 0.3173828125 0.9156105984374999 0.3193359375 0.9156105984374999 0.3212890625 0.918211765625 0.3408203125 0.918211765625 0.3427734375 0.9208129312500001 0.4091796875 0.9208129312500001 0.4111328125 0.9234140984374999 0.4169921875 0.9234140984374999 0.41796875 0.922113515625 0.4189453125 0.9208129312500001 0.4697265625 0.9208129312500001 0.4716796875 0.918211765625 0.4873046875 0.918211765625
0 0.5634765625 0.9312175984375 0.5654296875 0.92861643125 0.5673828125 0.92861643125 0.5693359375 0.926015265625 0.5732421875 0.926015265625 0.576171875 0.922113515625 0.576171875 0.9195123484375 0.578125 0.9169111828125001 0.578125 0.864887853125 0.580078125 0.8622866859375 0.580078125 0.7088178640625 0.58203125 0.7062166984375 0.58203125 0.6984131984374999 0.580078125 0.69581203125 0.580078125 0.693210865625 0.58203125 0.6906096984375 0.58203125 0.4799152140625 0.583984375 0.4773140484375 0.583984375 0.472111715625 0.58203125 0.46951054843750006 0.58203125 0.464308215625 0.583984375 0.46170704999999995 0.583984375 0.3264463921875 0.5859375 0.3238452265625 0.5859375 0.3134405609375 0.583984375 0.31083939374999997 0.583984375 0.3082382265625 0.5859375 0.3056370609375 0.5859375 0.2093939015625 0.587890625 0.206792734375 0.587890625 0.1911857359375 0.5859375 0.18858456875000001 0.5859375 0.1833822359375 0.5830078125 0.1794804875 0.5751953125 0.1794804875 0.5732421875 0.1768793203125 0.5185546875 0.1768793203125 0.5166015625 0.1794804875 0.5029296875 0.1794804875 0.5009765625 0.182081653125 0.4970703125 0.182081653125 0.49609375 0.1833822359375 0.49609375 0.18858456875000001 0.494140625 0.1911857359375 0.494140625 0.300434728125 0.49609375 0.30303589375 0.49609375 0.3134405609375 0.494140625 0.3160417265625 0.494140625 0.31864289375 0.49609375 0.321244059375 0.49609375 0.464308215625 0.498046875 0.4669093828125 0.498046875 0.635985203125 0.5 0.63858636875 0.5 0.7374306953125 0.501953125 0.7400318625 0.501953125 0.8674890187500001 0.50390625 0.8700901859375 0.50390625 0.9195123484375 0.5107421875 0.92861643125 0.5146484375 0.92861643125 0.5166015625 0.9312175984375 0.5185546875 0.9312175984375 0.5205078125 0.9338187640625 0.5283203125 0.9338187640625 0.5302734375 0.93641993125 0.5537109375 0.93641993125 0.5546875 0.9351193468749999 0.5556640625 0.9338187640625 0.5595703125 0.9338187640625 0.5615234375 0.9312175984375 0.5634765625 0.9312175984375
0 0.6533203125 0.8948012671875001 0.6552734375 0.8922001015625 0.6572265625 0.8922001015625 0.658203125 0.8908995171875 0.658203125 0.8882983515625 0.66015625 0.8856971843749999 0.66015625 0.8232691890625 0.662109375 0.8206680234375 0.662109375 0.799858690625 0.66015625 0.797257525 0.662109375 0.7946563578125 0.662109375 0.643788703125 0.6640625 0.6411875359375 0.6640625 0.635985203125 0.662109375 0.6333840359375 0.662109375 0.628181703125 0.6640625 0.6255805375 0.6640625 0.492921046875 0.666015625 0.49031988125000003 0.666015625 0.4877187140625 0.6640625 0.485117546875 0.6640625 0.48251638124999996 0.666015625 0.4799152140625 0.666015625 0.36026155625 0.66796875 0.357660390625 0.66796875 0.24060789843750002 0.669921875 0.2380067328125 0.669921875 0.079335578125 0.6689453125 0.07803499375 0.6669921875 0.07803499375 0.6650390625 0.075433828125 0.6259765625 0.075433828125 0.6240234375 0.0728326609375 0.6162109375 0.0728326609375 0.6142578125 0.075433828125 0.6103515625 0.075433828125 0.609375 0.0767344109375 0.609375 0.079335578125 0.60546875 0.0845379109375 0.60546875 0.0871390765625 0.59765625 0.0975437421875 0.59765625 0.10014490937500001 0.5859375 0.1157519078125 0.5859375 0.118353075 0.578125 0.128757740625 0.578125 0.13135890625 0.5703125 0.14176357343749998 0.5703125 0.1443647390625 0.56640625 0.14696590625 0.56640625 0.149567071875 0.5625 0.1547694046875 0.5625 0.157370571875 0.55859375 0.16257290468750002 0.55859375 0.17037640468749998 0.5595703125 0.1716769875 0.5654296875 0.1716769875 0.5673828125 0.174278153125 0.5771484375 0.174278153125 0.5791015625 0.1768793203125 0.5849609375 0.1768793203125 0.587890625 0.1807810703125 0.587890625 0.24320906562500003 0.5859375 0.24581023124999998 0.5859375 0.3940767203125 0.5869140625 0.3953773046875 0.5888671875 0.3953773046875 0.5908203125 0.3979784703125 0.5927734375 0.3979784703125 0.5947265625 0.40057963750000003 0.5966796875 0.40057963750000003 0.6005859375 0.4057819703125 0.6025390625 0.4057819703125 0.6044921875 0.4083831359375 0.6064453125 0.4083831359375 0.6083984375 0.41098430312499995 0.6103515625 0.41098430312499995 0.61328125 0.41488605312500004 0.61328125 0.41748721875 0.615234375 0.4200883859375 0.615234375 0.44870121718749995 0.61328125 0.4513023828125 0.61328125 0.5189327109375 0.611328125 0.521533878125 0.611328125 0.578759540625 0.609375 0.5813607078125 0.609375 0.6333840359375 0.607421875 0.635985203125 0.607421875 0.779049359375 0.60546875 0.781650525 0.60546875 0.7920551921875 0.607421875 0.7946563578125 0.607421875 0.8726913515625 0.603515625 0.8778936859375 0.60546875 0.8804948515625 0.60546875 0.8856971843749999 0.607421875 0.8882983515625 0.607421875 0.8908995171875 0.609375 0.893500684375 0.609375 0.89610185 0.6103515625 0.8974024343749999 0.6123046875 0.8974024343749999 0.6142578125 0.9000036 0.6162109375 0.9000036 0.6171875 0.8987030171875 0.6181640625 0.8974024343749999 0.6318359375 0.8974024343749999 0.6337890625 0.8948012671875001 0.6533203125 0.8948012671875001
0 0.6650390625 0 0.65625 0.0117052484375 0.65625 0.014306415624999999 0.625 0.055925079687500004 0.625 0.0585262453125 0.619140625 0.0663297453125 0.619140625 0.071532078125 0.6201171875 0.0728326609375 0.6298828125 0.0728326609375 0.6318359375 0.075433828125 0.6708984375 0.075433828125 0.671875 0.0767344109375 0.671875 0.17037640468749998 0.669921875 0.1729775703125 0.669921875 0.2692207296875 0.66796875 0.271821896875 0.66796875 0.399279053125 0.666015625 0.40188022031250004 0.666015625 0.5033257125 0.6640625 0.5059268796875 0.6640625 0.6698003671875 0.662109375 0.6724015343749999 0.662109375 0.8778936859375 0.6669921875 0.8843966015625 0.6728515625 0.8843966015625 0.6748046875 0.8869977671875 0.6767578125 0.8843966015625 0.6787109375 0.8869977671875 0.6884765625 0.8869977671875 0.689453125 0.8856971843749999 0.6904296875 0.8843966015625 0.7001953125 0.8843966015625 0.7021484375 0.881795434375 0.7041015625 0.881795434375 0.70703125 0.8778936859375 0.70703125 0.87529251875 0.708984375 0.8726913515625 0.708984375 0.8232691890625 0.70703125 0.8206680234375 0.70703125 0.8076621906250001 0.708984375 0.8050610234375 0.708984375 0.6593957015624999 0.7109375 0.656794534375 0.7109375 0.5553490421875 0.712890625 0.5527478765625 0.712890625 0.45390355 0.71484375 0.4513023828125 0.71484375 0.349856890625 0.716796875 0.347255725 0.716796875 0.264018396875 0.71875 0.26141723125 0.71875 0.1729775703125 0.720703125 0.17037640468749998 0.720703125 0.071532078125 0.72265625 0.0689309109375 0.72265625 0.0013005828125 0.7216796875 0 0.6650390625 0
0 0.724609375 0.70361553125 0.724609375 0.6515922015625 0.7265625 0.6489910359375 0.7265625 0.5813607078125 0.728515625 0.578759540625 0.728515625 0.5033257125 0.73046875 0.500724546875 0.73046875 0.44610004999999997 0.732421875 0.443498884375 0.732421875 0.4304930515625 0.734375 0.427891884375 0.734375 0.3342498921875 0.736328125 0.33164872500000003 0.736328125 0.23020323281250002 0.73828125 0.2276020671875 0.73828125 0.1755787375 0.740234375 0.1729775703125 0.740234375 0.128757740625 0.7421875 0.1261565734375 0.7421875 0.0975437421875 0.7412109375 0.096243159375 0.7255859375 0.096243159375 0.720703125 0.10274607499999999 0.720703125 0.1833822359375 0.71875 0.185983403125 0.71875 0.2666195640625 0.716796875 0.2692207296875 0.716796875 0.35505922343749996 0.71484375 0.357660390625 0.71484375 0.46170704999999995 0.712890625 0.464308215625 0.712890625 0.5631525421875 0.7109375 0.5657537078125 0.7109375 0.721823696875 0.708984375 0.7244248625 0.7109375 0.7270260296875 0.7109375 0.76864469375 0.708984375 0.771245859375 0.708984375 0.797257525 0.7119140625 0.8011592734375 0.7197265625 0.8011592734375 0.720703125 0.799858690625 0.720703125 0.7894540250000001 0.72265625 0.7868528578125 0.72265625 0.7062166984375 0.724609375 0.70361553125
0 0.79296875 0.64638986875 0.79296875 0.6307828703125 0.794921875 0.628181703125 0.794921875 0.3966778875 0.7939453125 0.3953773046875 0.7802734375 0.3953773046875 0.779296875 0.3966778875 0.779296875 0.399279053125 0.77734375 0.40188022031250004 0.77734375 0.4096837203125 0.775390625 0.4122848859375 0.775390625 0.472111715625 0.7734375 0.47471288125 0.7734375 0.4773140484375 0.775390625 0.4799152140625 0.775390625 0.48251638124999996 0.7734375 0.485117546875 0.7734375 0.5267362109375 0.771484375 0.5293373781249999 0.771484375 0.5735572078125 0.76953125 0.5761583734375 0.76953125 0.6203782046875 0.767578125 0.6229793703125 0.76953125 0.6255805375 0.767578125 0.628181703125 0.767578125 0.656794534375 0.765625 0.6593957015624999 0.765625 0.6776038671875 0.763671875 0.6802050328125 0.763671875 0.7556388609375 0.76171875 0.758240028125 0.76171875 0.7920551921875 0.7646484375 0.795956940625 0.7763671875 0.795956940625 0.7783203125 0.7985581078124999 0.7822265625 0.7985581078124999 0.7841796875 0.795956940625 0.7861328125 0.7985581078124999 0.7880859375 0.7985581078124999 0.7890625 0.797257525 0.79296875 0.7946563578125 0.79296875 0.6515922015625 0.794921875 0.6489910359375 0.79296875 0.64638986875
0 0.849609375 0.7452341953125 0.8515625 0.742633028125 0.8515625 0.5995688718750001 0.853515625 0.59696770625 0.853515625 0.5917653734375 0.8515625 0.58916420625 0.8515625 0.5813607078125 0.853515625 0.578759540625 0.853515625 0.37586855625000004 0.85546875 0.3732673890625 0.85546875 0.271821896875 0.8525390625 0.267920146875 0.8505859375 0.267920146875 0.849609375 0.2666195640625 0.8515625 0.264018396875 0.8486328125 0.26011664687499997 0.8291015625 0.26011664687499997 0.828125 0.26141723125 0.8291015625 0.2627178140625 0.8330078125 0.2627178140625 0.8349609375 0.2653189796875 0.8447265625 0.2653189796875 0.845703125 0.2666195640625 0.8447265625 0.267920146875 0.8232421875 0.267920146875 0.8212890625 0.2705213140625 0.8154296875 0.2705213140625 0.8134765625 0.2731224796875 0.7900390625 0.2731224796875 0.78515625 0.27962539531249997 0.78515625 0.29003006249999996 0.787109375 0.292631228125 0.787109375 0.300434728125 0.7880859375 0.3017353109375 0.7919921875 0.296532978125 0.7939453125 0.296532978125 0.794921875 0.2978335609375 0.794921875 0.3654638890625 0.796875 0.36806505624999997 0.796875 0.370666221875 0.794921875 0.3732673890625 0.794921875 0.41488605312500004 0.796875 0.41748721875 0.796875 0.443498884375 0.794921875 0.44610004999999997 0.794921875 0.4513023828125 0.796875 0.45390355 0.796875 0.45650471562500006 0.794921875 0.4591058828125 0.794921875 0.472111715625 0.796875 0.47471288125 0.796875 0.4773140484375 0.794921875 0.4799152140625 0.794921875 0.7166213640625 0.79296875 0.7192225296875 0.79296875 0.721823696875 0.794921875 0.7244248625 0.794921875 0.7478353609374999 0.79296875 0.7504365281250001 0.794921875 0.75303769375 0.794921875 0.758240028125 0.79296875 0.7608411937499999 0.79296875 0.7738470265624999 0.794921875 0.7764481921875 0.79296875 0.779049359375 0.79296875 0.7946563578125 0.794921875 0.797257525 0.794921875 0.799858690625 0.7958984375 0.8011592734375 0.7978515625 0.8011592734375 0.7998046875 0.8037604406250001 0.8056640625 0.8037604406250001 0.8076171875 0.8063616078125 0.8427734375 0.8063616078125 0.84375 0.8050610234375 0.8447265625 0.8037604406250001 0.8466796875 0.8037604406250001 0.849609375 0.799858690625 0.849609375 0.7452341953125
0 0.87109375 0.6880085328125001 0.873046875 0.6854073656249999 0.873046875 0.58916420625 0.875 0.586563040625 0.875 0.5033257125 0.876953125 0.500724546875 0.876953125 0.40708255312499997 0.87890625 0.4044813875 0.87890625 0.321244059375 0.880859375 0.31864289375 0.880859375 0.28742889531250004 0.8779296875 0.2835271453125 0.8720703125 0.2835271453125 0.8701171875 0.2809259796875 0.8583984375 0.2809259796875 0.857421875 0.2822265625 0.857421875 0.31864289375 0.85546875 0.321244059375 0.85546875 0.4591058828125 0.853515625 0.46170704999999995 0.853515625 0.578759540625 0.8515625 0.5813607078125 0.8515625 0.7374306953125 0.849609375 0.7400318625 0.849609375 0.7738470265624999 0.8515625 0.7764481921875 0.8515625 0.779049359375 0.849609375 0.781650525 0.849609375 0.7842516921875 0.8544921875 0.7907546078125 0.8662109375 0.7907546078125 0.8671875 0.7894540250000001 0.869140625 0.7868528578125 0.869140625 0.75303769375 0.87109375 0.7504365281250001 0.87109375 0.6880085328125001
0 0.880859375 0.7322283625 0.8828125 0.729627196875 0.8828125 0.6593957015624999 0.884765625 0.656794534375 0.884765625 0.6255805375 0.88671875 0.6229793703125 0.88671875 0.5839618734375 0.888671875 0.5813607078125 0.888671875 0.542343209375 0.890625 0.53974204375 0.890625 0.472111715625 0.892578125 0.46951054843750006 0.892578125 0.41748721875 0.89453125 0.41488605312500004 0.89453125 0.37586855625000004 0.896484375 0.3732673890625 0.896484375 0.33164872500000003 0.8984375 0.329047559375 0.8984375 0.2666195640625 0.900390625 0.264018396875 0.900390625 0.19638806875 0.90234375 0.193786903125 0.90234375 0.1677752375 0.8994140625 0.1638734875 0.8896484375 0.1638734875 0.8876953125 0.161272321875 0.8857421875 0.1638734875 0.8740234375 0.1638734875 0.869140625 0.17037640468749998 0.87109375 0.1729775703125 0.87109375 0.21979856718750002 0.869140625 0.22239973281249997 0.869140625 0.2276020671875 0.87109375 0.23020323281250002 0.87109375 0.23280439999999997 0.869140625 0.23540556562499998 0.869140625 0.2562148984375 0.8671875 0.2588160640625 0.8671875 0.2666195640625 0.869140625 0.2692207296875 0.869140625 0.271821896875 0.8701171875 0.2731224796875 0.8720703125 0.2705213140625 0.873046875 0.271821896875 0.873046875 0.27962539531249997 0.8740234375 0.2809259796875 0.8759765625 0.2809259796875 0.880859375 0.28742889531250004 0.880859375 0.3082382265625 0.87890625 0.31083939374999997 0.87890625 0.386273221875 0.876953125 0.3888743875 0.876953125 0.45650471562500006 0.875 0.4591058828125 0.875 0.53974204375 0.873046875 0.542343209375 0.873046875 0.635985203125 0.87109375 0.63858636875 0.87109375 0.7478353609374999 0.869140625 0.7504365281250001 0.869140625 0.7556388609375 0.87109375 0.758240028125 0.869140625 0.7608411937499999 0.87109375 0.7634423609375001 0.87109375 0.7764481921875 0.8720703125 0.7777487765625 0.8759765625 0.7777487765625 0.876953125 0.7764481921875 0.87890625 0.7738470265624999 0.87890625 0.7660435265625 0.880859375 0.7634423609375001 0.880859375 0.7322283625
0 1 0.0949425765625 0.99609375 0.08974024375 0.998046875 0.0871390765625 0.9970703125 0.08583849375 0.9873046875 0.08583849375 0.986328125 0.0871390765625 0.986328125 0.08974024375 0.9833984375 0.09364199375 0.9794921875 0.09364199375 0.9765625 0.0975437421875 0.9765625 0.10014490937500001 0.9755859375 0.10144549218750001 0.9697265625 0.10144549218750001 0.9677734375 0.10404665937499999 0.9638671875 0.10404665937499999 0.9619140625 0.106647825 0.9541015625 0.106647825 0.953125 0.10794840937500001 0.955078125 0.110549575 0.9501953125 0.117052490625 0.9482421875 0.117052490625 0.9443359375 0.122254825 0.9384765625 0.122254825 0.9345703125 0.1274571578125 0.9287109375 0.1274571578125 0.9267578125 0.13005832343749998 0.9248046875 0.13005832343749998 0.9228515625 0.132659490625 0.9208984375 0.132659490625 0.9189453125 0.13526065625 0.9150390625 0.13526065625 0.9130859375 0.1378618234375 0.9091796875 0.1378618234375 0.9072265625 0.14046298906250002 0.9052734375 0.14046298906250002 0.9033203125 0.14306415625 0.9013671875 0.14306415625 0.8994140625 0.145665321875 0.8974609375 0.145665321875 0.892578125 0.15216823906250002 0.892578125 0.1547694046875 0.8994140625 0.1638734875 0.9013671875 0.1638734875 0.90234375 0.165174071875 0.90234375 0.22239973281249997 0.900390625 0.2250009 0.900390625 0.27962539531249997 0.8984375 0.2822265625 0.8984375 0.349856890625 0.896484375 0.3524580578125 0.896484375 0.3966778875 0.89453125 0.399279053125 0.89453125 0.4408977171875 0.892578125 0.443498884375 0.892578125 0.47471288125 0.890625 0.4773140484375 0.890625 0.5553490421875 0.888671875 0.5579502093750001 0.888671875 0.628181703125 0.88671875 0.6307828703125 0.88671875 0.6333840359375 0.888671875 0.635985203125 0.888671875 0.64638986875 0.88671875 0.6489910359375 0.88671875 0.6593957015624999 0.884765625 0.6619968671875001 0.884765625 0.664598034375 0.88671875 0.6671992 0.88671875 0.6854073656249999 0.884765625 0.6880085328125001 0.884765625 0.69581203125 0.88671875 0.6984131984374999 0.88671875 0.7010143656250001 0.884765625 0.70361553125 0.884765625 0.742633028125 0.8828125 0.7452341953125 0.8828125 0.7504365281250001 0.880859375 0.75303769375 0.880859375 0.771245859375 0.8935546875 0.7881534421875 0.8955078125 0.7881534421875 0.8974609375 0.7907546078125 0.8994140625 0.7907546078125 0.9072265625 0.8011592734375 0.9091796875 0.8011592734375 0.9169921875 0.811563940625 0.9189453125 0.811563940625 0.9248046875 0.8193674390625001 0.9267578125 0.8193674390625001 0.9306640625 0.824569771875 0.9326171875 0.824569771875 0.9365234375 0.8297721046875 0.9384765625 0.8297721046875 0.9404296875 0.832373271875 0.9423828125 0.832373271875 0.9443359375 0.8349744390625 0.9541015625 0.8349744390625 0.9560546875 0.8375756046875 0.9736328125 0.8375756046875 0.974609375 0.8362750218749999 0.9755859375 0.8349744390625 0.9775390625 0.8349744390625 0.982421875 0.828471521875 0.982421875 0.8206680234375 0.984375 0.81806685625 0.984375 0.7868528578125 0.986328125 0.7842516921875 0.986328125 0.7478353609374999 0.98828125 0.7452341953125 0.98828125 0.71141903125 0.990234375 0.7088178640625 0.990234375 0.6854073656249999 0.9921875 0.6828062 0.9921875 0.6515922015625 0.994140625 0.6489910359375 0.994140625 0.6125747046875001 0.99609375 0.6099735390625 0.99609375 0.5839618734375 0.998046875 0.5813607078125 0.998046875 0.560551375 1 0.5579502093750001 1 0.0949425765625