0 0.075218228125 0 0.0727197125 0.017777868750000002 0.0742918171875 0.02062554375 0.0721197421875 0.036080656249999996 0.073691846875 0.0389283296875 0.0707957484375 0.059535146875 0.072367853125 0.06238282187500001 0.070195778125 0.077837934375 0.07176788437500001 0.080685609375 0.069233796875 0.0987165734375 0.0708059015625 0.1015642484375 0.068271815625 0.1195952125 0.0698439203125 0.12244288750000001 0.0665858078125 0.14562555625 0.0681579125 0.14847323125 0.0652618140625 0.1690800484375 0.06683391875 0.171927721875 0.06466184375 0.187382834375 0.0662339484375 0.190230509375 0.06297583749999999 0.213413178125 0.0645479421875 0.21626085156250002 0.061651843750000004 0.23686767031249997 0.0632239484375 0.23971534375 0.06068986093749999 0.257746309375 0.062261965625000006 0.260593984375 0.0590038546875 0.283776653125 0.060575959375 0.28662432656250003 0.05767986093750001 0.30723114375 0.059251965625 0.31007881875 0.054907815625 0.34098904375 0.056479921875000005 0.34383671875 0.05358382187500001 0.364443534375 0.0551559265625 0.367291209375 0.052983853125 0.382746321875 0.0545559578125 0.385593996875 0.0516598578125 0.4062008140625 0.053231962499999994 0.4090484890625 0.0506978765625 0.427079453125 0.05226998125 0.429927128125 0.0493738828125 0.45053394375 0.0509459875 0.45338161875000005 0.047687875000000005 0.4765642875 0.0492599796875 0.47941196250000007 0.04636388125 0.5000187796875 0.047935985937499995 0.502866453125 0.044677875 0.5260491218750001 0.0462499796875 0.528896796875 0.0429918671875 0.5520794671875 0.044563971875000004 0.554927140625 0.0420298859375 0.5729581046875001 0.043601990624999996 0.5758057796875 0.040705890625000005 0.596412596875 0.042277996875 0.5992602703125 0.039381896875 0.6198670890625 0.040954001562499995 0.6227147625 0.038057903125 0.6433215796875 0.0396300078125 0.646169253125 0.0374579328125 0.661624365625 0.039816090625 0.665895878125 0.0494866765625 0.667254990625 0.050634742187500005 0.6661029765625 0.05178280625 0.6649509609375001 0.07692633125000001 0.6684846531249999 0.07922246250000001 0.6661806234375 0.0811565796875 0.6664524453125 0.08804496875 0.6595403578125001 0.08997908593750001 0.6598121796875 0.101459734375 0.64829203125 0.1033938515625 0.6485638546875 0.12061482500000001 0.63128363125 0.1224248859375 0.6184043703125 0.12085278125000001 0.6155566953125 0.12302485625 0.6001015828125 0.12145275156249999 0.597253909375 0.1261589125 0.5637678328125 0.1245868078125 0.5609201578125 0.12675888125 0.5454650453125 0.1251867765625 0.5426173703125 0.1269968390625 0.5297381109375 0.12542473437499999 0.5268904359375 0.12868284531250002 0.503707765625 0.127110740625 0.5008600921874999 0.1303688515625 0.47767742343749997 0.128796746875 0.4748297484375 0.13277888437500002 0.446495375 0.13120677812499998 0.4436477015625 0.133740865625 0.42561673593749993 0.13216876093750002 0.4227690609375 0.1339788234375 0.4098898015625 0.13240671875 0.4070421265625 0.13530281718749998 0.38643530937500004 0.1337307125 0.383587634375 0.1377128484375 0.3552532609375 0.13614074375000002 0.3524055875 0.14012287968749998 0.3240712140625 0.138550775 0.3212235390625 0.1418088875 0.29804087031250004 0.14023678125 0.295193196875 0.14349489375 0.272010528125 0.1419227890625 0.2691628515625 0.1451809 0.24598018281249998 0.14360879531249998 0.243132509375 0.1439708078125 0.24055665624999997 0.1462669375 0.238252628125 0.1446948328125 0.23540495312499998 0.14867696875 0.2070705796875 0.1471048640625 0.20422290625 0.1496389515625 0.186191940625 0.148066846875 0.183344265625 0.1538590453125 0.1421306328125 0.1522869390625 0.1392829578125 0.1562690765625 0.11094858437499999 0.154696971875 0.10810090937500001 0.16157520625 0.0591597203125 0.1600031015625 0.0563120453125 0.1614511515625 0.0460086359375 0.16489534687500002 0.04255259375 0.1706976984375 0.0433680609375 0.172993828125 0.041064029687499996 0.1749279453125 0.041335853125 0.178372140625 0.0378798078125 0.1728697734375 0.027912946875 0.1709356546875 0.027641125 0.16936355 0.02479345 0.1674294328125 0.024521628125 0.16428522343750002 0.0188262796875 0.16235110625 0.01855445625 0.1607790015625 0.01570678125 0.158844884375 0.015434959375000001 0.1557006734375 0.009739609375 0.15376655625 0.0094677875 0.150622346875 0.0037724390625 0.1486882296875 0.0035006156250000004 0.147116125 0.000652940625 0.14518200781249999 0.00038111875 0.1449716046875 0 0.075218228125 0
0 0.0653566296875 0 0.052188753125 0.09369431875 0.05376085781249999 0.09654199375 0.050864759375 0.1171488109375 0.0524368640625 0.11999648593750001 0.0491787515625 0.1431791546875 0.05075085781250001 0.146026828125 0.047854757812499996 0.16663364687499999 0.0494268625 0.16948132031250002 0.045444726562499996 0.19781569375000002 0.04701683125 0.20066336875 0.043034695312499996 0.22899774062499997 0.0446068 0.231845415625 0.040986675 0.2576039375 0.04255878125 0.2604516109375 0.03857664375 0.28878598437499997 0.0401487484375 0.291633659375 0.036890637500000004 0.314816328125 0.038462742187499996 0.31766400156249996 0.03484261875 0.3434225234375 0.036414723437500005 0.346270196875 0.0324325875 0.3746045703125 0.034004692187500005 0.3774522453125 0.0303845671875 0.403210765625 0.031956671874999995 0.40605844218750003 0.0279745359375 0.43439281406249997 0.029546640625 0.4372404890625 0.0255645046875 0.4655748609375 0.027136609375 0.46842253749999996 0.0231544734375 0.496756909375 0.024726578125000002 0.499604584375 0.021106453125 0.52536310625 0.022678559374999997 0.5282107796875 0.019782459375 0.548817596875 0.0213545640625 0.5516652703125 0.017372428125 0.57999964375 0.0189445328125 0.5828473187500001 0.015324409375 0.6086058390625 0.0168965140625 0.6114535156249999 0.012914378125 0.6397878875 0.014486482812500001 0.6426355625 0.0134004453125 0.65036311875 0.015758603125 0.65463463125 0.023495071875000002 0.6557219203125 0.024643137500000002 0.6545699046875 0.025791201562499998 0.653417890625 0.0335276703125 0.6545051796875 0.036971865625 0.6510491359375 0.0387819265625 0.6381698765625 0.037209821875 0.6353222 0.040829946875 0.6095636796874999 0.0392578421875 0.6067160046875 0.041791928125 0.5886850406249999 0.0402198234375 0.585837365625 0.0427539109375 0.5678064015625 0.04118180625 0.5649587265625 0.0437158921875 0.5469277625 0.0421437875 0.5440800875 0.0454018984375 0.52089741875 0.04382979375 0.5180497453124999 0.04708790625 0.494867075 0.0455158015625 0.49201940000000005 0.049135925000000004 0.4662608796875 0.0475638203125 0.4634132046875 0.05045991875 0.4428063890625 0.0488878140625 0.4399587125 0.051783914062500006 0.419351896875 0.050211809375000006 0.416504221875 0.0531079078125 0.3958974046875 0.051535803125 0.3930497296875 0.054431901562499996 0.37244291406249996 0.052859796875 0.369595240625 0.055755896875 0.348988421875 0.0541837921875 0.3461407484375 0.057441903125000006 0.3229580796875 0.05586979843749999 0.32011040468749996 0.059127909374999996 0.296927734375 0.0575558046875 0.2940800609375 0.0611759296875 0.2683215390625 0.0596038234375 0.265473865625 0.0621379109375 0.24744290000000002 0.06056580625 0.244595225 0.0641859296875 0.2188367046875 0.062613825 0.2159890296875 0.065509925 0.1953822140625 0.06393781875 0.1925345390625 0.06683391875 0.171927721875 0.0652618140625 0.1690800484375 0.0681579125 0.14847323125 0.0665858078125 0.14562555625 0.0691198953125 0.1275945921875 0.067547790625 0.1247469171875 0.0697198640625 0.1092918046875 0.068147759375 0.10644413125 0.07104385937499999 0.0858373125 0.06947175312500001 0.0829896390625 0.071281815625 0.070110378125 0.0697097109375 0.067262703125 0.0726058109375 0.0466558859375 0.0710337046875 0.0438082125 0.07356779218750001 0.0257772484375 0.0719956875 0.022929571875 0.0748917859375 0.00232275625 0.07360947031250001 0 0.0653566296875 0
0 0.33403194062499997 0.158258728125 0.3356040453125 0.1611064015625 0.3607475703125 0.16464009375 0.362319675 0.16748776875 0.401002021875 0.17292421875 0.4033601796875 0.17719573125000002 0.40299816718750003 0.17977158124999998 0.4069284296875 0.1868907671875 0.43980842343750004 0.19151175 0.44210455312499997 0.1892077203125 0.455643375 0.19111047812499998 0.45679143906249997 0.1899584640625 0.4582394890625 0.1796550546875 0.46397981406250005 0.1738949796875 0.498793925 0.178787784375 0.5003660296875 0.181635459375 0.502300146875 0.1819072828125 0.5030862 0.18333111875000002 0.5027241874999999 0.1859069703125 0.5035102390625 0.187330809375 0.5054443578125001 0.18760263125 0.5070164625 0.1904503046875 0.5128188140625001 0.191265771875 0.51511494375 0.18896174375000002 0.5305878828124999 0.1911363234375 0.5328840125000001 0.18883229375 0.55029106875 0.1912786953125 0.552587196875 0.1889746671875 0.5680601359375 0.19114924687499998 0.570356265625 0.188845215625 0.587763321875 0.19129161875 0.5900594515625001 0.1889875890625 0.59199356875 0.1892594109375 0.5954377640625 0.18580336718749998 0.5957997765624999 0.18322751406249999 0.59809590625 0.18092348593750002 0.59845791875 0.1783476328125 0.6076424375 0.1691315140625 0.6083664625 0.1639798109375 0.612958721875 0.1593717515625 0.613320734375 0.1567958984375 0.6144687984375 0.155643884375 0.6164029156249999 0.15591570625 0.6186990453125001 0.15361167656250002 0.6206331625 0.1538834984375 0.6229292921875 0.15157947031250002 0.7002939859375 0.16245236875 0.702590115625 0.1601483375 0.7219312890625 0.1628665625 0.72422741875 0.160562534375 0.7416344734375 0.16300893593750002 0.743930603125 0.1607049046875 0.7671400109375 0.163966775 0.769436140625 0.16166274687499999 0.771370259375 0.16193456875 0.7729423640624999 0.16478224218749998 0.7768105984375 0.1653258875 0.7799548078125 0.17102123593750002 0.781888925 0.171293059375 0.7853331203125 0.1678370140625 0.79148733125 0.124047528125 0.78755706875 0.11692834218749999 0.7701500125 0.11448194062499999 0.7678538828125 0.11678596875 0.748512709375 0.1140677453125 0.7462165796875 0.116371775 0.7442824625 0.11609995312500002 0.7427103578125 0.11325227812500001 0.740414228125 0.1155563078125 0.7191389375 0.1125662609375 0.7168428078125 0.1148702890625 0.7129745734374999 0.1143266453125 0.71067844375 0.11663067499999999 0.6952055046875001 0.1144560953125 0.6929093749999999 0.11676012499999999 0.6774364359375 0.11458554531250001 0.67514030625 0.116889575 0.653865015625 0.113899528125 0.6515688859375001 0.1162035578125 0.64963476875 0.11593173593749999 0.6480626640625 0.11308406093750001 0.645766534375 0.115388090625 0.6283594781249999 0.11294168906249999 0.6260633484375 0.11524571718750001 0.6047880578125 0.11225567031250001 0.602491928125 0.1145597 0.5870189906250001 0.1123851203125 0.5847228609374999 0.11468914999999999 0.561513453125 0.11142727968749999 0.5592173234375 0.1137313109375 0.5379420328125 0.1107412625 0.535645903125 0.1130452921875 0.5124364953125 0.10978342187500001 0.510140365625 0.11208745312499999 0.492733309375 0.10964104999999999 0.4904371796875 0.1119450796875 0.47109600625 0.1092268546875 0.4687998765625 0.111530884375 0.449458703125 0.1088126609375 0.44716257343750004 0.111116690625 0.4258872828125 0.10812664375 0.423591153125 0.110430671875 0.40231586249999995 0.107440625 0.40001973281250003 0.10974465625 0.38261267656250003 0.107298253125 0.380316546875 0.1096022828125 0.35904125625 0.1066122359375 0.3567451265625 0.10891626562500001 0.3354698359375 0.10592621875 0.33317370625 0.108230246875 0.3099642984375 0.104968378125 0.30766816874999997 0.1072724078125 0.2883269953125 0.1045541828125 0.286030865625 0.10685821250000001 0.27249204531250004 0.1049554546875 0.270195915625 0.10725948593750001 0.2643935625 0.10644401875000001 0.2632454984375 0.1075960328125 0.25890135000000003 0.1385062578125 0.2604734546875 0.1413539328125 0.2590254046875 0.151657340625 0.26059750937500004 0.15450501562500002 0.26023549687499997 0.15708086875 0.2618076015625 0.1599285421875 0.2614455890625 0.1625043953125 0.2622316421875 0.16392823125 0.26416575937500003 0.1642000546875 0.2657378640625 0.167047728125 0.26960609999999996 0.1675913734375 0.2711782046875 0.1704390484375 0.27698055625 0.171254515625 0.2781286203125 0.1701025015625 0.28042475 0.1677984703125 0.281148775 0.16264676718749999 0.2834449046875 0.1603427375 0.28416892968749996 0.1551910328125 0.2853169953125 0.1540390171875 0.2930534640625 0.1551263078125 0.29534959375000003 0.1528222796875 0.33403194062499997 0.158258728125
0 0.143576121875 0.608243334375 0.1420040171875 0.6053956609375 0.1423660296875 0.6028198078125 0.144662159375 0.6005157796875 0.1430900546875 0.5976681046875 0.143814078125 0.5925163999999999 0.1422419734375 0.589668725 0.14513807343750001 0.5690619078125 0.14356596875 0.5662142343750001 0.1479101171875 0.535304009375 0.1463380125 0.5324563343750001 0.1488720984375 0.5144253703125 0.14729999375 0.5115776953125 0.15055810625 0.488395025 0.148986 0.48554735156250006 0.15152008749999998 0.4675163875 0.1499479828125 0.46466871249999997 0.15284408124999999 0.4440618953125 0.1512719765625 0.441214221875 0.1523580140625 0.433486665625 0.150785909375 0.4306389890625 0.152233959375 0.42033558125 0.15066185468749999 0.41748790781249995 0.154281978125 0.3917293859375 0.1527098734375 0.38888171250000003 0.15596798437499998 0.36569904375 0.1543958796875 0.3628513671875 0.158016003125 0.33709284687499996 0.1564438984375 0.334245171875 0.1593399984375 0.31363835624999997 0.15776789375 0.31079068125 0.1610260046875 0.2876080109375 0.15945389999999998 0.28476033749999996 0.1637980484375 0.2538501125 0.16222594375 0.2510024375 0.16439801874999999 0.23554732656250002 0.1628259140625 0.23269964999999998 0.1649979875 0.21724453906250002 0.16342588281249998 0.21439686249999998 0.1666839953125 0.19121419374999998 0.16511188906250002 0.1883665203125 0.1701800640625 0.15230459062499999 0.1686079578125 0.1494569171875 0.1718660703125 0.126274246875 0.17029396562500002 0.12342657187499999 0.1739140890625 0.0976680515625 0.17234198437499998 0.0948203765625 0.173066009375 0.0896686734375 0.17227995625 0.0882448359375 0.1703458390625 0.0879730140625 0.168773734375 0.0851253375 0.1629713828125 0.08430987031250001 0.160675253125 0.0866139015625 0.1587411359375 0.086342078125 0.1575930703125 0.08749409218750001 0.1557830078125 0.100373353125 0.1573551140625 0.103221028125 0.1540970015625 0.126403696875 0.15566910625 0.129251371875 0.1513249578125 0.160161596875 0.15289706249999999 0.163009271875 0.1481909015625 0.1964953484375 0.14976300625 0.199343021875 0.1468669078125 0.219949840625 0.1484390125 0.22279751406249998 0.14445687499999998 0.25113188750000004 0.14602898125 0.2539795625 0.14277086875 0.27716223125 0.1443429734375 0.28000990468750003 0.14108486250000002 0.303192575 0.1426569671875 0.30604025 0.1393988546875 0.32922291875 0.1409709609375 0.3320705921875 0.1377128484375 0.3552532609375 0.139284953125 0.3581009375 0.1360268421875 0.38128360625 0.13759894687500002 0.3841312796875 0.13506485937499998 0.40216224531250006 0.136636965625 0.40500991875 0.133740865625 0.42561673593749993 0.1353129703125 0.42846440937499997 0.131692846875 0.45422293125 0.1332649515625 0.45707060625 0.129644828125 0.482829128125 0.1312169328125 0.4856768015625 0.1279588203125 0.5088594703125 0.12953092500000002 0.5117071453125 0.1269968390625 0.5297381109375 0.12856894375 0.5325857843749999 0.12603485625 0.5506167484375 0.1276069625 0.5534644234375 0.1254348875 0.5689195359375 0.1270069921875 0.5717672109375 0.12338686875 0.5975257328125 0.1249589734375 0.60037340625 0.12278689843749999 0.61582851875 0.12435900312499999 0.61867619375 0.1189288171875 0.657313975 0.121286975 0.6615854875 0.125155209375 0.6621291312500001 0.12672731406249998 0.6649768078125 0.12866143125 0.6652486296875 0.129809496875 0.6640966140625 0.138269990625 0.6600322000000001 0.139356028125 0.65230464375 0.1377839234375 0.64945696875 0.1385079484375 0.6443052640625 0.140804078125 0.642001234375 0.1426141390625 0.629121975 0.141042034375 0.6262743000000001 0.143576121875 0.608243334375
0 0.16798546875 0.57489963125 0.1664133640625 0.5720519562499999 0.169671475 0.5488692859375 0.1680993703125 0.5460216124999999 0.1706334578125 0.5279906484375 0.16906135312499998 0.525142971875 0.1719574515625 0.50453615625 0.170385346875 0.50168848125 0.1740054703125 0.47592996093749995 0.172433365625 0.4730822859375 0.1756914765625 0.44989961718749993 0.17411937187499998 0.4470519421875 0.178463521875 0.41614171874999994 0.176891415625 0.41329404218750004 0.17870147812499998 0.40041478125 0.1771293734375 0.3975671078125 0.1800254734375 0.37696029062499997 0.1784533671875 0.3741126171875 0.1813494671875 0.35350579843749996 0.1797773625 0.350658125 0.1837594984375 0.32232375156250004 0.18218739374999998 0.3194760765625 0.1854455046875 0.296293409375 0.18387340000000002 0.293445734375 0.187493525 0.2676872140625 0.18592141874999998 0.2648395390625 0.19062758125 0.2313534609375 0.1890554765625 0.2285057859375 0.19195157499999999 0.2078989703125 0.1903794703125 0.20505129375000003 0.19399959375 0.1792927734375 0.1924274890625 0.1764450984375 0.19568560156249998 0.15326243125 0.1941134953125 0.15041475625 0.19845764531250001 0.11950453125 0.19688554062500002 0.11665685625 0.1997816390625 0.096050040625 0.198209534375 0.0932023640625 0.20001959687499998 0.08032310312499999 0.1976614390625 0.07605159375000001 0.1918590875 0.075236125 0.1902869828125 0.07238845000000001 0.1825505125 0.0713011609375 0.1802543828125 0.07360519062500001 0.1763861484375 0.0730615453125 0.1752380828125 0.0742135609375 0.17234198437499998 0.0948203765625 0.1739140890625 0.0976680515625 0.17029396562500002 0.12342657187499999 0.1718660703125 0.126274246875 0.16824594531249998 0.1520327671875 0.16981805156250002 0.15488044375 0.1654739015625 0.18579066718749998 0.16704600625 0.1886383421875 0.16342588281249998 0.21439686249999998 0.1649979875 0.21724453906250002 0.16246390156249998 0.235275503125 0.16403600625 0.23812317656249998 0.16186393125 0.2535782890625 0.1634360359375 0.2564259640625 0.15945389999999998 0.28476033749999996 0.1610260046875 0.2876080109375 0.15740588125 0.31336653281250004 0.1589779859375 0.3162142078125 0.1560818859375 0.336821025 0.1576539921875 0.3396686984375 0.1543958796875 0.3628513671875 0.15596798437499998 0.36569904375 0.1530718859375 0.386305859375 0.154643990625 0.389153534375 0.151747890625 0.4097603515625 0.1533199953125 0.4126080265625 0.150423896875 0.4332148421875 0.15199600156249998 0.43606251562500004 0.1505479515625 0.4463659265625 0.1521200578125 0.44921360000000005 0.1499479828125 0.46466871249999997 0.15152008749999998 0.4675163875 0.14862398906250002 0.48812320312499996 0.15019609375 0.490970878125 0.14766200625 0.50900184375 0.1492341109375 0.5118495171874999 0.145976 0.5350321859375 0.1475481046875 0.5378798609375 0.1450140171875 0.555910825 0.1465861234375 0.5587584999999999 0.14369002343749998 0.5793653171875001 0.145262128125 0.5822129921875 0.1423660296875 0.6028198078125 0.143938134375 0.6056674828124999 0.141404046875 0.6236984484375 0.14297615156250001 0.6265461218749999 0.140804078125 0.642001234375 0.1423761828125 0.6448489093750001 0.138756059375 0.6706074296875 0.14111421562499998 0.6748789421875 0.150784803125 0.6762380546875 0.15193286718750001 0.675086040625 0.1530809328125 0.673934025 0.15501505 0.6742058484375 0.15845924375 0.670749803125 0.1642514421875 0.62953616875 0.16267933750000002 0.6266884953125 0.1662994625 0.6009299734375 0.16472735624999998 0.5980823 0.16798546875 0.57489963125
0 0.215128309375 0.576271665625 0.2135562046875 0.573423990625 0.217176328125 0.5476654703125 0.21560422343750002 0.5448177953125 0.220310384375 0.5113317171875 0.2187382796875 0.5084840421875 0.222720415625 0.48014966875000004 0.2211483109375 0.4773019953125 0.22585447187500002 0.44381591875000004 0.2242823671875 0.44096824375 0.22717846718749998 0.42036142656250003 0.2256063625 0.4175137515625 0.22995051093750002 0.38660352656249997 0.22837840625 0.3837558515625 0.2323605421875 0.35542147812499997 0.2307884375 0.3525738046875 0.23513258593750003 0.3216635796875 0.23356048125 0.3188159046875 0.23718060468750002 0.2930573828125 0.23560850000000003 0.290209709375 0.23922862500000003 0.2644511875 0.23765651875 0.26160351406250004 0.24127664375000002 0.23584499218750002 0.23970453906250003 0.23299731875 0.2433246625 0.20723879687500002 0.244472728125 0.2060867828125 0.24640684531249998 0.20635860468749997 0.248702975 0.2040545765625 0.252571209375 0.2045982203125 0.25601540312500004 0.20114217656250002 0.25782546562499997 0.188262915625 0.2562533609375 0.185415240625 0.2591494609375 0.1648084234375 0.2575773546875 0.16196075000000001 0.2590254046875 0.151657340625 0.2574533 0.1488096671875 0.259625375 0.1333545546875 0.25805326875 0.13050687968750002 0.26203540625 0.10217250625 0.2643315359375 0.0998684765625 0.26469354843750004 0.097292625 0.262335390625 0.0930211125 0.26040127343749997 0.09274928906249999 0.25882916875 0.089901615625 0.254960934375 0.089357971875 0.25338882812499997 0.0865102953125 0.2301794203125 0.0832484265625 0.22788329062499998 0.08555245624999999 0.20273976562499998 0.0820187640625 0.2015917015625 0.0831707796875 0.19760956406250002 0.1115051515625 0.1991816703125 0.11435282656250001 0.1955615453125 0.1401113484375 0.19713365 0.142959021875 0.1935135265625 0.16871754375 0.19508563125 0.1715652171875 0.1921895328125 0.192172034375 0.1937616375 0.195019709375 0.1901415125 0.22077823125 0.19171361874999998 0.2236259046875 0.18736946875 0.2545361296875 0.1889415734375 0.25738380312500003 0.1849594375 0.2857181765625 0.1865315421875 0.2885658515625 0.18363544375000002 0.30917266875 0.1852075484375 0.31202034375 0.1812254109375 0.3403547171875 0.18279751718749998 0.343202390625 0.17953940468750001 0.366385059375 0.181111509375 0.36923273437500004 0.17821541093749999 0.3898395515625 0.179787515625 0.3926872265625 0.177253428125 0.41071819062500003 0.17882553437499998 0.41356586562500003 0.174481384375 0.444476090625 0.1760534890625 0.44732376562500004 0.173519403125 0.46535472968749997 0.1750915078125 0.468202403125 0.171109371875 0.49653677656250006 0.1726814765625 0.4993844515625 0.1694233640625 0.522567121875 0.1709954703125 0.5254147953125 0.1680993703125 0.5460216124999999 0.169671475 0.5488692859375 0.16677537656250002 0.5694761046875 0.16834748125000001 0.572323778125 0.16472735624999998 0.5980823 0.1662994625 0.6009299734375 0.1634033625 0.621536790625 0.1649754671875 0.624384465625 0.16063131875 0.655294690625 0.1622034234375 0.6581423656250001 0.1607553734375 0.6684457734375 0.16154142656249998 0.6698696109375 0.1944214203125 0.67449059375 0.1955694859375 0.6733385765625 0.19671755 0.6721865625000001 0.202519903125 0.6730020296875 0.205964096875 0.6695459859375 0.2117562953125 0.6283323515625 0.210184190625 0.6254846781250001 0.213080290625 0.6048778609375 0.21150818437500002 0.6020301859375 0.215128309375 0.576271665625
0 0.23700356875 0.560958925 0.2354314640625 0.55811125 0.2383275640625 0.537504434375 0.236755459375 0.534656759375 0.2410996078125 0.503746534375 0.239527503125 0.500898859375 0.2427856140625 0.477716190625 0.241213509375 0.474868515625 0.2459196703125 0.44138243906249996 0.24434756562499999 0.43853476406249997 0.24760567656250002 0.41535209531249995 0.24603357187500002 0.4125044203125 0.25146375781249997 0.3738666390625 0.249891653125 0.3710189640625 0.253511778125 0.34526044375 0.251939671875 0.34241276875 0.257369859375 0.3037749875 0.255797753125 0.3009273125 0.258693853125 0.2803204953125 0.2571217484375 0.277472821875 0.260741871875 0.2517143 0.2591697671875 0.2488666265625 0.262789890625 0.2231081046875 0.2612177859375 0.22026043125 0.2626658359375 0.20995702187499998 0.2618797828125 0.208533184375 0.24640684531249998 0.20635860468749997 0.24296265 0.20981465 0.2415146 0.2201180578125 0.24308670625 0.2229657328125 0.23910456875000002 0.25130010625 0.24067667343750002 0.2541477796875 0.23669453749999997 0.282482153125 0.23826664218750002 0.28532982812499996 0.23428450625 0.3136642015625 0.2358566109375 0.316511875 0.23223648749999998 0.342270396875 0.2338085921875 0.34511807031249997 0.2294644421875 0.376028296875 0.23103654843750002 0.37887597031250003 0.2266923984375 0.409786196875 0.22826450468749998 0.4126338703125 0.2246443796875 0.4383923921875 0.226216484375 0.441240065625 0.2225963609375 0.4669985875 0.22416846562499998 0.46984626093750004 0.2212723671875 0.4904530796875 0.222844471875 0.49330075312500005 0.219224346875 0.519059275 0.2200104 0.5204831109375 0.2211584640625 0.519331096875 0.22152047656249998 0.51675524375 0.2226685421875 0.5156032296874999 0.22345459375 0.5170270671874999 0.22309258125000003 0.5196029203125 0.22466468750000002 0.52245059375 0.22321663749999998 0.5327540015625 0.22478874218749997 0.5356016765625 0.2233406921875 0.545905084375 0.21911044531249999 0.5479372921875 0.2176623953125 0.5582407015624999 0.2192345015625 0.561088375 0.21693837187499998 0.5633924046875001 0.215490321875 0.5736958125 0.21899654375000002 0.5768153109374999 0.21610044374999998 0.5974221265625 0.21380431562500002 0.59972615625 0.213080290625 0.6048778609375 0.2146523953125 0.6077255359375 0.205602084375 0.6721218390625 0.20717418906249999 0.6749695124999999 0.206088153125 0.68269706875 0.2068742046875 0.68412090625 0.208808321875 0.684392728125 0.2103804265625 0.687240403125 0.22198513125 0.6888713390625 0.22313319531250003 0.687719321875 0.22542932499999999 0.68541529375 0.22832542500000003 0.6648084765625 0.2267533203125 0.6619608015625 0.23037344375000002 0.63620228125 0.22880133906250003 0.63335460625 0.23386951250000002 0.5972926765625 0.23229740781250002 0.5944450031249999 0.23700356875 0.560958925
0 0.25030443281250003 0.5785886171875 0.248732328125 0.57574094375 0.2534384890625 0.542254865625 0.25186638437500003 0.539407190625 0.255848521875 0.51107281875 0.25427641562500003 0.5082251421875 0.26006861406250004 0.4670115109375 0.258496509375 0.46416383437500003 0.261030596875 0.4461328703125 0.2594584921875 0.44328519687499995 0.263802640625 0.41237497031250003 0.2622305359375 0.409527296875 0.26621267187500003 0.3811929234375 0.2646405671875 0.3783452484375 0.268984715625 0.3474350234375 0.2674126109375 0.3445873484375 0.2706707234375 0.3214046796875 0.2690986171875 0.31855700625 0.2734427671875 0.2876467796875 0.2718706609375 0.28479910625 0.2758527984375 0.2564647328125 0.27428069375 0.2536170578125 0.2789868546875 0.2201309796875 0.27741475000000004 0.2172833046875 0.27850078749999996 0.20955574999999999 0.277714734375 0.2081319125 0.27191238281249996 0.2073164453125 0.270340278125 0.20446877031250002 0.2684061609375 0.2041969484375 0.264961965625 0.20765299218750002 0.2609798296875 0.235987365625 0.262551934375 0.23883503906249998 0.2571217484375 0.277472821875 0.258693853125 0.2803204953125 0.255073728125 0.30607901718749997 0.256645834375 0.3089266921875 0.253025709375 0.3346852125 0.2545978140625 0.3375328875 0.250615678125 0.3658672609375 0.2521877828125 0.36871493593750004 0.24675759687499998 0.4073527171875 0.24832970156249998 0.410200390625 0.245433603125 0.4308072078125 0.2470057078125 0.43365488281250003 0.242299546875 0.467140959375 0.24387165156249999 0.46998863437500005 0.2406135390625 0.493171303125 0.24218564531250003 0.49601897812500007 0.2378414953125 0.526929203125 0.2394136 0.5297768765625 0.2361554890625 0.552959546875 0.23772759375 0.555807221875 0.2319353953125 0.5970208546875 0.23350749999999998 0.5998685296875 0.2295253640625 0.6282029031249999 0.23109746874999998 0.6310505765625 0.2267533203125 0.6619608015625 0.22832542500000003 0.6648084765625 0.22470530156250001 0.6905669984375 0.22549135312500002 0.6919908343750001 0.2274254703125 0.6922626562499999 0.228997575 0.6951103328125 0.23673404531250003 0.696197621875 0.237882109375 0.6950456078125 0.24017823906250002 0.6927415781249999 0.2405402515625 0.6901657250000001 0.238968146875 0.6873180515625 0.2451223578125 0.6435285656249999 0.243550253125 0.640680890625 0.2482564140625 0.6071948125 0.24668430937500002 0.6043471375 0.25030443281250003 0.5785886171875
0 0.313654390625 0.6190126296875 0.3120822859375 0.6161649546875 0.32040857031250003 0.55692035625 0.318836465625 0.55407268125 0.3260767140625 0.5025556390625 0.32450460937500003 0.49970796562500003 0.32776272031250003 0.47652529687499995 0.32619061562499996 0.473677621875 0.326914640625 0.4685259171875 0.3292107703125 0.46622188906249995 0.3310208328125 0.453342628125 0.329448728125 0.4504949515625 0.3370509875 0.396402059375 0.3354788828125 0.3935543828125 0.34380516875 0.3343097859375 0.3422330640625 0.3314621109375 0.3473012375 0.2954001828125 0.3457291328125 0.29255250625 0.3536934046875 0.23588376093750002 0.35212129999999997 0.23303608750000002 0.3604475859375 0.1737914875 0.35887548125 0.1709438140625 0.35923749374999997 0.1683679609375 0.358451440625 0.166944125 0.34878085468750003 0.1655850125 0.34720875 0.1627373359375 0.2872511125 0.154310840625 0.2838069171875 0.157766884375 0.28054880625 0.1809495546875 0.28212091093749997 0.183797228125 0.278138775 0.21213160156250002 0.27971087968749997 0.2149792765625 0.27536673125 0.2458895 0.2769388359375 0.2487371765625 0.27331871093750004 0.274495696875 0.274890815625 0.277343371875 0.2709086796875 0.3056777453125 0.272480784375 0.30852542031249997 0.26777462343749997 0.342011496875 0.269346728125 0.3448591703125 0.2657266046875 0.3706176921875 0.267298709375 0.3734653671875 0.2625925484375 0.40695144375 0.26416465312500004 0.40979911874999997 0.26126855312499997 0.4304059359375 0.2628406578125 0.4332536109375 0.259220534375 0.45901213125 0.2607926390625 0.46185980625 0.255724465625 0.49792173437500004 0.2572965703125 0.5007694093749999 0.252590409375 0.5342554875000001 0.2541625140625 0.5371031609375 0.249818365625 0.5680133875 0.2513904703125 0.5708610609375 0.247046321875 0.6017712859375 0.2486184265625 0.6046189609375 0.24391226562499999 0.6381050390625 0.24548437031249998 0.6409527125000001 0.24222625937500003 0.66413538125 0.24379836406250002 0.66698305625 0.23981622656249998 0.6953174296875 0.24138833124999998 0.698165103125 0.2406643078125 0.7033168078125 0.2430224640625 0.7075883203125 0.24495658125 0.7078601421874999 0.2465286859375 0.7107078171875 0.2561992734375 0.7120669296875 0.257771378125 0.714914603125 0.28098078593750003 0.7181764734375 0.2821288515625 0.7170244593749999 0.283276915625 0.7158724453125 0.292947503125 0.71723155625 0.2952436328125 0.7149275265624999 0.2991118671875 0.715471171875 0.3025560609375 0.7120151265625 0.307624234375 0.6759531984375 0.3060521296875 0.6731055234375 0.313654390625 0.6190126296875
0 0.3544986578125 0.5669648656249999 0.36391098125 0.499992709375 0.362338875 0.4971450359375 0.3721132109375 0.427597028125 0.37054110625000003 0.42474935468749997 0.380677453125 0.35262549375 0.3791053484375 0.34977782031250004 0.38706962031250003 0.293109075 0.385497515625 0.2902613984375 0.40034002500000004 0.1846514640625 0.3979818671875 0.1803799515625 0.39604775000000003 0.18010812812500002 0.3944756453125 0.1772604546875 0.36159565 0.1726394734375 0.3604475859375 0.1737914875 0.3539313625 0.22015682656250002 0.35550346718750003 0.2230045 0.34717718125 0.2822490984375 0.3487492875 0.28509677187500004 0.344043125 0.3185828515625 0.34561523125 0.32143052499999997 0.3380129703125 0.37552341875 0.339585075 0.37837109375 0.3327068390625 0.42731228281250005 0.33427894375 0.4301599578125 0.325590646875 0.491980409375 0.3271627515625 0.4948280828125 0.320646528125 0.5411934203125 0.32221863281249996 0.5440410953125 0.31425436093750003 0.6007098421875 0.315826465625 0.603557515625 0.3078621921875 0.6602262624999999 0.309434296875 0.6630739375 0.30147002500000003 0.719742684375 0.3054002859375 0.72686186875 0.334412046875 0.73093920625 0.3355601109375 0.7297871921875 0.3359221234375 0.7272113390625 0.338218253125 0.7249073109374999 0.338942278125 0.71975560625 0.3373701734375 0.71690793125 0.3493165828125 0.6319048109375001 0.347744478125 0.6290571375 0.3560707625 0.5698125390625 0.3544986578125 0.5669648656249999
0 0.38569264531249997 0.5976161890625 0.384120540625 0.594768515625 0.39642896250000004 0.50718954375 0.3948568578125 0.50434186875 0.4060792421875 0.4244904546875 0.4045071375 0.4216427796875 0.415729521875 0.3417913640625 0.4141574171875 0.33894369062499996 0.4275518765625 0.2436371625 0.4259797703125 0.2407894875 0.42887587031249996 0.220182671875 0.42651771250000003 0.215911159375 0.4245835953125 0.2156393359375 0.423011490625 0.21279166093750002 0.3998020828125 0.20952979218749998 0.3963578875 0.2129858359375 0.39346178906249996 0.23359265312500002 0.39503389375000003 0.236440328125 0.384897546875 0.3085641859375 0.3864696515625 0.3114118625 0.3861076390625 0.3139877125 0.38381150937499997 0.31629174375 0.3853836140625 0.3191394171875 0.3752472671875 0.39126327656250004 0.37681937187500003 0.3941109515625 0.36559698749999997 0.473962365625 0.3671690921875 0.4768100421875 0.3563087203125 0.5540856046875 0.35788082499999996 0.556933278125 0.3499165515625 0.6136020234374999 0.3514886578125 0.6164497 0.3388182234375 0.7066045234375 0.340390328125 0.7094521984375 0.338218253125 0.7249073109374999 0.3405764109375 0.7291788218749999 0.3463787625 0.729994290625 0.3479508671875 0.7328419640625 0.3614896890625 0.7347447203125 0.362637753125 0.73359270625 0.36378581875 0.7324406921875 0.36571993593749996 0.7327125140625 0.3668680015625 0.7315604984374999 0.3672300125 0.7289846468750001 0.36952614375000004 0.7266806171875 0.3745943171875 0.6906186890625 0.3730222109375 0.6877710140625 0.38569264531249997 0.5976161890625
0 0.42024849375000006 0.534177728125 0.41867638906250004 0.5313300515625 0.42989877343750005 0.45147863906249996 0.42832666875000003 0.44863096249999995 0.4485993625 0.3043832453125 0.44702725781249997 0.3015355703125 0.4586116546875 0.21910830468750003 0.45625349687499994 0.2148367921875 0.4543193796875 0.21456497031250002 0.452747275 0.21171729374999998 0.43340610156250003 0.20899907031249998 0.4322580375 0.210151084375 0.431896025 0.2127269375 0.42959989531250004 0.2150309671875 0.431172 0.217878640625 0.4152434546875 0.3312161328125 0.416815559375 0.334063809375 0.40595518750000004 0.411339371875 0.40752729218750006 0.41418704531249995 0.39956301875 0.47085579062500005 0.40113512343749996 0.47370346718749995 0.386654628125 0.5767375515625 0.38822673281250003 0.579585225 0.3748322734375 0.674891753125 0.376404378125 0.677739428125 0.376042365625 0.6803152781249999 0.3737462359375 0.6826193093749999 0.37531834062499997 0.685466984375 0.3702501671875 0.7215289125 0.37260832499999996 0.725800425 0.39001538125 0.7282468265625 0.3911634453125 0.7270948125000001 0.3953936921875 0.7250626046875001 0.401909915625 0.6786972671875 0.40033781093750004 0.67584959375 0.4014238484375 0.6681220359375 0.403719978125 0.6658180078125 0.40444400312499995 0.660666303125 0.4028718984375 0.657818628125 0.42024849375000006 0.534177728125
0 0.48606146250000004 0.26236706718749997 0.49065372343749997 0.2577590078125 0.5007900703125 0.1856351484375 0.49843191249999996 0.1813636375 0.46555191875 0.17674265625000002 0.4632557890625 0.179046684375 0.46132167187500006 0.17877486250000002 0.46017360625 0.1799268765625 0.45872555625 0.1902302859375 0.4602976609375 0.193077959375 0.457763575 0.211108925 0.4593356796875 0.21395659843749998 0.44883732031249995 0.288656309375 0.450409425 0.29150398437499997 0.436290940625 0.3919622171875 0.4378630453125 0.39480989218749996 0.42084846249999996 0.5158749406250001 0.4224205671875 0.518722615625 0.41011214687499997 0.6063015859374999 0.4116842515625 0.6091492609375 0.3972037546875 0.71218334375 0.39798980781250004 0.7136071828125 0.421199215625 0.7168690515625 0.42234727968749997 0.7157170359375 0.42464340937499995 0.7134130078124999 0.4583105640625 0.4738587609375 0.4567384578125 0.4710110875 0.47411505312499996 0.34737018750000004 0.4725429484375 0.34452251093749997 0.483403321875 0.2672469484375 0.4856994515625 0.26494291875 0.48606146250000004 0.26236706718749997
0 0.5089708859375001 0.27478033125 0.485761478125 0.2715184609375 0.482317284375 0.2749745046875 0.47399099843750003 0.334219103125 0.475563103125 0.33706677812499997 0.4578244953125 0.46328353125 0.4593966 0.46613120625000004 0.43948591875 0.607803071875 0.4410580234375 0.6106507453125001 0.42006130312499995 0.7600501671875 0.4224194609375 0.7643216796875001 0.441760634375 0.7670399046874999 0.4429087 0.7658878890625 0.44435674843750006 0.75558448125 0.446652878125 0.7532804515625 0.45353111406249996 0.7043392609375 0.451959009375 0.7014915875 0.47693786562499996 0.523757790625 0.4753657609375 0.5209101171875 0.5097569390625 0.2762041671875 0.5089708859375001 0.27478033125
0 0.5010055062500001 0.577048140625 0.5033016359375 0.5747441109375 0.510903896875 0.5206512156249999 0.5093317921875 0.5178035421875 0.511627921875 0.5154995125 0.513437984375 0.502620253125 0.5118658796875 0.499772578125 0.512951915625 0.492045021875 0.5152480453125 0.4897409921875 0.5166960953124999 0.479437584375 0.515123990625 0.4765899078125 0.5158480156249999 0.47143820468750003 0.5181441453125 0.46913417500000004 0.5192301828125 0.46140661875 0.517658078125 0.45855894375000006 0.5187441140625 0.45083138749999996 0.52104024375 0.44852735781249997 0.5282804921875 0.397010315625 0.5267083875 0.3941626421875 0.5270704 0.3915867890625 0.5293665296875 0.38928276093749997 0.548191175 0.25533845 0.5458330171875 0.2510669390625 0.53616243125 0.24970782656249998 0.5338663015625 0.25201185625 0.5183933625 0.24983727656250002 0.5149491671875001 0.25329332031249996 0.4856261625 0.461937340625 0.48719826718750003 0.46478501562499996 0.46728758593749997 0.60645688125 0.468859690625 0.60930455625 0.46741164062499996 0.6196079640625001 0.4651155109375 0.6219119937500001 0.4640294734375 0.62963955 0.4656015796875 0.632487225 0.446776934375 0.766431534375 0.44834903906249995 0.7692792093749999 0.4476250140625 0.7744309125 0.4484110671875 0.7758547499999999 0.4522793015625 0.7763983953125 0.45385140625 0.7792460703125 0.46158787500000004 0.7803333593749999 0.462735940625 0.77918134375 0.4638840046875 0.7780293296874999 0.47162047500000004 0.77911661875 0.4727685390625 0.7779646046875001 0.47313055156250006 0.7753887515625 0.47542668125 0.7730847234375 0.5022156 0.58247166875 0.50064349375 0.5796239921875 0.5010055062500001 0.577048140625
0 0.53632599375 0.676574378125 0.5347538890625 0.673726703125 0.5448902359375001 0.6016028437500001 0.547186365625 0.599298815625 0.6007642015625 0.218072703125 0.5999781484375 0.21664886718749998 0.551625215625 0.20985330468750002 0.5458848921875 0.21561337812499998 0.5447988546875 0.22334093593749998 0.546370959375 0.226188609375 0.543836871875 0.24421957500000002 0.5469810828125 0.2499149234375 0.5466190703125 0.2524907765625 0.548191175 0.25533845 0.4826669296875 0.72156768125 0.484239034375 0.7244153546875001 0.483877021875 0.7269912078125 0.4815808921875 0.7292952374999999 0.4797708296875 0.7421744968749999 0.48134293437500003 0.7450221734375 0.48061891093750003 0.7501738765625 0.4814049625 0.7515977140625 0.5084826046875001 0.7554032281249999 0.5096306703125 0.7542512140625 0.510778734375 0.7530992000000001 0.5204493218749999 0.7544583109375 0.5261896453125 0.7486982359375001 0.5301717828125 0.7203638640625 0.528599678125 0.7175161890624999 0.5304097390625 0.704636928125 0.53270586875 0.7023328984375 0.53632599375 0.676574378125
0 0.686577021875 0.674050215625 0.6888731515625001 0.6717461874999999 0.6982854734374999 0.6047740312500001 0.7005816031250001 0.602470003125 0.71071795 0.53034614375 0.7130140796875 0.5280421140625 0.722426403125 0.46106995937499995 0.7247225328125 0.45876592968749996 0.7344968671875 0.3892179234375 0.736792996875 0.3869138921875 0.7436712328125 0.337972703125 0.7459673625 0.3356686734375 0.7517595609375001 0.294455040625 0.754055690625 0.2921510109375 0.756951790625 0.27154419375 0.7592479203125 0.2692401640625 0.7599719453125 0.26408845937500003 0.7622680749999999 0.26178443125 0.7651641734375 0.24117761249999997 0.767460303125 0.238873584375 0.7739765265624999 0.1925082453125 0.77627265625 0.190204215625 0.77844473125 0.174749103125 0.7760865734375 0.170477590625 0.7722183390625 0.16993394687500002 0.770646234375 0.1670862734375 0.7687121171875 0.16681445 0.7664159875000001 0.1691184796875 0.7238654062500001 0.163138384375 0.7215692765624999 0.165442415625 0.7022281031250001 0.16272419062500001 0.6999319734375 0.16502821875 0.69799785625 0.16475639687500002 0.6964257515625001 0.1619087234375 0.692557515625 0.161365078125 0.6902613859375 0.1636691078125 0.6805907999999999 0.1623099953125 0.6790186953124999 0.15946232031250002 0.676722565625 0.16176635 0.6399743359375 0.1566017234375 0.63767820625 0.158905753125 0.634533996875 0.1532104046875 0.6325998796875 0.15293858124999998 0.63030375 0.1552426109375 0.626435515625 0.15469896562500002 0.624139384375 0.157002996875 0.62027115 0.1564593515625 0.6179750203125 0.1587633796875 0.616040903125 0.1584915578125 0.6103005796875001 0.1642516328125 0.5896658718750001 0.31107520312500003 0.5912379765625 0.3139228765625 0.5908759640625 0.31649872968750004 0.588579834375 0.3188027578125 0.5867697734374999 0.33168201875 0.5883418781249999 0.33452969375 0.5811016296875 0.3860467359375 0.5788055 0.388350765625 0.53065785 0.73093909375 0.5322299546875 0.73378676875 0.5311439171875 0.7415143265624999 0.5327160234375 0.744362 0.5323540109375 0.746937853125 0.533926115625 0.7497855265625 0.533564103125 0.7523613796874999 0.5351362078124999 0.755209053125 0.5344121828125 0.76036075625 0.5383424453125001 0.76747994375 0.5422106796875 0.7680235890625 0.543782784375 0.7708712625 0.5727945453125 0.7749486 0.57436665 0.777796275 0.6594678125 0.7897564640625 0.6606158765625 0.7886044484375 0.6617639421875 0.7874524328125 0.6656321765625 0.787996078125 0.666780240625 0.7868440640625 0.667142253125 0.7842682125 0.6694383828125 0.7819641828125 0.67559259375 0.738174696875 0.6778887234375001 0.7358706671874999 0.686577021875 0.674050215625
0 0.739056453125 0.7497206890625 0.7413525828124999 0.7474166609374999 0.7475067937500001 0.7036271734375 0.7498029234375 0.7013231453125 0.7530610359375001 0.6781404765625 0.755357165625 0.6758364453125 0.7593393015625 0.6475020734375 0.76163543125 0.64519804375 0.7652555546875 0.6194395234375001 0.767551684375 0.6171354921875001 0.770447784375 0.5965286765625 0.7727439140625 0.594224646875 0.7770880625000001 0.563314421875 0.7793841921875 0.5610103921875 0.784452365625 0.5249484609375 0.7867484953125 0.5226444328125 0.7900066078125 0.4994617640625 0.7923027375 0.4971577328125 0.7984569484375 0.4533682484375 0.8007530781250001 0.45106421875 0.8040111890625001 0.42788155000000005 0.8063073187500001 0.4255775203125 0.8102894562499999 0.397243146875 0.8125855859375 0.39493911718749997 0.8169297343749999 0.3640288921875 0.8192258640625001 0.3617248625 0.8232079999999999 0.333390490625 0.8255041296875 0.331086459375 0.8291242546875001 0.3053279390625 0.8314203843750001 0.303023909375 0.8339544703125 0.28499294375 0.8323823656249999 0.2821452703125 0.833106390625 0.276993565625 0.8323203375 0.27556972812499997 0.828452103125 0.2750260828125 0.8268799984375 0.27217840937500004 0.821077646875 0.2713629421875 0.8195055421875 0.268515265625 0.817571425 0.26824344375 0.8152752953125001 0.2705474734375 0.8036705906250001 0.2689165390625 0.8020984859375 0.2660688640625 0.7943620171875 0.264981575 0.7920658859375 0.26728560468749996 0.79013176875 0.2670137828125 0.7893457171875 0.2655899453125 0.7897077296874999 0.2630140921875 0.787349571875 0.2587425796875 0.769942515625 0.256296178125 0.7687944515625 0.2574481921875 0.771152609375 0.2617197046875 0.77502084375 0.26226335 0.777379 0.2665348625 0.7762309359375 0.2676868765625 0.77429681875 0.267415053125 0.7720006890625 0.26971908437500003 0.7700665718749999 0.2694472609375 0.768856478125 0.264023734375 0.7665603484375 0.2663277640625 0.7646262312500001 0.2660559421875 0.7634781671875001 0.2672079578125 0.7620301171875 0.277511365625 0.7597339875 0.27981539375 0.7575619125 0.2952705078125 0.7552657828125 0.29757453749999996 0.7568378890624999 0.3004222125 0.754541759375 0.30272624062500003 0.748749559375 0.343939875 0.7464534296875 0.3462439046875 0.7421092812500001 0.3771541296875 0.7398131515624999 0.379458159375 0.7314868671875 0.4387027578125 0.7291907375 0.4410067875 0.7226745140624999 0.487372125 0.720378384375 0.48967615468750003 0.7080699625 0.577255125 0.7057738328125 0.57955915625 0.698171571875 0.63365205 0.6958754421875 0.6359560796875 0.68754915625 0.6952006765625 0.6852530265625 0.6975047078125 0.6772887546875 0.7541734546875001 0.674992625 0.7564774843750001 0.6731825625 0.76935674375 0.6747546671875 0.77220441875 0.6733066171875 0.7825078265625 0.6748787218750001 0.785355503125 0.6745167109375 0.7879313531250001 0.676088815625 0.790779028125 0.675726803125 0.7933548796875 0.6765128546875 0.7947787171875 0.6784469718749999 0.7950505390625 0.6800190781250001 0.7978982140624999 0.6858214296875 0.7987136828125 0.6873935343750001 0.8015613578125 0.7009323562499999 0.8034641140625001 0.7025044609375 0.8063117890625 0.7083068124999999 0.80712725625 0.7094548765625001 0.805975240625 0.7106029421875 0.8048232265624999 0.720273528125 0.8061823390624999 0.7225696578125 0.803878309375 0.7245037765625 0.8041501312499999 0.7302441 0.7983900578124999 0.7327781875 0.7803590921875 0.7350743171875 0.7780550625 0.739056453125 0.7497206890625
0 0.7938117078125 0.73902893125 0.7961078374999999 0.7367249015625 0.8011760109375 0.700662971875 0.803472140625 0.69835894375 0.8085403140625 0.6622970125000001 0.8108364437500001 0.659992984375 0.81481858125 0.6316586109375 0.8171147109374999 0.62935458125 0.821458859375 0.59844435625 0.8237549890625001 0.5961403265625 0.827737125 0.5678059531249999 0.8300332546875 0.5655019234374999 0.835101428125 0.52943999375 0.837397559375 0.5271359640625 0.8410176828125 0.50137744375 0.8433138124999999 0.49907341250000004 0.8476579609374999 0.4681631890625 0.8499540906249999 0.4658591578125 0.8542982390624999 0.43494893437500004 0.8565943687500001 0.43264490312500004 0.86166254375 0.396582975 0.8639586734375 0.3942789453125 0.866854771875 0.373672128125 0.8691509015625 0.37136809843749996 0.8745810875 0.3327303171875 0.8768772171875 0.3304262859375 0.8801353296875 0.30724361875 0.882431459375 0.3049395890625 0.8874996328125 0.268877659375 0.8897957625 0.2665736296875 0.8941399109375 0.2356634046875 0.896436040625 0.23335937499999998 0.8993321406250001 0.21275255781250002 0.8985460875 0.2113287203125 0.8966119703125001 0.2110568984375 0.895039865625 0.208209225 0.8621598703125001 0.2035882421875 0.86101180625 0.20474025624999997 0.85956375625 0.21504366562500002 0.8572676265625001 0.21734769531250003 0.852923478125 0.2482579203125 0.8506273484375001 0.25056195 0.8444731375 0.2943514359375 0.8421770078125 0.2966554640625 0.837832859375 0.327565690625 0.8355367296875 0.3298697203125 0.8311925796875 0.3607799453125 0.82889645 0.363083975 0.8252763265624999 0.3888424953125 0.8229801968749999 0.3911465265625 0.8164639734374999 0.43751186249999996 0.81416784375 0.4398158921875 0.8165260015625 0.44408740468749996 0.81846011875 0.444359228125 0.8200322234374999 0.44720690156250004 0.821966340625 0.44747872343750006 0.8243244984375 0.4517502359375 0.8228764484375001 0.46205364375 0.82058031875 0.464357675 0.8184082437500001 0.4798127859375 0.8161121140625 0.4821168171875 0.8139400406249999 0.49757192968749997 0.8116439109375 0.4998759578125 0.8087478109375 0.520482775 0.8064516812500001 0.5227868046874999 0.8042796062500001 0.53824191875 0.8019834765624999 0.540545946875 0.7990873781250001 0.5611527640625 0.7967912484374999 0.56345679375 0.7957052109375 0.57118435 0.79340908125 0.5734883796875 0.79159901875 0.586367640625 0.7893028890625 0.58867166875 0.786768803125 0.606702634375 0.7844726734374999 0.6090066640625 0.7823005984375 0.6244617765625 0.78000446875 0.62676580625 0.77819440625 0.639645065625 0.7758982765625 0.641949096875 0.772640165625 0.665131765625 0.7703440359375 0.6674357953125 0.7659998875 0.6983460203125 0.7637037578125 0.7006500499999999 0.7593596078125 0.731560275 0.757063478125 0.7338643046875 0.7548914046874999 0.7493194171875001 0.752595275 0.7516234468749999 0.7478891125 0.7851095234375001 0.7502472703125 0.7893810359375 0.761851975 0.7910119703125 0.7630000390625 0.78985995625 0.7641481046874999 0.7887079421875 0.7796210421875001 0.790882521875 0.781917171875 0.788578490625 0.783851290625 0.7888503140625 0.7849993546875 0.7876983 0.7864474046875001 0.777394890625 0.788743534375 0.7750908609375 0.7938117078125 0.73902893125
0 0.81847931875 0.77401649375 0.8207754484375 0.7717124640625 0.8229475234375 0.7562573515625 0.825243653125 0.753953321875 0.8277777390625 0.7359223578125 0.8300738687500001 0.7336183265625 0.8347800296875001 0.70013225 0.837076159375 0.6978282203124999 0.8374381718749999 0.6952523687500001 0.8358660671875 0.69240469375 0.8362280796875 0.6898288421875 0.8385242093749999 0.6875248109375 0.8421443343749999 0.6617662906249999 0.8444404640625001 0.6594622625000001 0.8466125375000001 0.6440071484375001 0.8450404328125 0.641159475 0.8457644578125001 0.6360077703125 0.8480605875 0.633703740625 0.849146625 0.6259761828125 0.8514427546875 0.6236721546874999 0.854700865625 0.6004894859375 0.8569969953125 0.5981854546875 0.8617031578125 0.564699378125 0.8639992875000001 0.56239535 0.8687054484375001 0.528909271875 0.871001578125 0.5266052421875 0.8753457265625 0.49569501718750003 0.87764185625 0.49339098750000004 0.8812619796875 0.4676324671875 0.8835581109374999 0.4653284359375 0.886454209375 0.44472162031250007 0.8887503390625 0.44241758906250006 0.8920084515625 0.4192349203125 0.8943045796875 0.4169308921875 0.8993727546875 0.3808689625 0.901668884375 0.3785649328125 0.9045649828125001 0.357958115625 0.9068611125 0.35565408593750003 0.9097572125 0.33504726875 0.9120533421875001 0.3327432390625 0.917121515625 0.296681309375 0.9194176453124999 0.29437728124999996 0.92376179375 0.2634670546875 0.9260579234374999 0.2611630265625 0.930040059375 0.23282865312499998 0.932336190625 0.23052462343750002 0.9366803390625 0.1996143984375 0.93897646875 0.1973103671875 0.9415105546874999 0.179279403125 0.943806684375 0.1769753734375 0.9495988828125 0.135761740625 0.94881283125 0.134337903125 0.9410763624999999 0.1332506140625 0.93950425625 0.1304029375 0.9337019046874999 0.1295874703125 0.931405775 0.1318915015625 0.917866953125 0.12998874375 0.915570825 0.132292771875 0.9117025890624999 0.131749128125 0.909406459375 0.1340531578125 0.9055382249999999 0.1335095125 0.9032420953125 0.1358135421875 0.8993738609375 0.135269896875 0.8970777312499999 0.1375739265625 0.8951436140625001 0.13730210468749998 0.892847484375 0.139606134375 0.8909133671875 0.13933431093749998 0.8886172374999999 0.1416383421875 0.884749003125 0.141094696875 0.8824528718750001 0.1433987265625 0.8785846375 0.14285508125 0.8762885078125 0.1451591109375 0.874354390625 0.14488728906249998 0.8720582609375 0.14719131875 0.8681900265625 0.14664767343750001 0.8658938968750001 0.148951703125 0.8639597796875 0.14867987968750002 0.86166365 0.15098391093750002 0.857795415625 0.15044026562499999 0.8554992859375 0.15274429375 0.8516310515625 0.15220065 0.8493349203125 0.15450467968749998 0.847400803125 0.1542328578125 0.8451046734375 0.15653688593749998 0.8412364390624999 0.155993240625 0.838940309375 0.158297271875 0.835072075 0.1577536265625 0.8327759453124999 0.1600576546875 0.8308418281250001 0.1597858328125 0.8285456984374999 0.1620898625 0.8266115812500001 0.161818040625 0.8243154515625 0.164122071875 0.8204472171875 0.1635784265625 0.8181510875000001 0.16588245468750001 0.81621696875 0.1656106328125 0.8139208390625001 0.1679146625 0.8100526046875001 0.1673710171875 0.807756475 0.16967504687499999 0.803888240625 0.1691314015625 0.8015921109375 0.1714354328125 0.79965799375 0.171163609375 0.7973618640625 0.1734676390625 0.7915595125 0.1726521703125 0.786967253125 0.1772602296875 0.7850331359375 0.1769884078125 0.7815889406250001 0.180444453125 0.7812269281249999 0.1830203046875 0.7789307984375 0.185324334375 0.7782067734375 0.1904760375 0.77591064375 0.19278006875 0.7730145453125 0.21338688437500003 0.77458665 0.216234559375 0.7742246374999999 0.21881041093750003 0.7765827953125 0.22308192343750002 0.7804510296875 0.22362556875 0.7827471593750001 0.2213215390625 0.7885495109375 0.22213700625000002 0.790845640625 0.2198329765625 0.7927797578125 0.22010479843750003 0.7950758875 0.2178007703125 0.8028123562499999 0.218888059375 0.8051084875000001 0.21658402968749998 0.8089767218749999 0.21712767500000002 0.8112728515625 0.21482364375000002 0.8151410859375 0.21536728906249997 0.8197333453125 0.2107592296875 0.8255356968750001 0.211574696875 0.8278318265625 0.20927066875000003 0.8336341781250001 0.2100861359375 0.835930309375 0.20778210625 0.83979854375 0.20832575000000003 0.8420946734375001 0.206021721875 0.8459629078124999 0.2065653671875 0.8482590374999999 0.2042613359375 0.8521272718749999 0.20480498125 0.8544234015625 0.202500953125 0.8989081000000001 0.20875286875 0.899694153125 0.21017670625 0.8939019546875 0.251390340625 0.8916058250000001 0.25369436875 0.8872616750000001 0.2846045953125 0.8849655453124999 0.2869086234375 0.880983409375 0.315242996875 0.8786872796875 0.3175470265625 0.8750671562499999 0.34330554687500003 0.8727710265624999 0.34560957812500004 0.8684268765625 0.376519803125 0.8661307468749999 0.3788238328125 0.8625106234375 0.404582353125 0.86021449375 0.4068863828125 0.8558703453125001 0.43779660781249996 0.853574215625 0.44010063749999995 0.849230065625 0.4710108625 0.8469339359375001 0.4733148921875 0.84150375 0.5119526734375001 0.8392076203125001 0.5142567046875001 0.835949509375 0.5374393734375 0.8336533796875001 0.539743403125 0.8282231937500001 0.578381184375 0.8259270640624999 0.5806852140625 0.8219449265625001 0.6090195875 0.819648796875 0.611323615625 0.8142186109375 0.649961396875 0.8119224812500001 0.652265428125 0.8061302828124999 0.6934790609375 0.803834153125 0.695783090625 0.7998520171875 0.7241174640625 0.7975558875 0.72642149375 0.7924877140625 0.7624834218750001 0.790191584375 0.7647874531250001 0.788743534375 0.7750908609375 0.7903156390625 0.7779385359375001 0.7895916140625 0.783090240625 0.7919497718749999 0.7873617515625 0.8054885921875 0.7892645093749999 0.8066366578125 0.78811249375 0.807784721875 0.7869604796874999 0.813587075 0.787775946875 0.8147351390625 0.7866239328125 0.8150971515625001 0.7840480796875 0.81739328125 0.78174405 0.8158211765625 0.778896375 0.8181173062499999 0.776592346875 0.81847931875 0.77401649375
0 0.9320757125 0.6533914859375 0.9343718421875 0.6510874546875 0.939440015625 0.6150255265625 0.9417361453125 0.612721496875 0.9468043187499999 0.576659565625 0.9491004484375001 0.5743555375 0.94752834375 0.5715078625000001 0.9498244734375 0.5692038328125 0.955254659375 0.5305660515625 0.9575507890624999 0.528262021875 0.9615329265625 0.4999276484375 0.96382905625 0.49762362031249996 0.9688972296875 0.46156169062499997 0.9711933593750001 0.45925765937499996 0.9755375078125 0.4283474359375 0.9778336375000001 0.4260434046875 0.9829018109375 0.3899814765625 0.9851979406250001 0.3876774453125 0.987732028125 0.36964648125 0.9900281578125 0.3673424515625 0.9907521828125001 0.3621907484375 0.989180078125 0.3593430734375 0.989904103125 0.35419136875 0.9891180500000001 0.35276753125 0.9755792281250001 0.350864775 0.9740071234375 0.34801709999999997 0.94692948125 0.344211584375 0.9446333515625 0.346515615625 0.9426992343749999 0.3462437921875 0.94155116875 0.3473958078125 0.9408271453125 0.3525475109375 0.9385310140625001 0.3548515421875 0.937806990625 0.3600032453125 0.940165146875 0.36427475781249996 0.9420992640625 0.3645465796875 0.9428853171875 0.3659704171875 0.9421612921875001 0.371122121875 0.9398651625 0.37342615156250003 0.9326249140625 0.4249431921875 0.9303287843750001 0.42724722187499997 0.9252606109375 0.463309153125 0.92296448125 0.46561318125 0.9178963078125 0.5016751109375 0.9156001781249999 0.503979140625 0.9105320046875001 0.5400410703125 0.9082358749999999 0.5423450984375 0.9028056890625 0.58098288125 0.9005095593749999 0.5832869109375001 0.8950793734375001 0.6219246921875 0.89278324375 0.624228721875 0.88807708125 0.6577148 0.8857809515625 0.660018828125 0.881074790625 0.69350490625 0.8787786609375001 0.6958089359375 0.8737104875 0.731870865625 0.8714143578125 0.7341748953125 0.8710523453125001 0.7367507468750001 0.87262445 0.739598421875 0.8722624375000001 0.7421742734375 0.873048490625 0.7435981109375 0.8769167250000001 0.74414175625 0.8784888296875 0.7469894312500001 0.89396176875 0.7491640109375 0.8955338734374999 0.752011684375 0.8994021078125 0.7525553296874999 0.9005501734375001 0.751403315625 0.9016982375 0.7502513000000001 0.9113688234374999 0.7516104125 0.91481301875 0.7481543687500001 0.9198811921875001 0.7120924375000001 0.922177321875 0.709788409375 0.9261594593750001 0.6814540359375 0.9284555890625 0.67915000625 0.9320757125 0.6533914859375
0 1 0.2754950015625 0.9941760703125 0.2746765015625 0.9918799406250001 0.27698053125 0.9841434703124999 0.275893240625 0.981847340625 0.278197271875 0.9702426375 0.2765663359375 0.9679465078125 0.278870365625 0.9602100390625001 0.277783075 0.9567658437500001 0.2812391203125 0.95640383125 0.283814971875 0.9541077015624999 0.28611900156250003 0.9522976390625001 0.2989982625 0.9500015093749999 0.30130229218750004 0.9478294359375001 0.3167574046875 0.94553330625 0.319061434375 0.9422751937499999 0.342244103125 0.943061246875 0.343667940625 0.9894800625 0.3501916796875 0.9902661140625 0.3516155171875 0.989904103125 0.35419136875 0.9914762078124999 0.35703904375 0.9907521828125001 0.3621907484375 0.991538234375 0.363614584375 1 0.364803809375 1 0.2754950015625
0 1 0.39462558125 0.9977747796875001 0.41045884375 0.9993468859375 0.4133065171875 0.9989848734375 0.41588237031249997 0.99668874375 0.4181863984375 0.9963267312499999 0.4207622515625 0.9978988359375001 0.42360992499999994 0.9975368234375 0.42618577812499997 0.9952406937499999 0.42848980625 0.9916205687499999 0.4542483296875 0.989324440625 0.45655235781250003 0.9886004156249999 0.46170406249999996 0.9863042859375 0.46400809218749994 0.9844942234375 0.47688735312499997 0.9821980937499999 0.47919138125 0.9774919328125 0.5126774593750001 0.975195803125 0.5149814890625 0.9694036046875001 0.5561951234375 0.967107475 0.5584991515625 0.9686795796875 0.561346828125 0.9675935421874999 0.5690743828125 0.9683795953125 0.5704982203125 0.969527659375 0.5693462046875 0.9718237890625 0.5670421765625 0.9739958640624999 0.5515870625 0.97629199375 0.5492830343749999 0.9791880921875 0.5286762171875 0.981484221875 0.5263721875 0.984380321875 0.505765371875 0.9866764515625001 0.503461340625 0.9895725499999999 0.48285452500000003 0.9918686796875 0.48055049375000003 0.9954888046875 0.4547919734375 0.997784934375 0.45248794375 0.9999570078125 0.43703283125 1 0.43698969062500004 1 0.39462558125
0 1 0.364803809375 0.991538234375 0.363614584375 0.9903901703125 0.3647666 0.9900281578125 0.3673424515625 0.987732028125 0.36964648125 0.9837498921875 0.3979808546875 0.9814537624999999 0.400284884375 0.9771096125 0.43119510937500005 0.9748134828125 0.43349913906250004 0.970831346875 0.4618335125 0.9685352171874999 0.464137540625 0.96382905625 0.49762362031249996 0.9615329265625 0.4999276484375 0.9575507890624999 0.528262021875 0.955254659375 0.5305660515625 0.9501864859375001 0.56662798125 0.94789035625 0.5689320109375 0.9431841953125 0.6024180890624999 0.940888065625 0.6047221171875 0.9340098296875 0.6536633078125 0.9317137000000001 0.6559673375 0.9266455265625 0.6920292671875 0.9243493968750001 0.6943332953125 0.9181951859374999 0.7381227828125 0.92055334375 0.74239429375 0.924421578125 0.7429379375 0.9255696421874999 0.7417859234375 0.9301619015625 0.7371778640625 0.9305239140625 0.7346020125 0.9351161734375 0.7299939531249999 0.9335440687500001 0.727146278125 0.93571614375 0.7116911671875 0.9380122734375 0.7093871359375 0.941632396875 0.683628615625 0.9439285265624999 0.6813245859375 0.9461006015625 0.6658694734374999 0.9483967312500001 0.66356544375 0.9531028921875 0.630079365625 0.9576951515625 0.6254713062499999 0.9587811890625 0.6177437515624999 0.9572090843750001 0.6148960765625 0.9622772578125 0.578834146875 0.9645733875 0.5765301171874999 0.9681935109375001 0.5507715953125001 0.9704896406250001 0.5484675671875 0.9759198265625001 0.5098297859375001 0.9782159578125 0.5075257546875 0.98292211875 0.47403967812500003 0.9852182484374999 0.47173564843750004 0.9888383718749999 0.4459771265625 0.9911345015625 0.4436730984375 0.9951166375 0.41533872499999996 0.99741276875 0.4130346953125 1 0.39462558593749997 1 0.364803809375