0 0 0.23628599218750002 0.0012158062500000001 0.23773999687499997 0.0033939578125 0.2793016234375 0.005480540625 0.2817970078125 0.007794828125 0.3259562359375 0.0098814109375 0.3284516171875 0.0128763703125 0.3855988546875 0.014962953125000001 0.3880942375 0.017413375000000002 0.43485106875 0.0194999578125 0.43734645 0.022494917187499998 0.4944936875 0.0245815 0.49698907031250006 0.0274403265625 0.5515387046875 0.029526909375 0.5540340890625 0.0319773296875 0.6007909171875 0.0340639125 0.6032863015625 0.036242065625 0.644847928125 0.0383286484375 0.6473433109375 0.041868146875 0.7148809546875 0.0439547296875 0.7173763375 0.0469496890625 0.774523575 0.049036271874999995 0.77701895625 0.05243963593749999 0.8419589984375 0.05452621875 0.8444543828125 0.05588756406249999 0.8704303984375 0.057974146875 0.8729257828125 0.05811028124999999 0.8755233828125 0.0654133203125 0.8842572234375 0.0693142171875 0.8840527859374999 0.0714008 0.8865481703125001 0.104558421875 0.884810453125 0.10546557812499999 0.8834605421875 0.1063727359375 0.88211063125 0.11222407968749999 0.8818039750000001 0.11585270781250001 0.8764043359375 0.11780315625 0.8763021171875 0.12233894062499999 0.869552565625 0.12220280624999999 0.8669549640625 0.1240171203125 0.8642551421875 0.1219305375 0.8617597609375001 0.11648515625 0.7578556937500001 0.1143985734375 0.7553603109375 0.10976999843749999 0.6670418546875 0.10768341562499999 0.664546471875 0.10155736093750001 0.547654396875 0.099470778125 0.5451590140625 0.09824556875 0.5217805984375 0.096158984375 0.519285215625 0.09289175625 0.456942775 0.0908051734375 0.45444739375000004 0.0879463484375 0.3998977578125 0.085859765625 0.39740237500000003 0.08354547812499999 0.3532431453125 0.0814588953125 0.35074776406249997 0.083273209375 0.3480479421875 0.0827286703125 0.3376575359375 0.0806420875 0.33516215312500003 0.07751099375 0.2754173140625 0.07542441093749999 0.27292193125 0.0720210484375 0.207981890625 0.0688911734375 0.204238815625 0.0649902765625 0.204443253125 0.06290369375 0.2019478703125 0.0355974171875 0.20337893125 0.033510834375 0.2008835484375 0.0101054546875 0.20211017187500002 0.008291140625 0.20480999375 0.0024397968749999997 0.2051166484375 0 0.20874722656250003 0 0.23628599218750002
0 0.20489265781250002 0.8587142671875 0.2057998140625 0.8573643578125001 0.198312415625 0.714496265625 0.19622583124999998 0.7120008828125 0.19282246875 0.6470608421875 0.1907358859375 0.6445654578125 0.18637958125 0.56144220625 0.1842929984375 0.558946821875 0.183612325 0.5459588140625 0.1854266390625 0.5432589937500001 0.18334005625 0.5407636109375 0.1821148453125 0.5173851968750001 0.18002826249999998 0.5148898125 0.1729492671875 0.37981452656250003 0.17086268437500002 0.3773191421875 0.16773158906250002 0.31757430468750003 0.168638746875 0.3162243953125 0.1705891953125 0.3161221765625 0.17421782187499998 0.310722534375 0.182019615625 0.310313659375 0.1841061984375 0.31280904375 0.19190799218750001 0.31240016875 0.193994575 0.314895553125 0.20374681562500002 0.314384459375 0.20828259999999998 0.30763490781249997 0.2048792375 0.2426948671875 0.19966277968749999 0.2364564078125 0.19771233125 0.2365586265625 0.1956257484375 0.2340632453125 0.1936753 0.2341654640625 0.19158871718749998 0.23167007968750003 0.18963826875 0.2317722984375 0.1875516859375 0.229276915625 0.1856012375 0.22937913437500002 0.1835146546875 0.2268837515625 0.18156420625 0.22698597031249998 0.1794776234375 0.2244905875 0.1775271765625 0.22459280625 0.17544059375 0.2220974234375 0.1734901453125 0.22219964062500003 0.1714035625 0.2197042578125 0.167502665625 0.2199086953125 0.1654160828125 0.2174133125 0.163465634375 0.21751553124999998 0.16137905156250001 0.2150201484375 0.159428603125 0.215122365625 0.1573420203125 0.212626984375 0.155391571875 0.21272920312500002 0.1533049890625 0.21023381875 0.14745364375 0.210540475 0.14536706093750001 0.20804509375000002 0.08295271562499999 0.211316090625 0.07841693125 0.21806564062499997 0.0804589484375 0.257029665625 0.08254553125 0.2595250484375 0.08744637499999999 0.3530387078125 0.08953295781250001 0.3555340921875 0.0945699359375 0.451645353125 0.09665651875 0.45414073750000006 0.099923746875 0.5164831765625 0.10201032968749998 0.518978559375 0.10527755937500001 0.5813209984375 0.10736414218749998 0.5838163828125 0.10750027656250001 0.5864139828125 0.1056859625 0.5891138046875 0.106094365625 0.5969066093750001 0.1081809484375 0.5994019921875 0.111720446875 0.6669396359374999 0.1138070296875 0.66943501875 0.11761879687500001 0.742167865625 0.11970537968749999 0.744663246875 0.11984151406250002 0.74726085 0.1180272 0.7499606703125 0.11829946875 0.7551558734375 0.1203860515625 0.75765125625 0.1228364734375 0.8044080859375 0.12492305625 0.8069034687500001 0.12778188125 0.8614531046874999 0.12986846406250002 0.8639484875000001 0.130140734375 0.8691436921875001 0.13118402499999998 0.8703913828125 0.1331344734375 0.8702891640624999 0.13522105625 0.872784546875 0.14302284999999998 0.872375671875 0.1451094328125 0.8748710546874999 0.18216795 0.8729289 0.1830751078125 0.871578990625 0.1839822640625 0.8702290796875 0.19178405781250002 0.8698202046875 0.193598371875 0.8671203859375 0.1974992671875 0.8669159484375 0.19931358125 0.8642161265625001 0.20126402968749998 0.8641139078125001 0.20294220937500002 0.8588164859375 0.20489265781250002 0.8587142671875
0 0.2521106 0.8080520609375 0.2500240171875 0.8055566796875 0.24621225 0.73282383125 0.2441256671875 0.7303284484375 0.2437172640625 0.72253564375 0.24553157812499998 0.7198358234375 0.24539544375000003 0.717238221875 0.24330886093749998 0.7147428390624999 0.2407223046875 0.6653884062500001 0.238635721875 0.662893025 0.23509622343749997 0.59535538125 0.23300964062500001 0.5928599984375 0.2293340078125 0.5227247515625 0.227247425 0.5202293703125 0.2234356578125 0.4474965234375 0.221349075 0.44500114062499996 0.2179457125 0.3800610984375 0.2158591296875 0.37756571562499996 0.21272803437499999 0.3178208765625 0.2095981609375 0.314077803125 0.1783909875 0.3157133015625 0.1763044046875 0.31321791875 0.17435395625 0.3133201375 0.17253964375 0.3160199578125 0.168638746875 0.3162243953125 0.16773158906250002 0.31757430468750003 0.16868453125 0.3357575171875 0.1707711140625 0.3382528984375 0.17512741874999999 0.42137615312500004 0.1772140015625 0.4238715359375 0.17762240625 0.431664340625 0.1758080921875 0.4343641609375 0.176761034375 0.452547371875 0.1788476171875 0.45504275625 0.183612325 0.5459588140625 0.1856989078125 0.5484541968750001 0.189102271875 0.6133942390625 0.1911888546875 0.615889621875 0.1948644859375 0.6860248671875 0.1969510703125 0.6885202500000001 0.201171240625 0.7690459 0.20325782343749998 0.771541284375 0.2077502625 0.8572621390625 0.2098368453125 0.859757521875 0.2099729796875 0.8623551234375 0.2131028546875 0.8660981984375 0.23065688906249998 0.86517823125 0.2315640453125 0.863828321875 0.23247120312499997 0.862478409375 0.2441738921875 0.8618650984375 0.24598820625 0.859165278125 0.24793865468749998 0.8590630593749999 0.2524744390625 0.8523135078124999 0.25233830468749996 0.8497159062499999 0.25415261875 0.8470160859375 0.2521106 0.8080520609375
0 0.293161584375 0.8449717124999999 0.2910750015625 0.84247633125 0.28739936875 0.772341084375 0.2853127859375 0.769845703125 0.28136488437499996 0.6945152546875 0.2792783015625 0.6920198703125 0.276964015625 0.6478606421875 0.2748774328125 0.645365259375 0.2722908765625 0.5960108281250001 0.27020429375 0.5935154453125 0.2669370640625 0.5311730046875 0.26485048125 0.528677621875 0.2666647953125 0.5259778015625 0.2663925265625 0.5207825984375 0.26430594375 0.518287215625 0.2610387140625 0.455944775 0.25895213125 0.45344939218749997 0.25622944062499997 0.40149735781249996 0.2541428578125 0.3990019765625 0.2506033609375 0.3314643328125 0.248516778125 0.32896895000000004 0.246202490625 0.284809721875 0.24892396093750002 0.280759990625 0.25672575468750003 0.280351115625 0.2585400671875 0.2776512953125 0.2819454484375 0.2764246703125 0.2828526046875 0.2750747609375 0.28271647031249997 0.27247716093749996 0.27958659531249996 0.2687340859375 0.277636146875 0.2688363046875 0.27346298125 0.26384553906249997 0.2715125328125 0.2639477578125 0.2673393671875 0.258956990625 0.26538891875 0.25905920937500004 0.2633023359375 0.2565638265625 0.2613518890625 0.2566660453125 0.257178721875 0.25167527968750003 0.255228275 0.251777496875 0.2531416921875 0.24928211406249998 0.25119124375 0.2493843328125 0.2491046609375 0.24688895 0.2471542125 0.24699116875 0.2450676296875 0.24449578593750002 0.24311718125 0.24459800468749998 0.2410305984375 0.24210262187499998 0.20787297656249998 0.2438403390625 0.2069658203125 0.2451902484375 0.20941624218750002 0.2919470796875 0.211502825 0.2944424609375 0.2135448421875 0.3334064875 0.215631425 0.33590187031249996 0.21753730937500002 0.37226829375000003 0.2196238921875 0.3747636765625 0.2252054078125 0.4812653453125 0.227291990625 0.48376072812500004 0.230423084375 0.5435055671875 0.2325096671875 0.5460009484375 0.23564076250000002 0.6057457875 0.2377273453125 0.6082411703124999 0.2414029765625 0.6783764156250001 0.243489559375 0.6808717984375 0.2468929234375 0.7458118406249999 0.24897950624999998 0.7483072234375 0.2534719453125 0.834028078125 0.255558528125 0.8365234609375 0.25664760468750003 0.8573042734375 0.257690896875 0.858551965625 0.2654926890625 0.8581430921875001 0.26757927187499997 0.8606384734375 0.2812324109375 0.85992294375 0.2821395671875 0.8585730328125001 0.283046725 0.8572231234375 0.2869476203125 0.8570186859375 0.288761934375 0.854318865625 0.2907123828125 0.8542166468750001 0.291619540625 0.8528667375 0.2914834046875 0.850269134375 0.29329771875 0.8475693156249999 0.293161584375 0.8449717124999999
0 0.3388362625 0.746202765625 0.33674967968749997 0.7437073843750001 0.3364774109375 0.7385121812500001 0.33829172500000004 0.735812359375 0.33665811093750003 0.7046411390625 0.334571528125 0.70214575625 0.3304874921875 0.6242177078125 0.328400909375 0.6217223234375 0.32322779687500003 0.523013459375 0.32114121406249996 0.5205180781250001 0.317057178125 0.442590028125 0.3149705953125 0.44009464375 0.311703365625 0.37775220468750004 0.3096167828125 0.3752568203125 0.3048520734375 0.2843407625 0.3017222 0.28059768906250004 0.2997717515625 0.2806999078125 0.29768516875 0.2782045234375 0.250874409375 0.28065777187499996 0.246338625 0.287407321875 0.2474277015625 0.3081881359375 0.249514284375 0.31068351875 0.252645378125 0.3704283578125 0.2547319609375 0.372923740625 0.25677397968750004 0.41188776406249994 0.2588605625 0.4143831484375 0.2611748484375 0.4585423765625 0.26326143125 0.461037759375 0.265711853125 0.507794590625 0.26779843593749997 0.510289971875 0.268206840625 0.5180827781249999 0.2663925265625 0.5207825984375 0.2668009296875 0.528575403125 0.2688875125 0.5310707859375 0.2701127234375 0.5544492 0.27219930625 0.5569445843749999 0.272471575 0.5621397875 0.27065726093750003 0.5648396078125 0.270793396875 0.567437209375 0.2728799796875 0.56993259375 0.27492199687499996 0.6088966171875 0.27700857968750003 0.611392 0.281092615625 0.6893200515625 0.2831791984375 0.6918154328125 0.2879439078125 0.7827314921874999 0.290030490625 0.785226875 0.29248091249999997 0.83198370625 0.29456749531250004 0.8344790874999999 0.29470362968749997 0.8370766906249999 0.292889315625 0.8397765093749999 0.2949758984375 0.8422718937499999 0.2955204359375 0.8526623000000001 0.30073689375 0.8589007562500001 0.3358449625 0.8570608203125 0.3367521203125 0.8557109109375001 0.3376592765625 0.8543610015624999 0.3415601734375 0.8541565640625001 0.3433744875 0.8514567421875 0.3453249359375 0.8513545234375 0.3462320921875 0.8500046140625 0.344190075 0.8110405890625 0.3421034921875 0.80854520625 0.3388362625 0.746202765625
0 0.380793184375 0.72577074375 0.375620071875 0.6270618812500001 0.3735334890625 0.624566496875 0.3705385296875 0.5674192609375 0.368451946875 0.564923878125 0.3646401796875 0.49219103124999997 0.362553596875 0.4896956484375 0.3587418296875 0.41696280156250004 0.356655246875 0.41446741875 0.3527073453125 0.3391369703125 0.3506207625 0.3366415875 0.347898071875 0.2846895546875 0.3468547796875 0.28344186250000003 0.34490433125000003 0.28354408124999997 0.3428177484375 0.2810486984375 0.30770967968749996 0.282888634375 0.304988209375 0.2869383640625 0.3066218234375 0.31810958437500003 0.30870840624999996 0.3206049671875 0.314562190625 0.4323018390625 0.3166487734375 0.434797221875 0.319916003125 0.49713966249999997 0.32200258593750003 0.4996350453125 0.3245891421875 0.5489894765625001 0.326675725 0.551484859375 0.3310320296875 0.6346081140625001 0.33311861249999997 0.6371034953125 0.3388362625 0.746202765625 0.3409228453125 0.74869815 0.344598478125 0.81883339375 0.34668506093749996 0.8213287765624999 0.34804640625 0.84730479375 0.35117628125 0.8510478687499999 0.37848255625 0.84961680625 0.3793897140625 0.848266896875 0.3802968703125 0.8469169875 0.386148215625 0.84661033125 0.3888696859375 0.8425606 0.3885974171875 0.837365396875 0.39041173125 0.8346655765625 0.3883251484375 0.83217019375 0.3828797671875 0.7282661265625 0.380793184375 0.72577074375
0 0.4102727328125 0.541894253125 0.40818614999999997 0.539398871875 0.403149171875 0.443287609375 0.4010625890625 0.44079222656250006 0.394119728125 0.30831454062499997 0.3920331453125 0.30581915937500004 0.3889020515625 0.24607431875 0.38368559375 0.23983586250000002 0.35442886875 0.2413691421875 0.3526145546875 0.24406896250000001 0.348713659375 0.24427340000000003 0.3459921875 0.2483231296875 0.34735353281250003 0.27429914843750003 0.349440115625 0.27679452968749996 0.34957625000000003 0.2793921328125 0.3477619375 0.2820919515625 0.34857874375 0.2976775625 0.3506653265625 0.3001729453125 0.35488549687500004 0.38069859687499996 0.35697208125 0.38319398125 0.360511578125 0.45073162343749995 0.3625981609375 0.45322700625 0.36627379375 0.5233622515625 0.3683603765625 0.5258576328125 0.37149147031249996 0.5856024718749999 0.37357805312500003 0.58809785625 0.3777982234375 0.66862350625 0.3798848078125 0.6711188906250001 0.37807049375 0.673818709375 0.38015707656250003 0.6763140937500001 0.3809738828125 0.691899703125 0.3791595703125 0.6945995234375 0.37929570468749996 0.697197125 0.38138228750000003 0.6996925093749999 0.38219909375 0.7152781187499999 0.3803847796875 0.7179779390625 0.381746125 0.7439539546875 0.3838327078125 0.7464493390625 0.3865554 0.798401371875 0.3886419828125 0.8008967546875001 0.390547865625 0.837263178125 0.3957643234375 0.8435016359375 0.42112014999999997 0.8421727921875 0.42202730781250003 0.8408228828125001 0.42747024843750003 0.832723421875 0.4217525984375 0.7236241515625 0.419666015625 0.72112876875 0.41095340468749997 0.5548822625 0.40886682187499995 0.552386878125 0.40859455312500004 0.547191675 0.4104088671875 0.54449185625 0.4102727328125 0.541894253125
0 0.49645873749999997 0.6936616078125 0.49618646875000005 0.6884664046875 0.49800078125 0.6857665828124999 0.49759237812499996 0.6779737796874999 0.49550579531250005 0.6754783953125 0.48447889843749997 0.4650726609375 0.482392315625 0.46257727812500005 0.48225618125 0.45997967656250005 0.48407049375 0.4572798546875 0.48393435937499996 0.4546822546875 0.48184777656250005 0.45218687031250004 0.4709570140625 0.2443787375 0.467827140625 0.24063566249999999 0.3937101046875 0.24451997187500002 0.39098863437500003 0.24856970312499999 0.393847459375 0.3031193375 0.3959340421875 0.305614721875 0.4013794234375 0.40951878906249994 0.40346600625000006 0.41201417031250004 0.4082307140625 0.502930228125 0.410317296875 0.5054256125000001 0.41589881406250007 0.6119272796875 0.41798539687499997 0.6144226640625 0.4161710828125 0.6171224828125 0.4167156203125 0.627512890625 0.418802203125 0.6300082734375 0.41921060781249997 0.6378010781250001 0.41739629375 0.6405008984375 0.4220248671875 0.7288193546875 0.42411145 0.7313147390625 0.4246559890625 0.7417051453125 0.42284167500000003 0.744404965625 0.422977809375 0.7470025671875 0.4250643921875 0.7494979500000001 0.429148428125 0.827426 0.4312350109375 0.8299213828124999 0.43137114531250004 0.8325189843749999 0.4324144375 0.833766675 0.49872967968750004 0.830291240625 0.4996368359375 0.82894133125 0.50054399375 0.827591421875 0.5024944421875001 0.827489203125 0.5052159125 0.823439471875 0.49949826249999996 0.7143402015625 0.4974116796875 0.71184481875 0.4992259921875 0.7091449984375 0.4985453203125 0.6961569890625 0.49645873749999997 0.6936616078125
0 0.5567865000000001 0.6878952265625 0.5546999171875 0.68539984375 0.53741083125 0.3555044328125 0.5353242484375 0.35300904843750003 0.5335544999999999 0.319240228125 0.5353688140624999 0.3165404078125 0.534960409375 0.308747603125 0.5328738265624999 0.30625221874999997 0.5277007140625 0.20754335625000003 0.52561413125 0.2050479734375 0.5254779968750001 0.202450371875 0.52443470625 0.2012026796875 0.4756734984375 0.2037581453125 0.473859184375 0.20645796718749998 0.4719087359375 0.2065601859375 0.4710015796875 0.20791009531250002 0.47862511249999995 0.3533757890625 0.4807116953125 0.355871171875 0.48112009999999994 0.3636639765625 0.47930578593749995 0.366363796875 0.47957805468750003 0.37155900000000003 0.48166463750000005 0.374054384375 0.48915203749999997 0.516922475 0.4912386203125 0.5194178578125 0.5000873640625 0.6882619671875 0.5021739468749999 0.6907573484375 0.5025823515625001 0.6985501546874999 0.5007680375 0.701249975 0.500904171875 0.7038475765625 0.5029907546875 0.7063429609375 0.5085722703125 0.8128446281249999 0.510658853125 0.8153400109375 0.5088445390625 0.8180398312499999 0.5109311234375 0.8205352156249999 0.5110672578125001 0.823132815625 0.5121105484374999 0.82438050625 0.5160114453125 0.8241760703125 0.518098028125 0.8266714531250001 0.561007890625 0.8244226421875 0.5619150484375 0.8230727328125 0.5637293609375 0.8203729125000001 0.559236921875 0.7346520562500001 0.5571503390625 0.7321566749999999 0.558964653125 0.7294568531250001 0.5581478453125001 0.71387124375 0.5560612625 0.7113758609375 0.5578755765625 0.708676040625 0.5567865000000001 0.6878952265625
0 0.5437584890625 0.2340515328125 0.5419441765624999 0.23675135468750003 0.53609283125 0.23705800937500002 0.5333713609374999 0.241107740625 0.5373192625 0.3164381890625 0.5394058453125 0.31893357187500004 0.53759153125 0.3216333921875 0.5377276656250001 0.32423099375 0.5398142484374999 0.32672637656250003 0.5399503828125 0.329323978125 0.53813606875 0.33202379843749996 0.538272203125 0.33462139999999996 0.5403587859375001 0.3371167828125 0.54172013125 0.3630928 0.53990581875 0.36579262031250004 0.5476654859375001 0.513855915625 0.5497520687499999 0.5163512984375 0.5659520796875 0.825465896875 0.569081953125 0.8292089718750001 0.590536884375 0.828084565625 0.5914440421875 0.82673465625 0.5932583546875 0.824034834375 0.5682096015625 0.346076128125 0.5700239140625001 0.343376309375 0.568254165625 0.3096074875 0.5661675828125 0.30711210312500004 0.56249195 0.2369768578125 0.5593620765625 0.2332337828125 0.5437584890625 0.2340515328125
0 0.5934390546875 0.7901637953125 0.5955256375 0.792659178125 0.5971592515624999 0.8238303984374999 0.6002891265625 0.827573471875 0.6119918156249999 0.8269601609375 0.6140783984375 0.82945554375 0.6179792953125001 0.8292511062499999 0.618886453125 0.8279011953125 0.6226512140625 0.8250991578125 0.5933822890625 0.26661479843749997 0.590252415625 0.262871725 0.5746488281250001 0.26368947343750004 0.572834515625 0.2663892953125 0.56893361875 0.2665937328125 0.5662121484375 0.2706434609375 0.5934390546875 0.7901637953125
0 0.656350934375 0.7217483203125 0.658165246875 0.7190484984375 0.65775684375 0.71125569375 0.6556702609375 0.7087603109375 0.6555341265625 0.7061627078125 0.6573484406250001 0.7034628890625 0.6566677671875001 0.6904748796875 0.654581184375 0.6879794968749999 0.6530837046875 0.6594058781250001 0.65489801875 0.656706059375 0.654489615625 0.648913253125 0.6524030328125 0.6464178703125001 0.6522668984375 0.64382026875 0.6540812109374999 0.6411204484375 0.6489081 0.5424115859375 0.646821515625 0.5399162015625001 0.6486358296875 0.53721638125 0.6480912921875001 0.5268259750000001 0.646004709375 0.5243305921875 0.64124 0.43341453437500005 0.6430543140625 0.4307147140625 0.6321635515625 0.2229065796875 0.6290336765625 0.2191635046875 0.6153805390625 0.21987903593749997 0.613566225 0.22257885625 0.596012190625 0.22349882499999998 0.5896620921875 0.232948196875 0.5899343609375001 0.2381434 0.5920209437499999 0.24063878125 0.5929738859375 0.25882199375 0.5950604687500001 0.2613173765625 0.6028201375 0.409380671875 0.6049067203125 0.41187605468750005 0.6057235265625 0.427461665625 0.6039092140625 0.430161484375 0.6203814921874999 0.7444712874999999 0.618567178125 0.7471711062499999 0.6206537609375 0.749666490625 0.624465528125 0.8223993359374999 0.6296819859375 0.8286377953124999 0.6608891578125 0.827002296875 0.661796315625 0.8256523843749999 0.6613879109374999 0.8178595812499999 0.663202225 0.815159759375 0.6611156421875 0.8126643781249999 0.6608433734375 0.8074691734374999 0.6626576875 0.804769353125 0.6588459203125 0.7320365078125 0.6567593375 0.7295411234375 0.656350934375 0.7217483203125
0 0.70660718125 0.6357629421875 0.7084214953125 0.6330631234374999 0.6990282125 0.4538286078125 0.7008425265625 0.45112878749999996 0.7007063921875 0.44853118593749997 0.698619809375 0.4460358015625 0.6984836734375001 0.4434382015625 0.7002979875 0.4407383796875 0.689543359375 0.2355278484375 0.6913576734375 0.232828028125 0.6909492703125 0.22503522343750001 0.6888626875 0.222539840625 0.690677 0.2198400203125 0.6889072515625 0.1860711984375 0.685777378125 0.1823281234375 0.6838269296874999 0.1824303421875 0.6817403468750001 0.1799349609375 0.6622358640625 0.180957146875 0.6604215499999999 0.1836569671875 0.65261975625 0.184065840625 0.6505331734375 0.181570459375 0.648582725 0.18167267812500001 0.6467684109375 0.18437249687499999 0.635065721875 0.184985809375 0.6287156234375 0.1944351796875 0.6292601609374999 0.20482558750000002 0.6274458468749999 0.2075254078125 0.6277181171875 0.2127206109375 0.633977865625 0.22020676093749997 0.6357476140625 0.2539755828125 0.637834196875 0.2564709640625 0.6360198828125 0.2591707859375 0.6361560171875 0.2617683859375 0.6382426 0.26426377031250003 0.6462745375 0.41752226875 0.644460225 0.4202220875 0.6597072921875 0.7111534749999999 0.657892978125 0.7138532953125 0.6599795609375 0.7163486781249999 0.6601156953125 0.7189462796874999 0.6583013828125 0.7216461015625 0.660387965625 0.7241414828125 0.660660234375 0.7293366859375 0.6588459203125 0.7320365078125 0.6593904578124999 0.7424269140625 0.661477040625 0.7449222953125 0.6617493109375 0.7501175 0.659934996875 0.7528173203125 0.6603434 0.760610125 0.6624299828125 0.7631055078125 0.6640635968749999 0.794276728125 0.662249284375 0.7969765484375 0.6643358671875 0.79947193125 0.6655610765625 0.822850346875 0.6686909515624999 0.826593421875 0.6706413999999999 0.826491203125 0.6727279828125 0.8289865859375001 0.678579328125 0.8286799296874999 0.6806659109375001 0.8311753124999999 0.704071290625 0.8299486890625 0.704978446875 0.828598778125 0.7058856046875001 0.8272488671874999 0.7078360515625 0.8271466500000001 0.7096503656250001 0.8244468296875 0.7135512625 0.8242423921875 0.7144584203125001 0.82289248125 0.714322284375 0.8202948796875 0.7161365984375 0.8175950593750001 0.70660718125 0.6357629421875
0 0.7553683890625 0.6332074765625 0.757182703125 0.63050765625 0.7529625328125 0.5499820046874999 0.754776846875 0.547282184375 0.747289446875 0.4044140921875 0.7491037609375 0.401714271875 0.7409356890625001 0.245858171875 0.7427500015625 0.24315835312499998 0.7417970609375 0.22497514062500001 0.736580603125 0.21873668125 0.7053734296874999 0.22037218125 0.7035591171875 0.2230720015625 0.693806875 0.22358309531249998 0.69289971875 0.2249330046875 0.6930358531249999 0.22753060781249998 0.6912215390625 0.2302304265625 0.6917660765625 0.2406208328125 0.693852659375 0.2431162171875 0.6941249296875001 0.2483114203125 0.6923106156250001 0.251011240625 0.69244675 0.2536088421875 0.6945333328125 0.25610422499999996 0.6946694671875 0.25870182656249996 0.692855153125 0.261401646875 0.700070284375 0.3990745359375 0.6982559703125 0.4017743546875 0.7003425531249999 0.4042697390625 0.700614821875 0.4094649421875 0.6988005078125 0.41216476249999995 0.7071047140625 0.5706184640624999 0.7052904015625 0.573318284375 0.718087046875 0.817492840625 0.721216921875 0.8212359156250001 0.7368205078125001 0.820418165625 0.7389070906249999 0.82291355 0.7584115734375 0.8218913625000001 0.7593187312499999 0.8205414515625 0.7629473578125 0.8151418109374999 0.7596801296875 0.752799371875 0.76149444375 0.7500995515625 0.7559129265625 0.6435978828125 0.757727240625 0.6408980625 0.75759110625 0.6383004609375 0.7555045234375 0.635805078125 0.7553683890625 0.6332074765625
0 0.8077606640624999 0.7372558953125 0.8095749781249999 0.7345560765625 0.8042657312499999 0.6332496125 0.8060800453124999 0.630549790625 0.8028128156250001 0.5682073515625 0.8046271296875 0.56550753125 0.8002708249999999 0.4823842765625 0.8020851390624999 0.4796844578125 0.79895404375 0.41993961874999997 0.8007683578125 0.41723979843750003 0.7965481875 0.336714146875 0.7983625015625 0.3340143265625 0.79237258125 0.21971985312500003 0.7941868953125 0.21702003281249999 0.79309781875 0.19623921875 0.7878813625000001 0.1900007625 0.7586246375 0.1915340421875 0.7568103234375 0.19423386250000002 0.7529094265625 0.1944383 0.7510951140625 0.1971381203125 0.7471942171875 0.1973425578125 0.745379903125 0.20004237812499998 0.7434294546875 0.20014459687500002 0.741615140625 0.202844415625 0.7396646921875 0.202946634375 0.7378503796875 0.20564645625 0.73589993125 0.205748675 0.732271303125 0.21114831562499997 0.7303208546875 0.21125053437500002 0.7294136984375 0.21260044374999998 0.7295498328125001 0.21519804531250003 0.73267970625 0.21894111875000002 0.7404815 0.21853224531249998 0.741524790625 0.21977993750000002 0.7522794203125 0.42499046875 0.75046510625 0.4276902890625 0.7576802359375 0.5653631765625 0.755865921875 0.5680629984375 0.7579525046875 0.5705583796875 0.7561381921875 0.5732582015625 0.7622642453124999 0.6901502749999999 0.7604499312499999 0.692850096875 0.7638532953125 0.7577901375 0.76203898125 0.7604899578125 0.76489780625 0.8150395921875001 0.7701142640625 0.8212780515625001 0.7720647125 0.8211758328125001 0.7741512953125 0.8236712140625 0.77610174375 0.8235689953125 0.7781883265625 0.8260643796875 0.8074450499999999 0.8245311 0.8083522078125001 0.8231811890625 0.810166521875 0.82048136875 0.8100303875 0.8178837671875 0.8118447 0.815183946875 0.8084413375 0.7502439046875 0.8102556515625 0.7475440859375 0.80998338125 0.7423488828125 0.8078967984375 0.7398534984375 0.8077606640624999 0.7372558953125
0 0.82240886875 0.6062514078125 0.8187332375 0.5361161640625001 0.82054755 0.5334163421875 0.8164635140625001 0.45548829375000005 0.818277828125 0.45278847187500004 0.8140576578125 0.3722628203125 0.8158719718749999 0.3695630015625 0.8116518015624999 0.2890373484375 0.8134661140624999 0.286337528125 0.81156023125 0.24997110625 0.80843035625 0.24622803124999998 0.798678115625 0.24673912343749999 0.7959566453125 0.2507888546875 0.7979986625 0.2897528796875 0.8000852453125 0.29224826249999997 0.79827093125 0.2949480828125 0.803035640625 0.38586414062499996 0.8012213265625 0.3885639625 0.8053053625000001 0.46649201093750003 0.8034910484375001 0.46919183125 0.8078473546874999 0.5523150859375 0.8060330406249999 0.5550149046875 0.8076666546875 0.586186125 0.805852340625 0.5888859453124999 0.8095279734374999 0.6590211906250001 0.807713659375 0.6617210109375 0.813159040625 0.7656250765625 0.8113447265625 0.7683248984375 0.811616996875 0.7735201015625 0.8137035796875001 0.776015484375 0.8141119828125 0.7838082890625 0.81229766875 0.7865081093749999 0.8137951484375 0.8150817281249999 0.81588173125 0.8175771109375001 0.816017865625 0.8201747125000001 0.8212343234375 0.8264131703125001 0.8251352203125 0.8262087328125001 0.8260423765624999 0.8248588234374999 0.8256339734375 0.8170660171874999 0.8274482875 0.8143661984375001 0.8243171921875 0.754621359375 0.82613150625 0.7519215390625 0.822592009375 0.684383896875 0.824406321875 0.681684075 0.8205945546875 0.608951228125 0.82240886875 0.6062514078125
0 0.8849593499999999 0.6055780125 0.8867736640625001 0.6028781921874999 0.883506434375 0.5405357515625 0.8853207484375 0.5378359328125 0.8823257890624999 0.48068869531249997 0.8841401031249999 0.477988875 0.8804644703125 0.4078536296875 0.882278784375 0.40515380937499995 0.8788754203125 0.34021376718749996 0.880689734375 0.3375139484375 0.8766056984375 0.259585896875 0.8784200125 0.2568860765625 0.87583345625 0.207531646875 0.87270358125 0.20378857187500002 0.825892821875 0.20624181875 0.8240785078125 0.2089416390625 0.81237581875 0.2095549515625 0.8105615046875 0.212254771875 0.8066606078125 0.212459209375 0.80484629375 0.21515902812499998 0.8028958453125 0.215261246875 0.8010815328125 0.21796106875 0.7971806359375 0.21816550625 0.7944591640625001 0.22221523593749998 0.795548240625 0.24299605 0.798678115625 0.24673912343749999 0.806479909375 0.24633025000000003 0.8096097828125 0.2500733234375 0.8097459171875 0.252670925 0.8118325000000001 0.255166309375 0.8136022484375 0.2889351296875 0.8117879359375 0.29163495 0.815599703125 0.364367796875 0.8137853890625 0.3670676171875 0.818277828125 0.45278847187500004 0.8164635140625001 0.45548829375000005 0.8216366265625 0.55419715625 0.8198223125 0.5568969765625 0.8229534078125 0.6166418140625 0.8211390937499999 0.619341634375 0.8252231296874999 0.6972696843749999 0.8234088156249999 0.69996950625 0.8272205828124999 0.7727023515625 0.8254062687499999 0.7754021734375 0.8278566906249999 0.8221590015625001 0.8330731484375 0.8283974609375001 0.8428253890624999 0.8278863671875 0.844911971875 0.8303817484374999 0.887821834375 0.8281329390625001 0.8887289921875 0.8267830281249999 0.89054330625 0.8240832078125001 0.888909690625 0.7929119890624999 0.8907240046875 0.7902121671875 0.8875929109375 0.7304673296875 0.889407225 0.727767509375 0.8862761296875 0.668022671875 0.88809044375 0.66532285 0.8849593499999999 0.6055780125
0 0.92846075625 0.6892544953125 0.93027506875 0.6865546734375 0.9281884859374999 0.6840592921875001 0.9300027999999999 0.6813594703125 0.9272801093749999 0.6294074375 0.9290944234375 0.6267076171875 0.9265078671874999 0.5773531843749999 0.9283221812500001 0.5746533656249999 0.9270969703124999 0.55127495 0.928911284375 0.5485751296875 0.9278222078124999 0.527794315625 0.9296365218749999 0.5250944953125 0.9292281171875001 0.517301690625 0.927141534375 0.5148063078125 0.9270054 0.51220870625 0.9288197140625 0.5095088859375 0.9266415609375 0.467947259375 0.928455875 0.4652474390625 0.9249163781249999 0.3977097953125 0.9267306906250001 0.395009975 0.9246441078125001 0.3925145921875 0.926458421875 0.389814771875 0.923599596875 0.33526513750000003 0.9254139109375 0.332565315625 0.9226912203125 0.2806132828125 0.9245055343749999 0.27791346250000004 0.922191246875 0.2337542359375 0.9211479546874999 0.23250654218750003 0.9172470593750001 0.23271097968749999 0.9151604765625001 0.2302155984375 0.8956559921875 0.23123778437500003 0.8938416796875 0.2339376046875 0.8899407828125 0.23414204062500002 0.88812646875 0.2368418625 0.8822751234374999 0.23714851874999998 0.8777393390625001 0.24389806875 0.8814149718750001 0.3140333140625 0.8796006578125001 0.3167331328125 0.8835485593750001 0.3920635828125 0.8817342453125001 0.39476340312499997 0.884865340625 0.45450824062499995 0.8830510265625 0.4572080625 0.8864543890625001 0.5221481031249999 0.8846400750000001 0.5248479234375 0.8883157078125 0.59498316875 0.88650139375 0.5976829890625 0.8903131609375 0.670415834375 0.888498846875 0.67311565625 0.890813134375 0.717274884375 0.8889988203125 0.7199747046875 0.8906324359375001 0.7511459234375 0.89271901875 0.7536413078125 0.8929912874999999 0.7588365109375 0.8911769734374999 0.7615363312500001 0.8915853765625 0.7693291359375001 0.893671959375 0.7718245203125 0.89380809375 0.7744221203125 0.8919937812500001 0.7771219421875 0.8940357984375 0.816085965625 0.892221484375 0.8187857859375001 0.89235761875 0.8213833875000001 0.8944442015625 0.8238787703125 0.8945803375000001 0.8264763734375 0.9039699593750001 0.8377055953125 0.9059204078124999 0.8376033765625 0.9080069906249999 0.8400987609375001 0.925561025 0.8391787921875 0.9264681828124999 0.8378288828124999 0.9273753390625 0.836478971875 0.9293257875000001 0.8363767531249999 0.9320472578125001 0.8323270234375 0.9294607015624999 0.782972590625 0.931275015625 0.780272771875 0.92828005625 0.723125534375 0.9300943703125 0.7204257140625 0.92846075625 0.6892544953125
0 0.9347095234375 0.19272476875 0.932895209375 0.1954245890625 0.92314296875 0.1959356828125 0.9213286546875 0.198635503125 0.9174277578125001 0.1988399390625 0.9156134437500001 0.20153976093749998 0.911712546875 0.2017441984375 0.9098982343750001 0.2044440171875 0.9059973375 0.20464845468749998 0.9041830234375 0.20734827656250002 0.9002821265625001 0.20755271406250003 0.8984678125000001 0.2102525328125 0.8965173640625 0.2103547515625 0.8947030515625001 0.21305457187500002 0.892752603125 0.21315679062499998 0.8909382890625 0.21585661093750003 0.8870373921875 0.2160610484375 0.885223078125 0.21876086875 0.8813221812500001 0.21896530625000002 0.8786007109374999 0.2230150375 0.8790091140625 0.23080784062499998 0.8831822812500001 0.2357986078125 0.883318415625 0.238396209375 0.8815041015625 0.2410960296875 0.8816402359375 0.24369363125 0.8826835265625 0.244941321875 0.8846339750000001 0.24483910312499998 0.8855411328124999 0.24348919375000003 0.8852688640625 0.23829399062499998 0.8861760203125 0.23694408125000002 0.888262603125 0.23943946249999998 0.8921635 0.2392350265625 0.8948849703124999 0.23518529687499998 0.8927983875000001 0.2326899125 0.89370554375 0.231340003125 0.90930913125 0.23052225312500002 0.910352421875 0.2317699453125 0.9085381078125 0.23446976562500002 0.9095814000000001 0.23571745625 0.9115318484375001 0.2356152390625 0.9133461625000001 0.2329154171875 0.9211479546874999 0.23250654218750003 0.922191246875 0.2337542359375 0.9225996500000001 0.2415470390625 0.9246862328125 0.2440424234375 0.92287191875 0.2467422421875 0.9250500718750001 0.2883038703125 0.9232357578125001 0.29100369062500003 0.9258223140625 0.340358121875 0.924008 0.343057940625 0.9268668265625 0.3976075765625 0.9250525125 0.400307396875 0.928455875 0.4652474390625 0.9266415609375 0.467947259375 0.927049965625 0.47574006406249997 0.9291365484374999 0.47823544843750004 0.9294088171875 0.48343065156250004 0.927594503125 0.48613047031249995 0.9297726562499999 0.527692096875 0.9279583421875 0.53039191875 0.9283667453125 0.538184721875 0.930453328125 0.54068010625 0.9305894625000001 0.5432777078125001 0.9287751500000001 0.545977528125 0.929864225 0.5667583406250001 0.9280499125 0.5694581624999999 0.9302280640625 0.6110197875 0.92841375 0.6137196078125 0.9315448453125 0.673464446875 0.92973053125 0.6761642671875 0.9312280109375 0.7047378859375 0.929413696875 0.70743770625 0.93131958125 0.7438041296875 0.9295052671875 0.7465039499999999 0.9319556890625 0.793260778125 0.930141375 0.7959606 0.9320472578125001 0.8323270234375 0.9372637156250001 0.8385654812500001 0.9470159562499999 0.8380543875 0.9491025390625 0.8405497703125 0.9881115062499999 0.8385053984375 0.9890186625 0.8371554859374999 0.9908329765625 0.8344556671875001 0.989880034375 0.8162724546875 0.9916943484375 0.8135726343749999 0.989607765625 0.8110772515625 0.9914220796875 0.80837743125 0.9885632546875 0.753827796875 0.9903775687499999 0.751127975 0.987654878125 0.6991759421875 0.9894691906249999 0.696476121875 0.9874271734375 0.657512096875 0.9892414875 0.6548122765625 0.9873356031249999 0.6184458546875 0.9891499171874999 0.6157460328125001 0.9871079 0.5767820078125 0.9889222125 0.5740821875 0.9867440609375 0.5325205625 0.988558375 0.5298207406250001 0.9862440875 0.4856615125 0.9880584015625 0.4829616921875 0.9856079796874999 0.4362048625 0.9874222937500001 0.43350504218749997 0.98565254375 0.3997362203125 0.9874668578125 0.3970364 0.985969378125 0.36846278125 0.9877836921875 0.3657629609375 0.9853332703125 0.31900613125 0.9871475843749999 0.31630631249999996 0.9861946421875001 0.29812310000000003 0.9880089562500001 0.295423278125 0.9869198796875001 0.274642465625 0.98873419375 0.2719426453125 0.9866476109375 0.2694472625 0.985286265625 0.2434712453125 0.9871005796875 0.240771425 0.9846501578125 0.1940145953125 0.9815202828125 0.1902715203125 0.9347095234375 0.19272476875