0 0.1572366875 0.12064211250000001 0.159695275 0.1185122984375 0.16242634843749998 0.12027921718750001 0.16488493437500001 0.1181494015625 0.2219711984375 0.11415754062500001 0.22442978593750001 0.112027725 0.27892121875 0.1082173125 0.28137980625000003 0.10608749843750001 0.3384660703125 0.10209563749999999 0.34092465625 0.099965821875 0.3876316 0.0966997546875 0.3900901859375 0.0945699390625 0.439391959375 0.0911224234375 0.441850546875 0.0889926078125 0.48596266093749996 0.0859079875 0.48842124687500005 0.083778171875 0.5481023406250001 0.0796048640625 0.5505609265625 0.0774750484375 0.5531557578124999 0.07729359999999999 0.5558868312499999 0.07906051875 0.5584816609375001 0.078879071875 0.560940246875 0.07674925625 0.6050523609375 0.0736646359375 0.6075109484375 0.0715348203125 0.672381703125 0.06699861562500001 0.6748402890625 0.0648688 0.7345213828125 0.0606954921875 0.7369799687499999 0.0585656765625 0.7525489515625 0.0574769875 0.7552800234375 0.05924390625 0.7578748546875 0.059062457812500004 0.759240390625 0.059945917187499996 0.7597853640625 0.0677393859375 0.7625164359375 0.06950630625000001 0.7634701374999999 0.0831448765625 0.7610115515625 0.0852746921875 0.76142028125 0.09111979375 0.75896169375 0.093249609375 0.7599153953125 0.1068881796875 0.7640120046875001 0.10953855937500001 0.769201665625 0.10917566249999999 0.7705672031249999 0.110059121875 0.7656500281249999 0.11431875312499999 0.7657862703125 0.1162671203125 0.7685173453125 0.11803403906250001 0.7686535875 0.11998240625 0.766195 0.122112221875 0.766739971875 0.1299056921875 0.769471046875 0.1316726109375 0.7696072890625001 0.133620978125 0.765919409375 0.1368157015625 0.7607297484375 0.137178596875 0.7595004546874999 0.1382435046875 0.7596366984375 0.14019187187499998 0.761002234375 0.14107533125 0.763597065625 0.140893884375 0.7690592125 0.144427721875 0.81057649375 0.1415245515625 0.81303508125 0.13939473593750001 0.8415782125 0.13739880468750001 0.8440368015624999 0.1352689890625 0.8492264609375001 0.13490609375 0.8504557546875 0.1338411859375 0.8503195109374999 0.13189281875 0.8540073921875001 0.1286980953125 0.856602221875 0.128516646875 0.8602901015625 0.12532192343749998 0.860153859375 0.12337355624999999 0.8675296203125 0.11698410937499999 0.867393378125 0.11503574218749998 0.8698519640625 0.11290592656250001 0.8697157203125 0.110957559375 0.8746328953125 0.10669792812500001 0.8744966515625 0.10474956093750001 0.8769552390625 0.1026197453125 0.8768189968750001 0.100671378125 0.8792775828125 0.0985415625 0.8791413390624999 0.0965931953125 0.884058515625 0.0923335640625 0.8839222718749999 0.09038519687499999 0.8863808578124999 0.0882553828125 0.886244615625 0.08630701562500001 0.8936203765625 0.07991756875 0.8934841328124999 0.0779692015625 0.8959427203124999 0.0758393859375 0.8958064765625 0.07389101875000001 0.8982650640625 0.07176120312499999 0.8981288218750001 0.0698128359375 0.9005874078125 0.0676830203125 0.8999061921875 0.057941184374999996 0.9023647796875001 0.05581136875 0.9012748343749999 0.0402244296875 0.9037334203125 0.0380946140625 0.90277971875 0.02445604375 0.9014141828125 0.023572584375 0.84432791875 0.02756444375 0.8418693328125 0.029694259374999997 0.78478306875 0.0336861203125 0.78232448125 0.0358159359375 0.7408071984375 0.03871910625 0.7383486125000001 0.040848921875 0.6890468390625 0.0442964375 0.6865882515624999 0.046426253125 0.639881309375 0.049692321875 0.6374227218749999 0.0518221359375 0.5933106078125 0.05490675625 0.590852021875 0.057036571875 0.5519295703125 0.0597582953125 0.5494709828125 0.0618881109375 0.48719505781250005 0.0662428671875 0.48473647187499996 0.0683726828125 0.4432191890625 0.071275853125 0.4407606015625 0.07340566875 0.3888639984375 0.0770346328125 0.3864054125 0.0791644484375 0.33969846875 0.082430515625 0.3372398828125 0.08456033125 0.28015361875 0.0885521921875 0.27769503125 0.09068200781249999 0.23098808750000002 0.09394807499999999 0.22852950156250001 0.096077890625 0.1844173890625 0.099162509375 0.1819588015625 0.101292325 0.148226009375 0.1036511515625 0.145767421875 0.1057809671875 0.1430363484375 0.10401404843749999 0.14057776093750002 0.10614386406250001 0.0886811578125 0.109772828125 0.086222571875 0.11190264375 0.070653590625 0.1129913328125 0.066965709375 0.11618605625 0.067238196875 0.120082790625 0.0647796078125 0.12221260625000001 0.0650520953125 0.126109340625 0.06641763125 0.1269928 0.06914870468749999 0.12875971875 0.09250217656250001 0.1271266859375 0.09496076249999999 0.1249968703125 0.09755559375 0.12481542187500001 0.10028666718749998 0.126582340625 0.10288149687499999 0.1264008921875 0.105340084375 0.1242710765625 0.1572366875 0.12064211250000001
0 0.6793363109375 0.1291649203125 0.6817948984375 0.12703510468749998 0.733691503125 0.123406140625 0.736422575 0.1251730609375 0.73901740625 0.12499161249999999 0.7414759921875 0.12286179687500001 0.7440708234375 0.1226803484375 0.745436359375 0.12356380781250001 0.7457088453125 0.1274605421875 0.7498054562500001 0.1301109203125 0.7524002859375 0.1299294734375 0.7536295796875 0.12886456562499998 0.7534933359375 0.1269161984375 0.7559519234375001 0.12478638281250001 0.75540695 0.11699291249999999 0.7578655375000001 0.1148630984375 0.75663935 0.0973277921875 0.7590979359375 0.0951979765625 0.7566455609375 0.060127365625 0.7552800234375 0.05924390625 0.687814440625 0.063961559375 0.6853558515625 0.066091375 0.6127006078125 0.071171925 0.610242021875 0.07330173906250001 0.54018160625 0.078200840625 0.5377230187500001 0.08033065625 0.4832315859375 0.08414106875 0.48077299843750004 0.086270884375 0.4236867359375 0.0902627453125 0.42122814843749995 0.0923925609375 0.38490052656249996 0.0949328359375 0.3824419390625 0.09706265 0.3331401671875 0.100510165625 0.3306815796875 0.10263998125 0.273595315625 0.10663184218749999 0.271136728125 0.1087616578125 0.21664529531249999 0.11257207031250001 0.21418670781250002 0.1147018859375 0.16488493437500001 0.1181494015625 0.16242634843749998 0.12027921718750001 0.159695275 0.1185122984375 0.1572366875 0.12064211250000001 0.1157194046875 0.12354528437500001 0.1132608171875 0.12567509999999998 0.0665538734375 0.12894116718749998 0.0604074078125 0.13426570625 0.0632685125 0.17518141874999998 0.06463404843750001 0.176064878125 0.067365121875 0.17783179843750002 0.2671670453125 0.1638602859375 0.26962563125 0.1617304703125 0.44347925312500003 0.1495734421875 0.4459378390625 0.1474436265625 0.5471362171874999 0.14036714687500002 0.549594803125 0.13823733124999998 0.6793363109375 0.1291649203125
0 0.1747068609375 0.18403099218750002 0.32001735 0.17386989375 0.32247593750000003 0.171740078125 0.3250707671875 0.1715586296875 0.327801840625 0.1733255484375 0.330396671875 0.1731441 0.3328552578125 0.1710142859375 0.418484653125 0.1650264953125 0.42094324062500005 0.1628966796875 0.51695195625 0.15618309531250002 0.5183174921875 0.1570665546875 0.518589978125 0.1609632890625 0.521321053125 0.162730209375 0.5217297828125 0.1685753109375 0.5192711937500001 0.1707051265625 0.5206367328125 0.17158858593749998 0.5258263921874999 0.1712256890625 0.5285574640624999 0.1729926078125 0.5519109359375001 0.17135957500000001 0.554369525 0.169229759375 0.59588680625 0.1663265875 0.5983453937500001 0.16419677187499998 0.62429369375 0.162382290625 0.6267522828125001 0.160252475 0.663079903125 0.1577122 0.665538490625 0.155582384375 0.7226247546875 0.15159052343749999 0.7250833421875 0.149460709375 0.7380574921874999 0.1485534671875 0.7417453734375 0.14535874375 0.7414728875 0.141462009375 0.743931475 0.13933219375 0.743250259375 0.1295903578125 0.7405191859375 0.1278234390625 0.7403829421875 0.125875071875 0.73628633125 0.12322469375 0.7051483703125 0.12540207187500002 0.7026897828124999 0.1275318875 0.5677586156250001 0.13696719375 0.5653000265625 0.139097009375 0.4718861421875 0.14562914375 0.46942755468749997 0.147758959375 0.324117065625 0.157920059375 0.321658478125 0.160049875 0.31892740625 0.1582829546875 0.316332575 0.15846440312500001 0.3138739890625 0.16059421875 0.3112791578125 0.1607756671875 0.3085480859375 0.15900874843749999 0.3060894984375 0.1611385640625 0.18153765 0.1698480765625 0.1790790625 0.17197789218749998 0.1064238171875 0.1770584421875 0.105194525 0.17812334999999999 0.10533076875 0.18007171718749998 0.1028721796875 0.1822015328125 0.10300842343750001 0.1841499 0.1017791296875 0.1852148078125 0.0991843 0.18539625625 0.0967257125 0.187526071875 0.0939946390625 0.185759153125 0.091399809375 0.18594059999999998 0.08866873593749999 0.18417368125 0.083479075 0.184536578125 0.0797911953125 0.1877313015625 0.08006368124999999 0.1916280359375 0.08142921875 0.1925114953125 0.15408446250000002 0.18743094531249999 0.15654305 0.1853011296875 0.15913787968749998 0.18511968125 0.1618689546875 0.1868866015625 0.1670586140625 0.18652370468749999 0.16951719999999998 0.1843938890625 0.172248275 0.1861608078125 0.1747068609375 0.18403099218750002
0 0.3138677765625 0.1977946453125 0.3163263640625 0.1956648296875 0.386386778125 0.19076572812499998 0.388845365625 0.1886359125 0.43295747812499996 0.18555129374999998 0.435416065625 0.183421478125 0.47433851875000005 0.1806997546875 0.47679710468750003 0.17856993906250002 0.513124728125 0.176029665625 0.5192711937500001 0.1707051265625 0.5184537359375 0.159014921875 0.514357125 0.15636454375 0.43132256093750004 0.1621708859375 0.42886397499999995 0.1643007015625 0.35880355937499997 0.169199803125 0.35634497187499997 0.17132961875 0.2266034640625 0.180402028125 0.224144878125 0.18253184375 0.15408446250000002 0.18743094531249999 0.151625875 0.18956076093750002 0.146436215625 0.1899236578125 0.1437051421875 0.1881567390625 0.1412465546875 0.190286553125 0.0763758015625 0.194822759375 0.0739172140625 0.19695257500000002 0.0713223828125 0.197134021875 0.06859131093750001 0.195367103125 0.06340165 0.19573000000000002 0.059713770312500004 0.1989247234375 0.0609399578125 0.21646002812499998 0.062305493749999996 0.2173434875 0.0650365671875 0.2191104078125 0.1480711328125 0.21330406562499998 0.1505297203125 0.21117425 0.1532607921875 0.21294116875000002 0.1557193796875 0.210811353125 0.22577979531249998 0.20591225156249998 0.22823838125 0.2037824359375 0.3138677765625 0.1977946453125
0 0.16964102187500002 0.260743109375 0.172099609375 0.25861329375 0.17483068125 0.2603802125 0.18002034218750002 0.2600173171875 0.18247892968749999 0.2578875015625 0.2421600234375 0.2537141921875 0.2446186109375 0.2515843765625 0.25499793125000003 0.250858584375 0.2577290046875 0.252625503125 0.260323834375 0.25244405468750003 0.262782421875 0.2503142390625 0.3873342703125 0.2416047265625 0.38979285625000004 0.2394749109375 0.48320674218750004 0.232942775 0.48566532812499996 0.230812959375 0.5738895546875 0.224643721875 0.5763481406250001 0.22251390624999998 0.6853310078125 0.21489308125 0.687789596875 0.21276326562499998 0.7915828031250001 0.2055053375 0.7940413890625 0.20337552187500002 0.79923105 0.2030126265625 0.8019621234375001 0.2047795453125 0.81234144375 0.2040537515625 0.8164380546875 0.20670413124999998 0.816710540625 0.21060086562500002 0.8194416125 0.21236778437499998 0.8195778562499999 0.2143161515625 0.823674465625 0.2169665296875 0.8262692968750001 0.21678508281250003 0.82900036875 0.2185520015625 0.8627331609375 0.216193175 0.8651917484375 0.214063359375 0.867786578125 0.2138819109375 0.8825381015625 0.20110301718749998 0.88513293125 0.20092157031250002 0.8863622250000001 0.1998566625 0.88622598125 0.1979082953125 0.8911431562500001 0.1936486640625 0.8907344281249999 0.18780356250000002 0.8931930140625 0.185673746875 0.892648040625 0.1778802765625 0.88855143125 0.1752298984375 0.8081116953124999 0.1808547921875 0.8056531093749999 0.1829846078125 0.730403034375 0.18824660625 0.7279444484375001 0.19037642187499998 0.63193573125 0.1970900046875 0.62947714375 0.19921982031250002 0.5386580890625 0.2055705078125 0.5361995015625001 0.20770032343749997 0.4791132375 0.21169218281250002 0.47665465156250003 0.2138219984375 0.471464990625 0.21418489531249998 0.4687339171875 0.2124179765625 0.46613908750000005 0.212599425 0.4636805 0.214729240625 0.33653382187499997 0.2236202015625 0.33407523437500003 0.22575001718749999 0.2536355 0.23137491093749998 0.25117691249999996 0.23350472656250001 0.24598725156249998 0.23386762343749998 0.2432561796875 0.23210070468750002 0.23028202812499998 0.23300794531250002 0.2278234421875 0.2351377609375 0.22263377968750003 0.23550065781249999 0.2199027078125 0.2337337375 0.2173078765625 0.2339151859375 0.214849290625 0.23604500156250002 0.21225445937499998 0.23622645000000003 0.2095233875 0.23445953125000002 0.20692855625 0.23464097968750003 0.2044699703125 0.2367707953125 0.2018751390625 0.23695224218750002 0.1991440671875 0.2351853234375 0.19395440625 0.23554822031249997 0.19149581875 0.2376780359375 0.16814234687500001 0.23931106875000002 0.16568376093749998 0.241440884375 0.1267613078125 0.24416260781250002 0.124302721875 0.2462924234375 0.0931647578125 0.24846980156249998 0.089476878125 0.251664525 0.09002185 0.25945799375 0.0913873875 0.260341453125 0.09425470312499999 0.264056740625 0.0994443640625 0.26369384375 0.1021754375 0.2654607625 0.1592617015625 0.26146890312500004 0.1617202875 0.2593390875 0.16431511875 0.2591576390625 0.1670461921875 0.2609245578125 0.16964102187500002 0.260743109375
0 0.3133103828125 0.2644020296875 0.3157689703125 0.2622722140625 0.3185000421875 0.2640391328125 0.32095863125 0.2619093171875 0.47924327031249997 0.250840978125 0.48170185625000006 0.24871116249999997 0.48443293125000003 0.25047808125 0.487027759375 0.2502966328125 0.489486346875 0.2481668171875 0.5932795546875 0.24090888906250002 0.595738140625 0.2387790734375 0.69174685625 0.232065490625 0.69420544375 0.22993567499999998 0.7902141609375 0.22322209218750003 0.7926727484375 0.2210922765625 0.7954038203125 0.2228591953125 0.7979986515624999 0.222677746875 0.8004572375000001 0.22054793125 0.8082417281250001 0.22000358750000001 0.811929609375 0.21680886406250002 0.8111121515624999 0.20511865937499998 0.807015540625 0.20246828125 0.7810672375000001 0.20428276250000002 0.7786086515624999 0.206412578125 0.7734189921875 0.20677547500000001 0.7706879171875001 0.20500855625 0.75771376875 0.205915796875 0.7552551796875 0.2080456125 0.669625784375 0.21403340312500002 0.667167196875 0.21616321875 0.5737533125 0.222695353125 0.5712947234375 0.22482516874999997 0.48826015937499995 0.23063151249999997 0.485801571875 0.2327613265625 0.37162904375 0.2407450484375 0.3691704578125 0.24287486406249997 0.25759276249999996 0.2506771359375 0.2551341734375 0.2528069515625 0.2032375703125 0.256435915625 0.200778984375 0.25856573125 0.19299449375 0.25911007656249996 0.19026341875 0.25734315625000004 0.18766859062500002 0.2575246046875 0.1852100015625 0.2596544203125 0.09958060625000001 0.26564221093749996 0.0983513140625 0.26670711874999997 0.09916877187499999 0.278397321875 0.10053430781249999 0.2792807828125 0.1083188 0.2787364375 0.11104987343749999 0.28050335625 0.113644703125 0.2803219078125 0.116103290625 0.27819209218749996 0.11883436249999998 0.2799590125 0.144782665625 0.2781445296875 0.1472412515625 0.2760147140625 0.3133103828125 0.2644020296875
0 0.77928365625 0.2533548421875 0.78174224375 0.2512250265625 0.924457903125 0.241245375 0.9306043703125001 0.23592083593750002 0.9296506671874999 0.222282265625 0.9321092562500001 0.22015245 0.9317005265624999 0.2143073484375 0.927603915625 0.21165696875 0.8056468984375 0.22018503437499998 0.8031883109375 0.22231485 0.7071795953125 0.22902843437499998 0.7047210078125 0.23115825 0.595738140625 0.2387790734375 0.5932795546875 0.24090888906250002 0.48170185625000006 0.24871116249999997 0.47924327031249997 0.250840978125 0.326148290625 0.261546421875 0.323689703125 0.2636762375 0.1731895546875 0.2742002328125 0.1707309671875 0.27633004843750003 0.0928860625 0.28177349375 0.0916567671875 0.2828384015625 0.0931554421875 0.3042704421875 0.09452097968749999 0.3051539015625 0.10490029999999999 0.3044281078125 0.107631371875 0.306195028125 0.11008995937499999 0.30406521249999996 0.3747626359375 0.2855574953125 0.3772212234375 0.2834276796875 0.5406955234375 0.27199644375 0.5431541109375 0.269866628125 0.77928365625 0.2533548421875
0 0.5064115484375 0.303762228125 0.5088701359375001 0.3016324125 0.573740890625 0.2970962078125 0.5761994765625 0.2949663921875 0.59695811875 0.29351480625000004 0.5994167046875 0.291384990625 0.6227701765625 0.28975195625 0.6252287640625 0.287622140625 0.6382029140625 0.2867149 0.646396134375 0.2920156578125 0.690508246875 0.2889310375 0.6929668343750001 0.286801221875 0.69569790625 0.28856814218750004 0.7268358703125 0.2863907625 0.72929445625 0.2842609484375 0.7448634375000001 0.2831722578125 0.7475945109375 0.284939178125 0.765758321875 0.283669040625 0.7684893953125 0.285435959375 0.778868715625 0.2847101671875 0.7815997890624999 0.2864770859375 0.78419461875 0.2862956375 0.7855601562500001 0.287179096875 0.7858326421874999 0.29107583125000003 0.7871981781249999 0.29195929062500003 0.79498266875 0.29141494687499997 0.7990792796874999 0.294065325 0.799215521875 0.2960136921875 0.800581059375 0.29689715156249996 0.8031758890624999 0.296715703125 0.8080930640625 0.2924560734375 0.8132827234375 0.2920931765625 0.815741309375 0.28996336093749997 0.8198379203125 0.2926137390625 0.8205191359375 0.3023555765625 0.8246157453125 0.3050059546875 0.8272105765625 0.30482450625 0.8300778921875 0.3085397921875 0.835267553125 0.308176896875 0.837726140625 0.30604708125 0.8403209703125001 0.3058656328125 0.8427795578125 0.3037358171875 0.8479692171875 0.3033729203125 0.8504278031249999 0.30124310468750004 0.853022634375 0.3010616578125 0.855481221875 0.2989318421875 0.8580760515625 0.29875039375 0.8605346390624999 0.296620578125 0.8631294687500001 0.2964391296875 0.86558805625 0.2943093140625 0.8681828859375 0.29412786562500004 0.8706414734375001 0.29199805 0.8732363031249999 0.2918166015625 0.875694890625 0.2896867875 0.8782897203125 0.2895053390625 0.8807483078124999 0.2873755234375 0.8859379687500001 0.28701262656250004 0.88839655625 0.2848828109375 0.8909913843749999 0.2847013625 0.895908559375 0.2804417328125 0.90109821875 0.2800788359375 0.9035568062499999 0.2779490203125 0.9061516359375 0.277767571875 0.9086102234375 0.27563775625 0.9137998843749999 0.27527485937499996 0.9162584718750001 0.2731450453125 0.9188533015625 0.272963596875 0.92499976875 0.26763905781249997 0.9248635249999999 0.265690690625 0.9273221125 0.263560875 0.9265046546875 0.251870671875 0.9289632421875 0.24974085625 0.9284182703124999 0.2419473859375 0.9243216593750001 0.2392970078125 0.880209546875 0.2423816265625 0.877750959375 0.2445114421875 0.773957753125 0.2517693703125 0.771499165625 0.2538991859375 0.6884646 0.259705528125 0.685733528125 0.257938609375 0.6831386968750001 0.25812005781249997 0.6806801109375 0.2602498734375 0.667705959375 0.26115711406250003 0.6649748859375 0.2593901953125 0.6625162984374999 0.2615200109375 0.5275851312500001 0.2709553171875 0.52512654375 0.2730851328125 0.5225317125 0.27326658125000003 0.519800640625 0.2714996625 0.5173420515625 0.273629478125 0.3798160546875 0.28324623125000004 0.3773574671875 0.285376046875 0.11527962031250001 0.303702315625 0.11282103437499999 0.30583213124999997 0.09984688281250001 0.306739371875 0.0986175890625 0.3078042796875 0.0991625625 0.3155977484375 0.10052809843749999 0.316481209375 0.10189363437500001 0.31736466874999997 0.10271109375000001 0.32905487187500004 0.10680770312500001 0.33170525 0.1197818546875 0.330798009375 0.12251292656249999 0.332564928125 0.2652285859375 0.322585278125 0.26768717343750004 0.3204554625 0.5064115484375 0.303762228125
0 0.17344961875 0.3524978203125 0.18642376875 0.35159057968749996 0.18888235625 0.3494607640625 0.19147718593750002 0.349279315625 0.194208259375 0.351046234375 0.404389503125 0.3363489296875 0.4068480890625 0.334219115625 0.42760673125000004 0.3327675296875 0.43033780312500003 0.3345344484375 0.4666654265625 0.3319941734375 0.46912401406250004 0.3298643578125 0.47171884375 0.329682909375 0.47444991718749996 0.33144982968750003 0.477044746875 0.33126838125 0.47950333437500003 0.329138565625 0.4976671453125 0.327868428125 0.50039821875 0.329635346875 0.549699990625 0.32618783125 0.552158578125 0.32405801562500003 0.567727559375 0.3229693265625 0.5704586328125 0.3247362453125 0.5729172203124999 0.32260642968750003 0.57551205 0.32242498125 0.5782431234375001 0.3241919015625 0.6405190468749999 0.31983714375 0.642977634375 0.317707328125 0.7234173703125 0.312082434375 0.7261484421875 0.313849353125 0.7313381031249999 0.3134864578125 0.733796690625 0.3113566421875 0.736391521875 0.31117519374999997 0.73912259375 0.3129421125 0.7650708953125 0.31112762968749996 0.768758775 0.3079329078125 0.768213803125 0.3001394375 0.7627516562500001 0.2966056 0.7626154140625 0.2946572328125 0.7675325875000001 0.2903976015625 0.7672601015625 0.2865008671875 0.765894565625 0.2856174078125 0.7581100734375 0.2861617515625 0.7556514875 0.28829156718750004 0.6959703937499999 0.29246487656250003 0.6932393203125 0.2906979578125 0.2806613234375 0.319548221875 0.2782027375 0.3216780359375 0.12251292656249999 0.332564928125 0.1197818546875 0.330798009375 0.10680770312500001 0.33170525 0.104349115625 0.333835065625 0.091374965625 0.33474230625 0.088916378125 0.33687212187500004 0.08372671875 0.33723501875 0.0800388375 0.3404297421875 0.080720053125 0.350171578125 0.08208558906249999 0.3510550375 0.08495290625 0.354770325 0.0875477375 0.3545888765625 0.090278809375 0.3563557953125 0.092873640625 0.356174346875 0.0956047125 0.357941265625 0.16825995625 0.3528607171875 0.1707185453125 0.35073090156250003 0.17344961875 0.3524978203125
0 0.1518673078125 0.379459628125 0.1545983796875 0.38122654843750003 0.6995127140624999 0.343122425 0.7022437874999999 0.34488934531250004 0.723002428125 0.343437759375 0.7254610171875 0.34130794375 0.7280558453125 0.3411264953125 0.7317437265625 0.337931771875 0.7305175390625 0.32039646718750003 0.7329761265625 0.3182666515625 0.7328398828125 0.316318284375 0.7287432734375 0.3136679046875 0.7053898015625 0.3153009390625 0.7026587281250001 0.3135340203125 0.62221899375 0.3191589140625 0.61976040625 0.3212887296875 0.5886224453125 0.32346610781249996 0.5858913703125 0.3216991890625 0.5832965406249999 0.3218806375 0.580837953125 0.324010453125 0.5730534625 0.324554796875 0.570322390625 0.322787878125 0.5547534078125 0.3238765671875 0.552294821875 0.3260063828125 0.43033780312500003 0.3345344484375 0.42760673125000004 0.3327675296875 0.42514814375 0.33489734531250004 0.4224170703125 0.333130425 0.373115296875 0.33657794218750003 0.37065671093749997 0.33870775625 0.3628722203125 0.33925210156249996 0.360141146875 0.3374851828125 0.3549514875 0.337848078125 0.3524928984375 0.33997789375 0.3498980703125 0.3401593421875 0.3471669953125 0.3383924234375 0.3447084078125 0.3405222390625 0.0930098828125 0.35812271406249996 0.0868634140625 0.36344725312500004 0.0878171171875 0.377085825 0.0891826546875 0.377969284375 0.090548190625 0.37885274375 0.090684434375 0.3808011109375 0.09478104375 0.3834514890625 0.11035002499999999 0.3823628 0.11308109687500001 0.38412971875 0.12086558750000001 0.383585375 0.123324175 0.38145555937500003 0.1518673078125 0.379459628125
0 0.674381871875 0.3566271109375 0.6795715312499999 0.356264215625 0.6820301203125 0.3541344 0.6846249484375 0.3539529515625 0.6858542421875 0.35288804375 0.6853092703125 0.34509457499999996 0.6839437328125 0.344211115625 0.4166762265625 0.3629002796875 0.4139451546875 0.3611333609375 0.40356583281249997 0.361859153125 0.4011072453125 0.36398896875000003 0.356995134375 0.3670735875 0.354264059375 0.36530666875 0.34647956875 0.3658510140625 0.3440209828125 0.3679808296875 0.3336416625 0.36870662187500003 0.3309105875 0.366939703125 0.237496703125 0.3734718375 0.23503811562500002 0.375601653125 0.232307040625 0.37383473437500003 0.09478104375 0.3834514890625 0.0935517484375 0.384516396875 0.09423296406250001 0.3942582328125 0.095598503125 0.3951416921875 0.098329575 0.3969086125 0.64843356875 0.35844159375 0.6508921562500001 0.356311778125 0.65362323125 0.358078696875 0.6562180609375 0.3578972484375 0.6586766484375 0.3557674328125 0.6716507984375 0.3548601921875 0.674381871875 0.3566271109375
0 0.22875229843749997 0.3975780390625 0.23134712968749999 0.397396590625 0.23407820156249998 0.399163509375 0.23667303281250002 0.3989820609375 0.23913162031250002 0.39685224531249996 0.24172644999999998 0.396670796875 0.2444575234375 0.3984377171875 0.247052353125 0.39825626875000003 0.249510940625 0.396126453125 0.2521057703125 0.3959450046875 0.25483684375000004 0.3977119234375 0.39236284375 0.38809516875 0.3948214296875 0.385965353125 0.397416259375 0.3857839046875 0.4001473328125 0.38755082500000004 0.41312148437499996 0.3866435828125 0.415580071875 0.38451376718749997 0.4181749015625 0.38433232031250003 0.420905975 0.3860992390625 0.43388012500000006 0.38519199843749996 0.4363387125 0.3830621828125 0.43893354218749997 0.382880734375 0.441664615625 0.384647653125 0.4546387671875 0.3837404125 0.457097353125 0.381610596875 0.643925125 0.3685463265625 0.64515441875 0.36748141875 0.644473203125 0.35773958125 0.643107665625 0.35685612187500004 0.45627989375 0.36992039375 0.45382130781249996 0.3720502078125 0.26439870625 0.3852959265625 0.26166763125000003 0.3835290078125 0.240908990625 0.38498059375000004 0.2384504046875 0.387110409375 0.23326074375 0.38747330625 0.2305296703125 0.3857063859375 0.22274517968750002 0.38625073125 0.22028659374999998 0.388380546875 0.2150969328125 0.3887434421875 0.21236585937500002 0.3869765234375 0.1552795953125 0.390968384375 0.152821009375 0.3930982 0.11130372656250001 0.3960013703125 0.1100744328125 0.397066278125 0.11061940625 0.40485974843749994 0.11198494218749999 0.4057432078125 0.1171746015625 0.4053803109375 0.1199056765625 0.4071472296875 0.21591439218750003 0.400433646875 0.21837297812499998 0.39830383125 0.220967809375 0.3981223828125 0.22369888124999998 0.3998893015625 0.22629371250000002 0.399707853125 0.22875229843749997 0.3975780390625
0 0.6089630390624999 0.37197006093749996 0.6075975031249999 0.3710866015625 0.3351403359375 0.3901386625 0.3326817484375 0.392268478125 0.33008691875 0.3924499265625 0.3273558453125 0.39068300625 0.1846401859375 0.4006626578125 0.1821816 0.4027924734375 0.1640177890625 0.4040626109375 0.1612867140625 0.4022956921875 0.1171746015625 0.4053803109375 0.11471601406250001 0.4075101265625 0.1017418640625 0.4084173671875 0.098053984375 0.411612090625 0.09846271250000001 0.4174571921875 0.0998282484375 0.4183406515625 0.10119378593749999 0.41922411249999997 0.101330028125 0.4211724796875 0.10542663906250001 0.42382285781249995 0.28446992031249996 0.41130293125 0.28692850625 0.409173115625 0.6060926171875 0.38685498749999997 0.6097804984375 0.3836602640625 0.6089630390624999 0.37197006093749996
0 0.5234605703125 0.4357068578125 0.5259191578125 0.4335770421875 0.52865023125 0.4353439625 0.5312450609375 0.4351625140625 0.533703646875 0.4330326984375 0.536434721875 0.4347996171875 0.54162438125 0.43443672031249997 0.54408296875 0.43230690625 0.63230719375 0.4261376671875 0.63503826875 0.42790458593749997 0.6374968546875001 0.4257747703125 0.6402279281250001 0.4275416890625 0.6454175890625 0.42717879375 0.65156405625 0.4218542546875 0.6491116796874999 0.38678364374999996 0.6450150703124999 0.38413326406250003 0.4348338265625 0.39883056875 0.432375240625 0.400960384375 0.42964416562499996 0.399193465625 0.4270493375 0.3993749140625 0.42459074843750005 0.40150472812500004 0.4219959203125 0.40168617656250005 0.41926484531249997 0.39991925781250004 0.41680625937500004 0.40204907343749996 0.102831809375 0.42400430624999996 0.100373221875 0.426134121875 0.0899939015625 0.42685991406249996 0.08753531406250001 0.4289897296875 0.084940484375 0.429171178125 0.083711190625 0.43023608593749996 0.083847434375 0.432184453125 0.081388846875 0.43431426875 0.08193381875 0.44210773750000004 0.08329935468750001 0.442991196875 0.0846648921875 0.44387465625000005 0.0857548375 0.4594615953125 0.0884859109375 0.4612285140625 0.088622153125 0.46317688125 0.0899876890625 0.464060340625 0.0951773515625 0.46369744375 0.0979084234375 0.4654643640625 0.5234605703125 0.4357068578125
0 0.1336848625 0.49233104531249994 0.1364159359375 0.49409796562499997 0.5022869890624999 0.46851376875 0.5050180625 0.4702806875 0.5179922140625 0.469373446875 0.5204508 0.46724363125 0.5308301203125 0.4665178390625 0.53356119375 0.4682847578125 0.5387508546875 0.4679218609375 0.5412094421875 0.46579204531249996 0.543804271875 0.46561059687500006 0.5465353453125 0.4673775171875 0.55172500625 0.4670146203125 0.5541835921875 0.4648848046875 0.556914665625 0.4666517234375 0.5593732515625 0.46452190781249997 0.574942234375 0.46343321875 0.57767330625 0.4652001390625 0.5802681375 0.465018690625 0.5827267234375 0.462888875 0.5905112140625 0.46234452968750006 0.5932422875000001 0.46411144843749996 0.6010267781249999 0.4635671046875 0.603485365625 0.4614372890625 0.64240781875 0.45871556562500004 0.645138890625 0.46048248437500006 0.647597478125 0.4583526703125 0.6501923078125 0.458171221875 0.651421603125 0.4571063140625 0.64937795625 0.42788080468749995 0.6452813453124999 0.42523042499999997 0.6374968546875001 0.4257747703125 0.63503826875 0.42790458593749997 0.3937190625 0.44477926874999996 0.39126047656249996 0.446909084375 0.264113796875 0.45580004531249996 0.2613827234375 0.45403312656250006 0.251003403125 0.4547589203125 0.2485448171875 0.456888734375 0.22000168593749997 0.458884665625 0.2172706109375 0.457117746875 0.20948612187500001 0.45766209062499996 0.20702753437500002 0.45979190625 0.09285500625000001 0.4677756265625 0.0916257140625 0.46884053437500006 0.09176195625 0.4707889015625 0.0868447828125 0.47504853281250004 0.0869810265625 0.47699689999999995 0.0897120984375 0.47876381874999996 0.089848340625 0.4807121875 0.0873897546875 0.4828420015625 0.0875259984375 0.48479036875 0.088891534375 0.4856738296875 0.09025707031249999 0.48655728906249995 0.09080204375 0.4943507578125 0.0921675796875 0.49523421718750005 0.1233055421875 0.4930568390625 0.126036615625 0.4948237578125 0.12863144531249998 0.494642309375 0.1310900328125 0.49251249374999995 0.1336848625 0.49233104531249994
0 0.5047393640625 0.5035843796874999 0.5074704390625 0.5053512984374999 0.6086688140625001 0.49827481875 0.6113998890625 0.5000417374999999 0.6347533609375 0.4984087046875 0.6374844328125 0.5001756234375 0.6530534125 0.499086934375 0.6555120015625 0.49695711875 0.6582430734375 0.4987240375 0.6607016609375 0.496594221875 0.6684861515625 0.496049878125 0.671217225 0.497816796875 0.6736758125 0.49568698125 0.694434453125 0.4942353953125 0.696893040625 0.49210557968749996 0.6994878703125 0.49192413281249997 0.7031757515625 0.488729409375 0.7011321046875 0.45950389999999997 0.6984010296875 0.45773698124999995 0.69812854375 0.4538402453125 0.6940319359375 0.4511898671875 0.6914371046875 0.451371315625 0.68897851875 0.45350113125 0.6760043671875 0.45440837187499994 0.6735457796875 0.45653818749999997 0.6579767984375 0.45762687656249995 0.6555182109375 0.4597566921875 0.2922419890625 0.48515944062500005 0.28951091562500003 0.48339252187500004 0.1208469546875 0.4951866546875 0.11838836875 0.4973164703125 0.1106038765625 0.4978608140625 0.106915996875 0.5010555375 0.1071884828125 0.5049522718749999 0.104729896875 0.5070820875 0.10527486875 0.51487555625 0.1066404046875 0.5157590171875001 0.10800594062499999 0.5166424765625 0.1084146703125 0.522487578125 0.11387681875 0.526021415625 0.11401306093750001 0.5279697828125001 0.11537859843750001 0.5288532421875 0.1205682578125 0.528490346875 0.12329932968749999 0.530257265625 0.5047393640625 0.5035843796874999
0 0.1758709390625 0.5735705640625001 0.1786020109375 0.575337484375 0.183791671875 0.5749745875000001 0.186250259375 0.572844771875 0.19143992031249998 0.572481875 0.19417099375 0.57424879375 0.2564469171875 0.5698940375 0.259177990625 0.57166095625 0.39929882031249997 0.561862753125 0.40202989218749996 0.5636296734374999 0.40462472343749994 0.5634482249999999 0.40708330937500004 0.561318409375 0.40967814062499996 0.5611369609375 0.41240921249999996 0.5629038796875 0.41500404375000005 0.56272243125 0.41746262968750003 0.5605926171875 0.420193703125 0.5623595359375 0.53436623125 0.5543758140625 0.537097303125 0.5561427343750001 0.539692134375 0.5559612859375 0.5421507203125 0.5538314703125 0.5655041921875 0.5521984359375 0.568235265625 0.5539653546875 0.5708300953125 0.5537839078125 0.5732886828125 0.5516540921875001 0.57847834375 0.5512911953125 0.5812094171875 0.5530581140625 0.6798129625 0.5461630828125 0.6825440359375 0.5479300015625 0.6981130171875 0.5468413125 0.7063062375 0.5521420703125 0.7087648234375 0.5500122546874999 0.7139544843750001 0.5496493578125 0.716413071875 0.5475195421875 0.72160273125 0.5471566453125 0.72433380625 0.548923565625 0.7269286359375 0.5487421171875 0.7310252453125 0.5513924953125 0.7261080718749999 0.5556521265625001 0.7262443140625 0.55760049375 0.7276098515625 0.558483953125 0.7327995109375001 0.55812105625 0.7352580984375 0.5559912421875 0.7378529281249999 0.5558097937500001 0.740311515625 0.553679978125 0.7429063453125 0.5534985296875 0.7441356390625 0.552433621875 0.7439993968749999 0.5504852546875 0.7412683234374999 0.5487183359375 0.7409958359375 0.5448216015625 0.7422251296875 0.54375669375 0.7577941125 0.5426680046875 0.7602526984375 0.5405381890625 0.762847528125 0.5403567406249999 0.764076821875 0.5392918328125 0.7629868765625 0.52370489375 0.7654454640624999 0.5215750781249999 0.7635380609375 0.49429793593750004 0.765996646875 0.492168121875 0.7657241609375001 0.4882713859375 0.7602620140624999 0.4847375484375 0.7601257718750001 0.48278918125 0.7573946984375 0.48102226249999996 0.7572584546875001 0.47907389531250005 0.7476997 0.47288967812499993 0.74510486875 0.47307112656249994 0.74264628125 0.4752009421875 0.7400514515625 0.475382390625 0.738685915625 0.47449892968749996 0.737187240625 0.453066890625 0.7344561671875 0.451299971875 0.7343199234375 0.4493516046875 0.727492240625 0.44493430624999997 0.7238043609375 0.44812902968749996 0.72462181875 0.45981923281250003 0.7221632312499999 0.46194904843750006 0.7224357171875 0.4658457828125 0.71751854375 0.47010541406249995 0.7177910296875 0.4740021484375 0.71533244375 0.47613196406249997 0.7154686875 0.47808033125 0.7130100984375 0.480210146875 0.7131463421875 0.48215851406250004 0.70085340625 0.49280759218750003 0.70098965 0.49475595937500005 0.69976035625 0.4958208671875 0.62451028125 0.5010828640625 0.621779209375 0.4993159453125 0.6088050578125 0.5002231859374999 0.6060739859375001 0.49845626718749997 0.44778934374999996 0.5095246078125 0.44505827187499997 0.5077576890625 0.442463440625 0.5079391375 0.44000485468750006 0.5100689515625 0.43222036406250003 0.510613296875 0.429489290625 0.508846378125 0.2763943109375 0.519551821875 0.2739357234375 0.5216816375 0.2687460640625 0.5220445328125 0.2660149890625 0.5202776140625 0.25304083906249997 0.5211848546875 0.25058225156249997 0.5233146703125 0.2479874234375 0.52349611875 0.24525634843750002 0.5217292 0.21152355625000002 0.5240880265625 0.20906496875 0.5262178421875 0.203875309375 0.5265807390624999 0.20114423593750003 0.52481381875 0.190764915625 0.5255396125 0.188306328125 0.5276694281250001 0.1857114984375 0.5278508765625001 0.182980425 0.52608395625 0.17000627343750002 0.5269911984375 0.1675476875 0.5291210140625 0.159763196875 0.5296653578125 0.1570321234375 0.5278984390625 0.1545735359375 0.5300282546874999 0.141599384375 0.5309354953125001 0.1391407984375 0.5330653109375 0.1339511390625 0.5334282078125 0.1302632578125 0.5366229312499999 0.1303995 0.5385712984375 0.1279409125 0.5407011140625 0.128622128125 0.55044295 0.129987665625 0.551326409375 0.131353203125 0.55220986875 0.13203441875 0.5619517046875 0.134765490625 0.563718625 0.1350379765625 0.567615359375 0.13776905 0.569382278125 0.13790529375 0.5713306453125 0.1447329765625 0.5757479437499999 0.1758709390625 0.5735705640625001
0 0.31051719843750003 0.6346393765625 0.3129757875 0.6325095609375 0.315570615625 0.6323281125 0.318301690625 0.6340950328125 0.4532328578125 0.624659725 0.45596393125 0.6264266453125 0.5779209484375001 0.6178985796875 0.5806520234375 0.6196654984375 0.583110609375 0.6175356828125 0.5858416828124999 0.6193026015624999 0.6688762484375 0.613496259375 0.671607321875 0.615263178125 0.6742021515625 0.61508173125 0.6766607390625 0.612951915625 0.6818503984375 0.6125890187499999 0.684581471875 0.6143559375 0.8324867906250001 0.604013390625 0.8337160859375 0.6029484828125 0.8335798421874999 0.601000115625 0.8360384281250001 0.5988703 0.834812240625 0.58133499375 0.83208116875 0.579568075 0.831944925 0.5776197078124999 0.8141929484375 0.5661347343750001 0.8115981171875 0.56631618125 0.81023258125 0.5654327218749999 0.8100963374999999 0.5634843546875 0.775957921875 0.5413978671875 0.75519928125 0.5428494515625 0.7527406953125 0.5449792671875 0.7501458640625 0.545160715625 0.7464579828125 0.5483554390625 0.74673046875 0.5522521734375 0.7430425890625 0.555446896875 0.7404477593750001 0.5556283453125 0.737989171875 0.5577581609375 0.7224201906250001 0.55884685 0.7210546546875001 0.557963390625 0.720645925 0.5521182890625 0.7192803875 0.551234828125 0.7089010671875 0.551960621875 0.7064424812500001 0.5540904375 0.6982492609375 0.5487896796875 0.69565443125 0.548971128125 0.69292335625 0.547204209375 0.638431925 0.551014621875 0.63570085 0.5492477015625 0.51893349375 0.557412871875 0.5162024203125 0.5556459515625 0.36829710000000004 0.5659885 0.365566028125 0.5642215796875 0.2098762171875 0.5751084718749999 0.20741762968750002 0.5772382875 0.19963314062499998 0.5777826328125 0.197174553125 0.5799124484375 0.19198489218749998 0.58027534375 0.18952630625 0.582405159375 0.186931475 0.5825866078125 0.1844728875 0.5847164234375 0.1792832265625 0.5850793203125 0.176824640625 0.5872091359375 0.17163498125 0.58757203125 0.16917639375 0.5897018468749999 0.1639867328125 0.59006474375 0.161528146875 0.592194559375 0.156338484375 0.59255745625 0.1538798984375 0.594687271875 0.1512850671875 0.59486871875 0.14882648125 0.5969985343750001 0.143636821875 0.59736143125 0.141178234375 0.599491246875 0.13598857343749998 0.59985414375 0.1335299875 0.601983959375 0.128340325 0.6023468546874999 0.1258817390625 0.6044766703125 0.1206920796875 0.6048395671875 0.11823349062499999 0.6069693828125 0.11304383124999999 0.607332278125 0.1105852453125 0.60946209375 0.105395584375 0.6098249906250001 0.10293699687499999 0.61195480625 0.0977473375 0.612317703125 0.0952887484375 0.61444751875 0.0900990890625 0.6148104140624999 0.087640503125 0.6169402296875 0.0824508421875 0.6173031265625 0.0799922546875 0.6194329421875 0.07480259375000001 0.6197958390625 0.0723440078125 0.621925653125 0.069749178125 0.6221071015625 0.066061296875 0.625301825 0.0668787546875 0.6369920296875 0.0682442921875 0.6378754890625 0.0696098296875 0.6387589484375 0.0700185578125 0.64460405 0.07411516875 0.647254428125 0.1986670171875 0.6385449140625 0.2013980890625 0.640311834375 0.3051912953125 0.63305390625 0.30792236875 0.634820825 0.31051719843750003 0.6346393765625
0 0.3006828515625 0.6431586390625 0.3034139234375 0.6449255578125 0.3060087546875 0.644744109375 0.307238046875 0.6436792015624999 0.3071018046875 0.641730834375 0.30833109687500004 0.6406659265625 0.310925928125 0.640484478125 0.31379324531249997 0.644199765625 0.342336378125 0.642203834375 0.34506745 0.643970753125 0.420317525 0.63870875625 0.423048596875 0.640475675 0.5138676531249999 0.6341249875 0.5165987265624999 0.6358919078125 0.58146948125 0.6313557015625 0.5842005546875 0.633122621875 0.6568557984375001 0.628042071875 0.659586871875 0.6298089906250001 0.6933196640625 0.6274501640625 0.6960507375 0.6292170828125 0.7661111515625 0.62431798125 0.7688422265625 0.6260849015625001 0.87263543125 0.6188269734375 0.8753665046875 0.6205938921875 0.9039096375 0.6185979609375 0.9075975171874999 0.6154032390624999 0.9063713296874999 0.5978679328125 0.898178109375 0.592567175 0.898041865625 0.5906188078125 0.891214184375 0.5862015109375001 0.8860245234375 0.5865644062500001 0.88329345 0.5847974875 0.862534809375 0.5862490734375 0.8600762203125001 0.5883788890625 0.85229173125 0.5889232343749999 0.8495606578125001 0.5871563140625 0.8417761671875 0.587700659375 0.8356296999999999 0.5930251984375 0.8364471578125 0.6047154015625 0.835217865625 0.6057803093749999 0.8040799015625 0.6079576875 0.8013488296875 0.60619076875 0.7053401140625 0.6129043515625 0.702609040625 0.6111374328125 0.59103134375 0.61893970625 0.5883002687500001 0.6171727859375 0.45596393125 0.6264266453125 0.4532328578125 0.624659725 0.44804319843749996 0.625022621875 0.4455846109375 0.6271524375 0.4378001203125 0.6276967828125 0.435069046875 0.6259298624999999 0.32089651875 0.633913584375 0.3184379328125 0.6360433999999999 0.315843103125 0.6362248484374999 0.31311202968749996 0.634457928125 0.240456784375 0.639538478125 0.2377257125 0.637771559375 0.23513088125 0.6379530078125 0.2326722953125 0.6400828234375 0.22994122031250003 0.638315903125 0.15209631562499998 0.6437593500000001 0.1508670234375 0.6448242578125 0.151139509375 0.6487209921875 0.1525050453125 0.6496044515625 0.15523611875 0.6513713703125 0.188968909375 0.64901254375 0.191699984375 0.6507794625 0.279924209375 0.644610225 0.2826552828125 0.64637714375 0.293034603125 0.64565135 0.295493190625 0.643521534375 0.3006828515625 0.6431586390625
0 0.3105109875 0.6718398031249999 0.37278691249999996 0.667485046875 0.3755179859375 0.669251965625 0.4326042484375 0.6652601046875 0.4353353234375 0.667027025 0.497611246875 0.6626722671875 0.50034231875 0.6644391859375001 0.5574285828125001 0.6604473265624999 0.56015965625 0.6622142453125 0.6302200703125 0.65731514375 0.631449365625 0.6562502359375 0.631313121875 0.65430186875 0.6337717078125 0.6521720531249999 0.6330904921875 0.6424302171875 0.6355490796875001 0.6403004015625 0.6351403515625 0.6344553 0.6283126671875 0.6300380015625 0.573821234375 0.6338484140625 0.571090159375 0.6320814953125 0.4672969546875 0.6393394234375 0.46456587968749996 0.6375725046875 0.3633675046875 0.6446489843750001 0.3606364296875 0.6428820640625 0.2905760171875 0.647781165625 0.28784494375 0.646014246875 0.1970258875 0.652364934375 0.194294815625 0.650598015625 0.15277753125 0.6535011859375001 0.15031894375 0.6556310015625 0.14253445468749998 0.656175346875 0.1400758671875 0.6583051625 0.13748103750000001 0.6584866093749999 0.13256386250000002 0.662746240625 0.1299690328125 0.6629276890625 0.1262811515625 0.6661224125 0.1264173953125 0.6680707796875 0.12395880937499999 0.6702005953125 0.1243675375 0.6760456968749999 0.125733075 0.67692915625 0.130922734375 0.676566259375 0.13365380625 0.6783331796875001 0.19852456093749998 0.6737969734375 0.2012556359375 0.6755638937499999 0.2583419 0.6715720328125 0.261072971875 0.6733389515625 0.30777991562499996 0.670072884375 0.3105109875 0.6718398031249999
0 0.793558128125 0.643935540625 0.7962892015625 0.645702459375 0.8507806359375 0.641892046875 0.852009928125 0.6408271390625 0.8509199828125 0.6252402 0.8468233734374999 0.622589821875 0.8260647328124999 0.6240414078125001 0.8233336578125 0.6222744890625 0.7506784140625 0.6273550375 0.747947340625 0.62558811875 0.664912775 0.6313944609375 0.6636834828125 0.63245936875 0.6640922125000001 0.638304471875 0.6654577484375 0.6391879312500001 0.666823284375 0.640071390625 0.6670957703125 0.643968125 0.6698268453125 0.64573504375 0.6699630875 0.6476834109375 0.6740596984375 0.6503337890625 0.71298215 0.6476120671875 0.715713221875 0.6493789859375 0.793558128125 0.643935540625
0 0.3062750296875 0.6858412703125001 0.3400078203125 0.68348244375 0.3427388953125 0.6852493625 0.3453337265625 0.685067915625 0.3477923125 0.6829381 0.3503871421875 0.6827566515625 0.353118215625 0.6845235703125 0.412799309375 0.6803502625 0.4155303828125 0.68211718125 0.42072004218750003 0.681754284375 0.4231786296875 0.6796244687499999 0.42577345937500005 0.6794430203124999 0.428504534375 0.681209940625 0.4907804578125 0.6768551828125 0.49351153124999997 0.6786221015625 0.5557874546875 0.6742673453125 0.558518528125 0.6760342640625 0.59484615 0.6734939890625 0.5975772234375001 0.675260909375 0.6287151859375 0.6730835296875 0.6314462578125 0.67485045 0.6573945609375 0.6730359671875 0.6610824421875 0.66984124375 0.659856253125 0.6523059390625 0.6623148390625 0.6501761234375001 0.6610886515625001 0.6326408171875 0.6569920421875 0.6299904390625 0.6362334015625 0.631442025 0.6350041078124999 0.6325069328125 0.6355490796875001 0.6403004015625 0.6330904921875 0.6424302171875 0.6339079515625 0.6541204203125 0.6302200703125 0.65731514375 0.5705389765625 0.661488453125 0.5678079031250001 0.6597215328125 0.5107216390625 0.6637133937499999 0.5079905671875 0.6619464749999999 0.4431198125 0.6664826796875001 0.440388740625 0.6647157609375001 0.37292315625 0.6694334140625 0.37019208125 0.6676664953125 0.3675972515625 0.66784794375 0.365138665625 0.6699777578125 0.362407590625 0.6682108390625 0.3001316671875 0.672565596875 0.29740059531249996 0.6707986765625 0.245503990625 0.674427640625 0.2427729171875 0.672660721875 0.16233318125 0.678285615625 0.159602109375 0.676518696875 0.1362486375 0.6781517312500001 0.13256075625 0.6813464546875 0.1331057296875 0.6891399234375 0.134471265625 0.6900233828125 0.137066096875 0.689841934375 0.1397971703125 0.691608853125 0.18131445156249998 0.6887056828125 0.1840455265625 0.6904726015625 0.2592956015625 0.685210603125 0.26202667343749997 0.6869775234375 0.30354395625 0.6840743515625001 0.3062750296875 0.6858412703125001
0 0.3180167828125 0.7045991515625001 0.34915474375 0.702421771875 0.3518858171875 0.7041886921875 0.41156691093750003 0.7000153828125 0.414297984375 0.7017823015625 0.44543594531249997 0.6996049234374999 0.44816701875 0.7013718421874999 0.5026584515625 0.69756143125 0.5053895265625 0.69932835 0.56507061875 0.695155040625 0.56780169375 0.696921959375 0.6067241453125 0.6942002375 0.6094552171875 0.6959671562499999 0.6328086890625 0.694334121875 0.634037984375 0.6932692140625 0.6337654984375 0.6893724796875 0.636224084375 0.6872426640625 0.635406625 0.6755524609375 0.6340410890625 0.6746690015625 0.62366176875 0.67539479375 0.6209306953125 0.673627875 0.5923875625 0.6756238046874999 0.589656490625 0.6738568859375 0.558518528125 0.6760342640625 0.5557874546875 0.6742673453125 0.5533288671875 0.6763971609375 0.5507340359375 0.676578609375 0.5480029640625 0.674811690625 0.49870119218750003 0.67825920625 0.49597011718750006 0.6764922875 0.42072004218750003 0.681754284375 0.41826145625000005 0.6838841 0.40528730468749996 0.684791340625 0.40255623125 0.683024421875 0.39996140156250004 0.6832058703125 0.3975028140625 0.6853356859375 0.3946354984375 0.6816204 0.3660923671875 0.6836163296875 0.363633778125 0.6857461453125 0.3324958171875 0.6879235234375 0.32976474375 0.6861566046875 0.31679059375 0.6870638453125 0.3140595203125 0.6852969265625 0.3114646890625 0.685478375 0.30873361718750003 0.6837114546875 0.3061387859375 0.6838929031250001 0.30368019999999996 0.68602271875 0.300949125 0.6842558000000001 0.2698111640625 0.6864331781249999 0.26708009062500004 0.6846662593749999 0.2644852609375 0.6848477078124999 0.26202667343749997 0.6869775234375 0.25943184375 0.6871589703125001 0.2567007703125 0.6853920515625 0.220373146875 0.6879323265624999 0.21764207500000002 0.6861654078125 0.163150640625 0.6899758203124999 0.16041956875000002 0.6882089015624999 0.134471265625 0.6900233828125 0.1307833859375 0.69321810625 0.13091962968749998 0.6951664734375 0.129690334375 0.69623138125 0.1270955046875 0.6964128296875 0.1209490375 0.70173736875 0.12149400937499999 0.7095308375 0.122859546875 0.710414296875 0.2007044515625 0.70497085 0.203435525 0.7067377703125 0.2319786578125 0.7047418390625 0.23470972968749998 0.706508759375 0.2632528609375 0.704512828125 0.26598393593749997 0.7062797468750001 0.3152857078125 0.70283223125 0.3180167828125 0.7045991515625001
0 0.3554343484375 0.7176458140624999 0.358165421875 0.7194127328125 0.420441346875 0.7150579765625 0.42317241875 0.7168248953125 0.4646897015625 0.713921725 0.467420775 0.71568864375 0.5245070375 0.7116967828125 0.5272381125 0.7134637015624999 0.5713502234375001 0.7103790828125 0.5740812984375 0.7121460015625 0.65971069375 0.7061582109375 0.662441765625 0.7079251296875 0.7039590484375 0.705021959375 0.7066901234375 0.706788878125 0.7923195187500001 0.7008010875 0.795050590625 0.70256800625 0.839162703125 0.6994833875 0.841893778125 0.7012503062500001 0.86265241875 0.6997987203125 0.8712574734375 0.6923443671875 0.8701675281249999 0.676757428125 0.8619743078125 0.6714566703125 0.8618380640625001 0.669508303125 0.8563759187500001 0.665974465625 0.856239675 0.6640260984374999 0.84804645625 0.658725340625 0.8479102125000001 0.6567769734375 0.8451791390625001 0.6550100546875 0.8450428953125 0.6530616874999999 0.8423118234375 0.6512947687499999 0.8420393374999999 0.647398034375 0.8406738 0.6465145734375 0.8380789703125 0.646696021875 0.835347896875 0.644929103125 0.8327530671875 0.6451105515625 0.83002199375 0.6433436328125001 0.762556409375 0.6480612859375 0.7598253359375 0.6462943671875 0.7027390734375001 0.6502862265625 0.7000079984375 0.6485193078125 0.6740596984375 0.6503337890625 0.6679132296875 0.655658328125 0.6683219593749999 0.6615034296875 0.665863371875 0.6636332453125 0.666135859375 0.6675299796874999 0.6599893906250001 0.67285451875 0.6418255796875 0.67412465625 0.6356791109375 0.6794491953125 0.6366328140624999 0.693087765625 0.6354035203125 0.6941526734375 0.5938862375 0.6970558453125 0.5911551640625 0.6952889265625 0.54963788125 0.698192096875 0.5469068078125 0.6964251781249999 0.5027946953125 0.6995097984374999 0.5000636234375 0.697742878125 0.4455721890625 0.7015532906249999 0.442841115625 0.6997863718749999 0.40651349375 0.702326646875 0.40378241875 0.700559728125 0.354480646875 0.70400724375 0.3517495734375 0.7022403234375 0.34915474375 0.702421771875 0.34669615625 0.7045515875 0.34410132656250003 0.7047330359374999 0.3413702515625 0.7029661171875 0.2998529703125 0.7058692875 0.297121896875 0.70410236875 0.250414953125 0.7073684375 0.24768388125000002 0.7056015171875 0.24508904999999997 0.705782965625 0.24263046406250002 0.70791278125 0.2400356328125 0.7080942296875 0.23730456093750002 0.7063273109375 0.20097693749999998 0.7088675859375 0.198245865625 0.707100665625 0.1307802796875 0.71181831875 0.1295509859375 0.7128832265625 0.1303684453125 0.72457343125 0.13173398125 0.7254568906250001 0.1344650546875 0.7272238093750001 0.139654715625 0.7268609125000001 0.1423857890625 0.7286278328125 0.17871341093749998 0.7260875578125 0.181444484375 0.7278544765625 0.29302218125 0.7200522031250001 0.2957532546875 0.7218191234375 0.3554343484375 0.7176458140624999
0 0.308312465625 0.75226720625 0.3576142375 0.748819690625 0.3603453125 0.750586609375 0.43040572499999996 0.745687509375 0.43313680000000004 0.747454428125 0.4798437421875 0.744188359375 0.48257481562500004 0.7459552796875 0.542255909375 0.7417819703124999 0.5449869828125 0.7435488890624999 0.5890990953124999 0.7404642703125 0.5918301687499999 0.7422311890625 0.6515112625 0.7380578812499999 0.6542423359375 0.7398248 0.7087337703125 0.7360143875 0.7114648421875 0.7377813062499999 0.7789304265625 0.733063653125 0.7801597203124999 0.7319987453125 0.7789335328125 0.714463440625 0.776202459375 0.7126965203125 0.7759299734375 0.7087997859375 0.769102290625 0.7043824890625 0.766643703125 0.7065123046874999 0.719936759375 0.7097783718749999 0.7172056859375 0.7080114531249999 0.6653090828125 0.7116404171874999 0.662578009375 0.7098734984374999 0.589922765625 0.714954046875 0.5871916921875 0.713187128125 0.545674409375 0.7160903000000001 0.5429433359375 0.7143233796875 0.47547775156250005 0.7190410328125 0.47274667968750006 0.7172741140625 0.4182552453125 0.7210845265625 0.415524171875 0.7193176078125 0.41292934062500003 0.71949905625 0.4104707546875 0.721628871875 0.40773968125 0.7198619515625 0.3610327375 0.7231280203125 0.358301665625 0.7213611 0.2856464203125 0.72644165 0.282915346875 0.72467473125 0.21544976249999997 0.729392384375 0.2127186890625 0.727625465625 0.20233936875 0.7283512578125 0.1998807828125 0.7304810734375 0.18690663125 0.7313883140625 0.1841755578125 0.7296213953125 0.14265827656250002 0.7325245671875 0.1377411 0.7367841984375 0.13514627031249998 0.7369656453125 0.124082628125 0.746549815625 0.12476384375 0.7562916515625 0.12612938125 0.7571751109375 0.1416983625 0.756086421875 0.1444294359375 0.7578533421875 0.191136378125 0.7545872734375 0.19386745156250001 0.75635419375 0.24316922500000002 0.7529066765625 0.2459002984375 0.754673596875 0.3055813921875 0.7505002875 0.308312465625 0.75226720625
0 0.1841755578125 0.7296213953125 0.1854048515625 0.7285564875 0.1813082421875 0.725906109375 0.14498061874999998 0.728446384375 0.1437513265625 0.7295112921875 0.14388756875 0.731459659375 0.1452531046875 0.73234311875 0.1841755578125 0.7296213953125
0 0.41306558437499996 0.7214474234375 0.4493932078125 0.7189071484375 0.45212427968749996 0.7206740671875 0.5299691859375 0.715230621875 0.5327002578125 0.716997540625 0.5871916921875 0.713187128125 0.589922765625 0.714954046875 0.6521986890625 0.710599290625 0.6549297625 0.7123662093750001 0.71461085625 0.7081929015624999 0.7173419296875 0.7099598203124999 0.766643703125 0.7065123046874999 0.7678729953125 0.705447396875 0.7637763875 0.7027970171875 0.7430177437500001 0.704248603125 0.7402866718750001 0.702481684375 0.680605578125 0.7066549921874999 0.6778745046875 0.7048880734375 0.6311675625000001 0.7081541421875001 0.6284364874999999 0.706387221875 0.55578124375 0.711467771875 0.5530501703125 0.709700853125 0.5505915828125 0.71183066875 0.547860509375 0.71006375 0.4700156046875 0.7155071953125 0.4672845328125 0.7137402765624999 0.446525890625 0.7151918625 0.4437948171875 0.7134249421875001 0.371139571875 0.7185054921875 0.3684085 0.7167385734375 0.30872740468750004 0.7209118812499999 0.3059963328125 0.7191449624999999 0.189228975 0.72731013125 0.18799968125 0.7283750390625 0.1893652171875 0.7292585 0.2127186890625 0.727625465625 0.21544976249999997 0.729392384375 0.29329466718749997 0.7239489390625 0.2960257421875 0.7257158578125 0.3427326828125 0.722449790625 0.3454637578125 0.724216709375 0.41033451249999997 0.7196805046875 0.41306558437499996 0.7214474234375
0 0.42411991093749996 0.76766389375 0.42657849687500005 0.765534078125 0.4291733265625 0.7653526296875001 0.43190439999999997 0.7671195484375 0.4889906640625 0.7631276890625001 0.4917217375 0.7648946078125001 0.5332390203124999 0.7619914359375 0.5359700921874999 0.7637583546875 0.585271865625 0.7603108390625 0.5880029390625 0.7620777578125 0.629520221875 0.7591745875 0.6322512953125 0.76094150625 0.68155306875 0.757493990625 0.6842841421875 0.759260909375 0.7413704046875 0.75526905 0.7441014796875 0.75703596875 0.7908084203125 0.7537699 0.7935394953125 0.7555368203125 0.8532205875000001 0.7513635109375 0.8581377640625 0.7471038796875 0.8607325921875001 0.74692243125 0.8661947390625 0.7504562703125 0.8686533265625 0.7483264546874999 0.8712481562500001 0.74814500625 0.8739792296875001 0.7499119249999999 0.876574059375 0.749730478125 0.8788964046875 0.7456522953125 0.88435855 0.7491861328125 0.9180913421874999 0.7468273062499999 0.9193206359375001 0.7457623984375 0.9190481500000001 0.7418656640625 0.9215067375 0.7397358484375001 0.9212342515625 0.7358391140625 0.9185031765625 0.7340721953125 0.9178219609375 0.7243303578125 0.916456425 0.7234468984375 0.9152271328125 0.72451180625 0.9153633749999999 0.7264601734375 0.91167549375 0.729654896875 0.8805375312500001 0.731832275 0.8780789453125 0.7339620906250001 0.8728892859374999 0.7343249875 0.8701582109375 0.73255806875 0.8649685515625001 0.7329209640625 0.862509965625 0.7350507796875 0.859915134375 0.735232228125 0.8574565484375001 0.7373620437499999 0.8548617171874999 0.7375434921874999 0.85349618125 0.7366600328125 0.8533599374999999 0.734711665625 0.85458923125 0.7336467578125 0.8571840609375 0.733465309375 0.8584133546875 0.7324004015625001 0.8570478187499999 0.7315169421875 0.8440736671875 0.7324241828125 0.84134259375 0.7306572640625 0.8335581031249999 0.7312016078125 0.8280959578125 0.7276677703125001 0.8255011265625001 0.7278492187500001 0.8230425390624999 0.729979034375 0.7789304265625 0.733063653125 0.776471840625 0.73519346875 0.7686873484375 0.7357378140625 0.7659562765625 0.73397089375 0.7036803515625001 0.7383256515625 0.700949278125 0.7365587328125 0.6464578453125001 0.74036914375 0.643726771875 0.738602225 0.5840456781250001 0.742775534375 0.5813146046875 0.7410086140625001 0.5320128328125 0.74445613125 0.5292817578125 0.7426892109375001 0.48257481562500004 0.7459552796875 0.4798437421875 0.744188359375 0.42016264843749995 0.74836166875 0.417431575 0.7465947500000001 0.3395866703125 0.7520381953124999 0.336855596875 0.7502712765624999 0.2953383140625 0.7531744484375 0.2926072421875 0.751407528125 0.2900124109375 0.7515889765625 0.2875538234375 0.7537187921874999 0.2745796734375 0.7546260328125001 0.2718486 0.7528591140625001 0.26925377031250003 0.7530405625000001 0.26679518281250003 0.755170378125 0.259010690625 0.755714721875 0.2565521046875 0.7578445375 0.253957275 0.7580259859375 0.25122620156250003 0.7562590671875 0.2486313703125 0.756440515625 0.2459002984375 0.754673596875 0.2407106390625 0.7550364921875 0.23948134375 0.7561014 0.2396175875 0.7580497671875001 0.23715899999999998 0.7601795828125 0.237976459375 0.7718697875 0.2393419953125 0.772753246875 0.24207306874999998 0.774520165625 0.309538653125 0.7698025125 0.31226972656249996 0.77156943125 0.3693559890625 0.7675775703125 0.3720870640625 0.769344490625 0.41879400625 0.766078421875 0.42152507968749997 0.7678453421875 0.42411991093749996 0.76766389375
0 0.3726320359375 0.777137959375 0.39598550781249997 0.775504925 0.39871657968749996 0.77727184375 0.4011751671875 0.7751420296875 0.4089596578125 0.774597684375 0.41169073125000005 0.776364603125 0.4532080140625 0.7734614328125 0.4559390875 0.7752283515625 0.51302535 0.771236490625 0.515756425 0.773003409375 0.5520840453125 0.7704631359375 0.5548151203125 0.7722300546875001 0.596332403125 0.7693268828125001 0.599063475 0.7710938015625 0.6405807578125 0.76819063125 0.64331183125 0.76995755 0.6848291140625 0.767054378125 0.6875601875 0.7688212984375 0.7212929796875 0.7664624718749999 0.724024053125 0.768229390625 0.7447826953125001 0.7667778046875 0.7475137671875001 0.7685447234375 0.7499723546875 0.7664149078125 0.760351675 0.7656891156250001 0.7630827484375 0.767456034375 0.8071948624999999 0.764371415625 0.8099259343749999 0.766138334375 0.856632878125 0.7628722671875 0.8593639515625 0.7646391859375 0.9034760640625 0.761554565625 0.9062071359375 0.7633214859375 0.9451295906249999 0.7605997624999999 0.9478606624999999 0.76236668125 0.955645153125 0.7618223375000001 0.9617916203125001 0.7564977984375 0.9607016749999999 0.740910859375 0.9552395296875 0.737377021875 0.9551032859375 0.7354286546875 0.9523722125 0.7336617359375001 0.9522359687499999 0.73171336875 0.949504896875 0.7299464484375 0.9493686531250001 0.72799808125 0.939809896875 0.7218138656249999 0.937215065625 0.7219953125 0.9286100125000001 0.7294496671874999 0.92874625625 0.731398034375 0.92628766875 0.73352785 0.9264239109375 0.7354762171875 0.9291549859374999 0.7372431359375 0.9295637140625 0.7430882375000001 0.9234172453125 0.7484127765624999 0.8767103031250001 0.7516788453125 0.8739792296875001 0.7499119249999999 0.8532205875000001 0.7513635109375 0.8507620015624999 0.7534933265625 0.83778785 0.7544005671875 0.835056778125 0.7526336484375 0.785755003125 0.7560811640625 0.78302393125 0.7543142453125 0.7415066484375 0.7572174171875 0.7387755765625 0.755450496875 0.699853121875 0.7581722203125 0.69712205 0.7564053015625001 0.6946634625 0.7585351171875 0.6920686328125 0.758716565625 0.689337559375 0.7569496453125 0.6322512953125 0.76094150625 0.629520221875 0.7591745875 0.598382259375 0.7613519656250001 0.5956511875 0.7595850468750001 0.5593235640625001 0.7621253218749999 0.556592490625 0.7603584031249999 0.5021010578125 0.7641688140625 0.4993699859375 0.7624018953125 0.40855092812500005 0.7687525828124999 0.40581985625000006 0.7669856640625 0.36430257187500004 0.769888834375 0.3615715 0.768121915625 0.29151108593749997 0.7730210171875 0.2887800109375 0.7712540984375 0.2265040875 0.7756088546875 0.22404550156249997 0.7777386703125 0.22145067031250001 0.77792011875 0.2202213765625 0.7789850265625 0.22158691406250003 0.7798684859375 0.22677657343750002 0.7795055890625 0.229507646875 0.7812725078125 0.2632404390625 0.7789136812499999 0.26597151406249997 0.7806806015625 0.33603192656249997 0.7757815 0.3387630015625 0.77754841875 0.3699009625 0.775371040625 0.3726320359375 0.777137959375
0 0.30365535625 0.8348244250000001 0.306386428125 0.8365913453125 0.34530888125 0.833869621875 0.34803995468750004 0.8356365406249999 0.38177274687499996 0.8332777140625 0.3845038203125 0.8350446328125001 0.4286159328125 0.8319600140625001 0.4313470046875 0.8337269328125 0.45989013749999996 0.831731003125 0.4626212109375 0.833497921875 0.493759171875 0.8313205437500001 0.496490246875 0.8330874625 0.5250333781250001 0.8310915328125 0.52776445 0.8328584515624999 0.5589024125 0.8306810734375001 0.5616334859375 0.8324479921875 0.5927714484375 0.8302706140625 0.5955025218750001 0.8320375328124999 0.6370198046875 0.8291343609374999 0.639750878125 0.8309012796875 0.6734836703125 0.828542453125 0.6762147421875 0.8303093734375 0.712542365625 0.8277690984375001 0.7152734390625 0.8295360171875 0.7464114000000001 0.8273586390625001 0.75009928125 0.824163915625 0.749281821875 0.8124737124999999 0.751740409375 0.810343896875 0.751604165625 0.8083955296875001 0.754062753125 0.8062657140624999 0.752836565625 0.7887304078125 0.7475106625 0.7871449375 0.7469656890625 0.77935146875 0.7481949828125 0.7782865609375 0.75092605625 0.7800534796874999 0.7546139375 0.77685875625 0.7518828640625 0.7750918375 0.7517466203125001 0.7731434703125 0.7503810843750001 0.7722600109375 0.747786253125 0.7724414578125 0.7450551812499999 0.7706745390624999 0.74246035 0.7708559875 0.739593034375 0.7671407015625 0.7110499031249999 0.76913663125 0.708318828125 0.7673697125000001 0.67199120625 0.7699099875 0.6692601328125 0.7681430687499999 0.6355273421875001 0.7705018953125 0.6327962671875 0.768734975 0.5912789859375 0.771638146875 0.5885479124999999 0.769871228125 0.5366513078125 0.7735001921875 0.5339202359375 0.771733271875 0.4872132921875 0.774999340625 0.48448221875 0.773232421875 0.437775275 0.7764984890625 0.43504420312500003 0.7747315703125001 0.390932090625 0.7778161890625 0.3882010171875 0.7760492703125 0.33889924374999997 0.7794967859375 0.3361681703125 0.7777298671875 0.2998405484375 0.7802701421875 0.29710947499999996 0.778503221875 0.2529973625 0.7815878421875 0.2502662890625 0.7798209234375 0.24780770156249998 0.7819507375 0.24521287187500002 0.7821321859375 0.2424817984375 0.7803652671875 0.2191283265625 0.7819983015624999 0.2031475109375 0.7958421015625 0.20328375312500002 0.7977904687499999 0.20082516718750001 0.799920284375 0.201097653125 0.80381701875 0.198639065625 0.805946834375 0.2004102265625 0.831275609375 0.2017757625 0.83215906875 0.20314130000000002 0.8330425281249999 0.20327754374999998 0.8349908953125 0.20737415312500002 0.837641275 0.23072762343750003 0.8360082406249999 0.2334586984375 0.837775159375 0.2697863203125 0.835234884375 0.27251739375 0.8370018046875 0.30365535625 0.8348244250000001
0 0.1915202640625 0.9092340828125 0.20968407500000003 0.9079639453125001 0.2124151484375 0.9097308640625 0.246147940625 0.9073720375000001 0.2488790140625 0.90913895625 0.290396296875 0.9062357859375 0.29312736875 0.9080027046874999 0.31648084062500004 0.9063696703125 0.3192119140625 0.9081365890624999 0.35294470625 0.9057777625 0.35567577968749997 0.9075446828124999 0.37902925 0.9059116484375 0.381760325 0.9076785671875 0.405113796875 0.9060455328125 0.40784486875 0.9078124531249999 0.433793171875 0.9059979703125001 0.4366604875 0.9097132562500001 0.519695053125 0.9039069140624999 0.522426125 0.905673834375 0.56913306875 0.902407765625 0.5718641421874999 0.9041746843749999 0.6055969343750001 0.9018158578125 0.6083280078125 0.9035827781249999 0.6420607984375 0.9012239515625 0.6447918734375 0.9029908703125 0.6525763625 0.902446525 0.6553074359375 0.90421344375 0.6708764171875 0.9031247546875001 0.673607490625 0.904891675 0.6760660765625001 0.9027618593750001 0.6838505687499999 0.9022175140625001 0.6865816406249999 0.9039844328125 0.7151247734374999 0.901988503125 0.717855846875 0.9037554218749999 0.746398978125 0.9017594921875001 0.749130053125 0.9035264109375 0.76988869375 0.902074825 0.772619765625 0.9038417453125 0.8089473890625 0.9013014703125 0.8116784625 0.9030683890625 0.8272474437499999 0.9019797 0.8299785156249999 0.90374661875 0.8637113078124999 0.9013877921875 0.8664423812500001 0.9031547109375 0.8949855140625 0.90115878125 0.8977165875 0.9029256999999999 0.9236648890625 0.90111121875 0.92735276875 0.8979164953125001 0.9268077968749999 0.890123025 0.9292663828125001 0.8879932109374999 0.9280401953125 0.8704579046875001 0.925309121875 0.8686909859374999 0.92490039375 0.862845884375 0.92216931875 0.8610789640625001 0.9218968328124999 0.8571822296875 0.9191657609374999 0.8554153109374999 0.9190295171875 0.85346694375 0.91629844375 0.8517000250000001 0.9161621999999999 0.8497516578125 0.9134311281249999 0.8479847375 0.9132948843750001 0.8460363703124999 0.9105638109375 0.8442694515625 0.9104275671875 0.8423210843750001 0.9076964953125 0.840554165625 0.9074240093749999 0.8366574312499999 0.9019618609375 0.8331235921875001 0.9016893749999999 0.8292268578125 0.8989583031249999 0.8274599390624999 0.898822059375 0.825511571875 0.8960909859375 0.8237446531250001 0.8959547421874999 0.8217962859375 0.8932236703124999 0.8200293656250001 0.8930874265625001 0.8180809984374999 0.890356353125 0.8163140796875 0.890220109375 0.8143657125000001 0.8874890375 0.81259879375 0.8873527937500001 0.8106504265625001 0.8846217203125001 0.8088835078125 0.884349234375 0.8049867734375 0.8816181609375 0.803219853125 0.8814819187499999 0.8012714859375001 0.87875084375 0.7995045671875001 0.8786146015625 0.7975562 0.875883528125 0.79578928125 0.8756110421875001 0.791892546875 0.8728799687500001 0.7901256265625001 0.872743725 0.788177259375 0.8700126515625 0.786410340625 0.8698764078125001 0.7844619734375 0.8671453359375001 0.7826950546875 0.86687285 0.7787983203125 0.864141775 0.7770314015625 0.8640055328124999 0.7750830328125 0.8612744593749999 0.7733161140625 0.8611382171875 0.771367746875 0.85840714375 0.769600828125 0.8582709 0.7676524609375 0.8541742890625 0.7650020828125 0.81784666875 0.76754235625 0.8151155937500001 0.7657754375 0.7606241609375 0.76958585 0.7593948687500001 0.7706507578124999 0.7595311109375 0.7725991249999999 0.75584323125 0.7757938484375 0.75447769375 0.7749103890625 0.7542052078125 0.7710136546874999 0.7528396703125 0.7701301953125 0.7491517890625 0.77332491875 0.750377978125 0.7908602234375001 0.7531090515625001 0.7926271421875 0.7532452953125001 0.794575509375 0.75078670625 0.796705325 0.75092295 0.7986536921875 0.7536540234375 0.8004206125 0.7548802125 0.8179559171875 0.752421625 0.8200857328125 0.7526941109374999 0.8239824671875 0.74900623125 0.8271771906250001 0.6997044578125 0.8306247062500001 0.696973384375 0.8288577874999999 0.6606457625 0.8313980624999999 0.6579146890625001 0.82963114375 0.6554561015625 0.8317609578124999 0.6398871203125001 0.8328496484375 0.637156046875 0.8310827281250001 0.6034232546875 0.8334415546875 0.6006921828125 0.8316746359374999 0.5591749 0.8345778078125001 0.556443825 0.8328108890625 0.5408748453125 0.833899578125 0.538143771875 0.8321326578124999 0.49403165781249997 0.8352172781249999 0.4913005859375 0.833450359375 0.4679471140625 0.8350833921874999 0.465216040625 0.8333164734375 0.44186256874999996 0.8349495078125001 0.43913149687499997 0.8331825875 0.40020904375 0.8359043109375 0.3974779703125 0.8341373921875 0.3611503484375 0.8366776671875 0.35841927500000004 0.8349107484375 0.3272813140625 0.8370881265625 0.3245502390625 0.8353212078125001 0.2960071078125 0.8373171375 0.293276034375 0.8355502187500001 0.25175875312499996 0.8384533890625001 0.24902767812499998 0.8366864703125 0.220484546875 0.8386824 0.2180259609375 0.840812215625 0.21024146875 0.8413565609375 0.2016364140625 0.8488109156249999 0.2019089 0.8527076499999999 0.2006796078125 0.8537725578125 0.19548994687500001 0.854135453125 0.1856556 0.862654715625 0.18306076875 0.8628361640625 0.18183147500000002 0.8639010718750001 0.18196771875 0.8658494390625 0.18073842499999998 0.866914346875 0.17814359531249999 0.8670957953125 0.17691430156250001 0.8681607031249999 0.1770505453125 0.8701090703125001 0.16967478281249998 0.876498515625 0.1717184296875 0.9057240249999999 0.173083965625 0.906607484375 0.17444950312500002 0.9074909453125001 0.174585746875 0.9094393125 0.1786823546875 0.912089690625 0.18114094375 0.909959875 0.1837357734375 0.9097784265625 0.18646684687499998 0.9115453453125 0.1890616765625 0.9113638984374999 0.1915202640625 0.9092340828125