0 0.16896248125 0 0.16830466875 0.0046805796875 0.1654569953125 0.0062526859374999995 0.164641528125 0.0120550375 0.1657935421875 0.0132031015625 0.16694555625000002 0.0143511671875 0.16613008906249999 0.02015351875 0.1684341203125 0.0224496484375 0.168162296875 0.024383765625 0.1704663265625 0.0266798953125 0.170194503125 0.0286140125 0.1828666671875 0.0412427265625 0.2086251890625 0.044862849999999996 0.21147286250000003 0.043290745312500004 0.23465553125 0.0465488578125 0.23750320625 0.0449767515625 0.26841343125 0.049320901562500005 0.27126110625 0.047748796875 0.2995954796875 0.0517309328125 0.302443153125 0.050158828125 0.32820167499999997 0.053778951562499996 0.3310493484375 0.052206846875000004 0.361959575 0.0565509953125 0.36480725 0.054978890625 0.3879899171875 0.058237003125 0.39083759218749997 0.056664896875 0.42174781875 0.06100904687499999 0.4245954921875 0.059436942187499994 0.45035401249999996 0.06305706562499999 0.4532016875 0.0614849609375 0.49183946875 0.066915146875 0.4946871453125 0.0653430421875 0.5152939609375 0.068239140625 0.5181416359375 0.0666670359375 0.5490518609375 0.07101118437500001 0.5518995359375001 0.0694390796875 0.5750822046875 0.07269719218750001 0.577929878125 0.0711250859375 0.61141595625 0.0758312484375 0.6142636312499999 0.07425914375 0.6374463 0.07751725468750001 0.6402939734374999 0.07594514999999999 0.6686283468750001 0.07992728593750001 0.671476021875 0.07835518124999999 0.6972345421874999 0.0819753046875 0.7000822171875 0.0804032 0.7309924421875 0.08474735 0.7338401171875 0.08317524375 0.7570227859374999 0.08643335625000001 0.7598704609375 0.08486125156249999 0.7933565375 0.0895674125 0.7962042125 0.0879953078125 0.8219627328125 0.09161543125 0.8248104078124999 0.0900433265625 0.8531447812499999 0.0940254625 0.8559924546875 0.0924533578125 0.8740234203125 0.0949874453125 0.8768710953125 0.093415340625 0.879446946875 0.09377735312499999 0.8922614828125001 0.0867028796875 0.8928051281249999 0.0828346453125 0.8956528015625 0.081262540625 0.8980992046875 0.06385548437500001 0.8957951749999999 0.0615593546875 0.8963388203125 0.0576911203125 0.8940347890625 0.055394990624999994 0.8945784343750001 0.05152675625000001 0.8934264203125 0.050378690625 0.7234201812500001 0.026485871875 0.72057250625 0.028057978125 0.699965690625 0.025161878125 0.697118015625 0.0267339828125 0.6584802328125 0.021303796875 0.655632559375 0.022875901562500002 0.6350257421875 0.019979803125 0.63217806875 0.0215519078125 0.6115712515625 0.0186558078125 0.6087235765625 0.020227914062499998 0.5881167609375 0.0173318140625 0.5852690843749999 0.018903918750000002 0.5517830078125 0.0141977578125 0.5489353343750001 0.015769862500000002 0.525752665625 0.012511751562500001 0.5229049890625 0.014083856249999999 0.48941891249999997 0.0093776953125 0.48657123750000003 0.010949799999999999 0.46596442031249996 0.0080537 0.46311674687500004 0.0096258046875 0.4296306703125 0.00491964375 0.4267829953125 0.0064917484375 0.40360032500000004 0.0032336375 0.4007526515625 0.0048057421875 0.3827216875 0.00227165625 0.3798740125 0.0038437609375000003 0.3541154921875 0.00022363593750000002 0.351267815625 0.0017957406249999998 0.3384904546875 0 0.16896248125 0
0 0.2835838 0.090899346875 0.28643147343750003 0.0893272421875 0.322493403125 0.094395415625 0.3253410765625 0.0928233109375 0.3510995984375 0.096443434375 0.35394727187499997 0.09487132968749999 0.37970579375 0.09849145312499999 0.38255346874999996 0.0969193484375 0.41088784062499994 0.1009014859375 0.4137355171875 0.0993293796875 0.4394940375 0.1029495046875 0.44234171250000004 0.10137739999999999 0.4681002328125 0.10499752343749999 0.47094790781249996 0.10342541875 0.5070098375 0.10849359218750002 0.5098575109375 0.1069214875 0.53304018125 0.1101795984375 0.53588785625 0.10860749375 0.5693739328125 0.11331365625 0.5722216062500001 0.11174155 0.6005559796875 0.11572368749999999 0.6034036546875 0.1141515828125 0.631738028125 0.11813371875 0.6345857015624999 0.11656161406250001 0.657768371875 0.119819725 0.660616046875 0.1182476203125 0.6915262703125 0.12259176875 0.694373946875 0.1210196640625 0.7201324671875 0.1246397875 0.7229801421875 0.1230676828125 0.7513145156250001 0.1270498203125 0.7541621890625 0.1254777140625 0.7799207109374999 0.1290978390625 0.782768384375 0.127525734375 0.8342854265625 0.13476598281250002 0.835437440625 0.135914046875 0.83516561875 0.1378481640625 0.8374696484375 0.14014429374999998 0.8371978265625 0.1420784109375 0.8406538703124999 0.14552260625 0.866412390625 0.1491427296875 0.8692600671875 0.147570625 0.8718359171875001 0.14793263750000002 0.8818027796875001 0.1424302703125 0.8823464234375 0.1385620359375 0.8851940984375 0.13698993125 0.8906305484375 0.098307584375 0.8894785328125 0.09715951874999999 0.8740234203125 0.0949874453125 0.8711757468749999 0.09655955000000001 0.8376896687500001 0.0918533890625 0.8348419937499999 0.09342549375 0.8065076203125001 0.0894433578125 0.8036599453125 0.0910154625 0.7753255718750001 0.087033325 0.7724778984375 0.0886054296875 0.7467193765625 0.08498530625 0.7438717031250001 0.0865574109375 0.7155373296875001 0.082575275 0.7126896546875 0.0841473796875 0.6817794296875 0.07980323125 0.6789317546875 0.0813753359375 0.65059738125 0.0773932 0.6477497078125001 0.0789653046875 0.619415334375 0.0749831671875 0.616567659375 0.0765552734375 0.5908091390625 0.0729351484375 0.5879614640625 0.07450725312499999 0.557051240625 0.0701631046875 0.5542035640625 0.071735209375 0.5258691921875001 0.0677530734375 0.5230215171875 0.069325178125 0.4998388484375 0.0660670671875 0.4969911734375 0.067639171875 0.46608094843750003 0.0632950234375 0.4632332734375 0.06486712812499999 0.43232305000000004 0.060522978125 0.4294753734375 0.0620950828125 0.403716853125 0.058474959375 0.40086917812499995 0.0600470640625 0.37768650937500003 0.056788953125 0.3748388359375 0.05836105781249999 0.34392860937499997 0.054016909375 0.3410809359375 0.0555890140625 0.3127465625 0.051606878125 0.3098988875 0.0531789828125 0.28671621875 0.0499208703125 0.2838685453125 0.051492974999999996 0.25295831875 0.0471488265625 0.2501106453125 0.04872093125 0.221776271875 0.0447387953125 0.21892859687500002 0.0463109 0.20089763125 0.0437768125 0.1980499578125 0.04534891875 0.195745928125 0.0430527890625 0.192898253125 0.04462489375 0.18259484374999999 0.04317684375 0.17832333281249999 0.045535001562499997 0.1766923984375 0.0571397046875 0.1778444125 0.0582877703125 0.178996428125 0.059435834374999996 0.17682184843749998 0.07490877343749999 0.1825819234375 0.0806490984375 0.2186438515625 0.085717271875 0.2214915265625 0.08414516718750001 0.24209834375 0.087041265625 0.24494601875000002 0.0854691609375 0.2835838 0.090899346875
0 0.2372055390625 0.121855378125 0.24005321406250002 0.12028327187500001 0.2683875875 0.124265409375 0.2712352609375 0.12269330468749999 0.29441792968749997 0.125951415625 0.2972656046875 0.12437931093750001 0.3359033859375 0.129809496875 0.338751059375 0.12823739218750002 0.36966128593750003 0.132581540625 0.372508959375 0.1310094359375 0.39826748125 0.134629559375 0.40111515468750003 0.13305745468750002 0.43717708593750004 0.138125628125 0.44002475937499996 0.1365535234375 0.46320742812500004 0.13981163593749998 0.466055103125 0.13823953125 0.49696532812500005 0.14258367968750002 0.499813003125 0.141011575 0.5307232296875 0.1453557234375 0.533570903125 0.14378361875 0.5696328328125 0.1488517921875 0.57248050625 0.1472796875 0.6033907328125 0.1516238359375 0.6062384062499999 0.15005173125 0.6423003359375 0.1551199046875 0.6451480093749999 0.15354779999999998 0.6734823828125001 0.1575299359375 0.6763300578125 0.15595783125 0.7098161359375 0.1606639921875 0.7126638109375001 0.1590918875 0.73842233125 0.1627120109375 0.74127000625 0.16113990625000002 0.774756084375 0.16584606875000002 0.7776037578125 0.16427396249999998 0.8110898343749999 0.16898012499999998 0.8139375093749999 0.16740801875 0.8165133609374999 0.16777003125 0.8179372 0.1669839796875 0.822286359375 0.1360381015625 0.8188303140625001 0.1325939078125 0.798223496875 0.1296978078125 0.7953758234375 0.1312699140625 0.76704145 0.1272877765625 0.7641937750000001 0.12885988125 0.7384352546875 0.12523975781250002 0.735587578125 0.1268118625 0.70725320625 0.12282972656249999 0.70440553125 0.12440183125 0.6709194546874999 0.11969567031249999 0.6680717796875 0.12126777500000001 0.6448891109375 0.1180096625 0.6420414359375 0.11958176875 0.6111312109375 0.11523761875 0.6082835375 0.1168097234375 0.5799491640625 0.11282758749999999 0.5771014890624999 0.11439969218749999 0.5461912640625 0.11005554375 0.5433435890625 0.11162764843749999 0.515009215625 0.10764551250000001 0.5121615421875 0.1092176171875 0.48125131562499995 0.10487346875 0.47840364218750003 0.10644557343750001 0.44491756406249994 0.1017394125 0.4420698890625 0.10331151718750001 0.42146307343749995 0.1004154171875 0.4186153984375 0.101987521875 0.390281025 0.0980053859375 0.38743335156250003 0.099577490625 0.35909897812499997 0.0955953546875 0.356251303125 0.097167459375 0.333068634375 0.0939093484375 0.33022096093750003 0.095481453125 0.30188658749999997 0.091499315625 0.29903891250000003 0.093071421875 0.2758562421875 0.089813309375 0.27300856875 0.0913854140625 0.24209834375 0.087041265625 0.23925066875 0.0886133703125 0.1980370359375 0.082821171875 0.19518935937499998 0.0843932765625 0.17458254374999999 0.081497178125 0.17173486875 0.0830692828125 0.14082464374999998 0.078725134375 0.13797696875 0.0802972390625 0.12252185625 0.0781251640625 0.12109802031250001 0.07891121718750001 0.120826196875 0.080845334375 0.11797852187499999 0.0824174390625 0.1144448296875 0.1075609640625 0.1155968453125 0.1087090296875 0.11790087499999999 0.111005159375 0.1333559875 0.1131772328125 0.1362036625 0.11160512812500001 0.172265590625 0.1166733015625 0.17511326562500001 0.115101196875 0.2008717859375 0.1187213203125 0.2037194609375 0.117149215625 0.2372055390625 0.121855378125
0 1 0.06535663124999999 0.9294883484375 0.055446864062500004 0.9280645125 0.056232917187499995 0.9277926890625 0.058167034375 0.9249450156250001 0.0597391390625 0.92467319375 0.061673256249999996 0.9218255187500001 0.0632453625 0.9212818734375 0.067113596875 0.9184341999999999 0.0686857015625 0.9178905546875 0.07255393593750001 0.9150428796875 0.074126040625 0.9142274125000001 0.0799283921875 0.9113797359375001 0.0815004984375 0.9111079140625 0.083434615625 0.908260240625 0.08500672031249999 0.9077165953125 0.0888749546875 0.9048689203125001 0.090447059375 0.904325275 0.09431529375 0.9089333343750001 0.098907553125 0.9037687078125 0.1356557828125 0.900921034375 0.13722788749999998 0.9001055671874999 0.1430302390625 0.8972578906249999 0.1446023453125 0.896714246875 0.1484705796875 0.900170290625 0.15191477343749998 0.9053219953125 0.1526387984375 0.9081696703125001 0.15106669374999998 0.9107455218749999 0.15142870625 0.9130495515625 0.1537248359375 0.9158972249999999 0.15215273125 0.9236247828125 0.15323876875 0.9270808265625 0.1566829625 0.9262653593750001 0.1624853140625 0.9234176843749999 0.16405742031249998 0.9163503000000001 0.2143444703125 0.9135026265624999 0.215916575 0.9132308046875 0.2178506921875 0.9103831296875 0.219422796875 0.9101113062499999 0.22135691406250002 0.9072636328125 0.22292901875 0.9069918109374999 0.2248631375 0.9041441359375 0.2264352421875 0.9038723125000001 0.22836935937499997 0.8981769640625 0.23151356875 0.897905140625 0.2334476859375 0.8950574671875 0.235019790625 0.8947856453125 0.23695390781249998 0.8919379703124999 0.23852601406249999 0.891666146875 0.24046013125000001 0.8888184718750001 0.2420322359375 0.88854665 0.24396635312499998 0.8856989765625001 0.2455384578125 0.885427153125 0.24747257500000003 0.882579478125 0.24904467968750002 0.88373149375 0.2501927453125 0.8860355234374999 0.252488875 0.8911872265625 0.25321289999999996 0.8934912578124999 0.2555090296875 0.90637051875 0.25731909062499997 0.9098265609375 0.2607632859375 0.901400065625 0.320720921875 0.9048561093749999 0.3241651171875 0.922887075 0.3266992046875 0.9257347499999999 0.3251271 0.9721000875 0.331643321875 0.9767081453124999 0.33623558125 0.98185985 0.33695960625 0.9830118656250001 0.338107671875 0.98274004375 0.3400417890625 0.9850440718750001 0.34233791875 0.9839567828125 0.3500743875 0.9811091093750001 0.3516464921875 0.98002181875 0.3593829625 0.9785979796875001 0.3601690140625 0.9762939515625 0.357872884375 0.9748701140625 0.3586589375 0.9740546468750001 0.36446128906249997 0.9712069718749999 0.36603339375 0.9695760375000001 0.37763809843749996 0.9667283640625 0.379210203125 0.9661847187499999 0.3830784375 0.9684887468750001 0.3853745671875 0.9663141671875 0.40084750625 0.9686181984375001 0.4031436359375 0.968074553125 0.40701187031249997 0.9692265671875001 0.4081599359375 0.972074240625 0.40658782968749996 0.9732262578125 0.4077358953125 0.9696925656250001 0.4328794203125 0.9719965937499999 0.43517555 0.9691489203125 0.43674765468750004 0.9688770984374999 0.43868177187499996 0.9711811265625 0.44097790156250005 0.9669096140625 0.443336059375 0.9657576000000001 0.44218799531249997 0.9698349374999999 0.413176234375 0.9686829234375001 0.41202817031250005 0.9672590859374999 0.412814221875 0.9615508140625 0.4534306859375 0.9664306953124999 0.45608882812499996 0.9577323765625 0.5179805828124999 0.9600364062500001 0.5202767125000001 0.9589491156250001 0.52801318125 0.961253146875 0.5303093109375 0.9607095015624999 0.5341775453125 0.9578618265625 0.53574965 0.9554154234375 0.55315670625 0.9511439109375001 0.5555148640625001 0.9459922078125 0.5547908390625 0.9431445343749999 0.5563629437500001 0.9148101609375001 0.5523808078125 0.9119624859375 0.5539529125 0.9096584562500001 0.5516567828125 0.8942033437499999 0.5494847093749999 0.8913556687499999 0.5510568140625 0.8655971484375 0.5474366890625 0.8613256375 0.549794846875 0.8610538140624999 0.5517289640625 0.8582061390625 0.55330106875 0.8568470265625001 0.56297165625 0.860303071875 0.56641585 0.8628789250000001 0.5667778625000001 0.8651829531249999 0.5690739921875 0.8780622140625001 0.5708840546875 0.8803662421875 0.573180184375 0.8829420953125 0.573542196875 0.8852461249999999 0.5758383265625 0.895549534375 0.5772863765625 0.8978535624999999 0.57958250625 0.9081569703125 0.5810305546875 0.9104610015624999 0.583326684375 0.920764409375 0.584774734375 0.9230684390624999 0.5870708640625 0.964282071875 0.5928630625 0.967129746875 0.5912909578125001 0.9851607124999999 0.5938250453125 0.9880083859375001 0.5922529390625 0.9905842390625 0.5926149515625 0.9920080765625 0.5918289 1 0.5349634062499999 1 0.06535663124999999
0 0.132657046875 0.1742209078125 0.13726510625 0.1788131671875 0.13984095937500002 0.17917517968750002 0.1421449875 0.181471309375 0.14472084062499999 0.181833321875 0.1470248703125 0.1841294515625 0.149600721875 0.1844914640625 0.1519047515625 0.18678759375 0.167359865625 0.18895966718749999 0.1702075390625 0.1873875625 0.19081435468750002 0.1902836625 0.1936620296875 0.18871155781249999 0.206541290625 0.19052161875 0.209388965625 0.1889495140625 0.22484407812499999 0.1911215890625 0.227691753125 0.18954948437500002 0.24829856874999998 0.1924455828125 0.25114624375 0.190873478125 0.292359878125 0.1966656765625 0.2952075515625 0.195093571875 0.326117778125 0.1994377203125 0.3289654515625 0.197865615625 0.362451528125 0.2025717765625 0.3652992046875 0.200999671875 0.40393698593750005 0.20642985781249998 0.4067846609375 0.204857753125 0.44799829375 0.2106499515625 0.45084596875000005 0.209077846875 0.510090565625 0.21740413125 0.512938240625 0.2158320265625 0.5696069875 0.2237963 0.5724546609375001 0.2222241953125 0.6548819296875 0.2338085921875 0.6577296031250001 0.23223648749999998 0.6989432375 0.23802868593749998 0.7017909125 0.23645658125 0.7430045453125 0.242248778125 0.7458522203125 0.24067667343750002 0.7844900015625 0.246106859375 0.7873376765625 0.2445347546875 0.8182479015625 0.2488789046875 0.8210955765625 0.2473067984375 0.82624728125 0.2480308234375 0.8290949546874999 0.24645871874999997 0.83167080625 0.24682073125 0.8345184812499999 0.24524862656250002 0.8368225109375 0.24754475625 0.8445500671874999 0.24863079375 0.8473977421875001 0.2470586890625 0.84997359375 0.24742070156249998 0.8570927796875001 0.24349043906249998 0.857364603125 0.241556321875 0.8602122765625 0.239984215625 0.8604840984375001 0.23805009843749997 0.863331775 0.23647799374999998 0.86387541875 0.232609759375 0.8667230937499999 0.2310376546875 0.8669949171875 0.22910353749999998 0.869842590625 0.2275314328125 0.8706580578124999 0.2217290796875 0.8735057328125 0.220156975 0.8748648453125 0.2104863890625 0.8725608156250001 0.20819025937500002 0.8763663296875001 0.1811126171875 0.8729102843750001 0.177668421875 0.8059381312499999 0.1682561 0.80309045625 0.16982820468749998 0.7618768234375 0.16403600625 0.759029146875 0.1656081109375 0.7281189234375 0.1612639625 0.7252712484375 0.16283606718750002 0.6943610234375 0.15849191875 0.6915133484375 0.16006402343749998 0.6606031234375 0.155719875 0.6577554484375 0.1572919796875 0.624269371875 0.1525858171875 0.6214216968749999 0.1541579234375 0.593087325 0.1501757859375 0.5902396484375 0.151747890625 0.5464501640625 0.1455936796875 0.5436024890625 0.14716578593750002 0.515268115625 0.1431836484375 0.5124204421874999 0.144755753125 0.48408606875000004 0.1407736171875 0.48123839375 0.142345721875 0.45032816875000004 0.1380015734375 0.44748049375 0.139573678125 0.41399441562500006 0.1348675171875 0.4111467421875 0.136439621875 0.3802365171875 0.1320954734375 0.3773888421875 0.13366757812500002 0.3464786171875 0.1293234296875 0.3436309421875 0.130895534375 0.3127207171875 0.12655138593749998 0.3098730421875 0.128123490625 0.2789628171875 0.123779340625 0.2761151421875 0.125351446875 0.24778076875 0.12136930937499998 0.24493309531250002 0.1229414140625 0.20887116562500002 0.117873240625 0.2060234921875 0.11944534531249999 0.18284082343750002 0.116187234375 0.179993146875 0.1177593390625 0.1387795140625 0.11196714062499999 0.1359318390625 0.1135392453125 0.11274917031250001 0.110281134375 0.1099014953125 0.1118532390625 0.104749790625 0.11112921406250001 0.10047828125 0.11348737187499999 0.096672765625 0.1405650140625 0.09782478125 0.141713078125 0.0989767953125 0.14286114375 0.09843315 0.146729378125 0.115713371875 0.16395035156249999 0.11828922500000001 0.1643123640625 0.122897284375 0.16890462343749998 0.1254731359375 0.1692666359375 0.1300811953125 0.1738588953125 0.132657046875 0.1742209078125
0 0.16584545625 0.25580569375 0.16869313125000002 0.2542335890625 0.20733091250000002 0.25966377500000004 0.2101785875 0.2580916703125 0.2539680734375 0.26424588125000004 0.256815746875 0.2626737765625 0.29545352812500003 0.2681039625 0.2983012046875 0.2665318578125 0.349818246875 0.2737721046875 0.3526659203125 0.2722 0.39903125781250004 0.2787162234375 0.4018789328125 0.27714411875 0.44051671406250004 0.2825743046875 0.44336438906250003 0.2810022 0.49230557968750005 0.2878804359375 0.49515325312499997 0.28630833125 0.5647012609375001 0.296082665625 0.567548934375 0.2945105609375 0.6036108640625 0.299578734375 0.6064585390625 0.2980066296875 0.6657031375 0.3063329140625 0.6685508125 0.304760809375 0.712340296875 0.3109150203125 0.715187971875 0.309342915625 0.7538257546875 0.3147731015625 0.7566734281249999 0.31320099687499997 0.787583653125 0.3175451453125 0.790431328125 0.315973040625 0.81618985 0.319593165625 0.8190375234375 0.318021059375 0.8679787140625 0.3248992953125 0.8708263875 0.32332719062500004 0.8759780921875 0.324051215625 0.8788257671874999 0.3224791109375 0.88140161875 0.32284112343750004 0.8842492937499999 0.32126901874999997 0.8945527015625 0.32271706718750004 0.8988242140624999 0.3203589109375 0.89963968125 0.31455655781249997 0.9024873546875 0.312984453125 0.9084674484375 0.270433871875 0.9061634203125 0.26813774218750003 0.9069788875 0.262335390625 0.9012188125 0.256595065625 0.8986429609375 0.2562330546875 0.8957952859375 0.25780515937500004 0.84427824375 0.2505649109375 0.8414305703125 0.252137015625 0.81052034375 0.2477928671875 0.8076726703125001 0.249364971875 0.7613073328125 0.2428487484375 0.7584596593749999 0.244420853125 0.737852840625 0.24152475468749998 0.7350051671875 0.24309685937499997 0.7092466453124999 0.239476734375 0.706398971875 0.24104884062499998 0.6703370421875 0.235980665625 0.6674893671875 0.23755277187499999 0.6236998812500001 0.2313985609375 0.6208522078125001 0.232970665625 0.5847902765625 0.2279024921875 0.581942603125 0.229474596875 0.5433048203124999 0.2240444109375 0.540457146875 0.22561651562499999 0.5018193656250001 0.22018632968750002 0.498971690625 0.221758434375 0.4629097625 0.21669026093750002 0.4600620859375 0.218262365625 0.43430356562499994 0.2146422421875 0.431455890625 0.21621434687500002 0.3825147015625 0.2093361109375 0.3796670265625 0.210908215625 0.33845339218750004 0.2051160171875 0.33560571875 0.206688121875 0.2866645296875 0.1998098859375 0.283816853125 0.201381990625 0.25033077656249997 0.1966758296875 0.2474831015625 0.198247934375 0.2165728765625 0.1939037859375 0.21372520156250002 0.19547589062499998 0.17251156875 0.1896836921875 0.16966389375 0.191255796875 0.1439053734375 0.1876356734375 0.142481534375 0.188421725 0.1413942453125 0.1961581953125 0.138546571875 0.1977303 0.1382747484375 0.1996644171875 0.1394267640625 0.20081248281250003 0.140578778125 0.201960546875 0.1370450859375 0.227104071875 0.13934911562500002 0.2294002015625 0.13771818125 0.24100490625 0.1400222109375 0.2433010359375 0.139478565625 0.2471692703125 0.145238640625 0.2529095953125 0.16584545625 0.25580569375
0 0.0933851625 0.43496473281250003 0.09568919218750001 0.43726086249999996 0.09826504375 0.437622875 0.10056907343749999 0.4399190046875 0.105720778125 0.4406430296875 0.10802480781249998 0.442939159375 0.11060065937500001 0.44330117187500007 0.112904690625 0.4455973015625 0.1644217328125 0.45283755000000003 0.16726940625 0.4512654453125 0.16957343593750002 0.453561575 0.17987684375 0.45500962500000003 0.18272451875 0.45343751875000005 0.193027928125 0.45488556874999997 0.19533195625 0.4571816984375 0.20048366093749997 0.4579057234375 0.20333133593750002 0.45633361875 0.35015490625 0.4769683265625 0.3530025796875 0.4753962203125 0.5101295578125 0.497478978125 0.5129772328125 0.4959068734375 0.5207047890625 0.496992909375 0.5230088187499999 0.4992890390625 0.530736375 0.5003750765625 0.5335840484375 0.498802971875 0.5413116062500001 0.499889009375 0.5436156359375001 0.5021851390625 0.5461914875 0.5025471515625 0.5490391625 0.500975046875 0.7731382953125 0.532470125 0.7759859703124999 0.5308980203125 0.81977545625 0.53705223125 0.8220794843749999 0.5393483609375 0.8246553375 0.5397103734375001 0.8275030109375001 0.53813826875 0.8300788640625001 0.5385002812499999 0.8323828921875001 0.5407964109375001 0.8942033437499999 0.5494847093749999 0.89705101875 0.547912603125 0.9022027218750001 0.5486366281249999 0.904506753125 0.5509327578125001 0.907082603125 0.5512947703125 0.9099302796875 0.5497226656249999 0.94341635625 0.5544288265625 0.9505355421875 0.5504985640625 0.9516228328125 0.5427620953125001 0.9544705078125 0.5411899906250001 0.9574605546875 0.5199147 0.9551565234374999 0.5176185703125 0.9578747484375001 0.498277396875 0.9555707203124999 0.4959812671875 0.9585607671874999 0.4747059765625 0.9562567359375 0.47240984687500004 0.9600622515625 0.4453322046875 0.957758221875 0.44303607500000003 0.9645537843750001 0.3946831421875 0.9622497531249999 0.3923870125 0.9650974281250001 0.3908149078125 0.9627933984375 0.3885187765625 0.9665989125 0.36144113437500003 0.9694465875 0.3598690296875 0.9713493453125001 0.346330209375 0.97419701875 0.344758103125 0.9747406640625 0.34088986875 0.9724366359375001 0.3385937390625 0.9727084578125 0.336659621875 0.9715564421874999 0.33551155781249997 0.968980590625 0.3351495453125 0.9666765609375 0.332853415625 0.9486455953125 0.330319328125 0.9457979218749999 0.3318914328125 0.9251911046875 0.328995334375 0.9223434296875 0.3305674390625 0.89400905625 0.3265853015625 0.8911613812500001 0.32815740781249997 0.8757062687499999 0.32598533281250003 0.8728585953125 0.3275574375 0.8419483703124999 0.3232132890625 0.8391006953125 0.32478539375 0.803038765625 0.3197172203125 0.800191090625 0.321289325 0.7718567171874999 0.3173071890625 0.76900904375 0.31887929375 0.7355229671875 0.31417313281250003 0.732675290625 0.3157452375 0.70434091875 0.31176309999999996 0.70149324375 0.31333520625 0.652552053125 0.3064569703125 0.6497043796875 0.308029075 0.6474003500000001 0.3057329453125 0.637096940625 0.3042848953125 0.6342492671875 0.305857 0.59045978125 0.29970278906250003 0.58761210625 0.3012748953125 0.54124676875 0.294758671875 0.5383990937500001 0.2963307765625 0.4714269390625 0.28691845312500003 0.468579265625 0.2884905578125 0.41191051874999995 0.2805262859375 0.40906284375 0.282098390625 0.373000915625 0.2770302171875 0.370153240625 0.278602321875 0.3237879015625 0.2720860984375 0.320940228125 0.273658203125 0.2848782984375 0.2685900296875 0.282030625 0.270162134375 0.22536187812500003 0.2621978625 0.22251420312499998 0.2637699671875 0.17614886406250002 0.25725374375 0.173301190625 0.2588258484375 0.14754266875 0.255205725 0.14469499531250002 0.25677782968749996 0.1292398828125 0.2546057546875 0.1263922078125 0.25617785937500004 0.1238163546875 0.255815846875 0.12096868125 0.2573879515625 0.118392828125 0.2570259390625 0.11696899218750001 0.2578119921875 0.11669716875 0.259746109375 0.1138494953125 0.2613182140625 0.1135776734375 0.26325233125 0.1107299984375 0.2648244375 0.10801177343749999 0.284165609375 0.10516410000000001 0.285737715625 0.0959221359375 0.35149770468749997 0.0930744609375 0.353069809375 0.09225899374999999 0.35887216093749996 0.0934110078125 0.360020225 0.0945630234375 0.361168290625 0.08749563906249999 0.411455340625 0.08979966874999999 0.41375147031250004 0.0876250890625 0.429224409375 0.08992911875000001 0.4315205390625 0.089657296875 0.43345465625 0.0908093109375 0.43460272031249997 0.0933851625 0.43496473281250003
0 0.06793734375 0.513239534375 0.0713933875 0.5166837281250001 0.073969240625 0.517045740625 0.0762732703125 0.5193418703125 0.1277903125 0.52658211875 0.1300943421875 0.5288782484375 0.282069615625 0.55023698125 0.2843736453125 0.552533109375 0.2921012015625 0.553619146875 0.2949488765625 0.5520470421875 0.297524728125 0.5524090546875 0.29982875937500003 0.554705184375 0.508472778125 0.5840281890625 0.5107768078125 0.58632431875 0.5159285109375 0.58704834375 0.5187761875 0.5854762390625 0.523927890625 0.5862002640624999 0.5262319203125 0.5884963937500001 0.6601762296875 0.6073210390625 0.662480259375 0.60961716875 0.6727836671875 0.6110652171875001 0.6756313421875 0.6094931124999999 0.6782071953125001 0.6098551249999999 0.6805112234374999 0.6121512546875 0.7758177515625 0.6255457140625 0.7781217812500001 0.62784184375 0.79357689375 0.63001391875 0.79642456875 0.6284418140625 0.8015762734375 0.6291658375 0.8058477843749999 0.6268076812500001 0.8069350734375 0.6190712109375001 0.8097827484375 0.61749910625 0.817393778125 0.563343821875 0.8150897484374999 0.5610476921875 0.8169925046875001 0.5475088703125001 0.8146884765625 0.545212740625 0.8152321203125 0.54134450625 0.8140801062499999 0.540196440625 0.8089284031249999 0.5394724171874999 0.806624371875 0.5371762875 0.6984385843750001 0.521971765625 0.695590909375 0.5235438703125 0.6852875 0.5220958203125 0.682983471875 0.519799690625 0.68040761875 0.519437678125 0.6775599453125001 0.521009784375 0.5358880796875 0.5010991015624999 0.5330404046874999 0.50267120625 0.36561001875 0.4791404 0.36276234375 0.4807125046875 0.26487996406250003 0.466956034375 0.2620322890625 0.46852813906249996 0.1358155359375 0.45078953125 0.1329678609375 0.45236163593749995 0.084026671875 0.4454834 0.0740598109375 0.45098576718750005 0.07351616562499999 0.4548540015625 0.070668490625 0.45642610625 0.07039666875 0.45836022343750005 0.06754899375 0.45993232968750003 0.0664617046875 0.46766879843750003 0.06361402968749999 0.46924090312500005 0.060352159375000006 0.4924503109375 0.06150417500000001 0.4935983765625 0.062656190625 0.494746440625 0.0621125453125 0.49861467499999995 0.0644165734375 0.5009108046875 0.0641447515625 0.502844921875 0.06644878125 0.505141053125 0.066176959375 0.5070751703124999 0.0684809875 0.5093713 0.06793734375 0.513239534375
0 0.09346292187500001 0.6026228171875 0.09576695156250001 0.604918946875 0.157587403125 0.6136072453125 0.15989143125 0.615903375 0.1804982484375 0.6187994734375 0.1833459234375 0.61722736875 0.185649953125 0.6195234984375 0.335049375 0.64052021875 0.3373534046875 0.6428163484375 0.342505109375 0.643540371875 0.345352784375 0.6419682671875 0.35050448749999996 0.6426922921875 0.3528085171875 0.644988421875 0.484176975 0.6634510546875 0.48648100312500003 0.665747184375 0.48905685625000006 0.666109196875 0.49190453125 0.6645370921875 0.4944803828125 0.6648991046875 0.4967844125 0.6671952343750001 0.615273609375 0.6838478046875001 0.6175776374999999 0.686143934375 0.733490984375 0.7024344921875 0.7357950125 0.704730621875 0.8929219906249999 0.7268133796875 0.8943458281250001 0.7260273265625 0.8946176515625 0.724093209375 0.897465325 0.7225211046875 0.9029017749999999 0.6838387578125 0.9057494500000001 0.682266653125 0.9068367390625 0.674530184375 0.904532709375 0.6722340546875001 0.9050763546875 0.66836581875 0.9039243390625 0.6672177546875 0.9013484875 0.6668557421875 0.896740428125 0.6622634828125 0.8941645765624999 0.6619014703125 0.8849484578125001 0.6527169515625 0.8823726046875 0.6523549390625 0.868548428125 0.6385781609375 0.865972575 0.6382161484375 0.85675645625 0.6290316296875 0.8541806046874999 0.6286696171874999 0.8449644859375001 0.6194850984375 0.842388634375 0.6191230859375 0.8403564265625001 0.6148928390624999 0.837780575 0.6145308265625 0.833172515625 0.6099385671875 0.8305966625 0.6095765546874999 0.8259886046875 0.6049842953125 0.8182610468749999 0.6038982578125001 0.8168372109375 0.604684309375 0.81602174375 0.6104866624999999 0.8131740687500001 0.6120587671875 0.8118149562499999 0.621729353125 0.80896728125 0.6233014578125 0.8081518140625 0.6291038109375 0.8038803015625 0.6314619671874999 0.7420598515625 0.6227736703125 0.7397558234375 0.6204775406249999 0.5929322531250001 0.5998428328125 0.5915084140625 0.6006288859375 0.5912365921875 0.602563003125 0.58838891875 0.6041351078125 0.588117096875 0.6060692249999999 0.5852694203125 0.6076413296875 0.5849975984375 0.609575446875 0.57930225 0.6127196578125 0.5790304265625 0.6146537750000001 0.576182753125 0.6162258796875 0.5759109312499999 0.618159996875 0.57306325625 0.6197321015624999 0.5727914328125 0.6216662187499999 0.5685199203125 0.6240243765625 0.5659440703125 0.6236623640625 0.56309639375 0.62523446875 0.534762021875 0.6212523328125 0.5324579921875 0.618956203125 0.4654858375 0.60954388125 0.46318180781249996 0.60724775 0.4065130609375 0.599283478125 0.40420903125 0.5969873484375 0.352691990625 0.5897471000000001 0.350387959375 0.5874509703124999 0.20871609375000003 0.5675402875 0.206412065625 0.5652441578125 0.19610865625 0.563796109375 0.19326098281249998 0.5653682140625 0.1159854203125 0.5545078421875 0.111377359375 0.54991558125 0.10852968593750001 0.5514876875 0.10337798125 0.5507636625 0.10053030624999999 0.5523357671875 0.0979544546875 0.5519737546875 0.0951067796875 0.553545859375 0.092530928125 0.553183846875 0.09110708906250001 0.5539699 0.0908352671875 0.5559040171875 0.08798759375000001 0.557476121875 0.0877157703125 0.5594102390625 0.0888677859375 0.5605583046875 0.09001980000000001 0.56170636875 0.08811704218750001 0.575245190625 0.0904210734375 0.5775413203124999 0.08770284843750001 0.59688249375 0.0900068765625 0.5991786234375 0.08973505468750001 0.601112740625 0.0908870703125 0.6022608046875 0.09346292187500001 0.6026228171875
0 0.95922105 0.72232486875 0.9223565765625 0.6855867921875001 0.9197807250000001 0.6852247796875 0.9128686359374999 0.678336390625 0.9077169312500001 0.677612365625 0.9062930937499999 0.67839841875 0.9049339828124999 0.6880690046875 0.90208630625 0.689641109375 0.8966498578125 0.72832345625 0.8952260203125 0.729109509375 0.8024953437500001 0.7160770624999999 0.800191315625 0.7137809328125 0.7048847874999999 0.7003864734375 0.7025807578125 0.69809034375 0.5763640062500001 0.6803517359375 0.5740599750000001 0.6780556062499999 0.47360174375 0.663937121875 0.4712977140625 0.6616409921875 0.30901903124999996 0.6388342109375 0.3067150015625 0.63653808125 0.103222684375 0.6079391015625 0.0961034984375 0.6118693640624999 0.09528803125 0.617671715625 0.0924403578125 0.6192438203124999 0.0947443875 0.6215399500000001 0.0918967125 0.62311205625 0.0905376015625 0.6327826421875 0.091689615625 0.6339307062499999 0.09284162968750001 0.6350787718750001 0.0914825171875 0.6447493578125 0.093786546875 0.6470454875 0.09351472499999999 0.64897960625 0.09697076875 0.6524238 0.09954662187499999 0.6527858125 0.10185065156249999 0.6550819421875 0.150791840625 0.661960178125 0.1536395140625 0.6603880734375001 0.166518775 0.662198134375 0.16882280624999998 0.6644942640625 0.3130705234375 0.684766959375 0.31537455312499996 0.6870630890625 0.41583278437500004 0.7011815734375 0.4181368140625 0.703477703125 0.5160191937499999 0.7172341734375001 0.5183232249999999 0.719530303125 0.61878145625 0.7336487875000001 0.621085484375 0.7359449171875 0.703512753125 0.7475293140625 0.70581678125 0.74982544375 0.7933957546875 0.762133865625 0.7956997828125 0.7644299953125 0.8935821625000001 0.7781864671875 0.89588619375 0.780482596875 0.9628583484375 0.7898949187500001 0.9642821843749999 0.7891088671875 0.9721650359374999 0.7330194640625 0.961796903125 0.72268688125 0.95922105 0.72232486875
0 0.3902037140625 0.7153305171875 0.464903425 0.7258288765625001 0.467207453125 0.72812500625 0.5213003484375001 0.7357272671875 0.523604378125 0.738023396875 0.5364836390625001 0.739833459375 0.5387876687500001 0.7421295890625 0.63151834375 0.755162034375 0.6338223734375 0.757458165625 0.73428060625 0.7715766484375 0.736584634375 0.773872778125 0.7881016765625 0.7811130265624999 0.79040570625 0.7834091562500001 0.8341951921874999 0.7895633671875 0.836499221875 0.791859496875 0.8648335953125 0.7958416328125 0.8662574328125 0.79505558125 0.8684320124999999 0.7795826421875 0.8626719390625001 0.77384231875 0.7828205234375 0.7626199328125 0.78051649375 0.760323803125 0.700665078125 0.74910141875 0.6983610484375 0.7468052890625 0.6133579296875 0.7348588796875 0.6110538984375 0.73256275 0.5080198140625 0.7180822546875001 0.5057157859375 0.7157861249999999 0.40783340625 0.702029653125 0.4055293765625 0.6997335234375 0.25097825 0.6780127796875 0.248674221875 0.67571665 0.2458265453125 0.6772887546875 0.20461291250000002 0.6714965562499999 0.2023088828125 0.6692004265625 0.1765503609375 0.6655803015624999 0.17227885 0.667938459375 0.17119156093750001 0.6756749281250001 0.172343575 0.67682299375 0.1826469828125 0.6782710437499999 0.1849510140625 0.6805671734375001 0.264802428125 0.6917895578125 0.26710645781250003 0.6940856875 0.3186235 0.7013259359374999 0.32092752812500003 0.7036220640625 0.3878996828125 0.7130343875 0.3902037140625 0.7153305171875
0 0.562695234375 0.805645321875 0.564597990625 0.7921064999999999 0.5634459765625001 0.7909584359374999 0.560870125 0.7905964234375 0.5585660953125 0.78830029375 0.5508385375 0.78721425625 0.548534509375 0.7849181265625 0.48928991093749996 0.776591840625 0.48698588125000003 0.7742957125000001 0.484410028125 0.7739337 0.48156235468749997 0.7755058046875 0.4789865015625 0.7751437921875 0.4766824734375 0.7728476625 0.4354688390625 0.7670554640625 0.433164809375 0.764759334375 0.38937532343750003 0.7586051234375 0.3870712953125 0.75630899375 0.3432818078125 0.7501547828125 0.3409777796875 0.747858653125 0.338130103125 0.7494307578125 0.335826075 0.747134628125 0.3074917015625 0.7431524921875 0.305187671875 0.7408563609375001 0.28715670625 0.738322275 0.284852678125 0.7360261453125 0.210152965625 0.7255277859375 0.20784893593749998 0.7232316562500001 0.174362859375 0.71852549375 0.1700913484375 0.7208836515625 0.1684604140625 0.73248835625 0.1656127375 0.7340604609375 0.16506909375 0.7379286953124999 0.1673731234375 0.7402248250000001 0.1645254484375 0.7417969296875 0.1642536265625 0.743731046875 0.16540564062500002 0.7448791124999999 0.1674378484375 0.749109359375 0.3091097140625 0.7690200421875 0.3114137421875 0.771316171875 0.3142614171875 0.7697440656250001 0.3297165296875 0.7719161406249999 0.3320205609375 0.7742122703125001 0.5612713968749999 0.8064313750000001 0.562695234375 0.805645321875
0 0.359927815625 0.8373039640625001 0.362775490625 0.8357318593749999 0.3705030453125 0.8368178953125 0.3728070765625 0.839114025 0.5737235390625 0.86735099375 0.5760275703125 0.8696471234375001 0.6764858015625 0.8837656062500001 0.6807573140625001 0.88140745 0.6810291359375 0.8794733328125 0.6824529734375 0.8786872796875 0.684757003125 0.880983409375 0.689028515625 0.8786252515624999 0.6917467390625001 0.8592840781250001 0.6905947234375 0.8581360140625 0.6891708875 0.858922065625 0.6886272421874999 0.8627903015625 0.68577956875 0.86436240625 0.68442045625 0.8740329921875001 0.6829966171875 0.8748190453125 0.681844603125 0.8736709796875 0.68483465 0.8523956890625 0.6825306203125 0.850099559375 0.6833460875 0.8442972078125001 0.681042059375 0.8420010781249999 0.6843039281250001 0.8187916703125 0.6785438546875 0.8130513453124999 0.6682404453124999 0.811603296875 0.665392771875 0.8131754015625001 0.6576652140625 0.8120893640625001 0.656241378125 0.8128754171875 0.6608494359375 0.8174676765625 0.6605776140625 0.81940179375 0.6591537765625 0.8201878453125 0.5921816234375 0.8107755234375 0.589333946875 0.8123476281249999 0.5867580968749999 0.811985615625 0.584454065625 0.8096894859375 0.54324043125 0.8038972875000001 0.5403927578125 0.8054693921875 0.5146342359375 0.8018492687500001 0.5123302078124999 0.7995531390624999 0.507178503125 0.7988291140625 0.504330828125 0.80040121875 0.5017549765625 0.8000392062499999 0.49945094687499997 0.7977430765625 0.48657168593750005 0.7959330140625 0.4837240125 0.7975051203125 0.481148159375 0.7971431078125 0.4788441296875 0.794846978125 0.24444158749999997 0.7619038484375 0.242137559375 0.75960771875 0.23956170625 0.75924570625 0.2367140328125 0.7608178109375 0.2135313640625 0.7575597000000001 0.2112273328125 0.7552635703125 0.20837965937499997 0.756835675 0.2032279546875 0.75611165 0.20092392499999998 0.7538155203125 0.1880446640625 0.7520054578125 0.185196990625 0.7535775640625 0.18289296093750002 0.751281434375 0.1674378484375 0.749109359375 0.1645901734375 0.7506814640624999 0.162014321875 0.7503194515625 0.160590484375 0.7511055046874999 0.1603186625 0.753039621875 0.1574709875 0.7546117265625 0.15665552031250002 0.760414078125 0.15380784375 0.7619861828125 0.148915040625 0.7968002953125 0.15006705625 0.7979483593750001 0.15121907031249998 0.799096425 0.15094724843750001 0.8010305421874999 0.15440329218749999 0.8044747375 0.2084961859375 0.812076996875 0.2108002171875 0.8143731265625 0.3524720828125 0.834283809375 0.3547761109375 0.8365799390624999 0.359927815625 0.8373039640625001
0 0.444516740625 0.8708876765625 0.44682076875 0.8731838062499999 0.5395514453125 0.8862162515625001 0.5418554734375001 0.88851238125 0.6242827421875 0.9000967796875001 0.626586771875 0.902392909375 0.657496996875 0.9067370578125 0.661768509375 0.9043789 0.6625839765625 0.8985765484374999 0.66543165 0.89700444375 0.667062584375 0.8853997390625 0.6659105703125 0.884251675 0.629848640625 0.8791835000000001 0.6275446125 0.8768873718749999 0.49102445 0.8577007140624999 0.4887204203125 0.855404584375 0.3728070765625 0.839114025 0.3705030453125 0.8368178953125 0.2159519203125 0.8150971515625001 0.21364789062499998 0.8128010218749999 0.18016181250000002 0.8080948609374999 0.1773141390625 0.8096669656250001 0.17473828593750002 0.809304953125 0.1724342578125 0.8070088234374999 0.1698584046875 0.8066468109375 0.16273921875 0.8105770734375 0.161108284375 0.8221817781249999 0.1622602984375 0.8233298421875 0.1645643296875 0.825625971875 0.19805040625 0.8303321328125 0.20035443437499997 0.8326282624999999 0.2621748859375 0.8413165609375 0.264478915625 0.8436126906249999 0.35978544375 0.8570071499999999 0.36208947187499996 0.8593032796875001 0.444516740625 0.8708876765625
0 0.32209257812500003 0.8635436796875 0.32439660937500003 0.8658398093749999 0.363034390625 0.8712699953125 0.36533841875 0.873566125 0.40397620156249997 0.8789963109375 0.40628023124999996 0.881292440625 0.473252384375 0.8907047640625001 0.475556415625 0.89300089375 0.5270734578125 0.9002411406249999 0.5293774859375 0.9025372703125001 0.5680152671875 0.90796745625 0.5703192984375 0.9102635875 0.61153293125 0.9160557859375 0.6138369609375001 0.918351915625 0.6756574109375 0.9270402125 0.6779614421875 0.9293363421875 0.7449335953125 0.9387486656249999 0.747237625 0.94104479375 0.772996146875 0.94466491875 0.777267659375 0.9423067609375 0.7786267703124999 0.9326361750000001 0.7814744453125 0.9310640703124999 0.779170415625 0.928767940625 0.7808013500000001 0.9171632359374999 0.775041275 0.9114229125 0.7721936015625 0.9129950171875001 0.7258282640625 0.9064787937500001 0.723524234375 0.9041826640625 0.7183725296875 0.9034586390625 0.71552485625 0.90503074375 0.712949003125 0.9046687312499999 0.7106449734375 0.9023726015625 0.69003815625 0.8994765031249999 0.687734128125 0.8971803734374999 0.6800065703125 0.8960943359375 0.677158896875 0.897666440625 0.67458304375 0.8973044281250001 0.6731592078124999 0.89809048125 0.6754632359375 0.900386609375 0.6740393984375 0.9011726624999999 0.66631184375 0.9000866249999999 0.6648880046875 0.9008726781249999 0.6646161828125 0.9028067953125 0.657496996875 0.9067370578125 0.63689018125 0.9038409578125 0.63458615 0.901544828125 0.5598864390625 0.8910464687499999 0.5575824109374999 0.8887503390625 0.49061025625 0.8793380171875 0.488306225 0.8770418875000001 0.40845481093749997 0.8658195015624999 0.40615078125000004 0.8635233734375 0.3134201046875 0.8504909265625 0.3111160765625 0.8481947968749999 0.2029302875 0.832990275 0.2006262578125 0.8306941453125001 0.195474553125 0.8299701203125001 0.19262687812499998 0.831542225 0.19032285 0.8292460953124999 0.1874751734375 0.8308182015625001 0.1745959140625 0.8290081390624999 0.1731720765625 0.8297941906249999 0.17262843125 0.8336624265625 0.173780446875 0.834810490625 0.17608447656249998 0.8371066203125 0.1838120328125 0.8381926578125001 0.18611606249999998 0.8404887875 0.21702628750000003 0.8448329359375 0.21933031718749998 0.847129065625 0.2888783234375 0.8569034015625 0.2911823546875 0.85919953125 0.32209257812500003 0.8635436796875
0 0.8174586406250001 1 0.8165656125 0.999110034375 0.8168374359374999 0.9971759171875 0.812229375 0.9925836578125 0.8130448421875001 0.9867813062499999 0.8084367828125 0.9821890468750001 0.8092522499999999 0.9763866953125 0.806948221875 0.974090565625 0.8072200437499999 0.9721564484374999 0.8049160140625 0.9698603171875 0.8051878359375 0.9679262 0.8028838078125 0.9656300703125 0.8034274515625001 0.9617618359375 0.801123421875 0.9594657062499999 0.8016670671874999 0.9555974718750001 0.7993630375 0.9533013421875 0.7996348609374999 0.951367225 0.7973308296875 0.9490710953124999 0.797602653125 0.9471369781250001 0.7952986234375 0.9448408484374999 0.795570446875 0.9429067312500001 0.789810371875 0.93716640625 0.7872345203125 0.9368043937499999 0.777267659375 0.9423067609375 0.7769958359375 0.944240878125 0.7755719984375 0.9450269312499999 0.7189032531249999 0.9370626578125 0.7165992234375 0.934766528125 0.6625063296875 0.92716426875 0.6602022984375 0.9248681375000001 0.5932301453125 0.9154558156249999 0.5909261140625001 0.9131596859375 0.547136628125 0.9070054750000001 0.5448326 0.9047093453124999 0.5036189656250001 0.8989171468749999 0.5013149359375 0.8966210171875 0.47040471093749997 0.89227686875 0.46810068125 0.8899807390625 0.39082511875 0.8791203671875 0.3885210875 0.8768242359375 0.31897308281250003 0.8670499015625 0.3166690515625 0.864753771875 0.31409319999999996 0.864391759375 0.311245525 0.8659638640624999 0.3009421171875 0.864515815625 0.2986380875 0.8622196859375 0.288334678125 0.8607716359375001 0.28603065 0.8584755062499999 0.28345479687499997 0.85811349375 0.2806071234375 0.8596855984375 0.2625761578125 0.8571515109375 0.260272128125 0.8548553812499999 0.2525445734375 0.8537693453124999 0.24969689687500002 0.8553414500000001 0.24712104531249998 0.8549794374999999 0.24481701562499997 0.8526833078125 0.20617923437500002 0.8472531218749999 0.2038752046875 0.8449569921875 0.1987235 0.8442329671875 0.196419471875 0.8419368374999999 0.17838850625 0.83940275 0.1598786203125 0.8496214328124999 0.1596067984375 0.8515555499999999 0.156759125 0.8531276546875001 0.156487303125 0.8550617718750001 0.14509660468750002 0.8613501921875001 0.14482478125 0.8632843093749999 0.1334340828125 0.8695727281250001 0.13316225937499998 0.8715068453124999 0.1246192375 0.8762231609375 0.12434741406250001 0.878157278125 0.118652065625 0.8813014875 0.11838024375 0.8832356046875001 0.11268489374999999 0.886379815625 0.112413071875 0.8883139328125 0.109565396875 0.8898860375 0.10929357343749999 0.8918201546875 0.1064458984375 0.8933922593749999 0.10508678593750001 0.9030628453125 0.10223911249999999 0.9046349515625 0.0997927109375 0.9220420062500001 0.100944725 0.9231900718749999 0.10209673906250001 0.9243381359375 0.1018249171875 0.9262722531250001 0.10758499218749999 0.932012578125 0.115312546875 0.9330986156250001 0.117616578125 0.9353947453125 0.148526803125 0.9397388937500001 0.1508308328125 0.9420350234375 0.1868927625 0.9471031968749999 0.189196790625 0.9493993265625 0.22268286874999998 0.9541054875 0.2249868984375 0.95640161875 0.2481695671875 0.9596597296875 0.250473596875 0.9619558593749999 0.2813838234375 0.9663000078125 0.2836878515625 0.9685961375 0.31974978125 0.9736643109375 0.3220538109375 0.975960440625 0.3478123328125 0.979580565625 0.3501163609375 0.9818766953125 0.370723178125 0.98477279375 0.3730272078125 0.9870689234375 0.465036596875 1 0.8174586406250001 1