0 0.0505761640625 0.12418475468750001 0.05330723750000001 0.1259516734375 0.120772821875 0.1212340203125 0.12350389531249999 0.123000940625 0.126098725 0.12281949218749999 0.12855731406249998 0.1206896765625 0.1311521421875 0.12050822812499999 0.13388321718750001 0.122275146875 0.2221074421875 0.1161059078125 0.22483851562499998 0.1178728265625 0.297493759375 0.11279227812499999 0.3002248328125 0.114559196875 0.36250075625 0.11020444062500001 0.3652318296875 0.111971359375 0.47940435781249996 0.1039876375 0.48213542968749995 0.10575455781250001 0.5444113546875 0.1013998 0.547142428125 0.1031667203125 0.62498733125 0.09772327343750001 0.62771840625 0.0994901921875 0.6822098390625 0.0956797796875 0.6849409125 0.0974467 0.6901305734375 0.097083803125 0.691496109375 0.0979672625 0.6923135671875 0.109657465625 0.6950446421875001 0.1114243859375 0.6955896140625 0.11921785468749999 0.699686225 0.1218682328125 0.704875884375 0.1215053375 0.7134809390625 0.11405098281249999 0.713344696875 0.11210261562499999 0.7182618703125 0.10784298437499999 0.7181256265625 0.1058946171875 0.7230428015625 0.1016349859375 0.7229065578125 0.09968661875 0.72536514375 0.09755680312500001 0.7252289015625 0.0956084359375 0.7276874890625 0.09347862031250001 0.7268700296875 0.08178841718749999 0.7293286171875 0.0796586015625 0.7272849703125 0.050433092187499994 0.7259194328125 0.0495496328125 0.7155401125 0.050275425 0.7128090390625 0.04850850625 0.6401537953124999 0.05358905625 0.6374227218749999 0.0518221359375 0.5725519671875 0.0563583421875 0.5698208953125 0.054591421875000004 0.5023553093750001 0.05930907656249999 0.49962423749999996 0.05754215625 0.43734831406249997 0.061896914062499996 0.4346172390625 0.0601299953125 0.374936146875 0.064303303125 0.37220507187499996 0.062536384375 0.3125239796875 0.0667096921875 0.30979290625 0.0649427734375 0.2319480015625 0.0703862203125 0.2292169265625 0.06861930000000001 0.1513720234375 0.074062746875 0.1486409484375 0.07229582812499999 0.08895985625 0.0764691359375 0.08622878125 0.0747022171875 0.039521840625 0.077968284375 0.038292545312499995 0.0790331921875 0.03856503125 0.0829299265625 0.0361064453125 0.0850597421875 0.0366514171875 0.0928532109375 0.0380169546875 0.093736671875 0.039382490625 0.09462013124999999 0.040336192187499995 0.10825870156249999 0.043067265625000004 0.1100256203125 0.04374848125 0.1197674578125 0.0464795546875 0.12153437656249999 0.046615796875 0.12348274374999998 0.047981334375000004 0.12436620312499999 0.0505761640625 0.12418475468750001
0 0.3387323453125 0.1431927984375 0.42176690937499994 0.13738645625 0.42449798281250006 0.139153375 0.50493771875 0.13352848125 0.507668790625 0.1352954 0.629625809375 0.126767334375 0.63235688125 0.128534253125 0.6894431453125 0.12454239375000001 0.6931310265625 0.1213476703125 0.6924498109375 0.111605834375 0.6897187390624999 0.10983891406249999 0.6889012796875 0.09814871093750001 0.6875357421875 0.0972652515625 0.6849409125 0.0974467 0.6822098390625 0.0956797796875 0.606959765625 0.100941778125 0.6042286906250001 0.09917485937500001 0.5367631078125 0.1038925125 0.5340320328125 0.10212559375000001 0.4665664484375 0.10684324687499999 0.4638353765625 0.10507632812500001 0.3444731890625 0.1134229453125 0.341742115625 0.111656025 0.253517890625 0.1178252640625 0.250786815625 0.1160583453125 0.1547781 0.122771928125 0.1520470265625 0.121005009375 0.045658990625 0.12844438593750002 0.044429696875 0.12950929375 0.0462008578125 0.15483806875 0.047566393750000005 0.155721528125 0.06313537500000001 0.1546328390625 0.0658664484375 0.15639975781249998 0.159280334375 0.149867621875 0.1620114078125 0.1516345421875 0.2398563125 0.14619109531250002 0.2425873859375 0.1479580140625 0.336001271875 0.1414258796875 0.3387323453125 0.1431927984375
0 0.154765678125 0.19717278124999998 0.1574967515625 0.19893970156250002 0.29502275 0.189322946875 0.2977538234375 0.19108986562500002 0.393762540625 0.18437628281250001 0.3964936125 0.1861432015625 0.50288165 0.17870382499999998 0.5056127218750001 0.18047074375 0.508207553125 0.1802892953125 0.5106661390625 0.1781594796875 0.5132609703125001 0.1779780328125 0.5159920421875 0.1797449515625 0.6301645703125 0.17176122968750002 0.63289564375 0.17352815 0.6380853046875 0.173165253125 0.640816378125 0.17493217187500001 0.7212561125 0.169307278125 0.7239871859375 0.171074196875 0.729176846875 0.1707113 0.7328647265625 0.167516578125 0.7325922406250001 0.1636198421875 0.7350508265625 0.161490028125 0.7324622078125 0.12447104843750001 0.7310966718749999 0.1235875890625 0.7051483703125 0.12540207187500002 0.702417296875 0.1236351515625 0.6193827328125 0.1294414953125 0.6166516578125 0.12767457499999998 0.507668790625 0.1352954 0.50493771875 0.13352848125 0.43487730312500006 0.1384275828125 0.43214623124999996 0.1366606625 0.42955139999999997 0.1368421109375 0.4270928140625 0.1389719265625 0.42436174062500004 0.1372050078125 0.328353025 0.143918590625 0.32562195 0.142151671875 0.3231633640625 0.1442814875 0.3205685328125 0.14446293593749998 0.3178374609375 0.1426960171875 0.22701840468749998 0.14904670312499999 0.22428733125 0.147279784375 0.22169250156250003 0.1474612328125 0.2192339140625 0.14959104843749998 0.21650284062499997 0.1478241296875 0.154226915625 0.1521788859375 0.15149584375 0.1504119671875 0.1385216921875 0.1513192078125 0.13606310625 0.1534490234375 0.133468275 0.153630471875 0.13073720312499998 0.151863553125 0.128142371875 0.1520450015625 0.125683784375 0.15417481718749998 0.12295271249999999 0.152407896875 0.0347284859375 0.1585771359375 0.03104060625 0.161771859375 0.0314493359375 0.1676169609375 0.0289907484375 0.16974677656249998 0.0296719640625 0.1794886125 0.032403037499999995 0.1812555328125 0.03253928125 0.1832039 0.0300806921875 0.185333715625 0.0303531796875 0.18923045 0.031718715625 0.190113909375 0.033084253125000004 0.19099736875 0.033629225 0.19879083749999998 0.037725834375 0.20144121718750002 0.040320665625 0.20125976875 0.0430517390625 0.20302668750000002 0.1001380015625 0.1990348265625 0.102869075 0.2008017453125 0.154765678125 0.19717278124999998
0 0.409597796875 0.22438475468750002 0.41232886874999997 0.22615167343749998 0.41478745625 0.2240218578125 0.4173822859375 0.223840409375 0.420113359375 0.225607328125 0.614725621875 0.2119987140625 0.6174566953125 0.2137656328125 0.6304308468750001 0.21285839218749997 0.6328894328125 0.2107285765625 0.6354842640625 0.21054712812499998 0.63917214375 0.2073524046875 0.6369922546875 0.17617852812499998 0.63289564375 0.17352815 0.5861887015625 0.1767942171875 0.583457628125 0.1750272984375 0.580999040625 0.1771571140625 0.57826796875 0.17539019375 0.47447476093749996 0.18264812187499999 0.47174368749999995 0.180881203125 0.360165990625 0.1886834765625 0.3574349171875 0.18691655625 0.227693409375 0.1959889671875 0.2249623359375 0.1942220484375 0.07446218593750001 0.20474604375 0.0717311125 0.202979125 0.058756962499999996 0.203886365625 0.056298375 0.20601618125 0.053567303125 0.2042492625 0.0457828109375 0.20479360624999998 0.043324225 0.206923421875 0.035539734375 0.20746776718749999 0.031851853125 0.2106624890625 0.031988096875 0.21261085781250003 0.029529510937499996 0.214740671875 0.0314369140625 0.2420178140625 0.03280245 0.2429012734375 0.035533521875 0.24466819375 0.0692663140625 0.24230936718749999 0.0719973890625 0.2440762859375 0.1524371234375 0.238451390625 0.155168196875 0.2402183109375 0.2771252140625 0.2316902453125 0.2798562875 0.2334571640625 0.409597796875 0.22438475468750002
0 0.046451604687499995 0.288936296875 0.0491826796875 0.290703215625 0.0517775078125 0.2905217671875 0.0545085828125 0.2922886859375 0.21538805156250002 0.28103889843749996 0.218119125 0.2828058171875 0.360834784375 0.272826165625 0.3635658578125 0.274593084375 0.36616068749999997 0.2744116359375 0.3686192734375 0.272281821875 0.39197274531250004 0.2706487875 0.3947038203125 0.27241570625 0.4466004234375 0.2687867421875 0.4493314953125 0.2705536609375 0.589452325 0.2607554578125 0.5921833984375 0.262522378125 0.5999678890625 0.2619780328125 0.602426475 0.2598482171875 0.6076161359375 0.259485321875 0.610347209375 0.261252240625 0.6155368703125 0.26088934375 0.6179954578125 0.258759528125 0.64913341875 0.25658215 0.6518644921875001 0.25834906874999997 0.654459321875 0.25816762031249996 0.6569179093749999 0.2560378046875 0.6596489812499999 0.257804725 0.6752179640625 0.2567160359375 0.6776765499999999 0.2545862203125 0.680407625 0.2563531390625 0.6933817734375001 0.2554458984375 0.7002094578125 0.2598631953125 0.7003457015625 0.26181156250000004 0.7017112375 0.262695021875 0.7069008984375 0.2623321265625 0.71236304375 0.26586596406249996 0.7175527046875 0.2655030671875 0.724928465625 0.259113621875 0.7275232953125 0.25893217343749997 0.7336697640625001 0.253607634375 0.7335335203125 0.2516592671875 0.7433678687499999 0.2431400046875 0.7432316250000001 0.2411916375 0.7456902140625 0.23906182187499997 0.7454177265624999 0.23516508749999998 0.7478763140625 0.233035271875 0.7462413953125 0.209654865625 0.7421447859375 0.20700448593749998 0.7395499562500001 0.207185934375 0.7368188828125 0.20541901562499998 0.4825255265625 0.2232009390625 0.47979445312499996 0.22143402031249998 0.3837857375 0.228147603125 0.3810546640625 0.22638068437499997 0.37845983437499997 0.22656213281249998 0.376001246875 0.2286919484375 0.347458115625 0.230687878125 0.3447270421875 0.22892095937499998 0.22017519375 0.23763047343750002 0.21744412031250002 0.23586355312500001 0.214985534375 0.23799336875 0.212390703125 0.2381748171875 0.20965963125 0.23640789843749999 0.095487103125 0.24439161875 0.09275602968749999 0.2426247 0.0252904453125 0.247342353125 0.019143978125 0.2526668921875 0.0207788953125 0.2760473 0.02214443125 0.276930759375 0.0235099671875 0.27781421875 0.023646210937500002 0.27976258593750003 0.0304738953125 0.2841798828125 0.033068725 0.28399843593749996 0.0357997984375 0.2857653546875 0.038394628125000003 0.28558390624999996 0.043856775 0.28911774375 0.046451604687499995 0.288936296875
0 0.30073875 0.3083547984375 0.3034698234375 0.31012171875 0.44618548281250003 0.30014206718750003 0.44891655625000004 0.30190898593750004 0.6954254203125 0.2846714078125 0.696654715625 0.2836065 0.69583725625 0.2719162953125 0.6982958421875 0.26978647968749997 0.6976146265625001 0.26004464375 0.6935180171875001 0.257394265625 0.6831386968750001 0.25812005781249997 0.680407625 0.2563531390625 0.519528153125 0.2676029265625 0.5167970796875 0.2658360078125 0.389650403125 0.27472697031250004 0.38691932812499996 0.27296005156250003 0.285720953125 0.28003653125 0.282989878125 0.27826961250000004 0.28039505 0.278451059375 0.2779364609375 0.280580875 0.270151971875 0.2811252203125 0.2674208984375 0.27935830156249997 0.257041578125 0.28008409375 0.254582990625 0.282213909375 0.2518519171875 0.280446990625 0.0520499953125 0.2944185015625 0.0508207015625 0.295483409375 0.051093187500000005 0.29938014375 0.0486346 0.301509959375 0.049997031250000004 0.3209936328125 0.051362568750000004 0.3218770921875 0.054093640624999995 0.3236440109375 0.0800419421875 0.3218295296875 0.0825005296875 0.31969971406250003 0.0850953609375 0.319518265625 0.0878264328125 0.32128518437500003 0.1942144703125 0.31384580781250004 0.19694554375 0.3156127265625 0.30073875 0.3083547984375
0 0.254979296875 0.36245986406249997 0.257710371875 0.3642267828125 0.39523637031250003 0.35461002812500003 0.3979674421875 0.3563769484375 0.551062421875 0.34567150468749996 0.553793496875 0.3474384234375 0.6965091546875 0.337458771875 0.6992402281250001 0.339225690625 0.7433523421875 0.33614107187500003 0.7470402218750001 0.33294634843750004 0.74635900625 0.3232045125 0.74881759375 0.321074696875 0.7463652171875 0.28600408593750004 0.7422686078125 0.28335370625 0.6540443828125 0.2895229453125 0.6513133078125 0.2877560265625 0.43594240468749995 0.30281622656249996 0.43321133125 0.3010493078125 0.40466819843749996 0.30304523906249997 0.4022096125 0.30517505312500004 0.397019953125 0.30553795 0.394288878125 0.30377103125 0.277521521875 0.3119362 0.2747904484375 0.31016928125 0.1242903 0.3206932765625 0.121559225 0.3189263578125 0.11117990468750001 0.31965214999999997 0.1087213171875 0.321781965625 0.1061264875 0.3219634140625 0.1033954140625 0.3201964953125 0.08523160468749999 0.3214666328125 0.082773015625 0.3235964484375 0.07239369531249999 0.32432224062500004 0.069662621875 0.322555321875 0.033335 0.325095596875 0.0308764125 0.3272254125 0.0282815828125 0.327406859375 0.027052289062500002 0.32847176718750004 0.0277335046875 0.3382136046875 0.025274918750000003 0.3403434203125 0.026637349999999997 0.35982709218750003 0.0280028859375 0.3607105515625 0.029368421875 0.3615940125 0.0301858796875 0.37328421562499997 0.03155141875 0.374167675 0.0393359078125 0.3736233296875 0.04206698125 0.37539025000000004 0.125101546875 0.3695839078125 0.1278326203125 0.37135082656249996 0.254979296875 0.36245986406249997
0 0.27914401718750004 0.4097174609375 0.281875090625 0.4114843796875 0.388263128125 0.40404500312499997 0.3909942 0.4058119234375 0.429916653125 0.4030902 0.4326477265625 0.40485711875 0.637639309375 0.3905227109375 0.64037038125 0.3922896296875 0.6559393640625 0.391200940625 0.65839795 0.38907112499999996 0.684346253125 0.38725664375 0.687077325 0.3890235625 0.68967215625 0.3888421140625 0.6921307421875 0.3867122984375 0.694861815625 0.3884792171875 0.7493532484375 0.38466880625 0.7520843234375 0.386435725 0.7598688124999999 0.3858913796875 0.76355669375 0.38269665625 0.7630117203125 0.3749031875 0.765470309375 0.37277337187500004 0.7630179328125 0.33770276093749996 0.758921321875 0.3350523828125 0.7044298875 0.33886279531249996 0.701698815625 0.337095875 0.699103984375 0.3372773234375 0.6966453984375 0.33940713906250003 0.6914557390625 0.3397700359375 0.6887246640625 0.3380031171875 0.686266078125 0.3401329328125 0.683671246875 0.3403143796875 0.680940175 0.3385474609375 0.46297444062500004 0.35378910937499997 0.4602433671875 0.352022190625 0.32271736875 0.3616389453125 0.3199862953125 0.3598720265625 0.164296484375 0.37075891875 0.1615654125 0.368992 0.159106825 0.371121815625 0.151322334375 0.371666159375 0.1485912609375 0.369899240625 0.138211940625 0.3706250328125 0.135753353125 0.3727548484375 0.1331585234375 0.37293629687499996 0.13042745 0.371169378125 0.11485846875000001 0.3722580671875 0.11239988125 0.3743878828125 0.10966880937500001 0.3726209640625 0.0318239046875 0.37806440937499997 0.0281360234375 0.3812591328125 0.028544753125 0.387104234375 0.026086165625 0.38923405 0.026222407812499997 0.3911824171875 0.028953482812499997 0.3929493359375 0.026494893749999998 0.3950791515625 0.0281298125 0.418459559375 0.029495349999999997 0.41934301874999996 0.0308608859375 0.420226478125 0.030997129687500003 0.42217484531249994 0.032362665624999995 0.4230583046875 0.034957495312499996 0.4228768578125 0.03768856875 0.4246437765625 0.1596455875 0.4161157109375 0.162376659375 0.4178826296875 0.27914401718750004 0.4097174609375
0 0.11183627656249999 0.47819569375000004 0.11429486250000001 0.476065878125 0.11688969375 0.4758844296875 0.11962076562499999 0.4776513484375 0.262336425 0.4676716984375 0.2650675 0.4694386171875 0.267662328125 0.46925716875 0.2701209171875 0.467127353125 0.272851990625 0.468894271875 0.4103779875 0.4592775171875 0.41310906249999996 0.4610444359375 0.537660909375 0.4523349234375 0.5403919828125 0.4541018421875 0.6934869625 0.44339639843749995 0.6962180359375 0.44516331718749996 0.745519809375 0.44171580156249995 0.7516662765625 0.43639126250000004 0.7494863875 0.4052173859375 0.7519449734375 0.4030875703125 0.750991271875 0.389449 0.7468946625 0.3867986203125 0.70018771875 0.3900646890625 0.6974566453125 0.3882977703125 0.6922669859374999 0.388660665625 0.6898083984375 0.39079048125 0.6820239078125 0.39133482656249996 0.679292834375 0.3895679078125 0.6689135140625 0.3902937 0.6664549281250001 0.392423515625 0.6612652671875 0.3927864109375 0.65853419375 0.3910194921875 0.6481548734375 0.3917452859375 0.645696284375 0.3938751015625 0.640506625 0.394237996875 0.637775553125 0.392471078125 0.49505989375 0.4024507296875 0.49232881875 0.4006838109375 0.4015097640625 0.407034496875 0.39877869062500004 0.40526757812499997 0.292390653125 0.4127069546875 0.28965958125 0.4109400359375 0.15213358125 0.42055679062499995 0.149402509375 0.4187898703125 0.11566971562499999 0.421148696875 0.1132111296875 0.42327851250000004 0.11061629843750001 0.42345996093749994 0.10788522656249999 0.42169304218750003 0.0326351515625 0.42695504062499995 0.028947270312500002 0.4301497625 0.031808376562500004 0.4710654765625 0.0331739140625 0.47194893593750004 0.03453945 0.4728323953125 0.03467569375 0.4747807625 0.037406765625 0.47654768125 0.0375430078125 0.47849604843750004 0.04163961875 0.481146428125 0.10132071250000001 0.47697311875 0.1040517859375 0.4787400375 0.11183627656249999 0.47819569375000004
0 0.078233515625 0.5197033140625 0.080964590625 0.5214702328125 0.10950772187499999 0.519474303125 0.11196630781250001 0.5173444875000001 0.1146973828125 0.51911140625 0.184757796875 0.5142123046875 0.18748886874999998 0.5159792234375 0.3587476609375 0.5040036421874999 0.361478734375 0.5057705625 0.3640735640625 0.5055891140625 0.3665321515625 0.5034592984375 0.36912698125 0.50327785 0.3718580546875 0.50504476875 0.4626771109375 0.49869408125000003 0.4654081828125 0.5004610015625001 0.4680030140625 0.500279553125 0.4704616 0.4981497375 0.47305643125 0.4979682890625 0.475787503125 0.4997352078125 0.6236928234375 0.4893926609375 0.626423896875 0.4911595796875 0.7224326125 0.484445996875 0.7251636859375 0.486212915625 0.7459223265625 0.4847613296875 0.75206879375 0.479436790625 0.74961641875 0.44436617968750003 0.745519809375 0.44171580156249995 0.6443214328125 0.44879228125 0.6415903593750001 0.44702536249999997 0.6389955281249999 0.4472068109375 0.6365369421875 0.4493366265625 0.63380586875 0.44756970625000003 0.47292639843749995 0.4588194953125 0.470195325 0.4570525765625 0.32229000625 0.4673951234375 0.31955893281250003 0.4656282046875 0.197601915625 0.4741562703125 0.19487084062499999 0.4723893515625 0.19227601249999998 0.4725707984375 0.189817425 0.4747006140625 0.1768432734375 0.47560785625 0.1741122 0.4738409359375 0.1715173703125 0.474022384375 0.1690587828125 0.4761522 0.166463953125 0.47633364843750003 0.1637328796875 0.4745667296875 0.12221559687500001 0.4774699 0.119757009375 0.47959971562500003 0.10418802812500001 0.4806884046875 0.10145695625 0.4789214859375 0.0625345046875 0.48164320937499994 0.060075915625 0.48377302499999997 0.052291425 0.48431736875000003 0.049560353125 0.48255045 0.046965521875 0.48273189843750003 0.0445069359375 0.48486171406249995 0.039317275 0.48522461093749997 0.03808798125 0.48628951875000004 0.04054035625 0.5213601296875 0.041905895312500004 0.5222435890625 0.0446369671875 0.5240105078124999 0.0524214578125 0.5234661625 0.054880043749999996 0.5213363484375 0.0626645359375 0.520792003125 0.065395609375 0.522558921875 0.0731800984375 0.5220145781250001 0.0756386875 0.5198847625 0.078233515625 0.5197033140625
0 0.26792239375000004 0.54755475625 0.3691207703125 0.5404782765625 0.37185184375 0.5422451953125 0.4626708984375 0.535894509375 0.4654019734375 0.5376614281250001 0.46786055937500004 0.5355316125 0.4808347109375 0.534624371875 0.483565784375 0.536391290625 0.667798725 0.52350846875 0.6705297984375 0.5252753875 0.750969534375 0.5196504921875 0.7521988265624999 0.5185855859374999 0.7500189374999999 0.487411709375 0.7486534015624999 0.48652824843750003 0.7460585703125 0.48670969687500004 0.743327496875 0.48494277812500003 0.652508440625 0.491293465625 0.6497773687499999 0.48952654687499997 0.6471825375 0.48970799375 0.6447239515625001 0.49183780937500005 0.6419928765625 0.49007089062500003 0.5381996703125 0.49732881874999996 0.5354685984375 0.49556190000000006 0.405727090625 0.504634309375 0.402996015625 0.502867390625 0.4005374296875 0.50499720625 0.3979425984375 0.5051786546875 0.39521152656249997 0.5034117359375 0.2654700171875 0.5124841453125 0.2627389453125 0.5107172265625 0.166730228125 0.517430809375 0.16399915468749998 0.5156638906250001 0.0524214578125 0.5234661625 0.049962870312500005 0.5255959781249999 0.04217838125 0.5261403234375 0.040949085937500004 0.52720523125 0.0410853296875 0.5291535984375 0.03862674375 0.5312834140625 0.0402616609375 0.554663821875 0.041627196875 0.55554728125 0.044222028125 0.5553658328125 0.0469531 0.5571327515625 0.0858755515625 0.554411028125 0.0886066265625 0.5561779484375 0.1612618703125 0.5510973984375 0.1639929453125 0.5528643171875001 0.2651913203125 0.5457878375 0.26792239375000004 0.54755475625
0 0.36378865625 0.5760932328124999 0.4675818625 0.5688353046875 0.470312934375 0.5706022234375 0.5715113109375001 0.56352574375 0.574242384375 0.5652926625 0.662466609375 0.5591234234375 0.665197684375 0.5608903421875 0.7560167390625 0.55453965625 0.7597046203125 0.5513449328125 0.7588871625 0.5396547296875001 0.7613457484375 0.5375249140625 0.7606645328125 0.5277830765625 0.757933459375 0.5260161578125 0.7577972171875 0.524067790625 0.75370060625 0.5214174125000001 0.7173729843750001 0.5239576875 0.7146419109375 0.5221907671875 0.62382285625 0.5285414546875 0.62109178125 0.5267745359375 0.452427821875 0.53856866875 0.44969674687500005 0.53680175 0.3225500703125 0.5456927109375 0.319818996875 0.5439257921875 0.3172241671875 0.544107240625 0.3147655796875 0.5462370562500001 0.31217075 0.5464185046875001 0.3094396765625 0.5446515859375001 0.2264051109375 0.5504579281249999 0.2236740375 0.5486910093749999 0.1095015109375 0.5566747296875 0.1067704375 0.5549078109375001 0.039304853125 0.5596254640625 0.0356169734375 0.5628201875000001 0.0375243765625 0.5900973281249999 0.0388899125 0.5909807890625001 0.10635549687500001 0.586263134375 0.10908657031249999 0.5880300546874999 0.15838834375 0.5845825390625 0.1611194171875 0.5863494578124999 0.2571281328125 0.5796358734375 0.25985920625 0.5814027937499999 0.36105758125 0.5743263140625 0.36378865625 0.5760932328124999
0 0.04981420625 0.5980484640625 0.0524090359375 0.5978670171875 0.055140109375 0.5996339359375 0.0629246 0.599089590625 0.0642901359375 0.59997305 0.06442637968750001 0.6019214171875 0.067157453125 0.6036883375000001 0.067293696875 0.6056367046875 0.0660644015625 0.6067016125 0.06346957187499999 0.606883059375 0.060738498437499996 0.6051161406250001 0.0555488375 0.6054790375 0.054319545312499995 0.6065439453125 0.055409490625 0.6221308828125001 0.05950609999999999 0.6247812625 0.0724802515625 0.6238740203125 0.07384578750000001 0.62475748125 0.0741182734375 0.628654215625 0.075483809375 0.629537675 0.078078640625 0.6293562265625 0.082995815625 0.6250965953125001 0.088185475 0.6247336984375 0.0895510109375 0.6256171593750001 0.0896872546875 0.6275655265625 0.092418328125 0.6293324453125 0.0928270578125 0.6351775468749999 0.0915977625 0.6362424546875001 0.0682442921875 0.6378754890625 0.0657857046875 0.6400053046874999 0.0450270640625 0.6414568890625 0.0437977703125 0.642521796875 0.0439340125 0.6444701640625 0.04529955 0.6453536234375 0.107575475 0.6409988671875 0.11030654687500001 0.6427657859375 0.11290137812500001 0.6425843375 0.1153599640625 0.6404545234375 0.1179547953125 0.640273075 0.1206858671875 0.64203999375 0.232263565625 0.6342377203125 0.2349946375 0.6360046406250001 0.3439775046875 0.628383815625 0.3467085796875 0.630150734375 0.450501784375 0.62289280625 0.4532328578125 0.624659725 0.45569144375 0.6225299109375 0.46347593593749997 0.621985565625 0.466207009375 0.623752484375 0.601138178125 0.6143171781250001 0.60386925 0.616084096875 0.6376020437500001 0.6137252703125 0.6400606296875 0.6115954546875 0.642791703125 0.613362375 0.7154469484375 0.6082818249999999 0.7181780203125 0.61004874375 0.7545056437500001 0.6075084687500001 0.758193525 0.6043137453125 0.7569673359375 0.5867784406250001 0.759425921875 0.584648625 0.7576547625 0.55931985 0.753558153125 0.556669471875 0.6860925671875 0.561387125 0.6833614953125 0.55962020625 0.576973459375 0.56705958125 0.574242384375 0.5652926625 0.45488019687500003 0.5736392796875001 0.45214912343749997 0.5718723609375 0.3717093890625 0.5774972546875 0.368978315625 0.5757303359375 0.265185109375 0.5829882640624999 0.2624540359375 0.5812213453124999 0.2599954484375 0.5833511609375 0.25740061875000003 0.5835326078125 0.25466954531249997 0.5817656890625 0.17163498125 0.58757203125 0.16890390625 0.5858051125 0.0417572296875 0.594696075 0.033152175 0.6021504281250001 0.033833390625 0.611892265625 0.035198926562499996 0.612775725 0.0379299984375 0.61454264375 0.042847175 0.6102830124999999 0.045578246875 0.6120499328125 0.048173078125000005 0.611868484375 0.0518609578125 0.6086737609374999 0.049129884375 0.6069068421875 0.0485849125 0.5991133718749999 0.04981420625 0.5980484640625
0 0.116716184375 0.697138621875 0.119174771875 0.6950088062499999 0.12176960156250001 0.6948273578124999 0.12450067499999999 0.696594278125 0.21013007031250003 0.6906064875 0.21286114375 0.69237340625 0.2206456328125 0.6918290609375 0.22310422187499998 0.6896992453124999 0.22829388125 0.68933635 0.2310249546875 0.6911032687499999 0.35817163281250003 0.6822123062500001 0.36090270625 0.6839792265625 0.4465321015625 0.6779914359375 0.449263175 0.6797583546875 0.532297740625 0.6739520125 0.5350288125 0.67571893125 0.605089228125 0.6708198296875 0.6078203 0.6725867484375 0.75832045 0.6620627531250001 0.7644669171875 0.6567382140625 0.7616058125 0.6158225015625 0.75204705625 0.609638284375 0.7105297734375 0.61254145625 0.7077987 0.6107745359375001 0.565083040625 0.6207541875 0.56235196875 0.61898726875 0.44039495000000006 0.627515334375 0.43766387812499996 0.625748415625 0.2664050875 0.6377239968749999 0.2636740125 0.6359570765625 0.2610791828125 0.636138525 0.2586205953125 0.638268340625 0.256025765625 0.6384497890625 0.2532946921875 0.6366828703125 0.1806394484375 0.64176341875 0.1779083734375 0.6399965 0.0455720375 0.6492503593750001 0.040654860937499995 0.6535099890625 0.0354652015625 0.6538728859375 0.0342359078125 0.65493779375 0.034372151562499995 0.6568861609375001 0.031913565625 0.6590159765625 0.034365940625 0.6940865875 0.035731476562499996 0.694970046875 0.0370970140625 0.69585350625 0.03723325625 0.6978018734375 0.038598792187499995 0.698685334375 0.0411936234375 0.6985038859375 0.043924696875 0.7002708046875 0.11139028124999999 0.6955531515625 0.1141213546875 0.6973200703125 0.116716184375 0.697138621875
0 0.34887604687499996 0.7357254640625001 0.35160711875 0.7374923843750001 0.434641684375 0.731686040625 0.4373727578125 0.7334529609375 0.5619246062500001 0.724743446875 0.5646556796875 0.726510365625 0.6528799046875 0.7203411265625 0.655610978125 0.7221080453125001 0.6580695640625 0.71997823125 0.6608006390625001 0.7217451500000001 0.7568093546875 0.715031565625 0.7595404265625 0.7167984859375001 0.7621352578125 0.7166170375 0.7645938453125 0.714487221875 0.767188675 0.7143057734375 0.7684179671875 0.713240865625 0.768281725 0.7112924984375 0.7707403125 0.7091626828125001 0.7678792078125001 0.6682469703125 0.7651481328124999 0.66648005 0.7650118906250001 0.6645316828125 0.7636463531250001 0.6636482234375001 0.7428877125 0.665099809375 0.7401566390625 0.663332890625 0.73237215 0.663877234375 0.7299135625 0.6660070499999999 0.7247239015625 0.666369946875 0.721992828125 0.6646030281249999 0.5844668296875 0.6742197828125 0.58173575625 0.6724528640625 0.57927716875 0.6745826796875 0.56630301875 0.6754899203125 0.5635719453125 0.6737230015625 0.46237356875 0.68079948125 0.4596424953125 0.6790325609375001 0.3792027609375 0.68465745625 0.3764716875 0.6828905359374999 0.27527331093749996 0.6899670171875 0.2725422375 0.688200096875 0.129826578125 0.6981797484375 0.1270955046875 0.6964128296875 0.12450067499999999 0.696594278125 0.1220420890625 0.69872409375 0.1193110140625 0.6969571734375 0.06481958125000001 0.7007675859375 0.062088507812500006 0.6990006671875 0.059629921875000005 0.7011304828125 0.056898846875 0.6993635640625 0.043924696875 0.7002708046875 0.041466109375 0.7024006203125001 0.038871279687499996 0.7025820687500001 0.0376419859375 0.7036469765625 0.0381869578125 0.7114404453125001 0.035728371875 0.7135702609375 0.0379082625 0.7447441375 0.0392737984375 0.745627596875 0.040639334375 0.7465110562499999 0.040775578125 0.7484594234374999 0.0448721875 0.7511098015625 0.1227170921875 0.74566635625 0.1281792390625 0.74920019375 0.2631104078125 0.7397648875 0.26584148124999996 0.74153180625 0.34887604687499996 0.7357254640625001
0 0.266925215625 0.794319171875 0.2695200453125 0.7941377234375 0.2719786328125 0.7920079078125 0.28495278281249997 0.7911006671874999 0.28768385625000004 0.7928675859375 0.30065800781249996 0.7919603453125 0.30311659375 0.7898305296875 0.3058476671875 0.7915974484375 0.575710003125 0.7727268359374999 0.578441078125 0.7744937546874999 0.5810359078125 0.7743123062499999 0.5834944953125001 0.772182490625 0.5860893234375 0.77200104375 0.5888203984375 0.7737679625 0.7289412265624999 0.763969759375 0.7326291078125 0.7607750359375001 0.7319478921875 0.7510332 0.7344064796875001 0.7489033843749999 0.733316534375 0.7333164453125 0.7305854609375 0.7315495265624999 0.7299042453125 0.721807690625 0.725807634375 0.7191573124999999 0.7024541625 0.7207903453125 0.699723090625 0.7190234265625 0.5751712437500001 0.7277329406249999 0.57244016875 0.7259660218749999 0.5698453390625 0.72614746875 0.5673867515625 0.7282772843750001 0.5596022625 0.7288216296875001 0.5568711890625 0.7270547109375001 0.5438970375000001 0.7279619515625 0.5414384515624999 0.7300917671875 0.5387073765625 0.7283248484375 0.4193451890625 0.736671465625 0.41688660312500003 0.7388012796875 0.32866237656249997 0.74497051875 0.3259313046875 0.7432036 0.3234727171875 0.745333415625 0.131455284375 0.7587605828124999 0.1277674046875 0.76195530625 0.1303560234375 0.7989742843750001 0.13172155937500002 0.79985774375 0.134316390625 0.7996762953125 0.1370474625 0.8014432140625001 0.251219990625 0.79345949375 0.2539510640625 0.7952264125 0.259140725 0.7948635171875 0.2615993109375 0.7927337015625 0.264194140625 0.792552253125 0.266925215625 0.794319171875
0 0.3652500640625 0.8207278328125 0.36770865 0.8185980171875 0.3806828015625 0.817690775 0.383413875 0.8194576953125001 0.3860087046875 0.8192762468750001 0.3884672921875 0.81714643125 0.391062121875 0.8169649828125 0.3937931953125 0.8187319015625001 0.6688451921875 0.7994983921875 0.671576265625 0.8012653125 0.7623953218749999 0.794914625 0.7636246156250001 0.7938497171875001 0.7617172109375 0.766572575 0.7548895296875 0.7621552781250001 0.365665003125 0.7893725078125 0.36293393125 0.7876055890625 0.339580459375 0.7892386218749999 0.337121871875 0.7913684375 0.3345270421875 0.7915498859375 0.33179596875 0.7897829671875 0.3292011390625 0.789964415625 0.3267425515625 0.79209423125 0.324147721875 0.792275678125 0.3214166484375 0.790508759375 0.2150286125 0.7979481359375 0.2125700234375 0.8000779515625001 0.20983895156250001 0.7983110328125 0.16313200781249998 0.8015771 0.1606734203125 0.8037069156250001 0.15807859062500002 0.8038883640625001 0.1553475171875 0.8021214437499999 0.15275268749999998 0.8023028921875 0.1502941 0.8044327078125001 0.144831953125 0.8008988703125001 0.1344526328125 0.8016246625000001 0.1319940453125 0.803754478125 0.129399215625 0.8039359265625 0.128169921875 0.8050008343749999 0.12857865156249998 0.8108459359375001 0.126120065625 0.8129757515625 0.1274824953125 0.832459425 0.12884803281249999 0.8333428843749999 0.13157910625 0.835109803125 0.33916551875 0.820593946875 0.3418965921875 0.8223608656250001 0.34449142187500004 0.8221794171875001 0.346950009375 0.820049603125 0.3599241609375 0.8191423609375 0.3626552328125 0.82090928125 0.3652500640625 0.8207278328125
0 0.168173003125 0.8736666890624999 0.2693713796875 0.8665902093750001 0.2718299671875 0.86446039375 0.3003731 0.8624644640625 0.303104171875 0.8642313828124999 0.305699003125 0.8640499343749999 0.3081575890625 0.86192011875 0.3133472484375 0.8615572234375 0.31607832343750003 0.8633241421875001 0.526259565625 0.8486268375 0.5289906390625 0.8503937562500001 0.5367751296875001 0.8498494125 0.5392337171875 0.847719596875 0.5625871874999999 0.8460865625 0.5653182609375 0.8478534812499999 0.6483528265625 0.8420471390625 0.6510838999999999 0.8438140593749999 0.65367873125 0.8436326109375001 0.6561373171875 0.8415027953124999 0.6587321484374999 0.8413213468749999 0.6614632203124999 0.843088265625 0.76785125625 0.8356488890625 0.7690805515625 0.83458398125 0.7689443078125 0.8326356140625 0.77140289375 0.8305057984375 0.77031295 0.8149188609375001 0.7675818765625 0.8131519421875 0.76676441875 0.8014617375 0.759936734375 0.797044440625 0.70804013125 0.8006734046874999 0.7053090578125001 0.7989064859375 0.702714228125 0.7990879328125 0.700255640625 0.8012177484375 0.6898763203125 0.8019435421875001 0.687145246875 0.8001766234375 0.658602115625 0.802172553125 0.656143528125 0.8043023687499999 0.6483590375 0.8048467125000001 0.6456279640625 0.8030797937499999 0.5859468703124999 0.807253103125 0.5834882828125 0.8093829187500001 0.5808934531250001 0.8095643656249999 0.5781623796875001 0.807797446875 0.5651882296874999 0.8087046875 0.5627296421875 0.8108345031249999 0.55999856875 0.809067584375 0.5548089078125 0.8094304812500001 0.552350321875 0.811560296875 0.49785888749999996 0.815370709375 0.49512781562499997 0.8136037890625 0.49253298437500004 0.8137852375 0.49007439843749995 0.8159150531250001 0.47710024687499997 0.8168222937499999 0.474369175 0.815055375 0.46139502343750005 0.815962615625 0.4589364359375 0.81809243125 0.4562053625 0.8163255125 0.3991191 0.8203173734375 0.3966605109375 0.8224471890625 0.3940656828125 0.8226286359375001 0.3913346078125 0.8208617171875 0.2953258921875 0.8275753015625 0.29259481875 0.8258083812500001 0.1420946703125 0.8363323781249999 0.1393635953125 0.8345654578125 0.13157910625 0.835109803125 0.1254326375 0.8404343421875 0.1257051234375 0.8443310765625001 0.1232465375 0.8464608921875 0.1248814546875 0.8698413 0.12242286718749999 0.8719711140624999 0.1237884046875 0.8728545750000001 0.12638323437500001 0.8726731265625001 0.1291143078125 0.8744400453125 0.14987294843750001 0.872988459375 0.15260402343749999 0.8747553781249999 0.1603885125 0.8742110343749999 0.1628471 0.87208121875 0.1654419296875 0.8718997703125 0.168173003125 0.8736666890624999
0 0.32918250625 0.9015656953125 0.3319135796875 0.9033326140625 0.4123533140625 0.8977077203125001 0.4150843875 0.8994746390625 0.4462223484375 0.8972972609375001 0.4486809359375 0.8951674453124999 0.47203440781249995 0.8935344109375001 0.47449299375000004 0.8914045953124999 0.4952516359375 0.889953009375 0.49771022187499997 0.8878231953125001 0.5080895437499999 0.8870974015625 0.51054813125 0.8849675859374999 0.5131429609375 0.8847861375000001 0.5156015484375 0.882656321875 0.5181963781250001 0.882474875 0.520654965625 0.880345059375 0.5258446250000001 0.8799821624999999 0.5307617984374999 0.8757225312499999 0.5333566296875001 0.8755410828124999 0.541961684375 0.8680867296875 0.5414167125 0.8602932593749999 0.534589028125 0.8558759625000001 0.5319941984375001 0.8560574109375001 0.5265320531250001 0.852523571875 0.5213423921875 0.8528864687500001 0.51861131875 0.85111955 0.2902662640625 0.8670869906249999 0.287535190625 0.865320071875 0.139629871875 0.8756626203125 0.13717128437499998 0.8777924359375 0.1319816234375 0.87815533125 0.12706445 0.8824149625000001 0.1244696203125 0.8825964109375001 0.11094739218750001 0.8943103953125 0.11108363437499999 0.8962587624999999 0.108625046875 0.8983885781250001 0.1091700203125 0.9061820484374999 0.11053555625 0.9070655078125001 0.1159977015625 0.9105993453125001 0.14973049375 0.9082405187499999 0.15246156875 0.9100074375 0.20954783125 0.906015578125 0.21227890624999998 0.9077824968750001 0.2537961875 0.9048793249999999 0.2565272609375 0.90664624375 0.32918250625 0.9015656953125
0 0.510535709375 0.9593684390625 0.5132667828125 0.9611353578124999 0.6663617625 0.9504299140624999 0.6700496421875 0.9472351921875 0.669095940625 0.9335966203125 0.66499933125 0.9309462421875001 0.5845595953125 0.9365711359375 0.581828521875 0.9348042171875001 0.5325267499999999 0.9382517328125 0.529795675 0.9364848140625 0.45195077031249997 0.9419282593749999 0.449219696875 0.940161340625 0.337642 0.9479636140625001 0.334910928125 0.9461966937499999 0.23371255 0.9532731734375 0.230981478125 0.9515062546875 0.124593440625 0.95894563125 0.123364146875 0.9600105390625 0.124590334375 0.9775458453124999 0.125955871875 0.9784293046875 0.1286869453125 0.9801962234375001 0.2039370203125 0.9749342249999999 0.2066680921875 0.9767011437500001 0.3052716390625 0.9698061125 0.3080027140625 0.9715730312499999 0.40401142968750003 0.9648594484374999 0.4067425015625 0.9666263671875001 0.510535709375 0.9593684390625
0 0.517460378125 1 0.7650953406250001 0.9826836765625 0.7663246328125 0.98161876875 0.76537093125 0.9679801984375 0.7626398578125 0.9662132796874999 0.762231128125 0.960368178125 0.7581345203125001 0.9577177984375 0.6776947843750001 0.9633426921874999 0.6749637109375 0.9615757734375 0.6074981265625 0.9662934265625 0.6047670546874999 0.9645265078125 0.4905945265625 0.9725102281250001 0.487863453125 0.970743309375 0.39963922812499997 0.9769125484375 0.3969081546875 0.9751456296875001 0.26197698593749996 0.9845809359375 0.2592459125 0.9828140171875 0.191780328125 0.9875316703125 0.1890492546875 0.9857647515625001 0.1812647640625 0.9863090953125001 0.1788061765625 0.9884389109375 0.173616515625 0.9888018078125 0.17088544375 0.9870348890624999 0.1527216328125 0.9883050265625 0.1472594859375 0.9847711875 0.12650084374999998 0.9862227734375001 0.12158367031249999 0.9904824046874999 0.118988840625 0.9906638531249999 0.115300959375 0.993858575 0.11543720312500001 0.9958069421875001 0.11297861718749999 0.9979367578125 0.1131228921875 1 0.517460378125 1