0 0.078125 0.8544831875 0.080078125 0.8518820203124999 0.080078125 0.8492808546875 0.078125 0.8466796875 0.078125 0.8024598578125 0.076171875 0.799858690625 0.076171875 0.7478353609374999 0.07421875 0.7452341953125 0.07421875 0.7062166984375 0.072265625 0.70361553125 0.072265625 0.664598034375 0.0703125 0.6619968671875001 0.0703125 0.6255805375 0.068359375 0.6229793703125 0.068359375 0.5813607078125 0.06640625 0.578759540625 0.06640625 0.5371408765625 0.064453125 0.5345397109375 0.064453125 0.5033257125 0.0625 0.500724546875 0.0625 0.46951054843750006 0.060546875 0.4669093828125 0.060546875 0.43569538437500005 0.05859375 0.43309421875 0.05859375 0.3940767203125 0.056640625 0.3914755546875 0.056640625 0.3654638890625 0.0546875 0.36286272343750003 0.0546875 0.347255725 0.052734375 0.3446545578125 0.052734375 0.3264463921875 0.0498046875 0.3225446421875 0.0478515625 0.3225446421875 0.0458984375 0.3199434765625 0.0126953125 0.3199434765625 0.0107421875 0.3225446421875 0.0087890625 0.3225446421875 0.0078125 0.3238452265625 0.0078125 0.3420533921875 0.009765625 0.3446545578125 0.009765625 0.3654638890625 0.01171875 0.36806505624999997 0.01171875 0.3940767203125 0.013671875 0.3966778875 0.013671875 0.4304930515625 0.015625 0.43309421875 0.015625 0.46170704999999995 0.017578125 0.464308215625 0.017578125 0.49812337968750003 0.01953125 0.500724546875 0.01953125 0.5267362109375 0.021484375 0.5293373781249999 0.021484375 0.5631525421875 0.0234375 0.5657537078125 0.0234375 0.5917653734375 0.025390625 0.5943665390625 0.025390625 0.628181703125 0.02734375 0.6307828703125 0.02734375 0.6593957015624999 0.029296875 0.6619968671875001 0.029296875 0.6854073656249999 0.03125 0.6880085328125001 0.03125 0.7192225296875 0.033203125 0.721823696875 0.033203125 0.7556388609375 0.03515625 0.758240028125 0.03515625 0.7946563578125 0.037109375 0.797257525 0.037109375 0.8336738546875001 0.0390625 0.8362750218749999 0.0390625 0.8622866859375 0.0439453125 0.868789603125 0.0712890625 0.868789603125 0.072265625 0.8674890187500001 0.0732421875 0.8661884359375 0.0771484375 0.8661884359375 0.078125 0.864887853125 0.078125 0.8544831875
0 0.119140625 0.8310726890625 0.1171875 0.828471521875 0.1171875 0.7894540250000001 0.115234375 0.7868528578125 0.115234375 0.7400318625 0.11328125 0.7374306953125 0.11328125 0.693210865625 0.111328125 0.6906096984375 0.111328125 0.6411875359375 0.109375 0.63858636875 0.109375 0.5995688718750001 0.107421875 0.59696770625 0.107421875 0.5553490421875 0.10546875 0.5527478765625 0.10546875 0.5111292125 0.103515625 0.5085280453125 0.103515625 0.46170704999999995 0.1015625 0.4591058828125 0.1015625 0.42529071875 0.099609375 0.42268955156250004 0.099609375 0.3914755546875 0.09765625 0.3888743875 0.09765625 0.3446545578125 0.095703125 0.3420533921875 0.095703125 0.3056370609375 0.09375 0.30303589375 0.09375 0.300434728125 0.0927734375 0.2991341453125 0.0908203125 0.2991341453125 0.0888671875 0.296532978125 0.0595703125 0.296532978125 0.056640625 0.300434728125 0.056640625 0.3264463921875 0.05859375 0.329047559375 0.05859375 0.378469721875 0.060546875 0.3810708890625 0.060546875 0.4200883859375 0.0625 0.42268955156250004 0.0625 0.45390355 0.064453125 0.45650471562500006 0.064453125 0.492921046875 0.06640625 0.49552221406249997 0.06640625 0.5345397109375 0.068359375 0.5371408765625 0.068359375 0.5813607078125 0.0703125 0.5839618734375 0.0703125 0.6203782046875 0.072265625 0.6229793703125 0.072265625 0.664598034375 0.07421875 0.6671992 0.07421875 0.7062166984375 0.076171875 0.7088178640625 0.076171875 0.758240028125 0.078125 0.7608411937499999 0.078125 0.8076621906250001 0.080078125 0.8102633562499999 0.080078125 0.8622866859375 0.08203125 0.864887853125 0.08203125 0.8674890187500001 0.0849609375 0.8713907687500001 0.0947265625 0.8713907687500001 0.0966796875 0.8739919359374999 0.1044921875 0.8739919359374999 0.10546875 0.8726913515625 0.1064453125 0.8713907687500001 0.1181640625 0.8713907687500001 0.119140625 0.8700901859375 0.119140625 0.8310726890625
0 0.2158203125 0.9130094328125 0.2177734375 0.910408265625 0.2197265625 0.910408265625 0.2216796875 0.9078071 0.2236328125 0.9078071 0.234375 0.893500684375 0.234375 0.8908995171875 0.23828125 0.8856971843749999 0.23828125 0.8830960187500001 0.2421875 0.8778936859375 0.2421875 0.87529251875 0.25 0.864887853125 0.25 0.8622866859375 0.251953125 0.8596855203124999 0.251953125 0.8336738546875001 0.25 0.8310726890625 0.25 0.7348295296875 0.248046875 0.7322283625 0.248046875 0.607372371875 0.24609375 0.6047712046875 0.24609375 0.5371408765625 0.244140625 0.5345397109375 0.244140625 0.443498884375 0.2421875 0.4408977171875 0.2421875 0.3446545578125 0.240234375 0.3420533921875 0.240234375 0.24320906562500003 0.2412109375 0.2419084828125 0.2841796875 0.2419084828125 0.2861328125 0.239307315625 0.2919921875 0.239307315625 0.294921875 0.23540556562499998 0.294921875 0.23280439999999997 0.291015625 0.2276020671875 0.291015625 0.2250009 0.2861328125 0.21849798437499998 0.2841796875 0.21849798437499998 0.2763671875 0.20809331874999998 0.2744140625 0.20809331874999998 0.2685546875 0.20028981875000001 0.2666015625 0.20028981875000001 0.2607421875 0.19248631875 0.2587890625 0.19248631875 0.2509765625 0.182081653125 0.2490234375 0.182081653125 0.2431640625 0.174278153125 0.2412109375 0.174278153125 0.2373046875 0.16907582031249999 0.2353515625 0.16907582031249999 0.2314453125 0.1638734875 0.2294921875 0.1638734875 0.2236328125 0.1560699890625 0.2216796875 0.1560699890625 0.2177734375 0.15086765625 0.2158203125 0.15086765625 0.2119140625 0.145665321875 0.2099609375 0.145665321875 0.2080078125 0.14306415625 0.2060546875 0.14306415625 0.2021484375 0.1378618234375 0.2001953125 0.1378618234375 0.1982421875 0.13526065625 0.1943359375 0.13526065625 0.1923828125 0.132659490625 0.1298828125 0.132659490625 0.1279296875 0.13526065625 0.0908203125 0.13526065625 0.08984375 0.136561240625 0.08984375 0.13916240625 0.087890625 0.14176357343749998 0.087890625 0.15216823906250002 0.08984375 0.1547694046875 0.08984375 0.17037640468749998 0.091796875 0.1729775703125 0.091796875 0.1755787375 0.08984375 0.178179903125 0.091796875 0.1807810703125 0.091796875 0.24060789843750002 0.09375 0.24320906562500003 0.09375 0.2822265625 0.095703125 0.28482772968750003 0.095703125 0.3238452265625 0.09765625 0.3264463921875 0.09765625 0.3654638890625 0.099609375 0.36806505624999997 0.099609375 0.4096837203125 0.1015625 0.4122848859375 0.1015625 0.443498884375 0.103515625 0.44610004999999997 0.103515625 0.49031988125000003 0.10546875 0.492921046875 0.10546875 0.5371408765625 0.107421875 0.53974204375 0.107421875 0.5839618734375 0.109375 0.586563040625 0.109375 0.6229793703125 0.111328125 0.6255805375 0.111328125 0.6671992 0.11328125 0.6698003671875 0.11328125 0.7192225296875 0.115234375 0.721823696875 0.115234375 0.7764481921875 0.1171875 0.779049359375 0.1171875 0.8128645234375 0.119140625 0.8154656890625 0.119140625 0.8544831875 0.12109375 0.8570843531250001 0.12109375 0.8622866859375 0.119140625 0.864887853125 0.12109375 0.8674890187500001 0.12109375 0.8987030171875 0.123046875 0.9013041828125001 0.123046875 0.9091076828125001 0.1259765625 0.9130094328125 0.1337890625 0.9130094328125 0.1357421875 0.9156105984374999 0.1572265625 0.9156105984374999 0.1591796875 0.918211765625 0.1865234375 0.918211765625 0.1875 0.9169111828125001 0.1884765625 0.9156105984374999 0.2041015625 0.9156105984374999 0.2060546875 0.9130094328125 0.2158203125 0.9130094328125
0 0.3232421875 0.8739919359374999 0.328125 0.8674890187500001 0.328125 0.7166213640625 0.326171875 0.714020196875 0.326171875 0.45390355 0.32421875 0.4513023828125 0.32421875 0.44870121718749995 0.326171875 0.44610004999999997 0.326171875 0.443498884375 0.32421875 0.4408977171875 0.32421875 0.2484113984375 0.3212890625 0.2445096484375 0.3173828125 0.2445096484375 0.3154296875 0.2419084828125 0.3134765625 0.2419084828125 0.3115234375 0.2445096484375 0.2978515625 0.2445096484375 0.2958984375 0.2419084828125 0.2939453125 0.2419084828125 0.2919921875 0.2445096484375 0.2900390625 0.2445096484375 0.2880859375 0.2419084828125 0.2783203125 0.2419084828125 0.2763671875 0.2445096484375 0.2744140625 0.2445096484375 0.2724609375 0.2419084828125 0.2451171875 0.2419084828125 0.240234375 0.2484113984375 0.240234375 0.2666195640625 0.2421875 0.2692207296875 0.2421875 0.35505922343749996 0.244140625 0.357660390625 0.244140625 0.45390355 0.24609375 0.45650471562500006 0.24609375 0.5371408765625 0.248046875 0.53974204375 0.248046875 0.6255805375 0.25 0.628181703125 0.25 0.7192225296875 0.251953125 0.721823696875 0.251953125 0.8258703562499999 0.25390625 0.828471521875 0.25390625 0.8700901859375 0.2568359375 0.8739919359374999 0.2607421875 0.8739919359374999 0.2626953125 0.8765931015625 0.2763671875 0.8765931015625 0.2783203125 0.8791942687500001 0.3037109375 0.8791942687500001 0.3046875 0.8778936859375 0.3056640625 0.8765931015625 0.3193359375 0.8765931015625 0.3212890625 0.8739919359374999 0.3232421875 0.8739919359374999
0 0.4052734375 0.8765931015625 0.4072265625 0.8739919359374999 0.4091796875 0.8739919359374999 0.412109375 0.8700901859375 0.412109375 0.8674890187500001 0.4140625 0.864887853125 0.4140625 0.8622866859375 0.416015625 0.8596855203124999 0.416015625 0.8336738546875001 0.41796875 0.8310726890625 0.41796875 0.7556388609375 0.416015625 0.75303769375 0.416015625 0.7504365281250001 0.41796875 0.7478353609374999 0.41796875 0.7374306953125 0.416015625 0.7348295296875 0.416015625 0.729627196875 0.41796875 0.7270260296875 0.41796875 0.7244248625 0.416015625 0.721823696875 0.416015625 0.5839618734375 0.41796875 0.5813607078125 0.41796875 0.578759540625 0.416015625 0.5761583734375 0.416015625 0.5735572078125 0.41796875 0.5709560406249999 0.41796875 0.568354875 0.416015625 0.5657537078125 0.416015625 0.5631525421875 0.41796875 0.560551375 0.41796875 0.4513023828125 0.416015625 0.44870121718749995 0.41796875 0.44610004999999997 0.41796875 0.43309421875 0.416015625 0.4304930515625 0.416015625 0.427891884375 0.41796875 0.42529071875 0.41796875 0.4122848859375 0.416015625 0.4096837203125 0.416015625 0.40708255312499997 0.41796875 0.4044813875 0.41796875 0.3732673890625 0.4208984375 0.36936563906250003 0.4228515625 0.37196680625 0.4326171875 0.37196680625 0.4345703125 0.36936563906250003 0.4404296875 0.36936563906250003 0.4453125 0.36286272343750003 0.4453125 0.300434728125 0.44140625 0.2952323953125 0.44140625 0.292631228125 0.431640625 0.27962539531249997 0.431640625 0.27702422968749996 0.427734375 0.271821896875 0.427734375 0.2692207296875 0.42578125 0.2666195640625 0.42578125 0.264018396875 0.421875 0.2588160640625 0.421875 0.25361373125000003 0.419921875 0.2510125640625 0.419921875 0.2484113984375 0.4150390625 0.2419084828125 0.3779296875 0.2419084828125 0.3759765625 0.239307315625 0.3310546875 0.239307315625 0.326171875 0.24581023124999998 0.326171875 0.44610004999999997 0.328125 0.44870121718749995 0.328125 0.643788703125 0.330078125 0.64638986875 0.330078125 0.6489910359375 0.328125 0.6515922015625 0.328125 0.65419336875 0.330078125 0.656794534375 0.330078125 0.8310726890625 0.33203125 0.8336738546875001 0.33203125 0.8700901859375 0.3369140625 0.8765931015625 0.3388671875 0.8765931015625 0.3408203125 0.8791942687500001 0.3466796875 0.8791942687500001 0.3486328125 0.881795434375 0.3818359375 0.881795434375 0.3828125 0.8804948515625 0.3837890625 0.8791942687500001 0.3955078125 0.8791942687500001 0.3974609375 0.8765931015625 0.4052734375 0.8765931015625
0 0.4453125 0.6515922015625 0.443359375 0.6489910359375 0.443359375 0.49031988125000003 0.4453125 0.4877187140625 0.4453125 0.44610004999999997 0.447265625 0.443498884375 0.447265625 0.427891884375 0.44921875 0.42529071875 0.44921875 0.4200883859375 0.451171875 0.41748721875 0.451171875 0.4122848859375 0.453125 0.4096837203125 0.453125 0.40708255312499997 0.455078125 0.4044813875 0.455078125 0.3966778875 0.45703125 0.3940767203125 0.45703125 0.386273221875 0.4501953125 0.3771691390625 0.4482421875 0.3771691390625 0.4443359375 0.37196680625 0.4208984375 0.37196680625 0.41796875 0.37586855625000004 0.41796875 0.4304930515625 0.419921875 0.43309421875 0.419921875 0.4382965515625 0.41796875 0.4408977171875 0.419921875 0.443498884375 0.419921875 0.8414773546875001 0.421875 0.8440785203125 0.421875 0.8700901859375 0.4248046875 0.8739919359374999 0.4404296875 0.8739919359374999 0.44140625 0.8726913515625 0.443359375 0.8700901859375 0.443359375 0.8674890187500001 0.4453125 0.864887853125 0.4453125 0.6515922015625
0 0.46875 0.6750027000000001 0.466796875 0.6724015343749999 0.466796875 0.6671992 0.46875 0.664598034375 0.46875 0.6619968671875001 0.466796875 0.6593957015624999 0.466796875 0.49812337968750003 0.4619140625 0.4916204640625 0.4541015625 0.4916204640625 0.4521484375 0.489019296875 0.4482421875 0.489019296875 0.4462890625 0.4916204640625 0.4443359375 0.4916204640625 0.443359375 0.492921046875 0.443359375 0.500724546875 0.4453125 0.5033257125 0.4453125 0.6671992 0.447265625 0.6698003671875 0.447265625 0.797257525 0.44921875 0.799858690625 0.44921875 0.8726913515625 0.4521484375 0.8765931015625 0.4658203125 0.8765931015625 0.466796875 0.87529251875 0.470703125 0.8726913515625 0.470703125 0.75303769375 0.46875 0.7504365281250001 0.46875 0.6750027000000001
0 0.5234375 0.65419336875 0.521484375 0.6515922015625 0.521484375 0.5579502093750001 0.51953125 0.5553490421875 0.51953125 0.41748721875 0.5166015625 0.41358546875 0.5029296875 0.41358546875 0.5009765625 0.4161866359375 0.4677734375 0.4161866359375 0.462890625 0.42268955156250004 0.462890625 0.4591058828125 0.46484375 0.46170704999999995 0.46484375 0.49031988125000003 0.466796875 0.492921046875 0.466796875 0.59696770625 0.46875 0.5995688718750001 0.46875 0.7010143656250001 0.470703125 0.70361553125 0.470703125 0.7894540250000001 0.47265625 0.7920551921875 0.47265625 0.7946563578125 0.470703125 0.797257525 0.470703125 0.8076621906250001 0.47265625 0.8102633562499999 0.47265625 0.8414773546875001 0.4755859375 0.8453791046875001 0.5224609375 0.8453791046875001 0.5234375 0.8440785203125 0.525390625 0.8414773546875001 0.525390625 0.797257525 0.5234375 0.7946563578125 0.5234375 0.65419336875
0 0.583984375 0.6333840359375 0.58203125 0.6307828703125 0.58203125 0.4799152140625 0.580078125 0.4773140484375 0.580078125 0.42268955156250004 0.5771484375 0.418787803125 0.5615234375 0.418787803125 0.5595703125 0.42138896875 0.5498046875 0.42138896875 0.5478515625 0.418787803125 0.5439453125 0.418787803125 0.5419921875 0.42138896875 0.5205078125 0.42138896875 0.51953125 0.42268955156250004 0.51953125 0.49031988125000003 0.521484375 0.492921046875 0.521484375 0.6125747046875001 0.5234375 0.615175871875 0.5234375 0.7400318625 0.525390625 0.742633028125 0.525390625 0.8362750218749999 0.52734375 0.8388761875 0.52734375 0.8440785203125 0.5283203125 0.8453791046875001 0.5576171875 0.8453791046875001 0.5595703125 0.8479802703124999 0.5830078125 0.8479802703124999 0.583984375 0.8466796875 0.5859375 0.8440785203125 0.5859375 0.7556388609375 0.583984375 0.75303769375 0.583984375 0.6333840359375
0 0.619140625 0.568354875 0.6171875 0.5657537078125 0.6171875 0.357660390625 0.615234375 0.35505922343749996 0.615234375 0.31083939374999997 0.6123046875 0.30693764375 0.5849609375 0.30693764375 0.5830078125 0.3095388109375 0.5791015625 0.3095388109375 0.5771484375 0.31213997656250003 0.5751953125 0.31213997656250003 0.5673828125 0.3225446421875 0.5654296875 0.3225446421875 0.546875 0.347255725 0.546875 0.386273221875 0.548828125 0.3888743875 0.548828125 0.40188022031250004 0.5537109375 0.4083831359375 0.5556640625 0.4083831359375 0.5595703125 0.41358546875 0.5634765625 0.41358546875 0.5654296875 0.4161866359375 0.5791015625 0.4161866359375 0.580078125 0.41748721875 0.580078125 0.42529071875 0.58203125 0.427891884375 0.58203125 0.5241350453125 0.583984375 0.5267362109375 0.583984375 0.53974204375 0.58203125 0.542343209375 0.58203125 0.5813607078125 0.583984375 0.5839618734375 0.583984375 0.7270260296875 0.5859375 0.729627196875 0.5859375 0.8414773546875001 0.587890625 0.8440785203125 0.587890625 0.8466796875 0.5908203125 0.8505814375 0.6162109375 0.8505814375 0.6171875 0.8492808546875 0.62109375 0.8466796875 0.62109375 0.714020196875 0.619140625 0.71141903125 0.619140625 0.568354875
0 0.646484375 0.8258703562499999 0.64453125 0.8232691890625 0.64453125 0.7166213640625 0.642578125 0.714020196875 0.642578125 0.71141903125 0.64453125 0.7088178640625 0.64453125 0.7010143656250001 0.642578125 0.6984131984374999 0.642578125 0.643788703125 0.64453125 0.6411875359375 0.64453125 0.63858636875 0.642578125 0.635985203125 0.642578125 0.4200883859375 0.640625 0.41748721875 0.640625 0.3914755546875 0.642578125 0.3888743875 0.642578125 0.378469721875 0.640625 0.37586855625000004 0.640625 0.25361373125000003 0.6357421875 0.247110815625 0.6240234375 0.247110815625 0.6220703125 0.24971198125 0.6201171875 0.24971198125 0.6181640625 0.25231314843749997 0.6162109375 0.25231314843749997 0.6044921875 0.267920146875 0.6025390625 0.267920146875 0.59375 0.27962539531249997 0.59375 0.2822265625 0.58984375 0.28742889531250004 0.58984375 0.29003006249999996 0.5859375 0.2952323953125 0.5859375 0.300434728125 0.5869140625 0.3017353109375 0.5908203125 0.3017353109375 0.5927734375 0.30433647812500003 0.6142578125 0.30433647812500003 0.615234375 0.3056370609375 0.615234375 0.3238452265625 0.6171875 0.3264463921875 0.6171875 0.443498884375 0.619140625 0.44610004999999997 0.619140625 0.4513023828125 0.6171875 0.45390355 0.619140625 0.45650471562500006 0.619140625 0.721823696875 0.62109375 0.7244248625 0.62109375 0.7270260296875 0.619140625 0.729627196875 0.619140625 0.742633028125 0.62109375 0.7452341953125 0.62109375 0.8440785203125 0.6279296875 0.853182603125 0.6396484375 0.853182603125 0.640625 0.8518820203124999 0.64453125 0.8466796875 0.64453125 0.8336738546875001 0.646484375 0.8310726890625 0.646484375 0.8258703562499999
0 0.669921875 0.5267362109375 0.66796875 0.5241350453125 0.66796875 0.521533878125 0.669921875 0.5189327109375 0.66796875 0.5163315453124999 0.66796875 0.2666195640625 0.6650390625 0.2627178140625 0.6630859375 0.2627178140625 0.6611328125 0.26011664687499997 0.6533203125 0.26011664687499997 0.6513671875 0.25751548125 0.6494140625 0.26011664687499997 0.6416015625 0.26011664687499997 0.640625 0.26141723125 0.640625 0.36286272343750003 0.642578125 0.3654638890625 0.642578125 0.5917653734375 0.64453125 0.5943665390625 0.64453125 0.6724015343749999 0.642578125 0.6750027000000001 0.642578125 0.6828062 0.64453125 0.6854073656249999 0.64453125 0.8206680234375 0.646484375 0.8232691890625 0.646484375 0.8310726890625 0.6494140625 0.8349744390625 0.6669921875 0.8349744390625 0.66796875 0.8336738546875001 0.671875 0.828471521875 0.671875 0.6854073656249999 0.669921875 0.6828062 0.669921875 0.5267362109375
0 0.712890625 0.6125747046875001 0.7099609375 0.6086729546874999 0.7021484375 0.6086729546874999 0.6982421875 0.603470621875 0.6953125 0.607372371875 0.6953125 0.828471521875 0.6982421875 0.832373271875 0.7119140625 0.832373271875 0.712890625 0.8310726890625 0.71484375 0.828471521875 0.71484375 0.8232691890625 0.712890625 0.8206680234375 0.712890625 0.6125747046875001
0 0.712890625 0.3914755546875 0.7109375 0.3888743875 0.7109375 0.386273221875 0.712890625 0.3836720546875 0.712890625 0.35505922343749996 0.7109375 0.3524580578125 0.7109375 0.3160417265625 0.7080078125 0.31213997656250003 0.6982421875 0.31213997656250003 0.6962890625 0.31474114375 0.6943359375 0.31474114375 0.693359375 0.3160417265625 0.693359375 0.4044813875 0.6953125 0.40708255312499997 0.6953125 0.41488605312500004 0.693359375 0.41748721875 0.693359375 0.42268955156250004 0.6953125 0.42529071875 0.693359375 0.427891884375 0.6953125 0.4304930515625 0.6953125 0.5761583734375 0.6982421875 0.5800601234375 0.7041015625 0.5800601234375 0.705078125 0.578759540625 0.7060546875 0.5774589578125 0.7099609375 0.5774589578125 0.712890625 0.5735572078125 0.712890625 0.3914755546875
0 0.7578125 0.742633028125 0.7578125 0.5761583734375 0.759765625 0.5735572078125 0.759765625 0.30303589375 0.7568359375 0.2991341453125 0.7294921875 0.2991341453125 0.7275390625 0.3017353109375 0.7236328125 0.3017353109375 0.7177734375 0.3095388109375 0.7158203125 0.3095388109375 0.7109375 0.3160417265625 0.7109375 0.321244059375 0.712890625 0.3238452265625 0.712890625 0.5735572078125 0.71484375 0.5761583734375 0.712890625 0.578759540625 0.712890625 0.6021700390625 0.71484375 0.6047712046875 0.71484375 0.6099735390625 0.712890625 0.6125747046875001 0.712890625 0.7270260296875 0.71484375 0.729627196875 0.71484375 0.7374306953125 0.712890625 0.7400318625 0.712890625 0.7842516921875 0.71484375 0.7868528578125 0.71484375 0.799858690625 0.712890625 0.8024598578125 0.712890625 0.8050610234375 0.71484375 0.8076621906250001 0.71484375 0.8310726890625 0.716796875 0.8336738546875001 0.716796875 0.8414773546875001 0.71875 0.8440785203125 0.71875 0.8466796875 0.720703125 0.8492808546875 0.720703125 0.8518820203124999 0.7275390625 0.860986103125 0.7294921875 0.860986103125 0.7314453125 0.8635872703125 0.7529296875 0.8635872703125 0.75390625 0.8622866859375 0.75390625 0.8596855203124999 0.755859375 0.8570843531250001 0.755859375 0.7452341953125 0.7578125 0.742633028125
0 0.814453125 0.8440785203125 0.8125 0.8414773546875001 0.8125 0.8388761875 0.814453125 0.8362750218749999 0.814453125 0.8232691890625 0.8125 0.8206680234375 0.8125 0.797257525 0.814453125 0.7946563578125 0.814453125 0.6880085328125001 0.81640625 0.6854073656249999 0.81640625 0.6802050328125 0.814453125 0.6776038671875 0.814453125 0.6698003671875 0.81640625 0.6671992 0.81640625 0.635985203125 0.814453125 0.6333840359375 0.814453125 0.6255805375 0.81640625 0.6229793703125 0.81640625 0.6177770375 0.814453125 0.615175871875 0.814453125 0.5839618734375 0.81640625 0.5813607078125 0.81640625 0.5761583734375 0.814453125 0.5735572078125 0.814453125 0.5657537078125 0.81640625 0.5631525421875 0.81640625 0.3940767203125 0.818359375 0.3914755546875 0.818359375 0.3836720546875 0.81640625 0.3810708890625 0.81640625 0.378469721875 0.818359375 0.37586855625000004 0.818359375 0.193786903125 0.8154296875 0.189885153125 0.7783203125 0.189885153125 0.7763671875 0.19248631875 0.7724609375 0.19248631875 0.7705078125 0.1950874859375 0.7685546875 0.1950874859375 0.7646484375 0.20028981875000001 0.7607421875 0.20028981875000001 0.7587890625 0.20289098437500003 0.7568359375 0.20289098437500003 0.7529296875 0.20809331874999998 0.7509765625 0.20809331874999998 0.7490234375 0.210694484375 0.7470703125 0.210694484375 0.7431640625 0.21589681718749998 0.7412109375 0.21589681718749998 0.7373046875 0.22109915 0.7353515625 0.22109915 0.7314453125 0.2263014828125 0.7294921875 0.2263014828125 0.7275390625 0.22890264999999999 0.7255859375 0.22890264999999999 0.7216796875 0.2341049828125 0.7197265625 0.2341049828125 0.7177734375 0.2367061484375 0.7158203125 0.2367061484375 0.7119140625 0.2419084828125 0.7099609375 0.2419084828125 0.7080078125 0.2445096484375 0.7060546875 0.2445096484375 0.6953125 0.2588160640625 0.6953125 0.292631228125 0.697265625 0.2952323953125 0.697265625 0.300434728125 0.7001953125 0.30433647812500003 0.7060546875 0.30433647812500003 0.7080078125 0.30693764375 0.7119140625 0.30693764375 0.7138671875 0.30433647812500003 0.7158203125 0.30433647812500003 0.71875 0.300434728125 0.71875 0.2978335609375 0.7197265625 0.296532978125 0.7255859375 0.296532978125 0.7294921875 0.2913306453125 0.7314453125 0.2939318109375 0.7353515625 0.2939318109375 0.7373046875 0.2913306453125 0.7490234375 0.2913306453125 0.7509765625 0.2939318109375 0.7529296875 0.2939318109375 0.75390625 0.292631228125 0.75390625 0.29003006249999996 0.755859375 0.28742889531250004 0.755859375 0.2822265625 0.7578125 0.27962539531249997 0.7578125 0.271821896875 0.7587890625 0.2705213140625 0.759765625 0.271821896875 0.759765625 0.2822265625 0.76171875 0.28482772968750003 0.76171875 0.5943665390625 0.759765625 0.59696770625 0.76171875 0.5995688718750001 0.76171875 0.6021700390625 0.759765625 0.6047712046875 0.759765625 0.7478353609374999 0.7578125 0.7504365281250001 0.7578125 0.75303769375 0.759765625 0.7556388609375 0.759765625 0.758240028125 0.7578125 0.7608411937499999 0.7578125 0.7660435265625 0.759765625 0.76864469375 0.759765625 0.8206680234375 0.7578125 0.8232691890625 0.7578125 0.8570843531250001 0.7705078125 0.8739919359374999 0.7744140625 0.8739919359374999 0.7763671875 0.8765931015625 0.7978515625 0.8765931015625 0.798828125 0.87529251875 0.7998046875 0.8739919359374999 0.8095703125 0.8739919359374999 0.814453125 0.8674890187500001 0.814453125 0.8440785203125
0 0.857421875 0.7920551921875 0.859375 0.7894540250000001 0.859375 0.6047712046875 0.861328125 0.6021700390625 0.861328125 0.264018396875 0.8603515625 0.2627178140625 0.8212890625 0.2627178140625 0.8203125 0.264018396875 0.8203125 0.2666195640625 0.818359375 0.2692207296875 0.818359375 0.28482772968750003 0.8203125 0.28742889531250004 0.8203125 0.29003006249999996 0.818359375 0.292631228125 0.818359375 0.329047559375 0.8203125 0.33164872500000003 0.8203125 0.3342498921875 0.818359375 0.3368510578125 0.818359375 0.4122848859375 0.81640625 0.41488605312500004 0.81640625 0.797257525 0.814453125 0.799858690625 0.814453125 0.8570843531250001 0.8173828125 0.860986103125 0.8310546875 0.860986103125 0.8330078125 0.8635872703125 0.8505859375 0.8635872703125 0.8515625 0.8622866859375 0.85546875 0.8570843531250001 0.85546875 0.8492808546875 0.857421875 0.8466796875 0.857421875 0.7920551921875
0 0.875 0.8414773546875001 0.875 0.8362750218749999 0.876953125 0.8336738546875001 0.876953125 0.7608411937499999 0.87890625 0.758240028125 0.87890625 0.6307828703125 0.880859375 0.628181703125 0.880859375 0.5085280453125 0.8828125 0.5059268796875 0.8828125 0.36026155625 0.884765625 0.357660390625 0.884765625 0.3446545578125 0.8818359375 0.3407528078125 0.8798828125 0.3407528078125 0.8779296875 0.3381516421875 0.8681640625 0.3381516421875 0.86328125 0.3446545578125 0.86328125 0.347255725 0.861328125 0.349856890625 0.865234375 0.35505922343749996 0.865234375 0.4591058828125 0.86328125 0.46170704999999995 0.86328125 0.6307828703125 0.861328125 0.6333840359375 0.861328125 0.81806685625 0.859375 0.8206680234375 0.859375 0.8492808546875 0.8623046875 0.853182603125 0.8740234375 0.853182603125 0.875 0.8518820203124999 0.875 0.8492808546875 0.876953125 0.8466796875 0.876953125 0.8440785203125 0.875 0.8414773546875001