0 0.5739515453124999 0.09693236875 0.5765182281250001 0.0989305921875 0.64413825625 0.10011090468749999 0.6479882828125 0.10310824062499999 0.6453534249999999 0.10501567187500001 0.6452511640624999 0.11087415468749999 0.6478178484375 0.11287237812499999 0.6477837625 0.11482520624999999 0.6451489046875001 0.11673263593750001 0.6448421234375 0.134308084375 0.6422072671875 0.136215515625 0.6416959656250001 0.16550792812499998 0.6429793078125 0.166507040625 0.645580078125 0.16655243749999998 0.6481467609375 0.16855066093749999 0.6533483015625 0.1686414546875 0.6559149859375 0.170639678125 0.6611165265625 0.17073047187499998 0.6637513828125 0.168823040625 0.666352153125 0.1688684375 0.66766958125 0.167914721875 0.66770366875 0.16596189374999998 0.6703385265625 0.1640544640625 0.6703726125 0.1621016359375 0.6730074687500001 0.1601942046875 0.6730415562500001 0.158241378125 0.6756764140625 0.156333946875 0.6757105 0.15438111875 0.6809802140625 0.1505662578125 0.6810143015625 0.1486134296875 0.683649159375 0.1467059984375 0.6836832453125 0.144753171875 0.6863181015625 0.142845740625 0.6863521890625 0.1408929125 0.6916219031249999 0.1370780515625 0.6916559890625 0.1351252234375 0.696925703125 0.13131036093749998 0.696959790625 0.129357534375 0.702229503125 0.12554267187499998 0.702263590625 0.12358984531249999 0.7048984484374999 0.1216824140625 0.7049325343749999 0.11972958593750001 0.7128371062500001 0.11400729375 0.7128711937500001 0.11205446562500002 0.71550605 0.1101470359375 0.7155401359375 0.1081942078125 0.71817499375 0.1062867765625 0.71820908125 0.10433394843749999 0.7208439375 0.10242651875 0.7209461968750001 0.09656803593749999 0.7235810546875 0.09466060468750001 0.7241264421875 0.06341536406250001 0.7267612984375 0.0615079328125 0.7270339921875 0.0458853125 0.724467309375 0.0438870890625 0.724501396875 0.0419342609375 0.7206513718750001 0.038936925 0.6894421265624999 0.038392165625 0.68687544375 0.0363939421875 0.640061578125 0.035576803125 0.637426721875 0.037484234374999995 0.6348259515625 0.0374388375 0.6322592671875 0.0354406125 0.54123230625 0.03385173125 0.5386656234375 0.0318535078125 0.41382864843749995 0.0296744703125 0.4112619640625 0.027676245312499997 0.30202961093749997 0.025769587500000003 0.29946292812499997 0.0237713640625 0.23964521093750002 0.0227272421875 0.237078528125 0.0207290171875 0.22147390625000002 0.0204566375 0.21752162187500002 0.023317784375 0.21649901875 0.081902609375 0.21778236093749997 0.082901721875 0.2190657015625 0.083900834375 0.219031615625 0.08585366093749999 0.222881640625 0.0888509984375 0.46735404999999997 0.0931182796875 0.4699207328125 0.095116503125 0.4751222734375 0.095207296875 0.4777571296875 0.093299865625 0.4803579015625 0.0933452625 0.48292458437499997 0.0953434875 0.5739515453124999 0.09693236875
0 0.23955312968750003 0.17704601250000002 0.2421198125 0.1790442375 0.244720584375 0.179089634375 0.24735544062499998 0.177182203125 0.24992212500000002 0.1791804265625 0.5516114796875 0.184446434375 0.5541781640625 0.1864446578125 0.5671820140625 0.186671640625 0.569816871875 0.1847642109375 0.5724176421875 0.1848096078125 0.5749843265625 0.18680783125 0.587988178125 0.1870348140625 0.591838203125 0.19003215 0.5917700296875 0.19393780625 0.5943367125 0.19593602968749999 0.5942685390625 0.199841684375 0.5968352234375 0.201839909375 0.5966988765625 0.20965121875 0.6056822687500001 0.216645003125 0.6082830390625 0.2166904 0.6175050390625 0.2100143921875 0.617539125 0.2080615640625 0.6201739828124999 0.2061541328125 0.6202080703124999 0.20420130625000002 0.6228429265625001 0.20229387499999998 0.6228770124999999 0.20034104687499998 0.6281467265625 0.1965261859375 0.6281808140625 0.19457335781250001 0.630815671875 0.19266592656249998 0.6308497578125001 0.1907131 0.6334846140625 0.18880566875 0.6336209609375001 0.180994359375 0.63625581875 0.179086928125 0.636426253125 0.169322790625 0.6390611078124999 0.16741535937500002 0.6394360625 0.14593425625 0.6420709203125 0.144026825 0.6425822218749999 0.11473441250000001 0.6452170781250001 0.11282698124999999 0.6454215984375 0.10111001718749998 0.64413825625 0.10011090468749999 0.5557120671875 0.09856741875 0.5531453828124999 0.0965691953125 0.5505446125 0.0965237984375 0.5479097546875 0.0984312296875 0.545308984375 0.09838583281249999 0.5427423015625 0.096387609375 0.220246784375 0.090758428125 0.21892935468750002 0.09171214375 0.21828170781249998 0.1288158671875 0.21956505 0.1298149796875 0.220848390625 0.130814090625 0.22054161093750002 0.14838953906250002 0.22310829375000002 0.15038776250000002 0.22286968593749998 0.16405755625000001 0.22543637031250002 0.16605577968750002 0.225368196875 0.1699614359375 0.22793487968749998 0.171959659375 0.22786670625 0.1758653140625 0.22915005000000002 0.1768644265625 0.23955312968750003 0.17704601250000002
0 0.27281775625 0.208881409375 0.2753844390625 0.2108796328125 0.47044221249999996 0.21428437968749997 0.47307707031249996 0.2123769484375 0.47567783906249994 0.21242234531249998 0.4782445234375 0.21442056874999998 0.4834460640625 0.2145113625 0.486080921875 0.21260393125000002 0.5771078828125 0.21419281406250001 0.579674565625 0.21619103750000002 0.5822753359374999 0.216236434375 0.5849101921875001 0.21432900312499997 0.5875109640625 0.2143744 0.59146325 0.211513253125 0.5917700296875 0.19393780625 0.5892033453125001 0.19193958125 0.5892374328125001 0.18998675468749998 0.58538740625 0.1869894171875 0.4345427296875 0.1843564140625 0.4319760453125 0.182358190625 0.4293752765625 0.18231279375 0.42674041875 0.184220225 0.42413964687499994 0.184174828125 0.4215729640625 0.182176603125 0.411169884375 0.1819950171875 0.4085350265625 0.1839024484375 0.40333348593749996 0.1838116546875 0.40076680312499996 0.18181343125 0.22911596250000002 0.1788172546875 0.22516367656249997 0.1816784 0.2249250703125 0.19534819375 0.2262084109375 0.1963473046875 0.22749175312499997 0.19734641718749998 0.22738949218750001 0.20320490000000002 0.2299561765625 0.20520312343749997 0.2299220890625 0.20715595156250002 0.23120543124999998 0.2081550640625 0.2520115953125 0.20851823593750002 0.254578278125 0.2105164609375 0.2571790484375 0.2105618578125 0.2598139046875 0.20865442656250002 0.27281775625 0.208881409375
0 0.5489305828125 0.2635132515625 0.551497265625 0.265511475 0.5513950046875 0.2713699578125 0.5539616890625 0.27336818125 0.553927603125 0.275321009375 0.5564942859374999 0.2773192328125 0.556392025 0.283177715625 0.56024205 0.2861750515625 0.5654435906249999 0.2862658453125 0.572030734375 0.28149726875000003 0.572064821875 0.279544440625 0.574699678125 0.277637009375 0.5747337640625 0.27568418281249996 0.577368621875 0.2737767515625 0.577402709375 0.2718239234375 0.580037565625 0.2699164921875 0.5800716515625 0.267963665625 0.5853413656249999 0.264148803125 0.585375453125 0.26219597656250004 0.5880103109375 0.2602885453125 0.588044396875 0.2583357171875 0.5906792546874999 0.2564282859375 0.590747428125 0.25252263125 0.593382284375 0.25061520000000004 0.5939617593750001 0.2174171328125 0.5926784171875 0.2164180203125 0.23377211562500003 0.2101532875 0.22981982968749998 0.213014434375 0.22934261562499997 0.24035401875 0.23062595625 0.24135313125 0.233192640625 0.24335135624999998 0.532281225 0.248571965625 0.534847909375 0.250570190625 0.5400494499999999 0.250660984375 0.543899475 0.2536583203125 0.5438653890625 0.25561114687500003 0.546432071875 0.257609371875 0.546397984375 0.2595621984375 0.5489646687499999 0.2615604234375 0.5489305828125 0.2635132515625
0 0.5381525468749999 0.2848127671875 0.5407874031250001 0.2829053359375 0.5409237499999999 0.27509402656250004 0.5383570671875 0.2730958015625 0.5383911546875 0.271142975 0.5410260109375 0.26923554375 0.5412987046875 0.2536129234375 0.5374486796875 0.2506155875 0.52964636875 0.250479396875 0.5270796843750001 0.2484811734375 0.516676603125 0.24829958593749998 0.5140417453125 0.2502070171875 0.5114409765625 0.2501616203125 0.5088742921875 0.24816339687500003 0.4958704421875 0.2479364140625 0.493235584375 0.24984384531249998 0.4906348140625 0.2497984484375 0.4880681296875 0.2478002234375 0.48546736093750004 0.24775482656249997 0.48283250312500003 0.2496622578125 0.4802317328125 0.24961686093750002 0.47766505 0.24761863750000002 0.4542581171875 0.2472100671875 0.451623259375 0.24911749843750003 0.44642171875000003 0.24902670625 0.44385503593750003 0.24702848125000001 0.36323115625 0.24562118593750001 0.3605962984375 0.24752861718750002 0.2331585546875 0.2453041828125 0.23052369687500002 0.24721161406249997 0.22792292656250002 0.24716621718749998 0.223970640625 0.25002736406250003 0.223459340625 0.2793197765625 0.22474268125000002 0.2803188890625 0.2260260234375 0.2813180015625 0.22588967656249997 0.2891293109375 0.2297397015625 0.292126646875 0.3181658921875 0.2936701328125 0.3208007484375 0.2917627015625 0.43783541406250004 0.2938055484375 0.4404702703125 0.29189811875 0.5340980015625 0.293532396875 0.5380502875000001 0.29067125 0.5381525468749999 0.2848127671875
0 0.5319284046874999 0.3433068 0.5434784796875001 0.3522988078125 0.5694861828125 0.352752775 0.5787081828125 0.34607676718749997 0.57874226875 0.3441239390625 0.5813771265625001 0.3422165078125 0.5814112140625001 0.34026368125 0.5866809281250001 0.33644881875 0.5867150140625 0.334495990625 0.589349871875 0.3325885609375 0.5897248265624999 0.31110745781250004 0.5871581421875 0.30910923281249997 0.5873967484375 0.295439440625 0.5835467234375 0.2924421046875 0.539333628125 0.2916703625 0.5366987703125 0.2935777921875 0.48988490625000003 0.292760653125 0.4872500484375 0.294668084375 0.3962230875 0.293079203125 0.39358823125 0.294986634375 0.24534432343749998 0.2923990265625 0.2427094671875 0.2943064578125 0.23490715468749998 0.29417026874999996 0.23358972812499998 0.29512398281249996 0.23352155468750002 0.2990296390625 0.230886696875 0.30093706875000004 0.2303753953125 0.3302294828125 0.23165873750000002 0.33122859375 0.2342254203125 0.33322681875 0.273236975 0.33390776718750004 0.2758718328125 0.3320003375 0.351294171875 0.3333168390625 0.353929028125 0.3314094078125 0.520378328125 0.334314790625 0.5229450124999999 0.336313015625 0.5255457812500001 0.3363584125 0.5319624921874999 0.341353971875 0.5319284046874999 0.3433068
0 0.43890227968750006 0.381728184375 0.4415371375 0.379820753125 0.45974252968749996 0.3801385296875 0.4623092125 0.38213675468749997 0.46490998437500003 0.38218215 0.467544840625 0.3802747203125 0.4701456109375 0.380320115625 0.47271229375 0.38231834062500003 0.4857161453125 0.3825453234375 0.488351003125 0.3806378921875 0.4909517734375 0.3806832890625 0.4935184578125 0.3826815140625 0.5013207671875 0.382817703125 0.503955625 0.38091027187500004 0.51435870625 0.381091859375 0.5183109921875 0.3782307125 0.5186859453125 0.356749609375 0.5213208015624999 0.354842178125 0.5214571484375 0.34703086875 0.518890465625 0.34503264375 0.5190268125 0.337221334375 0.5151767875 0.3342239984375 0.5073744765625 0.33408780781249997 0.5047396203125001 0.3359952390625 0.4631272953125 0.33526889375 0.4605606125 0.33327066875 0.45535907187499997 0.3331798765625 0.45272421406249996 0.33508730625 0.3148833875 0.3326812859375 0.31224853124999996 0.3345887171875 0.23682619218749998 0.333272215625 0.234191334375 0.335179646875 0.2315905640625 0.33513424999999997 0.227638278125 0.3379953953125 0.2275701046875 0.3419010515625 0.22493524687500002 0.34380848125 0.22449212031250002 0.3691952390625 0.2257754625 0.3701943515625 0.2270588046875 0.3711934640625 0.22695654375 0.377051946875 0.23080657031250001 0.3800492828125 0.3270350703125 0.3817289578125 0.3296699265625 0.3798215265625 0.405092265625 0.381138028125 0.4077271234375 0.379230596875 0.4233317453125 0.3795029765625 0.4258984296875 0.3815012015625 0.43890227968750006 0.381728184375
0 0.2731108078125 0.4901793671875 0.286114659375 0.49040635000000005 0.288749515625 0.48849891875000007 0.29135028749999997 0.488544315625 0.2939169703125 0.4905425390625 0.8920941390625 0.5009837609375001 0.8947289968750001 0.49907632968750004 0.89732976875 0.4991217265625 0.899964625 0.4972142953125 0.9025653953124999 0.4972596921875 0.9038828234375 0.49630597656250003 0.903950996875 0.49240032187500005 0.9065858531250001 0.490492890625 0.906619940625 0.4885400640625 0.9092547968750001 0.4866326328125 0.9097320124999999 0.45929304687499994 0.9123668703125001 0.45738561562499996 0.9124350437500001 0.4534799609375 0.909868359375 0.4514817375 0.9099365328125 0.4475760828125 0.912571390625 0.4456686515625 0.9127077375000001 0.43785734062500004 0.910141053125 0.43585911718750003 0.9102433124999999 0.43000063437499997 0.9128781703125 0.428093203125 0.9133212984375 0.4027064453125 0.9107546140625 0.400708221875 0.9108568734375 0.3948497390625 0.9082901890624999 0.3928515140625 0.9083583624999999 0.38894585937500004 0.9019416546875 0.3839502984375 0.89413934375 0.383814109375 0.8915726609375 0.3818158859375 0.8213518625 0.3805901765625 0.81871700625 0.38249760781250003 0.6782754078125001 0.380046190625 0.6756405515624999 0.38195362187500004 0.5586058875 0.3799107734375 0.55597103125 0.3818182046875 0.5117579343750001 0.38104646249999996 0.509123078125 0.38295389375 0.4467045921875 0.38186437500000003 0.444069734375 0.3837718046875 0.4415030515625 0.38177358125 0.41809611875 0.3813650109375 0.4154612609375 0.3832724421875 0.41025972031249996 0.3831816484375 0.40769303749999997 0.381183425 0.3998907265625 0.3810472359375 0.3972558703125 0.38295466562499997 0.3894535578125 0.3828184765625 0.3868868734375 0.3808202515625 0.3842861046875 0.38077485625 0.381651246875 0.3826822859375 0.3244343 0.3816835609375 0.32179944374999997 0.3835909921875 0.1995632390625 0.3814573515625 0.19561095312500001 0.384318496875 0.195576865625 0.386271325 0.192942009375 0.38817875625 0.191578540625 0.46629185624999997 0.1928618828125 0.46729096875 0.19414522343750001 0.46829008125 0.193940703125 0.48000704687500007 0.19650738750000002 0.48200527031249996 0.19647330000000002 0.4839580984375 0.20032332656250001 0.486955434375 0.2601410421875 0.48799955625 0.2627077265625 0.48999777968749997 0.2653425828125 0.48809034999999995 0.2705441234375 0.4881811421875 0.2731108078125 0.4901793671875
0 0.712992034375 0.6267834078125001 0.71555871875 0.6287816328125 0.731163340625 0.6290540124999999 0.7337981984375 0.62714658125 0.7363989671875 0.627191978125 0.7389656515625 0.6291902015625 0.741566421875 0.6292355984375 0.744201278125 0.6273281671875 0.74680205 0.6273735640625 0.7493687328124999 0.6293717890625 0.8612018546875 0.6313238421875 0.8637685390625001 0.6333220671875 0.8949777843750001 0.6338668265625 0.897612640625 0.6319593953125 0.9028141796875 0.6320501890625 0.9041316078125 0.6310964734375 0.90419978125 0.62719081875 0.9068346390625001 0.6252833875 0.907073246875 0.6116135953125 0.9097081046875 0.6097061640625 0.9071414203125 0.6077079390625 0.9071755078124999 0.6057551125 0.9098103640625 0.60384768125 0.9101512328125001 0.58431940625 0.9127860890624999 0.5824119750000001 0.9130587828125 0.5667893546875 0.915693640625 0.5648819234375 0.916204940625 0.5355895109375 0.91363825625 0.5335912859375 0.9139791234375 0.5140630109375001 0.9075624156250001 0.5090674515625 0.9049616437499999 0.5090220546875 0.9023949625000001 0.5070238296875 0.8945926500000001 0.506887640625 0.892025965625 0.504889415625 0.40828268906250004 0.4964456453125 0.40571600625000004 0.494447421875 0.4031152359375 0.494402025 0.40048037968749994 0.49630945625 0.3952788390625 0.4962186625 0.3927121546875 0.4942204390625 0.2080574625 0.49099727968750007 0.20542260625000003 0.492904709375 0.1924187546875 0.4926777265625 0.18846646875 0.4955388734375 0.18839829531250002 0.499444528125 0.18576343906249998 0.501351959375 0.185388484375 0.5228330625 0.1827536265625 0.5247404921875 0.1816969390625 0.585278146875 0.18298028125000002 0.5862772578125 0.1842636234375 0.5872763703125 0.18392275625 0.6068046453125 0.18648943906249998 0.6088028703125 0.18645535156249998 0.610755696875 0.1928720609375 0.6157512578125 0.2891005625 0.6174309328125 0.2916672453125 0.6194291562500001 0.7077904937499999 0.626692615625 0.710357178125 0.6286908390625 0.712992034375 0.6267834078125001
0 0.3189804234375 0.694135965625 0.32161528125 0.692228534375 0.485463809375 0.695088521875 0.4880986671875 0.693181090625 0.52190868125 0.693771246875 0.5244753640625001 0.6957694703125 0.527076134375 0.6958148671875 0.529710990625 0.6939074359374999 0.6467456546875 0.6959502843750001 0.6493805109374999 0.694042853125 0.6545820515624999 0.694133646875 0.6571487359375 0.6961318703125 0.6597495078125 0.6961772671875 0.6623843640625 0.6942698359375 0.7248028515625 0.6953593546875 0.727369534375 0.6973575796875 0.7299703046875 0.6974029749999999 0.7326051625 0.6954955453125 0.737806703125 0.6955863375 0.7443938453125 0.6908177609374999 0.745109665625 0.6498083828125 0.7477445234375 0.6479009515625 0.74798313125 0.634231159375 0.7441331046874999 0.6312338234375 0.7129238609375 0.6306890640625 0.710357178125 0.6286908390625 0.6765471640625 0.6281006828125 0.67391230625 0.6300081140625 0.666109996875 0.629871925 0.6635433125 0.6278737 0.6557410015625 0.6277375109375 0.6531061453125 0.629644940625 0.6505053734375 0.6295995453125001 0.647938690625 0.6276013203125 0.6349348390625 0.6273743374999999 0.6322999828125 0.6292817687500001 0.40343219531249996 0.625286865625 0.4008655109375 0.6232886421875 0.2578231453125 0.620791828125 0.2552564625 0.6187936046875 0.2526216046875 0.620701034375 0.250020834375 0.6206556390625 0.24745414999999998 0.6186574140625 0.24485338125 0.6186120171875 0.2422185234375 0.6205194484375001 0.23965183906249998 0.6185212250000001 0.2110433671875 0.6180218609375 0.20840850937500002 0.6199292921875 0.2058077390625 0.6198838953125 0.20449031093749998 0.6208376109375 0.20445622343749997 0.6227904390625 0.2018213671875 0.6246978703125 0.200764678125 0.6852355234374999 0.2020480203125 0.6862346359375 0.20333136093749998 0.6872337468749999 0.2032631875 0.691139403125 0.2071132140625 0.6941367390625001 0.2175162953125 0.694318325 0.220151153125 0.69241089375 0.3033758015625 0.6938635859375 0.306010659375 0.6919561546875 0.308611428125 0.6920015515625 0.3111781125 0.6939997765625 0.3189804234375 0.694135965625
0 0.5050087624999999 0.7677063125 0.5076436203125 0.7657988812500001 0.6506859875 0.7682956953125 0.65332084375 0.7663882656250001 0.7703555078125001 0.7684311125 0.7716729359375 0.767477396875 0.77187745625 0.7557604312499999 0.7745123140625 0.7538530015625 0.7751599609375 0.716749278125 0.7777948171875 0.714841846875 0.7779652515625 0.705077709375 0.77539856875 0.7030794859375 0.7755008296875 0.697221003125 0.7703674625 0.6932245546875 0.7704356359375 0.6893189 0.7588855578125 0.680326890625 0.75368401875 0.6802360968750001 0.752366590625 0.6811898125 0.752332503125 0.6831426406250001 0.7496976453124999 0.685050071875 0.7495612984375 0.69286138125 0.7469264421874999 0.6947688125 0.74689235625 0.6967216406250001 0.745574928125 0.6976753546875 0.7143656828125 0.6971305953125 0.711730825 0.6990380265625 0.6233046359375 0.6974945421875 0.620669778125 0.6994019734375 0.61286746875 0.6992657828125 0.610300784375 0.697267559375 0.6077000140625 0.6972221625 0.60506515625 0.6991295937500001 0.46202278906250005 0.6966327796875 0.4593879328125 0.6985402109375001 0.45678716250000007 0.6984948140625 0.45422047968749996 0.6964965890625 0.4490189390625 0.6964057968749999 0.44638408125 0.6983132265625 0.2175162953125 0.694318325 0.2148814390625 0.6962257562499999 0.2122806671875 0.696180359375 0.21096323906249997 0.697134075 0.21089506562500002 0.7010397296875001 0.2082602078125 0.7029471609375 0.2079875140625 0.71856978125 0.2092708578125 0.71956889375 0.21055419843749998 0.7205680046875 0.20983837656249998 0.7615773828125 0.21240505937499998 0.7635756078125 0.21237097343750003 0.765528434375 0.213654315625 0.766527546875 0.2474643296875 0.767117703125 0.2500991859375 0.765210271875 0.36713385 0.7672531203124999 0.36976870625 0.7653456890625 0.5050087624999999 0.7677063125
0 0.6493566046875 0.84445596875 0.6519914609375 0.8425485390624999 0.795033828125 0.845045353125 0.7989861125 0.84218420625 0.799190634375 0.8304672406250001 0.801825490625 0.828559809375 0.8019959249999999 0.818795671875 0.799429240625 0.8167974484375 0.7995655875 0.8089861375 0.7969989046875 0.8069879140625 0.797067078125 0.8030822593750001 0.79450039375 0.8010840343750001 0.7945685671875 0.7971783796875 0.7894352 0.79318193125 0.7894692875 0.7912291031249999 0.7869026031249999 0.7892308796874999 0.7869366890625 0.7872780515625 0.779236640625 0.7812833796875001 0.7792707265625001 0.7793305515625 0.76772065 0.77033854375 0.6090736609375 0.76756935 0.6064388046875 0.7694767812500001 0.59863649375 0.7693405906249999 0.5960698109375 0.7673423671874999 0.5934349531249999 0.7692497984375 0.4659972078125 0.7670253640625 0.46336235156249994 0.7689327953125 0.35412999843750004 0.7670261375 0.351495140625 0.7689335671875 0.3098828171875 0.768207221875 0.307247959375 0.770114653125 0.29944565 0.7699784625 0.296878965625 0.7679802390625 0.291677425 0.7678894453125 0.2890425671875 0.7697968765625001 0.2162209984375 0.768525771875 0.2122687125 0.7713869171875001 0.2122346265625 0.7733397453124999 0.20959977031250002 0.7752471765625 0.20956568281250001 0.777200003125 0.20429596874999997 0.781014865625 0.20422779531250002 0.7849205203125 0.20159293749999999 0.7868279515625 0.20155885156250003 0.7887807796875 0.1989239953125 0.7906882093750001 0.1988899078125 0.7926410374999999 0.19625505000000001 0.79454846875 0.1962209640625 0.7965012953125 0.19358610781250002 0.7984087265625 0.193552021875 0.8003615546875 0.1909171640625 0.8022689859375 0.190814903125 0.8081274671875001 0.18818004531250002 0.8100348984375 0.18766874375 0.8393273109375 0.1889520875 0.8403264234375 0.1914846828125 0.8442774749999999 0.2643062515625 0.8455485812499999 0.266941109375 0.8436411500000001 0.35016575781250003 0.8450938406249999 0.352800615625 0.8431864109375 0.467234509375 0.8451838609375001 0.469869365625 0.84327643125 0.5400901640625 0.8445021390624999 0.542725021875 0.8425947078125 0.6493566046875 0.84445596875
0 0.75989443125 0.9206154703125 0.7625292890625001 0.9187080390625001 0.8249477765625001 0.9197975578124999 0.8289000625 0.9169364109375 0.82917275625 0.9013137906249999 0.8318076124999999 0.8994063609375 0.8326256937500001 0.8525385 0.8300590109374999 0.850540275 0.830127184375 0.8466346203124999 0.8275605 0.8446363968749999 0.8275945859375 0.8426835687500001 0.8250279046875001 0.8406853453125 0.825061990625 0.8387325171875 0.8199286234375001 0.8347360687500001 0.8199627109375 0.832783240625 0.8173960265625 0.8307850171875 0.8174301125 0.8288321890624999 0.8110134046875 0.8238366296875 0.8084126328125001 0.8237912328125001 0.8070952046875 0.8247449484375 0.8069929453125001 0.8306034312499999 0.8043580875 0.8325108609375 0.804324 0.8344636890625001 0.80168914375 0.8363711203124999 0.801552796875 0.8441824296875 0.7976005109375001 0.8470435765625 0.7897982 0.8469073859374999 0.7872315171875 0.8449091624999999 0.701406096875 0.843411075 0.6987712390625 0.8453185046874999 0.5869381171875 0.8433664500000001 0.584303259375 0.84527388125 0.5036793796875 0.8438665859375 0.5010445234375001 0.8457740171875001 0.40741679218750004 0.8441397390625 0.40478193593749995 0.8460471703125 0.277344190625 0.8438227359375 0.274709334375 0.8457301671874999 0.1940854546875 0.844322871875 0.1874983109375 0.8490914500000001 0.18637344843749998 0.9135347578124999 0.1876567921875 0.9145338703125001 0.192790159375 0.91853031875 0.22139863124999998 0.91902968125 0.2240334875 0.91712225 0.341068153125 0.9191650984375 0.343703009375 0.9172576671874999 0.49714845625 0.9199360671875001 0.4997833140625 0.9180286359375 0.6324226000000001 0.9203438640625 0.63505745625 0.9184364328125 0.75989443125 0.9206154703125
0 0.5818490140625 0.9858774640625001 0.5844838718750001 0.9839700328125 0.6807123734375 0.9856497078125 0.68334723125 0.9837422765625 0.7977811234375001 0.985739728125 0.8043682671875001 0.98097115 0.8045727875 0.9692541859375 0.80720764375 0.9673467546875001 0.8079575515625 0.9243845484375001 0.8041075281250001 0.9213872125 0.692274403125 0.9194351578125 0.689639546875 0.9213425890625 0.5596010312499999 0.9190727578125 0.556966175 0.9209801890625 0.554399490625 0.918981965625 0.5517987203125 0.9189365687500001 0.5491638625 0.920844 0.4243268890625 0.9186649625 0.4216920328125 0.9205723921875 0.2604442734375 0.917757803125 0.25780941562500004 0.9196652328124999 0.20059246874999997 0.9186665078124999 0.196640184375 0.9215276546875 0.19565166875 0.9781596531250001 0.19693501093750002 0.9791587640625 0.1982183515625 0.9801578765625001 0.198150178125 0.98406353125 0.1994335203125 0.9850626437500001 0.264452778125 0.986197559375 0.26708763593749996 0.984290128125 0.35291305624999997 0.9857882171875 0.3555479125 0.9838807859375001 0.4803848859375 0.9860598234375001 0.48301974375 0.9841523921875 0.5818490140625 0.9858774640625001