0 0.0986328125 0.8557837703125 0.103515625 0.8492808546875 0.103515625 0.8466796875 0.10546875 0.8440785203125 0.103515625 0.8414773546875001 0.103515625 0.7374306953125 0.1015625 0.7348295296875 0.1015625 0.64638986875 0.099609375 0.643788703125 0.099609375 0.5267362109375 0.09765625 0.5241350453125 0.09765625 0.500724546875 0.095703125 0.49812337968750003 0.095703125 0.43569538437500005 0.09375 0.43309421875 0.09375 0.378469721875 0.091796875 0.37586855625000004 0.091796875 0.33164872500000003 0.08984375 0.329047559375 0.091796875 0.3264463921875 0.091796875 0.3160417265625 0.08984375 0.3134405609375 0.08984375 0.25361373125000003 0.087890625 0.2510125640625 0.087890625 0.185983403125 0.0849609375 0.182081653125 0.0810546875 0.182081653125 0.0791015625 0.1794804875 0.0517578125 0.1794804875 0.0498046875 0.1768793203125 0.0263671875 0.1768793203125 0.0244140625 0.1794804875 0.0185546875 0.1794804875 0.015625 0.1833822359375 0.015625 0.185983403125 0.013671875 0.18858456875000001 0.013671875 0.2093939015625 0.015625 0.2119950671875 0.015625 0.25361373125000003 0.017578125 0.2562148984375 0.017578125 0.300434728125 0.01953125 0.30303589375 0.01953125 0.36026155625 0.021484375 0.36286272343750003 0.021484375 0.4096837203125 0.0234375 0.4122848859375 0.0234375 0.46951054843750006 0.025390625 0.472111715625 0.025390625 0.5267362109375 0.02734375 0.5293373781249999 0.02734375 0.5761583734375 0.029296875 0.578759540625 0.029296875 0.6203782046875 0.03125 0.6229793703125 0.03125 0.6906096984375 0.033203125 0.693210865625 0.033203125 0.7504365281250001 0.03515625 0.75303769375 0.03515625 0.81806685625 0.037109375 0.8206680234375 0.037109375 0.8466796875 0.0390625 0.8492808546875 0.0390625 0.8518820203124999 0.0458984375 0.860986103125 0.0498046875 0.860986103125 0.0517578125 0.8635872703125 0.0849609375 0.8635872703125 0.0859375 0.8622866859375 0.0869140625 0.860986103125 0.0927734375 0.860986103125 0.0966796875 0.8557837703125 0.0986328125 0.8557837703125
0 0.1787109375 0.8505814375 0.1806640625 0.8479802703124999 0.1826171875 0.8479802703124999 0.1845703125 0.8427779375 0.1865234375 0.8427779375 0.1875 0.8414773546875001 0.1875 0.6984131984374999 0.185546875 0.69581203125 0.185546875 0.6307828703125 0.18359375 0.628181703125 0.18359375 0.5449443765625 0.181640625 0.542343209375 0.181640625 0.5293373781249999 0.18359375 0.5267362109375 0.181640625 0.5241350453125 0.181640625 0.500724546875 0.1796875 0.49812337968750003 0.1796875 0.36286272343750003 0.177734375 0.36026155625 0.177734375 0.300434728125 0.1787109375 0.2991341453125 0.1806640625 0.2991341453125 0.1845703125 0.2939318109375 0.1923828125 0.2939318109375 0.1943359375 0.296532978125 0.2021484375 0.296532978125 0.2041015625 0.2991341453125 0.2138671875 0.2991341453125 0.21875 0.292631228125 0.21875 0.2276020671875 0.2138671875 0.22109915 0.2119140625 0.22109915 0.2099609375 0.21849798437499998 0.2080078125 0.21849798437499998 0.2060546875 0.21589681718749998 0.2041015625 0.21589681718749998 0.2021484375 0.21329565156250002 0.2001953125 0.21329565156250002 0.1982421875 0.210694484375 0.1962890625 0.210694484375 0.1943359375 0.20809331874999998 0.1923828125 0.20809331874999998 0.1904296875 0.20549215156249998 0.1884765625 0.20549215156249998 0.1865234375 0.20289098437500003 0.1826171875 0.20289098437500003 0.1806640625 0.20028981875000001 0.1787109375 0.20028981875000001 0.1767578125 0.19768865156249998 0.1748046875 0.19768865156249998 0.1728515625 0.1950874859375 0.1708984375 0.1950874859375 0.1689453125 0.19248631875 0.1630859375 0.19248631875 0.1611328125 0.189885153125 0.0986328125 0.189885153125 0.09375 0.19638806875 0.09375 0.23540556562499998 0.095703125 0.2380067328125 0.095703125 0.33164872500000003 0.09765625 0.3342498921875 0.09765625 0.4304930515625 0.099609375 0.43309421875 0.099609375 0.49552221406249997 0.1015625 0.49812337968750003 0.1015625 0.560551375 0.103515625 0.5631525421875 0.103515625 0.5657537078125 0.1015625 0.568354875 0.1015625 0.5761583734375 0.103515625 0.578759540625 0.103515625 0.64638986875 0.10546875 0.6489910359375 0.10546875 0.721823696875 0.107421875 0.7244248625 0.107421875 0.7270260296875 0.10546875 0.729627196875 0.10546875 0.7348295296875 0.107421875 0.7374306953125 0.107421875 0.7842516921875 0.109375 0.7868528578125 0.109375 0.8414773546875001 0.111328125 0.8440785203125 0.111328125 0.8492808546875 0.1123046875 0.8505814375 0.1142578125 0.8505814375 0.1162109375 0.853182603125 0.1240234375 0.853182603125 0.1259765625 0.8557837703125 0.1630859375 0.8557837703125 0.1640625 0.8544831875 0.1650390625 0.853182603125 0.1728515625 0.853182603125 0.1748046875 0.8505814375 0.1787109375 0.8505814375
0 0.2294921875 0.8453791046875001 0.234375 0.8388761875 0.234375 0.8362750218749999 0.236328125 0.8336738546875001 0.236328125 0.7946563578125 0.234375 0.7920551921875 0.234375 0.7192225296875 0.232421875 0.7166213640625 0.232421875 0.7088178640625 0.234375 0.7062166984375 0.234375 0.70361553125 0.232421875 0.7010143656250001 0.232421875 0.6515922015625 0.23046875 0.6489910359375 0.23046875 0.5813607078125 0.228515625 0.578759540625 0.228515625 0.5085280453125 0.2265625 0.5059268796875 0.2265625 0.43309421875 0.224609375 0.4304930515625 0.224609375 0.3654638890625 0.22265625 0.36286272343750003 0.22265625 0.30303589375 0.2197265625 0.2991341453125 0.1884765625 0.2991341453125 0.1865234375 0.296532978125 0.1845703125 0.296532978125 0.1826171875 0.2991341453125 0.1787109375 0.2991341453125 0.177734375 0.300434728125 0.177734375 0.31864289375 0.1796875 0.321244059375 0.1796875 0.4044813875 0.181640625 0.40708255312499997 0.181640625 0.41488605312500004 0.1796875 0.41748721875 0.1796875 0.43569538437500005 0.181640625 0.4382965515625 0.181640625 0.5293373781249999 0.18359375 0.53193854375 0.18359375 0.59696770625 0.185546875 0.5995688718750001 0.185546875 0.6698003671875 0.1875 0.6724015343749999 0.1875 0.75303769375 0.189453125 0.7556388609375 0.189453125 0.8414773546875001 0.19140625 0.8440785203125 0.19140625 0.8466796875 0.1943359375 0.8505814375 0.2119140625 0.8505814375 0.212890625 0.8492808546875 0.2138671875 0.8479802703124999 0.2255859375 0.8479802703124999 0.2275390625 0.8453791046875001 0.2294921875 0.8453791046875001
0 0.2724609375 0.8427779375 0.2734375 0.8414773546875001 0.2734375 0.8388761875 0.275390625 0.8362750218749999 0.275390625 0.8336738546875001 0.2734375 0.8310726890625 0.2734375 0.7608411937499999 0.271484375 0.758240028125 0.271484375 0.6828062 0.26953125 0.6802050328125 0.26953125 0.635985203125 0.267578125 0.6333840359375 0.267578125 0.5839618734375 0.265625 0.5813607078125 0.265625 0.5189327109375 0.263671875 0.5163315453124999 0.265625 0.513730378125 0.265625 0.5085280453125 0.263671875 0.5059268796875 0.263671875 0.443498884375 0.26171875 0.4408977171875 0.26171875 0.3888743875 0.259765625 0.386273221875 0.259765625 0.31864289375 0.2578125 0.3160417265625 0.2578125 0.271821896875 0.2607421875 0.267920146875 0.2685546875 0.267920146875 0.2705078125 0.2653189796875 0.2939453125 0.2653189796875 0.294921875 0.264018396875 0.294921875 0.26141723125 0.2919921875 0.25751548125 0.2900390625 0.25751548125 0.2861328125 0.25231314843749997 0.2841796875 0.25231314843749997 0.2802734375 0.247110815625 0.2783203125 0.247110815625 0.2763671875 0.2445096484375 0.2744140625 0.2445096484375 0.2705078125 0.239307315625 0.2685546875 0.239307315625 0.2666015625 0.2367061484375 0.2646484375 0.2367061484375 0.2626953125 0.2341049828125 0.2607421875 0.2341049828125 0.2587890625 0.231503815625 0.2568359375 0.231503815625 0.2548828125 0.22890264999999999 0.2216796875 0.22890264999999999 0.220703125 0.23020323281250002 0.220703125 0.27702422968749996 0.22265625 0.27962539531249997 0.22265625 0.31864289375 0.224609375 0.321244059375 0.224609375 0.357660390625 0.2265625 0.36026155625 0.2265625 0.4669093828125 0.228515625 0.46951054843750006 0.228515625 0.5293373781249999 0.23046875 0.53193854375 0.23046875 0.5917653734375 0.232421875 0.5943665390625 0.232421875 0.664598034375 0.234375 0.6671992 0.234375 0.7322283625 0.236328125 0.7348295296875 0.236328125 0.8206680234375 0.23828125 0.8232691890625 0.23828125 0.8440785203125 0.2392578125 0.8453791046875001 0.2470703125 0.8453791046875001 0.2490234375 0.8479802703124999 0.2626953125 0.8479802703124999 0.263671875 0.8466796875 0.2646484375 0.8453791046875001 0.2685546875 0.8453791046875001 0.2705078125 0.8427779375 0.2724609375 0.8427779375
0 0.3271484375 0.8427779375 0.328125 0.8414773546875001 0.328125 0.8024598578125 0.326171875 0.799858690625 0.326171875 0.7374306953125 0.32421875 0.7348295296875 0.32421875 0.729627196875 0.326171875 0.7270260296875 0.326171875 0.69581203125 0.32421875 0.693210865625 0.32421875 0.615175871875 0.322265625 0.6125747046875001 0.322265625 0.513730378125 0.3203125 0.5111292125 0.3203125 0.43309421875 0.318359375 0.4304930515625 0.318359375 0.36806505624999997 0.31640625 0.3654638890625 0.31640625 0.27442306250000004 0.3134765625 0.2705213140625 0.3115234375 0.2705213140625 0.3095703125 0.267920146875 0.2626953125 0.267920146875 0.2578125 0.27442306250000004 0.2578125 0.2952323953125 0.259765625 0.2978335609375 0.259765625 0.357660390625 0.26171875 0.36026155625 0.26171875 0.399279053125 0.263671875 0.40188022031250004 0.263671875 0.44610004999999997 0.265625 0.44870121718749995 0.265625 0.49552221406249997 0.267578125 0.49812337968750003 0.267578125 0.5059268796875 0.265625 0.5085280453125 0.265625 0.5163315453124999 0.267578125 0.5189327109375 0.267578125 0.542343209375 0.26953125 0.5449443765625 0.26953125 0.550146709375 0.267578125 0.5527478765625 0.267578125 0.5553490421875 0.26953125 0.5579502093750001 0.26953125 0.59696770625 0.271484375 0.5995688718750001 0.271484375 0.6776038671875 0.2734375 0.6802050328125 0.2734375 0.771245859375 0.275390625 0.7738470265624999 0.275390625 0.8206680234375 0.27734375 0.8232691890625 0.27734375 0.8258703562499999 0.275390625 0.828471521875 0.27734375 0.8310726890625 0.27734375 0.8414773546875001 0.2822265625 0.8479802703124999 0.3173828125 0.8479802703124999 0.318359375 0.8466796875 0.3193359375 0.8453791046875001 0.3232421875 0.8453791046875001 0.3251953125 0.8427779375 0.3271484375 0.8427779375
0 0.37109375 0.8310726890625 0.373046875 0.828471521875 0.37109375 0.8258703562499999 0.37109375 0.721823696875 0.369140625 0.7192225296875 0.369140625 0.6203782046875 0.3671875 0.6177770375 0.3671875 0.560551375 0.365234375 0.5579502093750001 0.365234375 0.485117546875 0.36328125 0.48251638124999996 0.36328125 0.4096837203125 0.361328125 0.40708255312499997 0.361328125 0.33164872500000003 0.359375 0.329047559375 0.359375 0.27702422968749996 0.3583984375 0.275723646875 0.3564453125 0.275723646875 0.3544921875 0.2731224796875 0.3193359375 0.2731224796875 0.31640625 0.27702422968749996 0.31640625 0.3082382265625 0.318359375 0.31083939374999997 0.318359375 0.42268955156250004 0.3203125 0.42529071875 0.3203125 0.4877187140625 0.322265625 0.49031988125000003 0.322265625 0.53974204375 0.32421875 0.542343209375 0.32421875 0.6255805375 0.326171875 0.628181703125 0.326171875 0.7374306953125 0.328125 0.7400318625 0.328125 0.8102633562499999 0.330078125 0.8128645234375 0.330078125 0.8388761875 0.3330078125 0.8427779375 0.3603515625 0.8427779375 0.361328125 0.8414773546875001 0.3623046875 0.840176771875 0.3681640625 0.840176771875 0.37109375 0.8362750218749999 0.37109375 0.8310726890625
0 0.408203125 0.550146709375 0.40625 0.5475455421875 0.40625 0.542343209375 0.408203125 0.53974204375 0.408203125 0.5371408765625 0.40625 0.5345397109375 0.40625 0.4382965515625 0.404296875 0.43569538437500005 0.404296875 0.30303589375 0.40234375 0.300434728125 0.40234375 0.24060789843750002 0.3974609375 0.2341049828125 0.3681640625 0.2341049828125 0.3662109375 0.2367061484375 0.3623046875 0.2367061484375 0.359375 0.24060789843750002 0.359375 0.2666195640625 0.361328125 0.2692207296875 0.361328125 0.271821896875 0.359375 0.27442306250000004 0.359375 0.29003006249999996 0.361328125 0.292631228125 0.361328125 0.3732673890625 0.36328125 0.37586855625000004 0.36328125 0.443498884375 0.365234375 0.44610004999999997 0.365234375 0.5163315453124999 0.3671875 0.5189327109375 0.3671875 0.578759540625 0.369140625 0.5813607078125 0.369140625 0.6619968671875001 0.37109375 0.664598034375 0.369140625 0.6671992 0.37109375 0.6698003671875 0.37109375 0.6854073656249999 0.369140625 0.6880085328125001 0.369140625 0.6906096984375 0.37109375 0.693210865625 0.37109375 0.7088178640625 0.369140625 0.71141903125 0.369140625 0.7374306953125 0.37109375 0.7400318625 0.37109375 0.7920551921875 0.373046875 0.7946563578125 0.373046875 0.8310726890625 0.3779296875 0.8375756046875 0.4033203125 0.8375756046875 0.404296875 0.8362750218749999 0.41015625 0.828471521875 0.41015625 0.7192225296875 0.408203125 0.7166213640625 0.408203125 0.550146709375
0 0.48828125 0.714020196875 0.486328125 0.71141903125 0.48828125 0.7088178640625 0.48828125 0.69581203125 0.486328125 0.693210865625 0.486328125 0.6880085328125001 0.48828125 0.6854073656249999 0.48828125 0.6776038671875 0.486328125 0.6750027000000001 0.486328125 0.464308215625 0.484375 0.46170704999999995 0.484375 0.4591058828125 0.486328125 0.45650471562500006 0.486328125 0.45390355 0.484375 0.4513023828125 0.484375 0.24320906562500003 0.4814453125 0.239307315625 0.4072265625 0.239307315625 0.404296875 0.24320906562500003 0.404296875 0.2978335609375 0.40625 0.300434728125 0.40625 0.4044813875 0.408203125 0.40708255312499997 0.408203125 0.49812337968750003 0.41015625 0.500724546875 0.41015625 0.607372371875 0.412109375 0.6099735390625 0.41015625 0.6125747046875001 0.41015625 0.6229793703125 0.412109375 0.6255805375 0.412109375 0.6333840359375 0.41015625 0.635985203125 0.41015625 0.7244248625 0.412109375 0.7270260296875 0.412109375 0.7374306953125 0.41015625 0.7400318625 0.41015625 0.742633028125 0.412109375 0.7452341953125 0.412109375 0.8232691890625 0.4140625 0.8258703562499999 0.4140625 0.828471521875 0.4150390625 0.8297721046875 0.4814453125 0.8297721046875 0.482421875 0.828471521875 0.4833984375 0.8271709390625 0.4853515625 0.8271709390625 0.48828125 0.8232691890625 0.48828125 0.714020196875
0 0.546875 0.7322283625 0.546875 0.7166213640625 0.544921875 0.714020196875 0.546875 0.71141903125 0.546875 0.6906096984375 0.544921875 0.6880085328125001 0.544921875 0.357660390625 0.54296875 0.35505922343749996 0.54296875 0.321244059375 0.544921875 0.31864289375 0.544921875 0.31083939374999997 0.54296875 0.3082382265625 0.54296875 0.2093939015625 0.541015625 0.206792734375 0.541015625 0.20419156875 0.5400390625 0.20289098437500003 0.4912109375 0.20289098437500003 0.4892578125 0.20549215156249998 0.4873046875 0.20549215156249998 0.486328125 0.206792734375 0.486328125 0.3524580578125 0.48828125 0.35505922343749996 0.48828125 0.36286272343750003 0.486328125 0.3654638890625 0.486328125 0.370666221875 0.48828125 0.3732673890625 0.48828125 0.5163315453124999 0.490234375 0.5189327109375 0.490234375 0.6880085328125001 0.4921875 0.6906096984375 0.4921875 0.6984131984374999 0.490234375 0.7010143656250001 0.490234375 0.70361553125 0.4921875 0.7062166984375 0.4921875 0.8128645234375 0.494140625 0.8154656890625 0.4921875 0.81806685625 0.494140625 0.8206680234375 0.494140625 0.8232691890625 0.4951171875 0.824569771875 0.4990234375 0.824569771875 0.5009765625 0.8271709390625 0.5439453125 0.8271709390625 0.544921875 0.8258703562499999 0.546875 0.8232691890625 0.546875 0.7374306953125 0.544921875 0.7348295296875 0.546875 0.7322283625
0 0.578125 0.3134405609375 0.576171875 0.31083939374999997 0.576171875 0.24060789843750002 0.5732421875 0.2367061484375 0.5576171875 0.2367061484375 0.5556640625 0.239307315625 0.5498046875 0.239307315625 0.546875 0.24320906562500003 0.546875 0.31864289375 0.548828125 0.321244059375 0.546875 0.3238452265625 0.546875 0.3264463921875 0.548828125 0.329047559375 0.548828125 0.33164872500000003 0.546875 0.3342498921875 0.546875 0.3368510578125 0.548828125 0.339452225 0.548828125 0.3654638890625 0.546875 0.36806505624999997 0.546875 0.5163315453124999 0.548828125 0.5189327109375 0.548828125 0.828471521875 0.5517578125 0.832373271875 0.5732421875 0.832373271875 0.57421875 0.8310726890625 0.576171875 0.828471521875 0.576171875 0.349856890625 0.578125 0.347255725 0.578125 0.3134405609375
0 0.5869140625 0.267920146875 0.5849609375 0.2705213140625 0.5810546875 0.2705213140625 0.578125 0.27442306250000004 0.578125 0.7946563578125 0.580078125 0.797257525 0.580078125 0.828471521875 0.5830078125 0.832373271875 0.5947265625 0.832373271875 0.5966796875 0.8349744390625 0.6005859375 0.8349744390625 0.6015625 0.8336738546875001 0.60546875 0.8310726890625 0.60546875 0.271821896875 0.6025390625 0.267920146875 0.5869140625 0.267920146875
0 0.64453125 0.8154656890625 0.646484375 0.8128645234375 0.646484375 0.7400318625 0.64453125 0.7374306953125 0.64453125 0.729627196875 0.646484375 0.7270260296875 0.646484375 0.7192225296875 0.64453125 0.7166213640625 0.64453125 0.714020196875 0.646484375 0.71141903125 0.646484375 0.6984131984374999 0.64453125 0.69581203125 0.64453125 0.6671992 0.646484375 0.664598034375 0.646484375 0.656794534375 0.64453125 0.65419336875 0.64453125 0.6515922015625 0.646484375 0.6489910359375 0.646484375 0.550146709375 0.64453125 0.5475455421875 0.646484375 0.5449443765625 0.646484375 0.5345397109375 0.64453125 0.53193854375 0.64453125 0.4408977171875 0.646484375 0.4382965515625 0.646484375 0.23020323281250002 0.6435546875 0.2263014828125 0.6298828125 0.2263014828125 0.6279296875 0.22890264999999999 0.6103515625 0.22890264999999999 0.603515625 0.2380067328125 0.603515625 0.24320906562500003 0.60546875 0.24581023124999998 0.60546875 0.264018396875 0.607421875 0.2666195640625 0.607421875 0.41488605312500004 0.609375 0.41748721875 0.609375 0.43309421875 0.607421875 0.43569538437500005 0.607421875 0.7504365281250001 0.60546875 0.75303769375 0.607421875 0.7556388609375 0.607421875 0.828471521875 0.6123046875 0.8349744390625 0.6435546875 0.8349744390625 0.64453125 0.8336738546875001 0.64453125 0.8258703562499999 0.646484375 0.8232691890625 0.64453125 0.8206680234375 0.64453125 0.8154656890625
0 0.6962890625 0.8349744390625 0.697265625 0.8336738546875001 0.697265625 0.8310726890625 0.69921875 0.828471521875 0.69921875 0.64638986875 0.701171875 0.643788703125 0.701171875 0.464308215625 0.703125 0.46170704999999995 0.703125 0.4591058828125 0.701171875 0.45650471562500006 0.701171875 0.45390355 0.703125 0.4513023828125 0.703125 0.24581023124999998 0.705078125 0.24320906562500003 0.705078125 0.23540556562499998 0.703125 0.23280439999999997 0.705078125 0.23020323281250002 0.705078125 0.19638806875 0.7021484375 0.19248631875 0.7001953125 0.19248631875 0.6982421875 0.189885153125 0.6787109375 0.189885153125 0.6767578125 0.19248631875 0.6689453125 0.19248631875 0.6669921875 0.189885153125 0.6650390625 0.189885153125 0.6630859375 0.19248631875 0.6513671875 0.19248631875 0.64453125 0.2015904015625 0.64453125 0.2119950671875 0.642578125 0.214596234375 0.642578125 0.21979856718750002 0.6484375 0.2276020671875 0.6484375 0.26141723125 0.650390625 0.264018396875 0.6484375 0.2666195640625 0.6484375 0.2692207296875 0.650390625 0.271821896875 0.650390625 0.42529071875 0.6484375 0.427891884375 0.6484375 0.7192225296875 0.646484375 0.721823696875 0.6484375 0.7244248625 0.6484375 0.7270260296875 0.646484375 0.729627196875 0.6484375 0.7322283625 0.6484375 0.7374306953125 0.646484375 0.7400318625 0.646484375 0.7504365281250001 0.6484375 0.75303769375 0.6484375 0.758240028125 0.646484375 0.7608411937499999 0.646484375 0.76864469375 0.6484375 0.771245859375 0.6484375 0.8024598578125 0.646484375 0.8050610234375 0.6484375 0.8076621906250001 0.6484375 0.8310726890625 0.6513671875 0.8349744390625 0.6533203125 0.8349744390625 0.6552734375 0.8375756046875 0.6611328125 0.8375756046875 0.6630859375 0.840176771875 0.6865234375 0.840176771875 0.6875 0.8388761875 0.6884765625 0.8375756046875 0.6904296875 0.8375756046875 0.6923828125 0.8349744390625 0.6962890625 0.8349744390625
0 0.748046875 0.656794534375 0.75 0.65419336875 0.75 0.6515922015625 0.748046875 0.6489910359375 0.748046875 0.64638986875 0.75 0.643788703125 0.75 0.5631525421875 0.751953125 0.560551375 0.751953125 0.41748721875 0.75390625 0.41488605312500004 0.75390625 0.2588160640625 0.755859375 0.2562148984375 0.755859375 0.2380067328125 0.7509765625 0.231503815625 0.7197265625 0.231503815625 0.7177734375 0.2341049828125 0.7080078125 0.2341049828125 0.70703125 0.23540556562499998 0.70703125 0.2380067328125 0.705078125 0.24060789843750002 0.705078125 0.2510125640625 0.70703125 0.25361373125000003 0.70703125 0.2588160640625 0.705078125 0.26141723125 0.705078125 0.264018396875 0.70703125 0.2666195640625 0.70703125 0.2692207296875 0.705078125 0.271821896875 0.705078125 0.4096837203125 0.703125 0.4122848859375 0.705078125 0.41488605312500004 0.705078125 0.4200883859375 0.703125 0.42268955156250004 0.703125 0.5813607078125 0.701171875 0.5839618734375 0.701171875 0.828471521875 0.7041015625 0.832373271875 0.7197265625 0.832373271875 0.7216796875 0.8349744390625 0.7412109375 0.8349744390625 0.7421875 0.8336738546875001 0.74609375 0.828471521875 0.74609375 0.7660435265625 0.748046875 0.7634423609375001 0.748046875 0.656794534375
0 0.794921875 0.7660435265625 0.796875 0.7634423609375001 0.796875 0.758240028125 0.794921875 0.7556388609375 0.794921875 0.75303769375 0.796875 0.7504365281250001 0.796875 0.6489910359375 0.798828125 0.64638986875 0.798828125 0.5839618734375 0.80078125 0.5813607078125 0.80078125 0.49812337968750003 0.802734375 0.49552221406249997 0.802734375 0.43569538437500005 0.8046875 0.43309421875 0.8046875 0.3524580578125 0.806640625 0.349856890625 0.806640625 0.23540556562499998 0.80859375 0.23280439999999997 0.80859375 0.2119950671875 0.8037109375 0.20549215156249998 0.7744140625 0.20549215156249998 0.7724609375 0.20809331874999998 0.7685546875 0.20809331874999998 0.7666015625 0.210694484375 0.7626953125 0.210694484375 0.7607421875 0.21329565156250002 0.7587890625 0.21329565156250002 0.7568359375 0.21589681718749998 0.7548828125 0.21589681718749998 0.7529296875 0.21849798437499998 0.7509765625 0.21849798437499998 0.7470703125 0.2237003171875 0.7451171875 0.2237003171875 0.744140625 0.2250009 0.744140625 0.2276020671875 0.7470703125 0.231503815625 0.7548828125 0.231503815625 0.755859375 0.23280439999999997 0.755859375 0.4382965515625 0.75390625 0.4408977171875 0.75390625 0.578759540625 0.751953125 0.5813607078125 0.75390625 0.5839618734375 0.751953125 0.586563040625 0.751953125 0.70361553125 0.75 0.7062166984375 0.75 0.771245859375 0.748046875 0.7738470265624999 0.748046875 0.828471521875 0.7529296875 0.8349744390625 0.7548828125 0.8349744390625 0.7568359375 0.8375756046875 0.7587890625 0.8375756046875 0.7607421875 0.840176771875 0.7900390625 0.840176771875 0.791015625 0.8388761875 0.79296875 0.8362750218749999 0.79296875 0.8336738546875001 0.794921875 0.8310726890625 0.794921875 0.7660435265625
0 0.8125 0.76864469375 0.8125 0.7010143656250001 0.814453125 0.6984131984374999 0.814453125 0.6255805375 0.81640625 0.6229793703125 0.81640625 0.5527478765625 0.818359375 0.550146709375 0.818359375 0.472111715625 0.8203125 0.46951054843750006 0.8203125 0.3888743875 0.822265625 0.386273221875 0.822265625 0.3056370609375 0.82421875 0.30303589375 0.82421875 0.2666195640625 0.8212890625 0.2627178140625 0.8115234375 0.2627178140625 0.80859375 0.2666195640625 0.80859375 0.3056370609375 0.810546875 0.3082382265625 0.80859375 0.31083939374999997 0.80859375 0.40188022031250004 0.806640625 0.4044813875 0.806640625 0.48251638124999996 0.8046875 0.485117546875 0.8046875 0.568354875 0.802734375 0.5709560406249999 0.802734375 0.6021700390625 0.80078125 0.6047712046875 0.80078125 0.6750027000000001 0.798828125 0.6776038671875 0.798828125 0.781650525 0.796875 0.7842516921875 0.796875 0.7894540250000001 0.798828125 0.7920551921875 0.798828125 0.799858690625 0.796875 0.8024598578125 0.796875 0.8310726890625 0.798828125 0.8336738546875001 0.798828125 0.8362750218749999 0.8037109375 0.8427779375 0.8076171875 0.8427779375 0.80859375 0.8414773546875001 0.80859375 0.8336738546875001 0.810546875 0.8310726890625 0.810546875 0.771245859375 0.8125 0.76864469375
0 0.875 0.7504365281250001 0.876953125 0.7478353609374999 0.876953125 0.6880085328125001 0.87890625 0.6854073656249999 0.87890625 0.6255805375 0.880859375 0.6229793703125 0.880859375 0.560551375 0.8828125 0.5579502093750001 0.8828125 0.500724546875 0.884765625 0.49812337968750003 0.884765625 0.427891884375 0.88671875 0.42529071875 0.88671875 0.36026155625 0.888671875 0.357660390625 0.888671875 0.27962539531249997 0.890625 0.27702422968749996 0.890625 0.2276020671875 0.8876953125 0.2237003171875 0.8408203125 0.2237003171875 0.8388671875 0.2263014828125 0.8271484375 0.2263014828125 0.8251953125 0.22890264999999999 0.8212890625 0.22890264999999999 0.8193359375 0.231503815625 0.8173828125 0.231503815625 0.8154296875 0.2341049828125 0.8115234375 0.2341049828125 0.80859375 0.2380067328125 0.80859375 0.2588160640625 0.8115234375 0.2627178140625 0.8193359375 0.2627178140625 0.822265625 0.2666195640625 0.822265625 0.2692207296875 0.82421875 0.271821896875 0.82421875 0.3056370609375 0.822265625 0.3082382265625 0.822265625 0.3810708890625 0.8203125 0.3836720546875 0.8203125 0.46951054843750006 0.818359375 0.472111715625 0.818359375 0.5709560406249999 0.81640625 0.5735572078125 0.81640625 0.6333840359375 0.814453125 0.635985203125 0.814453125 0.714020196875 0.8125 0.7166213640625 0.8125 0.7894540250000001 0.810546875 0.7920551921875 0.810546875 0.8388761875 0.8154296875 0.8453791046875001 0.8251953125 0.8453791046875001 0.8271484375 0.8479802703124999 0.8701171875 0.8479802703124999 0.87109375 0.8466796875 0.873046875 0.8440785203125 0.873046875 0.8128645234375 0.875 0.8102633562499999 0.875 0.7504365281250001
0 0.9140625 0.8050610234375 0.916015625 0.8024598578125 0.916015625 0.7452341953125 0.91796875 0.742633028125 0.91796875 0.71141903125 0.919921875 0.7088178640625 0.91796875 0.7062166984375 0.919921875 0.70361553125 0.919921875 0.6515922015625 0.921875 0.6489910359375 0.921875 0.5995688718750001 0.923828125 0.59696770625 0.923828125 0.5735572078125 0.92578125 0.5709560406249999 0.92578125 0.550146709375 0.927734375 0.5475455421875 0.927734375 0.53974204375 0.92578125 0.5371408765625 0.92578125 0.5345397109375 0.927734375 0.53193854375 0.927734375 0.49031988125000003 0.9296875 0.4877187140625 0.9296875 0.4200883859375 0.931640625 0.41748721875 0.9296875 0.41488605312500004 0.931640625 0.4122848859375 0.931640625 0.357660390625 0.93359375 0.35505922343749996 0.93359375 0.30303589375 0.935546875 0.300434728125 0.935546875 0.2562148984375 0.9345703125 0.2549143140625 0.9306640625 0.2549143140625 0.9287109375 0.25231314843749997 0.9091796875 0.25231314843749997 0.9072265625 0.2549143140625 0.9033203125 0.2549143140625 0.9013671875 0.25751548125 0.8955078125 0.25751548125 0.890625 0.264018396875 0.890625 0.3342498921875 0.888671875 0.3368510578125 0.888671875 0.4122848859375 0.88671875 0.41488605312500004 0.88671875 0.47471288125 0.884765625 0.4773140484375 0.884765625 0.542343209375 0.8828125 0.5449443765625 0.8828125 0.615175871875 0.880859375 0.6177770375 0.880859375 0.6906096984375 0.87890625 0.693210865625 0.87890625 0.7374306953125 0.876953125 0.7400318625 0.876953125 0.771245859375 0.87890625 0.7738470265624999 0.87890625 0.779049359375 0.876953125 0.781650525 0.876953125 0.7894540250000001 0.87890625 0.7920551921875 0.87890625 0.7946563578125 0.876953125 0.797257525 0.876953125 0.8362750218749999 0.875 0.8388761875 0.875 0.8414773546875001 0.876953125 0.8440785203125 0.876953125 0.8466796875 0.8857421875 0.8583849359375 0.8876953125 0.8583849359375 0.8896484375 0.860986103125 0.9072265625 0.860986103125 0.908203125 0.8596855203124999 0.9091796875 0.8583849359375 0.9111328125 0.8583849359375 0.9140625 0.8544831875 0.9140625 0.8050610234375
0 1 0.21979856718750002 0.9970703125 0.21589681718749998 0.9501953125 0.21589681718749998 0.9482421875 0.21849798437499998 0.9384765625 0.21849798437499998 0.9365234375 0.22109915 0.9326171875 0.22109915 0.9306640625 0.2237003171875 0.9267578125 0.2237003171875 0.9248046875 0.2263014828125 0.9208984375 0.2263014828125 0.9189453125 0.22890264999999999 0.9150390625 0.22890264999999999 0.9130859375 0.231503815625 0.9111328125 0.231503815625 0.9091796875 0.2341049828125 0.9072265625 0.2341049828125 0.9052734375 0.2367061484375 0.9013671875 0.2367061484375 0.8994140625 0.239307315625 0.8955078125 0.239307315625 0.892578125 0.24320906562500003 0.892578125 0.2510125640625 0.896484375 0.2562148984375 0.896484375 0.2588160640625 0.89453125 0.26141723125 0.89453125 0.264018396875 0.8955078125 0.2653189796875 0.8974609375 0.2653189796875 0.8984375 0.264018396875 0.8984375 0.2588160640625 0.8994140625 0.25751548125 0.9013671875 0.26011664687499997 0.9052734375 0.26011664687499997 0.908203125 0.2562148984375 0.90625 0.25361373125000003 0.9072265625 0.25231314843749997 0.9228515625 0.25231314843749997 0.923828125 0.25361373125000003 0.921875 0.2562148984375 0.9228515625 0.25751548125 0.9248046875 0.25751548125 0.9267578125 0.2549143140625 0.9345703125 0.2549143140625 0.935546875 0.2562148984375 0.935546875 0.264018396875 0.9375 0.2666195640625 0.935546875 0.2692207296875 0.935546875 0.31083939374999997 0.93359375 0.3134405609375 0.93359375 0.36286272343750003 0.931640625 0.3654638890625 0.931640625 0.4200883859375 0.9296875 0.42268955156250004 0.9296875 0.4877187140625 0.927734375 0.49031988125000003 0.927734375 0.49812337968750003 0.9296875 0.500724546875 0.9296875 0.5059268796875 0.927734375 0.5085280453125 0.927734375 0.550146709375 0.92578125 0.5527478765625 0.92578125 0.560551375 0.927734375 0.5631525421875 0.927734375 0.5657537078125 0.92578125 0.568354875 0.92578125 0.58916420625 0.923828125 0.5917653734375 0.923828125 0.6333840359375 0.921875 0.635985203125 0.921875 0.69581203125 0.919921875 0.6984131984374999 0.919921875 0.7270260296875 0.91796875 0.729627196875 0.91796875 0.7660435265625 0.916015625 0.76864469375 0.916015625 0.8154656890625 0.9140625 0.81806685625 0.9140625 0.8544831875 0.9189453125 0.860986103125 0.9287109375 0.860986103125 0.9306640625 0.8635872703125 0.9697265625 0.8635872703125 0.970703125 0.8622866859375 0.97265625 0.8596855203124999 0.97265625 0.8414773546875001 0.974609375 0.8388761875 0.97265625 0.8362750218749999 0.974609375 0.8336738546875001 0.974609375 0.779049359375 0.9765625 0.7764481921875 0.9765625 0.7244248625 0.978515625 0.721823696875 0.978515625 0.6828062 0.98046875 0.6802050328125 0.98046875 0.643788703125 0.982421875 0.6411875359375 0.982421875 0.6021700390625 0.984375 0.5995688718750001 0.984375 0.5579502093750001 0.986328125 0.5553490421875 0.986328125 0.5111292125 0.98828125 0.5085280453125 0.98828125 0.46170704999999995 0.990234375 0.4591058828125 0.990234375 0.42529071875 0.9921875 0.42268955156250004 0.9921875 0.3940767203125 0.994140625 0.3914755546875 0.994140625 0.3446545578125 0.99609375 0.3420533921875 0.99609375 0.3238452265625 0.998046875 0.321244059375 0.998046875 0.300434728125 1 0.2978335609375 0.998046875 0.2952323953125 0.998046875 0.2692207296875 1 0.2666195640625 1 0.21979856718750002