0 0.482539621875 0 0.10371758906249999 0.026489817187499997 0.1024882953125 0.027554725000000002 0.1038538328125 0.028438184374999998 0.10521936875 0.029321643749999998 0.106036828125 0.041011846875 0.1087679015625 0.042778765625 0.10890414374999999 0.0447271328125 0.1170973640625 0.050027890625 0.11723360625000001 0.0519762578125 0.12542682656249998 0.057277015625000004 0.1256993125 0.061173750000000006 0.1284303859375 0.06294066875 0.128566628125 0.06488903593749999 0.1353943125 0.069306334375 0.1457736328125 0.06858054062499999 0.14850470625 0.0703474609375 0.7453156453124999 0.0286143734375 0.749412253125 0.031264753125 0.7496847390625 0.0351614875 0.7524158140625 0.036928406250000004 0.75255205625 0.0388767734375 0.7552831296875 0.040643692187500004 0.7528245421875 0.0427735078125 0.7530970296875 0.0466702421875 0.7584229328125 0.048255714062499996 0.758559175 0.05020408125 0.7561005875 0.052333896874999994 0.7566455609375 0.060127365625 0.7541869734375 0.06225718125 0.756918046875 0.0640241 0.7570542890625 0.0659724671875 0.754595703125 0.0681022828125 0.7548681890625 0.0719990171875 0.7562337265625 0.07288247656249999 0.7640182171875 0.0723381328125 0.766476803125 0.07020831718750001 0.769071634375 0.07002686875 0.7776766890625 0.0625725140625 0.7775404453125 0.06062414687499999 0.8070434890625 0.0350663609375 0.806907246875 0.033117993750000005 0.8118244203125 0.0288583625 0.8116881765624999 0.0269099953125 0.8264397000000001 0.014131103124999999 0.8263034578124999 0.0121827359375 0.82876204375 0.0100529203125 0.8286258 0.008104553125 0.8360015625000001 0.0017151062500000002 0.8358816296875 0 0.482539621875 0
0 0.6111957234375 0.0869403109375 0.613654309375 0.0848104953125 0.63700778125 0.0831774609375 0.6397388546875 0.08494438125 0.6501181765624999 0.0842185875 0.6525767625000001 0.082088771875 0.7459906484375 0.0755566375 0.7472199421875 0.0744917296875 0.7464024828125 0.062801525 0.7488610703125 0.06067170937500001 0.7469536671875 0.03339456875 0.74285705625 0.0307441890625 0.5197016624999999 0.046348734375 0.516970590625 0.044581815625 0.5145120015625 0.04671163125 0.138261628125 0.07302162031250001 0.1358030421875 0.0751514359375 0.1332082109375 0.07533288437499999 0.13197891875 0.07639779218750001 0.13334135 0.0958814640625 0.1347068859375 0.0967649234375 0.136072421875 0.097648384375 0.13743485312499998 0.11713205625 0.14153146249999998 0.1197824359375 0.525566328125 0.0929281015625 0.5280249140625 0.0907982859375 0.6058698203125 0.085354840625 0.6086008921875 0.087121759375 0.6111957234375 0.0869403109375
0 0.18236131875 0.1443378546875 0.69094803125 0.10877400625 0.69340661875 0.106644190625 0.6960014484375 0.10646274375 0.698732521875 0.10822966249999999 0.7013273515625 0.10804821406250001 0.7037859390625 0.10591839843749999 0.7660618640625 0.1015636421875 0.76729115625 0.10049873437500001 0.7656562390625 0.07711832656249999 0.764290703125 0.0762348671875 0.284247121875 0.10980278437499999 0.2817885359375 0.11193260000000001 0.27919370468750004 0.11211404843749999 0.2764626328125 0.110347128125 0.2660833109375 0.111072921875 0.263624725 0.11320273750000001 0.1754004984375 0.11937197656250001 0.172669425 0.11760505624999999 0.1622901046875 0.11833085000000002 0.1598315171875 0.12046066562499999 0.13647804531250002 0.1220936984375 0.13279016562499998 0.125288421875 0.1342888390625 0.14672046249999998 0.13565437656249998 0.147603921875 0.146033696875 0.1468781296875 0.1487647703125 0.14864504843749998 0.161738921875 0.1477378078125 0.164197509375 0.1456079921875 0.1745768296875 0.1448821984375 0.1773079015625 0.1466491171875 0.1799027328125 0.14646767031250002 0.18236131875 0.1443378546875
0 0.1315453453125 0.21935439687499997 0.1492973203125 0.23083937031250001 0.1518921515625 0.230657921875 0.15462322343749998 0.23242484062500002 0.15981288437500002 0.2320619453125 0.1625439578125 0.2338288640625 0.19627675 0.2314700375 0.1987353375 0.22934022187499997 0.2117094875 0.22843298124999997 0.21444056093750002 0.23019989999999999 0.219630221875 0.22983700312500002 0.2220888078125 0.2277071875 0.2246836390625 0.22752574062500003 0.22741471249999998 0.22929265937499999 0.2300095421875 0.22911121093750003 0.23246812968750002 0.2269813953125 0.307718203125 0.22171939687500003 0.31017679062500003 0.21958958125 0.31277162187499996 0.219408134375 0.31550269375 0.221175053125 0.3258820140625 0.22044925937499998 0.328340603125 0.2183194453125 0.3387199234375 0.21759365156250002 0.341450996875 0.21936057031249998 0.3440458265625 0.2191791234375 0.3465044140625 0.21704930781249998 0.5099787140625 0.20561807031249998 0.5124373 0.2034882546875 0.6499632984375 0.1938715 0.6524218875 0.191741684375 0.7562150937500001 0.18448375625 0.7586736796875 0.18235394062500002 0.8053806234374999 0.1790878734375 0.8078392093750001 0.1769580578125 0.8130288703125 0.1765951625 0.8154874578125 0.17446534687499998 0.8180822875 0.1742838984375 0.8205408750000001 0.1721540828125 0.825730534375 0.1717911859375 0.8281891218749999 0.1696613703125 0.8307839515625 0.1694799234375 0.8332425390625 0.16735010781249998 0.8462166906249999 0.166442865625 0.8486752765625001 0.16431305000000002 0.88240806875 0.1619542234375 0.88486665625 0.1598244078125 0.8874614859375001 0.1596429609375 0.8936079546875 0.154318421875 0.893199225 0.1484733203125 0.8956578109375 0.1463435046875 0.8952490828125 0.140498403125 0.892518009375 0.1387314828125 0.8918367937499999 0.128989646875 0.8942953796875001 0.12685983125 0.8938866515624999 0.1210147296875 0.8963452390625 0.11888491406249999 0.894710321875 0.09550450625 0.8906137109375001 0.092854128125 0.732329071875 0.10392246875 0.729870484375 0.106052284375 0.286154525 0.1370799265625 0.2836959390625 0.13920974218749999 0.280964865625 0.137442821875 0.18495615 0.14415640624999998 0.1824975625 0.146286221875 0.17471307187500001 0.14683056562500002 0.1719819984375 0.145063646875 0.164197509375 0.1456079921875 0.161738921875 0.1477378078125 0.1539544296875 0.1482821515625 0.15122335781250001 0.1465152328125 0.133059546875 0.1477853703125 0.130600959375 0.1499151859375 0.11503197812499999 0.151003875 0.11134409687499999 0.1541985984375 0.11379647343749999 0.189269209375 0.1151620109375 0.19015266875 0.116527546875 0.19103612812499998 0.11734500625 0.20272633125 0.1200760796875 0.20449325156249998 0.120348565625 0.20838998593750002 0.1230796390625 0.21015690468749998 0.12321588125 0.212105271875 0.13140910156250002 0.2174060296875 0.1315453453125 0.21935439687499997
0 0.16608627812500001 0.28448641406249997 0.16881735312499999 0.2862533328125 0.17141218281249998 0.286071884375 0.17414325625 0.287838803125 0.192307065625 0.286568665625 0.195038140625 0.288335584375 0.1976329703125 0.28815413749999996 0.2000915578125 0.286024321875 0.2493933296875 0.28257680625 0.2518519171875 0.280446990625 0.254582990625 0.282213909375 0.25977265156249996 0.2818510125 0.2622312375 0.279721196875 0.3219123328125 0.2755478890625 0.32437091875 0.2734180734375 0.37367269062499997 0.2699705578125 0.3761312796875 0.2678407421875 0.378726109375 0.26765929375 0.3814571828125 0.2694262125 0.3839157703125 0.267296396875 0.4046744109375 0.2658448109375 0.40713299843749995 0.263714996875 0.47719341249999997 0.25881589531250004 0.479652 0.2566860796875 0.528953771875 0.2532385640625 0.531412359375 0.2511087484375 0.5781193015625 0.2478426796875 0.5805778890625 0.245712865625 0.6220951718750001 0.24280969375 0.624553759375 0.240679878125 0.6349330796875 0.2399540859375 0.6373916671875001 0.23782427031250003 0.6401227390625001 0.2395911890625 0.6427175703125 0.23940974062499998 0.6451761578124999 0.237279925 0.6892882703125001 0.23419530625 0.69174685625 0.232065490625 0.75402278125 0.227710734375 0.7577106609375 0.2245160109375 0.7563482296874999 0.2050323375 0.75880681875 0.20290252187500002 0.757853115625 0.1892639515625 0.75375650625 0.186613571875 0.6966702421875001 0.1906054328125 0.6942116546875 0.1927352484375 0.5592804859375 0.20217055468749998 0.5568219 0.2043003703125 0.55422706875 0.20448181875000002 0.5514959968750001 0.2027149 0.548901165625 0.20289634687500002 0.546442578125 0.2050261625 0.43486488124999995 0.21282843593749998 0.43240629531249997 0.2149582515625 0.27152682499999997 0.2262080390625 0.26906823750000003 0.22833785468749998 0.266337165625 0.22657093593750002 0.2585526734375 0.22711528125 0.2560940875 0.22924509531249998 0.1678698609375 0.235414334375 0.165411275 0.23754415 0.16268020156250002 0.23577723125 0.13932672968749998 0.23741026562499998 0.13563884843750001 0.2406049890625 0.137410009375 0.2659337625 0.138775546875 0.266817221875 0.14014108281249998 0.26770068281250003 0.1405498125 0.273545784375 0.14464642187500001 0.2761961625 0.1472412515625 0.2760147140625 0.15543447187499998 0.281315471875 0.1580293015625 0.2811340234375 0.16349144843750002 0.2846678609375 0.16608627812500001 0.28448641406249997
0 0.1447671375 0.37114559687500004 0.151594821875 0.37556289375 0.1593793109375 0.37501855 0.162110384375 0.37678546874999996 0.1673000453125 0.376422571875 0.16975863124999999 0.37429275624999997 0.208681084375 0.371571034375 0.211139671875 0.36944121875 0.26303627500000004 0.3658122546875 0.2654948625 0.36368243906250003 0.3433397671875 0.3582389921875 0.345798353125 0.3561091765625 0.3951001265625 0.3526616609375 0.3975587140625 0.35053184531250003 0.44686048749999996 0.3470843296875 0.4493190734375 0.3449545140625 0.5038105078124999 0.341144103125 0.5062690937500001 0.3390142875 0.5581656984375 0.3353853234375 0.5606242859375 0.3332555078125 0.61511571875 0.3294450953125 0.61757430625 0.32731527968749996 0.6642812484375 0.32404921249999996 0.6667398359375001 0.321919396875 0.729015759375 0.3175646390625 0.7314743453125 0.315434825 0.8067244203125 0.3101728265625 0.8091830078125 0.3080430109375 0.8429157999999999 0.305684184375 0.8490622671875 0.30035964531250003 0.8476998359374999 0.28087597343750004 0.8501584234375 0.2787461578125 0.847978534375 0.24757228125 0.8504371203125001 0.245442465625 0.8490746890624999 0.2259587921875 0.8449780796875 0.2233084140625 0.8112452875 0.225667240625 0.8087867015624999 0.22779705625000002 0.7387262859375 0.23269615781250003 0.7362677 0.2348259734375 0.684371096875 0.23845493750000002 0.681912509375 0.240584753125 0.6326107359375001 0.24403226875 0.6301521484375 0.246162084375 0.5782555453125 0.24979104843750002 0.5757969593750001 0.2519208625 0.5239003546875 0.25554982656249997 0.5214417671875 0.2576796421875 0.4565710140625 0.2622158484375 0.4541124265625 0.26434566249999997 0.39962099375000004 0.268156075 0.39716240625 0.27028589062499997 0.358239953125 0.2730076140625 0.3557813671875 0.2751374296875 0.3038847640625 0.27876639375 0.30142617656250004 0.280896209375 0.24693474375000002 0.2847066203125 0.24447615625000002 0.2868364359375 0.1951743828125 0.290283953125 0.1927157953125 0.2924137671875 0.14081919375000002 0.29604273124999997 0.13836060625 0.298172546875 0.1331709453125 0.29853544374999996 0.131941653125 0.2996003515625 0.1320778953125 0.30154871875 0.1296193078125 0.30367853437500003 0.1301642796875 0.311472003125 0.1315298171875 0.3123554625 0.1328953546875 0.313238921875 0.13384905625000001 0.32687749374999997 0.136580128125 0.3286444125 0.13767007343749998 0.3442313515625 0.140401146875 0.3459982703125 0.14162733593750002 0.363533575 0.1443584078125 0.3653004953125 0.1447671375 0.37114559687500004
0 0.20389394218749998 0.414979459375 0.20662501562500002 0.41674637812500004 0.20921984531249999 0.41656492968750003 0.2116784328125 0.4144351140625 0.2739543578125 0.4100803578125 0.27641294375 0.4079505421875 0.32052505625 0.40486592187500003 0.32298364375 0.40273610625 0.3696905875 0.3994700390625 0.3721491734375 0.3973402234375 0.41885611718750004 0.39407415625 0.4213147046875 0.391944340625 0.457642325 0.389404065625 0.4601009140625 0.38727425000000004 0.5016181953125 0.3843710796875 0.5040767828125 0.38224126406250003 0.54040440625 0.3797009890625 0.5428629921875 0.3775711734375 0.5791906140624999 0.37503089843750004 0.5816492 0.3729010828125 0.623166484375 0.3699979125 0.6256250718749999 0.367868096875 0.6645475234375 0.3651463734375 0.667006109375 0.36301655781250003 0.70852339375 0.3601133859375 0.71098198125 0.357983571875 0.7473096015625 0.355443296875 0.749768190625 0.35331348125 0.75236301875 0.3531320328125 0.7535923140625 0.352067125 0.75127618125 0.31894488125 0.7471795703125 0.316294503125 0.7419899109375 0.31665739843749996 0.7395313234375 0.3187872140625 0.6798502296875 0.32296052343750004 0.6773916421874999 0.3250903390625 0.6254950390625 0.32871930312500003 0.623036453125 0.3308491171875 0.5789243390625 0.3339337375 0.5764657515625 0.33606355312499997 0.52197431875 0.339873965625 0.5195157312500001 0.34200378124999997 0.4805932796875 0.344725503125 0.47813469218750004 0.34685531875 0.42883291874999996 0.350302834375 0.42637433125 0.35243265 0.38226221875 0.3555172703125 0.37980363125 0.3576470859375 0.343476009375 0.360187359375 0.341017421875 0.362317175 0.3020949703125 0.36503889843750004 0.299636384375 0.3671687140625 0.26071392968749996 0.3698904375 0.25825534375000003 0.372020253125 0.2115484 0.3752863203125 0.2090898140625 0.3774161359375 0.1701673609375 0.380137859375 0.167708775 0.3822676734375 0.15992428281249998 0.38281201875000004 0.158694990625 0.3838769265625 0.1596486921875 0.397515496875 0.161014228125 0.3983989578125 0.162379765625 0.3992824171875 0.1633334671875 0.4129209875 0.166064540625 0.41468790625 0.1663370265625 0.41858464062499995 0.16770256249999999 0.41946810156250003 0.19105603437500002 0.4178350671875 0.193514621875 0.4157052515625 0.20389394218749998 0.414979459375
0 0.28773975625000003 0.458063746875 0.29019834218749996 0.45593393125 0.3291207953125 0.4532122078125 0.33157938124999997 0.45108239218749996 0.3730966640625 0.448179221875 0.37555525156249997 0.44604940624999995 0.424857025 0.44260189062500005 0.4273156109375 0.440472075 0.46104840312500006 0.4381132484375 0.463506990625 0.4359834328125 0.48426563125 0.434531846875 0.48672422031250007 0.43240203125 0.5256466718749999 0.42968030781250005 0.5281052578125001 0.4275504921875 0.5825966921875 0.42374008124999996 0.585055278125 0.42161026562500004 0.6317622218750001 0.418344196875 0.634220809375 0.4162143828125 0.6653587703125 0.41403700312499997 0.6678173578125 0.41190718750000005 0.70155015 0.4095483609375 0.7040087374999999 0.40741854687499995 0.742931190625 0.4046968234375 0.7453897765625 0.4025670078125 0.79469155 0.3991194921875 0.7971501375 0.3969896765625 0.8049346281249999 0.39644533125 0.8086225078125 0.3932506078125 0.8084862640624999 0.391302240625 0.8109448515625 0.38917242500000004 0.80862871875 0.35605018125 0.8058976453125 0.3542832625 0.8057614015624999 0.3523348953125 0.804395865625 0.3514514359375 0.8018010359375 0.351632884375 0.7990699625000001 0.349865965625 0.79647513125 0.3500474140625 0.793744059375 0.34828049375000003 0.7600112671875 0.3506393203125 0.7575526796875 0.3527691359375 0.75495785 0.352950584375 0.7524992625 0.35508039999999996 0.7343354515625 0.3563505375 0.7318768640625 0.358480353125 0.6955492421875 0.361020628125 0.69309065625 0.36315044375 0.654168203125 0.365872165625 0.651709615625 0.36800198125 0.6153819921875 0.37054225625 0.61292340625 0.372672071875 0.5999492546875 0.3735793125 0.59749066875 0.375709128125 0.5481888953125 0.37915664375 0.545730309375 0.381286459375 0.504213025 0.38418963125 0.5017544375 0.386319446875 0.46023715625 0.3892226171875 0.45777856874999995 0.3913524328125 0.41626128749999997 0.3942556046875 0.4138027 0.3963854203125 0.36709575625 0.3996514875 0.3646371703125 0.40178130312500004 0.328309546875 0.40432157812499997 0.3258509609375 0.40645139375 0.28692850625 0.409173115625 0.28446992031249996 0.41130293125 0.2403578078125 0.4143875515625 0.23789922031250002 0.41651736718750004 0.19119227656249999 0.41978343437500004 0.188733690625 0.42191324999999996 0.16538021875 0.42354628281249995 0.16292163125 0.4256760984375 0.15513714218750002 0.42622044375 0.153907846875 0.4272853515625 0.154044090625 0.42923371875000005 0.1515855046875 0.43136353437499997 0.15376539375 0.46253741093749995 0.15513093125 0.4634208703125 0.15649646718750002 0.46430432968749996 0.156768953125 0.4682010640625 0.1608655625 0.47085144375 0.2179518265625 0.46685958281250006 0.2204104140625 0.46472976718750003 0.24895354687500001 0.46273383749999997 0.25141213281249997 0.46060402187499994 0.28773975625000003 0.458063746875
0 0.26629368750000004 0.48697392187500005 0.26875227343749997 0.48484410625 0.30507989687500003 0.48230383281250006 0.30753848437500003 0.4801740171875 0.3464609359375 0.47745229375 0.3489195234375 0.475322478125 0.387841975 0.47260075468749996 0.3903005625 0.47047093906250004 0.434412675 0.46738632031250005 0.43687126249999997 0.4652565046875 0.46800922343750007 0.46307912656249994 0.4704678125 0.4609493109375 0.5119850953125 0.45804613906249997 0.5144436812500001 0.4559163234375 0.5507713046875 0.45337605 0.553229890625 0.451246234375 0.5973420046875 0.44816161406250005 0.599800590625 0.4460317984375 0.6335333828125 0.443672971875 0.6359919703125 0.44154315625 0.6619402703125 0.439728675 0.664398859375 0.437598859375 0.66958851875 0.43723596249999996 0.6708178124999999 0.4361710546875 0.6700003531250001 0.42448085156250004 0.672458940625 0.4223510359375 0.6723226984374999 0.42040266875 0.6695916234375 0.41863575 0.6694553812499999 0.41668738281250006 0.6680898453124999 0.4158039234375 0.6213829015625 0.419069990625 0.6189243140625 0.42119980625000003 0.585191521875 0.42355863281249995 0.5827329359375 0.4256884484375 0.5464053125 0.42822872343749996 0.5439467265625 0.43035853749999997 0.50242944375 0.43326170937499997 0.49997085625000004 0.435391525 0.46104840312500006 0.4381132484375 0.45858981718749997 0.4402430640625 0.4274518546875 0.44242044218750004 0.42499326875000004 0.44455025781249996 0.37569149375 0.44799777343749997 0.37323290781249996 0.4501275890625 0.33431045625 0.45284931093749997 0.33185186718750004 0.4549791265625 0.285144925 0.4582451953125 0.28268633906249996 0.46037501093750005 0.24376388593749998 0.4630967328125 0.2413052984375 0.46522654843750005 0.1971931859375 0.46831116875 0.19473459843750002 0.470440984375 0.1739759578125 0.47189256874999996 0.1702880765625 0.47508729218749995 0.1709692921875 0.48482912968749997 0.172334828125 0.48571258906250003 0.173700365625 0.4865960484375 0.1742453390625 0.4943895171875 0.178341946875 0.4970398953125 0.18612643906249998 0.4964955515625 0.1885850265625 0.4943657359375 0.22231781874999998 0.49200690937499997 0.2247764046875 0.48987709375 0.26629368750000004 0.48697392187500005
0 0.2313222859375 0.546198296875 0.233780871875 0.54406848125 0.27010849531250003 0.54152820625 0.27256708125 0.539398390625 0.31148953437500004 0.5366766671875001 0.31394812031249997 0.5345468531249999 0.36324989531249996 0.5310993359375 0.36570848125 0.528969521875 0.4072257640625 0.52606635 0.40968435000000003 0.523936534375 0.448606803125 0.5212148109375 0.451065390625 0.5190849953125001 0.4899878421875 0.5163632734375 0.49244642968749996 0.5142334578125001 0.544343034375 0.51060449375 0.5468016203125 0.508474678125 0.585724071875 0.5057529546875 0.5881826593749999 0.5036231390625 0.62969994375 0.50071996875 0.6321585296875 0.498590153125 0.67108098125 0.4958684296875 0.67353956875 0.49373861406249997 0.712462021875 0.491016890625 0.7149206078125 0.48888707499999995 0.756437890625 0.48598390468749997 0.7588964781249999 0.48385408906249994 0.774465459375 0.4827654 0.7781533406250001 0.47957067656249996 0.7748835046875 0.4328098609375 0.7680558203125 0.42839256406250004 0.7654609921875 0.42857401250000005 0.7627299171875 0.42680709375000003 0.7445661078125 0.4280772296875 0.7421075203124999 0.43020704531250004 0.708374728125 0.43256587187499995 0.7059161406250001 0.4346956875 0.6747781796875 0.4368730671875 0.6723195921875 0.43900288125 0.6645351015625 0.4395472265625 0.6620765140625 0.44167704218750004 0.6413178734375 0.44312862812500003 0.6388592859375 0.44525844374999995 0.5973420046875 0.44816161406250005 0.594883415625 0.45029142968749997 0.5559609640625001 0.453013153125 0.5535023765625 0.45514296875 0.5145799234374999 0.45786469218750003 0.5121213375 0.45999450625 0.4783885453125 0.4623533328125 0.47592995781249997 0.46448314843749994 0.43960233593750003 0.46702342343750003 0.4371437484375 0.46915323906250006 0.426764428125 0.4698790328125 0.42403335468750003 0.46811211249999995 0.421438525 0.46829356093749996 0.41897993749999995 0.4704233765625 0.3826523140625 0.4729636515625 0.38019372812499996 0.4750934671875 0.33348678593750003 0.478359534375 0.3310281984375 0.48048935000000004 0.2998902359375 0.482666728125 0.29743164843750003 0.48479654375000003 0.26629368750000004 0.48697392187500005 0.2638351 0.48910373749999997 0.227507478125 0.4916440125 0.22504889062500003 0.493773828125 0.1705574578125 0.497584240625 0.16809887031249998 0.49971405625000004 0.16031438125 0.5002584 0.1578557921875 0.502388215625 0.15266613281250002 0.5027511125 0.1489782515625 0.5059458359375 0.15088565468749998 0.533222978125 0.1522511921875 0.5341064375 0.1536167296875 0.534989896875 0.15457043125 0.5486284671874999 0.157301503125 0.5503953874999999 0.157437746875 0.5523437546875 0.158803284375 0.5532272140625001 0.187346415625 0.5512312828125 0.18980500312499998 0.5491014671875 0.2313222859375 0.546198296875
0 0.22994743281250002 0.6011154765625 0.23240601875000003 0.5989856609374999 0.27132847031249996 0.5962639390625 0.273787059375 0.5941341234374999 0.32308883125 0.5906866078124999 0.32554741875 0.5885567921875 0.3722543625 0.5852907234375 0.37471294843749997 0.583160909375 0.4136354 0.5804391859375 0.41609398906250006 0.5783093703125 0.457611271875 0.5754061984375001 0.4600698578125 0.5732763828125 0.5093716296874999 0.5698288671875 0.51183021875 0.5676990515625 0.55594233125 0.5646144328125 0.5584009187500001 0.5624846171875 0.5973233703124999 0.55976289375 0.59978195625 0.5576330781250001 0.64908373125 0.5541855625000001 0.6515423171875 0.552055746875 0.687869940625 0.5495154734375001 0.6903285265625 0.5473856578125 0.7422251296875 0.54375669375 0.7446837171875 0.541626878125 0.77063201875 0.5398123953125 0.77309060625 0.5376825796875 0.7782802656250001 0.537319684375 0.7819681468749999 0.5341249609375 0.7791070421875 0.49320924687499995 0.7763759671875 0.49144232812500005 0.7761034812500001 0.48754559375 0.7720068718750001 0.48489521562500004 0.756437890625 0.48598390468749997 0.7539793046875001 0.4881137203125 0.71765168125 0.4906539953125 0.7151930937500001 0.4927838109375 0.678865471875 0.495324084375 0.676406884375 0.4974539 0.6400792640625 0.499994175 0.637620675 0.502123990625 0.5961033921875 0.5050271625 0.59364480625 0.507156978125 0.5573171828125 0.5096972531249999 0.554858596875 0.5118270671875 0.5521275234374999 0.5100601484375 0.5496689375 0.5121899640625001 0.5081516546875 0.5150931359375 0.5056930656249999 0.5172229515625 0.461580953125 0.5203075703125 0.45912236718750005 0.5224373859375 0.4201999140625 0.525159109375 0.417741328125 0.527288925 0.3814137046875 0.5298291984375 0.37895511875 0.5319590140625 0.34522232656249996 0.534317840625 0.3427637390625 0.53644765625 0.31422060625000003 0.5384435875 0.3117620203125 0.540573403125 0.2598654171875 0.5442023671875 0.2574068296875 0.54633218125 0.2106998859375 0.5495982500000001 0.2082413 0.551728065625 0.1745085078125 0.5540868921875 0.1720499203125 0.5562167078125 0.1590757703125 0.5571239484375 0.1566171828125 0.5592537640625 0.1540223515625 0.5594352125000001 0.152793059375 0.5605001203125 0.1529293015625 0.5624484875 0.150470715625 0.5645783015625 0.1522418765625 0.5899070765625 0.1536074125 0.5907905359375001 0.1549729484375 0.591673996875 0.1557904078125 0.6033642 0.15852148125 0.6051311187499999 0.158657725 0.6070794859374999 0.1600232609375 0.6079629453125001 0.1859715609375 0.6061484640625 0.18843015000000002 0.6040186484375 0.22994743281250002 0.6011154765625
0 0.25724574218749996 0.693185521875 0.2597043296875 0.69105570625 0.26229915937500003 0.6908742578125 0.265030234375 0.6926411765625 0.2674888203125 0.6905113609375 0.337549234375 0.685612259375 0.3400078203125 0.68348244375 0.4022837453125 0.6791276875000001 0.40474233281250005 0.676997871875 0.47220791718750005 0.67228021875 0.4746665046875 0.670150403125 0.5447269171875 0.6652513015625 0.5471855062500001 0.6631214859375001 0.61984075 0.6580409359375 0.6222993375 0.655911121875 0.69495458125 0.650830571875 0.69741316875 0.64870075625 0.7026028296875 0.648337859375 0.7062907093749999 0.6451431359375001 0.703702090625 0.6081241578125 0.7009710171875 0.6063572390624999 0.7005622875 0.6005121375 0.696465678125 0.5978617578125001 0.6783018671875001 0.5991318953125 0.6758432796875 0.6012617109375 0.6706536203125 0.6016246078124999 0.6679225468750001 0.5998576890625 0.6653277156249999 0.6000391375 0.6628691296875 0.6021689515624999 0.6057828656249999 0.6061608125 0.603324278125 0.608290628125 0.541048353125 0.612645384375 0.5385897671875 0.6147752 0.497072484375 0.6176783718750001 0.4946138984375 0.6198081875 0.42714831249999996 0.6245258406249999 0.4246897265625 0.62665565625 0.390956934375 0.6290144828125 0.38849834687499996 0.6311442984375 0.35476555468750004 0.6335031250000001 0.35230696875 0.6356329406250001 0.32116900625 0.6378103187499999 0.3187104203125 0.639940134375 0.23827068437499999 0.6455650281249999 0.23581209687500002 0.64769484375 0.17094134375 0.6522310484375 0.16848275625 0.6543608640625 0.1658879265625 0.6545423125000001 0.1622000453125 0.6577370359375 0.1623362890625 0.659685403125 0.15987769999999998 0.6618152187499999 0.16096764531250002 0.67740215625 0.16233318125 0.678285615625 0.1636987203125 0.6791690765625 0.16478866406249998 0.6947560140625 0.1675197375 0.6965229328125 0.16765597968749998 0.6984713 0.17175259062499998 0.7011216796874999 0.20289055312499998 0.6989443 0.20534913906250002 0.6968144859375001 0.25724574218749996 0.693185521875
0 0.2433241015625 0.6432537640625 0.3081948546875 0.6387175593750001 0.3106534421875 0.63658774375 0.34957589375000003 0.6338660203125001 0.3520344828125 0.63173620625 0.39355176406250003 0.628833034375 0.39601035156250003 0.62670321875 0.4479069546875 0.6230742546875 0.450365540625 0.6209444390625001 0.5100466359375 0.6167711312499999 0.5125052218749999 0.614641315625 0.564401825 0.6110123515625 0.5668604125 0.6088825359375 0.631731165625 0.60434633125 0.6341897546874999 0.602216515625 0.6860863578124999 0.5985875515625 0.68854494375 0.5964577359375001 0.7248725671875 0.5939174609375 0.7273311546875 0.5917876453125 0.77922775625 0.58815868125 0.7829156375 0.5849639578125 0.7825069078125 0.57911885625 0.7849654953125 0.576989040625 0.7842842796875 0.5672472046875 0.78155320625 0.5654802859375 0.780735746875 0.5537900812500001 0.778004675 0.5520231625 0.7777321890625 0.548126428125 0.7681734328125 0.5419422109375 0.7396303 0.543938140625 0.7371717125 0.54606795625 0.7112234109375 0.5478824390625 0.7087648234375 0.5500122546874999 0.6828165234375 0.5518267359375 0.680357934375 0.5539565515625 0.62846133125 0.557585515625 0.6260027453125 0.55971533125 0.6052441046875 0.5611669171875 0.6027855171875001 0.5632967328125 0.6001906859374999 0.56347818125 0.5974596140624999 0.5617112609375 0.5950010265625 0.5638410765625 0.5898113656249999 0.5642039734375001 0.5873527796875 0.5663337890625 0.56918896875 0.5676039265624999 0.5667303796875001 0.5697337421875 0.5200234390625 0.572999809375 0.5175648500000001 0.575129625 0.4526940953125 0.5796658296875 0.450235509375 0.5817956453125 0.4035285671875 0.5850617125 0.40106997968749997 0.587191528125 0.3621475265625 0.5899132515625001 0.359688940625 0.5920430671875 0.3026026765625 0.596034928125 0.3001440890625 0.5981647437500001 0.25343714687499996 0.6014308109375001 0.250978559375 0.6035606265625 0.24824748593749998 0.60179370625 0.2404629953125 0.6023380515625 0.2380044078125 0.6044678671875 0.2146509359375 0.6061009015625001 0.21219234999999997 0.608230715625 0.1680802375 0.6113153359375 0.16562165 0.6134451515625 0.160431990625 0.6138080484375 0.156744109375 0.6170027703125001 0.1589239984375 0.648176646875 0.160289534375 0.6490601078125 0.16315685156249998 0.65277539375 0.1813206640625 0.65150525625 0.18377925 0.649375440625 0.23308102343749998 0.645927925 0.2355396109375 0.643798109375 0.23813444062500003 0.6436166609375 0.2408655140625 0.6453835796875 0.2433241015625 0.6432537640625
0 0.1602615859375 0.8164620265625 0.16708926875000002 0.8208793249999999 0.2475290046875 0.8152544296875 0.24998759218750002 0.8131246140625 0.358970459375 0.805503790625 0.36142904531250003 0.8033739750000001 0.374403196875 0.802466734375 0.37713426875 0.804233653125 0.3797291 0.8040522046874999 0.3821876875 0.8019223890625 0.44965327187500004 0.7972047359375 0.45211185781249996 0.7950749203125 0.5040084609375 0.79144595625 0.5064670484375 0.789316140625 0.6647516890625 0.7782478015625001 0.667210275 0.7761179859375 0.7684086531250001 0.7690415046875 0.7708672390625 0.766911690625 0.8772552749999999 0.7594723140624999 0.8797138625 0.7573424984375 0.9186363156249999 0.754620775 0.9198656078124999 0.7535558671875 0.9193206359375001 0.7457623984375 0.9217792234375001 0.7436325828125 0.9215067375 0.7397358484375001 0.9239653234375 0.7376060328125 0.9238290796875 0.735657665625 0.92628766875 0.73352785 0.9261514249999999 0.7315794828125 0.9286100125000001 0.7294496671874999 0.9282012828124999 0.723604565625 0.9306598703125 0.7214747499999999 0.928888709375 0.6961459750000001 0.9261576375 0.6943790562500001 0.9256126640625 0.6865855875 0.92807125 0.684455771875 0.925340178125 0.6826888531249999 0.924113990625 0.665153546875 0.921382915625 0.663386628125 0.9207017000000001 0.653644790625 0.9179706265625001 0.651877871875 0.9178343828125 0.6499295046875 0.9151033109375 0.6481625859375 0.9149670671875001 0.64621421875 0.9122359937500001 0.6444473000000001 0.91209975 0.6424989328125 0.909368678125 0.6407320125 0.9092324359375 0.6387836453125 0.8983081421874999 0.63171596875 0.8981719 0.6297676015625 0.8899786781250001 0.6244668453125 0.8898424359374999 0.622518478125 0.8884769 0.6216350187499999 0.88588206875 0.621816465625 0.8749577765625001 0.614748790625 0.8723629453124999 0.6149302390625 0.869631871875 0.6131633187500001 0.8514680609375 0.61443345625 0.8490094750000001 0.616563271875 0.841224984375 0.6171076171875 0.8384939093750001 0.6153406968749999 0.83589908125 0.6155221453124999 0.8334404921875 0.6176519609375 0.8308456640624999 0.617833409375 0.828387075 0.619963225 0.823197415625 0.620326121875 0.82046634375 0.6185592015625 0.81527668125 0.6189220984375 0.8128180953124999 0.6210519140625 0.802438775 0.62177770625 0.8010732375 0.620894246875 0.80080075 0.6169975125 0.8044886312499999 0.6138027890625 0.8070834625 0.613621340625 0.809814534375 0.6153882609375 0.8150041953124999 0.6150253640625001 0.8174627828125001 0.6128955484375 0.830436934375 0.6119883078125 0.83316800625 0.6137552265624999 0.83808518125 0.6094955953125 0.8408162546875 0.6112625140625 0.8460059140625 0.61089961875 0.8487369890625001 0.6126665375 0.8513318171875 0.6124850890625 0.8537904062499999 0.6103552734375 0.856385234375 0.6101738250000001 0.8576145281249999 0.6091089171874999 0.8574782843750001 0.60716055 0.8315330890625001 0.59037481875 0.828938259375 0.5905562671875 0.827572721875 0.5896728078125 0.8274364796875 0.587724440625 0.820608796875 0.5833071421875 0.8180139671875001 0.583488590625 0.81255181875 0.579954753125 0.79957766875 0.5808619937499999 0.7968465953125 0.579095075 0.794251765625 0.5792765234374999 0.788105296875 0.5846010625 0.788377784375 0.588497796875 0.787148490625 0.5895627046875 0.758605359375 0.591558634375 0.756146771875 0.5936884499999999 0.725008809375 0.595865828125 0.722550221875 0.59799564375 0.7199553921875 0.5981770921875 0.7174968046875 0.6003069078125 0.7147657328125 0.5985399874999999 0.7121709015625 0.5987214359374999 0.709712315625 0.6008512515625 0.707117484375 0.6010327 0.703429603125 0.6042274234375 0.703702090625 0.6081241578125 0.7064331640625 0.6098910765625 0.70806808125 0.633271484375 0.710799153125 0.635038403125 0.710935396875 0.6369867703125001 0.7084768109375 0.6391165859375 0.708613053125 0.641064953125 0.706154465625 0.64319476875 0.7065631953125 0.6490398703125 0.7053339015625 0.650104778125 0.6975494109375 0.6506491234375 0.6950908250000001 0.6527789390625001 0.6899011640625 0.6531418359375001 0.687170090625 0.651374915625 0.6845752609375 0.6515563640625001 0.6821166734374999 0.6536861796875 0.61984075 0.6580409359375 0.6173821640625 0.6601707515624999 0.6146510890625 0.6584038328124999 0.6120562609375 0.6585852812499999 0.609597671875 0.660715096875 0.5187786171875 0.667065784375 0.5163200296875 0.6691956 0.5137252 0.669377046875 0.5109941265625 0.667610128125 0.5085355390624999 0.66973994375 0.4566389359375 0.6733689078125 0.45418034843750005 0.6754987234375001 0.37374061406250003 0.6811236171874999 0.3712820265625 0.6832534328125 0.306411271875 0.6877896375 0.3039526859375 0.689919453125 0.285788875 0.691189590625 0.2833302859375 0.69331940625 0.272950965625 0.6940451999999999 0.27021989375 0.6922782796875 0.26776130625 0.6944080953125 0.22364919374999997 0.6974927156249999 0.22119060625000003 0.69962253125 0.2134061171875 0.7001668750000001 0.21067504218750002 0.6983999562500001 0.20821645625000001 0.700529771875 0.1718888328125 0.703070046875 0.169430246875 0.7051998625 0.16683541562499998 0.705381309375 0.1533131875 0.7170952953125 0.15344943125 0.7190436625000001 0.1509908421875 0.721173478125 0.1511270859375 0.7231218453125 0.1486685 0.7252516609375 0.1489409859375 0.7291483953125 0.1464823984375 0.7312782109375 0.1471636140625 0.741020046875 0.144705028125 0.7431498624999999 0.14497751406249998 0.747046596875 0.1477085859375 0.7488135171875 0.14784482968749998 0.750761884375 0.14538624375 0.7528916984375 0.1475661328125 0.784065575 0.14893166875 0.7849490359375 0.15029720468750002 0.7858324953125 0.1512509078125 0.7994710656249999 0.15398198125 0.801237984375 0.1542544671875 0.80513471875 0.15698553906249998 0.8069016390625 0.15739426875 0.812746740625 0.16012534375 0.814513659375 0.1602615859375 0.8164620265625
0 0.6005559390624999 0.82972626875 0.6031507687500001 0.8295448203125 0.6080679421874999 0.8252851890624999 0.615852434375 0.8247408453125 0.61858350625 0.8265077640625 0.6367473171875 0.8252376265624999 0.646306075 0.83142184375 0.6465785609375 0.835318578125 0.649309634375 0.8370854968750001 0.649445878125 0.8390338640625 0.646987290625 0.8411636796874999 0.6472597765625 0.8450604140625 0.6435718953125 0.8482551375 0.640977065625 0.8484365859375 0.6385184781250001 0.8505664015625 0.61516500625 0.8521994359375 0.6127064203125 0.8543292515625 0.6075167593749999 0.854692146875 0.6020546140625 0.8511583093749999 0.5787011421875 0.8527913421875001 0.5762425546875 0.8549211578125 0.573647725 0.85510260625 0.5687305515625 0.8593622375000001 0.5661357203125 0.8595436859375001 0.5649064265625 0.86060859375 0.5650426703125 0.8625569609375001 0.5588962015625001 0.8678815 0.5485168812500001 0.8686072921875001 0.544829 0.871802015625 0.5457827015625 0.8854405859375 0.5498793125 0.8880909656249999 0.6822156515625 0.87883710625 0.6846742375 0.8767072921875 0.86371751875 0.8641873656250001 0.8661761078125 0.86205755 0.9232623703125 0.8580656890625 0.92572095625 0.8559358734375 0.9283157875000001 0.8557544265624999 0.9320036671875 0.852559703125 0.9314586953124999 0.844766234375 0.9339172828125 0.8426364187500001 0.9330998234375001 0.8309462140624999 0.9355584109375 0.8288163984375 0.9341959796875001 0.8093327265625 0.9314649062499999 0.8075658062500001 0.929557503125 0.780288665625 0.9268264281249999 0.7785217453125 0.9261452125 0.768779909375 0.923414140625 0.767012990625 0.9232778984375001 0.7650646234375 0.9205468234374999 0.7632977046875 0.92041058125 0.7613493375 0.91904504375 0.7604658765625001 0.9138553843749999 0.7608287734375 0.911396796875 0.7629585890625 0.9086657234375 0.7611916703125 0.8801225921875 0.7631876 0.8776640046875 0.765317415625 0.7090000437499999 0.7771115484375 0.70654145625 0.7792413640625 0.5456619875000001 0.790491153125 0.5432034 0.79262096875 0.5380137390625 0.7929838640625 0.536784446875 0.794048771875 0.5384193640625 0.8174291796875 0.5397849 0.8183126390625001 0.5452470468749999 0.8218464781250001 0.547705634375 0.8197166625 0.55289529375 0.819353765625 0.5720128078125 0.8317221984375 0.5746076375 0.8315407515625 0.5773387109375 0.8333076703125 0.5980973515625 0.8318560843749999 0.6005559390624999 0.82972626875
0 0.346386403125 0.9238574125 0.349117478125 0.9256243328125 0.3543071375 0.9252614359375 0.3567657234375 0.9231316203125 0.364550215625 0.922587275 0.3672812890625 0.9243541953125 0.377660609375 0.9236284015624999 0.3801191953125 0.9214985859375 0.38530885625 0.921135690625 0.3880399296875 0.9229026093750001 0.39841925 0.9221768171875 0.40087783750000006 0.9200470015625 0.4034726671875 0.919865553125 0.406203740625 0.921632471875 0.419177890625 0.9207252312499999 0.42163647812500005 0.918595415625 0.42942097031250004 0.9180510703125 0.43215204218750003 0.9198179890624999 0.43993653281249995 0.9192736453125001 0.44239511875000004 0.9171438296875 0.45017961093750003 0.9165994843749999 0.45291068437500004 0.9183664046875 0.45536927031249996 0.9162365890625 0.753774740625 0.8953700453125 0.7562333265625 0.8932402296875 0.8003454390625 0.8901556109375001 0.8040333203125 0.8869608875000001 0.8029433750000001 0.8713739484374999 0.7988467640625 0.8687235703124999 0.7936571046875 0.8690864671874999 0.79119851875 0.8712162828125001 0.5706379546875 0.8866393796875001 0.5681793671875 0.8887691953125 0.5655845359375 0.88895064375 0.5628534640625 0.8871837234375001 0.363051540625 0.9011552359375001 0.3605929546875 0.9032850515625 0.17376518125 0.9163493218750001 0.1700773015625 0.9195440453125 0.171031003125 0.9331826156249999 0.172396540625 0.9340660749999999 0.17526385625000002 0.9377813625 0.30760019375000003 0.928527503125 0.3100587828125 0.9263976875000001 0.320438103125 0.9256718953125 0.323169175 0.9274388140625 0.333548496875 0.9267130218749999 0.3360070828125 0.92458320625 0.346386403125 0.9238574125
0 0.4366542765625 0.9469136828125 0.4393853484375 0.9486806031249999 0.46792848125 0.946684671875 0.47038706875 0.9445548562500001 0.6701889921874999 0.9305833453125001 0.672647578125 0.9284535296875 0.7894149359375 0.9202883609375 0.7906442296875 0.919223453125 0.78887306875 0.8938946781249999 0.7875075328125 0.8930112187500001 0.40087783750000006 0.9200470015625 0.39841925 0.9221768171875 0.3854450984375 0.9230840578124999 0.38271402656250003 0.9213171390625 0.3593605546875 0.9229501718750001 0.3569019671875 0.9250799875 0.3543071375 0.9252614359375 0.35157606406249997 0.9234945171875 0.3360070828125 0.92458320625 0.333548496875 0.9267130218749999 0.32576400625 0.9272573656249999 0.32303293125 0.925490446875 0.2918949703125 0.927667825 0.2894363828125 0.9297976406249999 0.19342766718749999 0.936511225 0.18973978593750002 0.939705946875 0.191374703125 0.9630863546875 0.192740240625 0.9639698140625 0.19820238750000002 0.9675036531250001 0.2006609734375 0.9653738374999999 0.20339204843749997 0.9671407562500001 0.27085763125 0.962423103125 0.27331621875 0.9602932875000001 0.43160085937500003 0.949224946875 0.4340594453125 0.94709513125 0.4366542765625 0.9469136828125
0 0.5174603890625 1 0.931164471875 0.9710709921875 0.9323937640625 0.970006084375 0.932257521875 0.9680577171875001 0.9347161078124999 0.9659279015625 0.9345798640625 0.9639795343750001 0.9370384515625 0.9618497187499999 0.9352672921874999 0.9365209437500001 0.9325362171875 0.9347540249999999 0.9321274890625 0.9289089234375 0.9293964156250001 0.9271420046875001 0.92885144375 0.919348534375 0.9192926874999999 0.91316431875 0.8829650640625 0.9157045937499999 0.8805064781249999 0.9178344078125 0.82601504375 0.9216448203125 0.8232839703125 0.9198779015625 0.5586112937500001 0.9383856187499999 0.5561527078124999 0.9405154343750001 0.5535578765625 0.9406968812500001 0.550826803125 0.9389299624999999 0.54044748125 0.93965575625 0.5379888953124999 0.9417855703125 0.3070490125 0.9579344609374999 0.3045904234375 0.9600642765625 0.23971966875 0.96460048125 0.2372610828125 0.966730296875 0.2320714234375 0.96709319375 0.2293403484375 0.965326275 0.2085817078125 0.966777859375 0.20612312031250002 0.968907675 0.159416178125 0.9721737421875 0.158186884375 0.9732386500000001 0.1583231265625 0.97518701875 0.155864540625 0.9773168328124999 0.1561370265625 0.98121356875 0.1536784390625 0.9833433828125001 0.1538146828125 0.9852917515625 0.151356096875 0.9874215656249999 0.15190106875 0.9952150359375 0.14944248124999998 0.9973448515625 0.14962814687499998 1 0.5174603890625 1