0 0.0827762453125 0.12566098750000002 0.08797540937500001 0.125479428125 0.08930928125000001 0.12641000625 0.08937744375 0.128361940625 0.092045190625 0.130223096875 0.09211335312499999 0.1321750328125 0.0961149703125 0.134966765625 0.101314134375 0.1347852078125 0.10257984375 0.13376385 0.1025116796875 0.13181191406249998 0.1037773890625 0.13079055781249999 0.10637697187499999 0.130699778125 0.10890839062499999 0.1286570625 0.1102422640625 0.129587640625 0.110446753125 0.135443446875 0.111780625 0.136374025 0.15337393593749998 0.1349215546875 0.1559053546875 0.1328788390625 0.1767020109375 0.1321526046875 0.179233428125 0.130109890625 0.2052292484375 0.1292020953125 0.207760665625 0.12715938124999998 0.23635606718750002 0.1261608078125 0.2388874875 0.12411809375 0.26748288750000004 0.1231195203125 0.27001430625 0.1210768046875 0.29601012656250003 0.12016901093750001 0.29854154374999997 0.11812629687500001 0.32713694531250004 0.1171277234375 0.3296683640625 0.1150850078125 0.358263765625 0.11408643437499999 0.360795184375 0.11204372031250001 0.3919901671875 0.1109543671875 0.39452158593750003 0.108911653125 0.4231169859375 0.1079130796875 0.42564840625 0.105870365625 0.45424380781249996 0.10487179218750001 0.456775225 0.1028290765625 0.48277104531250004 0.10192128281249999 0.4853024625 0.09987856875 0.516497446875 0.09878921562500001 0.519028865625 0.0967465015625 0.5502238484374999 0.09565714843749999 0.5527552671875 0.093614434375 0.5865498328125 0.0924343015625 0.5890812515625 0.09039158750000001 0.6150770703124999 0.0894837921875 0.6176084890625 0.087441078125 0.646203890625 0.0864425046875 0.648735309375 0.084399790625 0.6799302921875 0.0833104375 0.6824617109375 0.0812677234375 0.7162562765625 0.08008759062500001 0.71878769375 0.0780448765625 0.752582259375 0.07686474374999999 0.7551136781250001 0.0748220296875 0.77071116875 0.074277353125 0.7745082984375 0.07121328125000001 0.773622178125 0.0458381234375 0.77228830625 0.044907545312500005 0.7696887234374999 0.044998325 0.7670209796874999 0.043137168749999996 0.7644895593750001 0.0451798828125 0.7436929046875 0.04590611875 0.7411614859375 0.047948832812499995 0.709966503125 0.0490381859375 0.7074350828125 0.0510809 0.6788396828125001 0.0520794734375 0.6763082640625 0.054122189062500006 0.6425136984375001 0.0553023203125 0.6399822796875 0.0573450359375 0.6139864609375 0.05825282968749999 0.6114550421875 0.06029554375 0.5802600578125 0.061384896875 0.577728640625 0.0634276109375 0.54653365625 0.0645169640625 0.5440022390625 0.066559678125 0.51800641875 0.06746747343750001 0.515475 0.0695101875 0.4842800171875 0.070599540625 0.48174859843749995 0.07264225468749999 0.45055361562499996 0.0737316078125 0.44802219687499995 0.075774321875 0.419426796875 0.0767728953125 0.4168953765625 0.0788156109375 0.3857003953125 0.0799049625 0.38316897499999997 0.081947678125 0.35717315625 0.082855471875 0.3546417375 0.08489818593750001 0.32864591875000004 0.0858059796875 0.3261144984375 0.0878486953125 0.2949195171875 0.0889380484375 0.292388096875 0.0909807625 0.266392278125 0.09188855625 0.263860859375 0.09393127031250001 0.23526545781250002 0.09492984374999999 0.23273404062499997 0.096972559375 0.20413863906250002 0.0979711328125 0.20160722031249997 0.10001384687499999 0.17301181875 0.10101242031249999 0.1704804 0.103055134375 0.1470841625 0.10387215000000001 0.14455274375 0.10591486406249999 0.12115650625 0.1067318796875 0.1186250875 0.10877459375000001 0.0900296875 0.1097731671875 0.0874982671875 0.11181588125 0.0615024484375 0.112723675 0.057705320312499996 0.115787746875 0.057773484374999996 0.1177396828125 0.0552420640625 0.119782396875 0.055787368749999997 0.1353978796875 0.0571212421875 0.13632845625 0.059857150000000005 0.14014154843749999 0.0676558953125 0.139869209375 0.071453025 0.1368051375 0.068785278125 0.13494398125 0.068648953125 0.1310401109375 0.0699146609375 0.1300187546875 0.0777134078125 0.129746415625 0.0827762453125 0.12566098750000002
0 0.091529275 0.1527157421875 0.09419701875 0.154576896875 0.0993961828125 0.1543953390625 0.10073005625 0.1553259171875 0.10079821874999999 0.15727785156250002 0.0957353796875 0.16136328125 0.09580354375 0.163315215625 0.093272125 0.16535793125 0.0934084515625 0.16926180156249998 0.0921427421875 0.1702831578125 0.058348178125000004 0.17146329062500001 0.0570824671875 0.1724846484375 0.057150629687499996 0.17443658281250002 0.05848450468750001 0.1753671609375 0.09227906875 0.174187028125 0.0948104859375 0.1721443140625 0.1234058875 0.17114574062500001 0.1259373078125 0.1691030265625 0.14673396249999998 0.168376790625 0.14926538125 0.16633407656250002 0.1752612 0.1654262828125 0.1777926203125 0.1633835671875 0.2063880203125 0.16238499374999998 0.2089194390625 0.16034227968749998 0.2375148390625 0.15934370625 0.240046259375 0.1573009921875 0.27644040468750003 0.1560300796875 0.278971825 0.15398736562499998 0.2997684796875 0.1532611296875 0.3022998984375 0.151218415625 0.33349488125 0.1501290625 0.3360263 0.1480863484375 0.3438250453125 0.147814009375 0.346356465625 0.1457712953125 0.3490242109375 0.1476324515625 0.37502002968750003 0.1467246578125 0.377551446875 0.1446819421875 0.40614684843750004 0.14368336875 0.40867826718750005 0.1416406546875 0.43727366874999996 0.14064208125 0.4398050890625 0.13859936718750002 0.4554025796875 0.138054690625 0.457933996875 0.136011975 0.4683323265625 0.1356488578125 0.47086374375 0.13360614375 0.5150566359375001 0.13206289375 0.5175880562499999 0.1300201796875 0.54098429375 0.12920316406250001 0.5435157109375 0.12716045 0.5539140390624999 0.1267973328125 0.5565817843749999 0.1286584875 0.5799780218749999 0.12784147343750002 0.582509440625 0.125798759375 0.6293019140625 0.1241647296875 0.631833334375 0.122122015625 0.6708270625 0.12076032343750001 0.67335848125 0.118717609375 0.6759580640625 0.1186268296875 0.6786258093749999 0.12048798593750001 0.681225390625 0.12039720625000001 0.6825592625 0.121327784375 0.682627425 0.12327971874999999 0.6852951703125 0.12514087499999998 0.6854996609375 0.13099668125 0.6868335328125 0.131927259375 0.689433115625 0.1318364796875 0.692100859375 0.1336976359375 0.6947004421874999 0.13360685625 0.6960343140624999 0.13453743437500001 0.696170640625 0.1384413046875 0.6975045125 0.13937188125 0.7001040953125 0.139281103125 0.7026355125 0.1372383875 0.77022464375 0.1348781234375 0.7727560625 0.132835409375 0.7935527171875 0.1321091734375 0.7998812640625 0.12700238749999998 0.7997449390625 0.1230985171875 0.8022763562499999 0.1210558015625 0.8020718671875 0.115199996875 0.8046032875 0.11315728124999999 0.8044669609374999 0.1092534109375 0.8069983781250001 0.107210696875 0.8067938890624999 0.101354890625 0.809325309375 0.09931217656249999 0.8087118406249999 0.081744759375 0.8060440953124999 0.0798836046875 0.80583960625 0.0740277984375 0.8045057343750001 0.0730972203125 0.76551200625 0.0744589109375 0.7629805875 0.07650162656250001 0.729186021875 0.0776817578125 0.726654603125 0.0797244734375 0.6980592015625 0.08072304687500001 0.6955277828125 0.0827657609375 0.66173321875 0.08394589375 0.6592018000000001 0.08598860781249999 0.6306063984375 0.08698718125 0.6280749796875 0.0890298953125 0.596879996875 0.0901192484375 0.594348578125 0.0921619625 0.55795443125 0.093432875 0.5554230125 0.0954755890625 0.524228028125 0.0965649421875 0.5216966109375 0.09860765625 0.4905016265625 0.099697009375 0.48797020937499996 0.10173972499999999 0.45937480781250006 0.1027382984375 0.45684338750000003 0.1047810125 0.4282479875 0.1057795859375 0.42571656874999997 0.1078223 0.3997207484375 0.10873009375 0.39718933125 0.110772809375 0.3685939296875 0.11177138281250001 0.36606251093750003 0.11381409687499999 0.33226794531250003 0.11499422968749999 0.329736528125 0.11703694375 0.3037407078125 0.11794473750000001 0.3012092890625 0.119987453125 0.2726138890625 0.120986025 0.27008246874999997 0.123028740625 0.24408665 0.123936534375 0.24155523125 0.1259792484375 0.2103602484375 0.1270686015625 0.2078288296875 0.1291113171875 0.18183301093749998 0.13001911093750002 0.1793015921875 0.13206182500000002 0.1559053546875 0.1328788390625 0.15337393593749998 0.1349215546875 0.11697978906249999 0.136192465625 0.11444837031249999 0.13823517968750001 0.096251296875 0.1388706359375 0.093719878125 0.1409133515625 0.05732573125 0.1421842625 0.0547943125 0.1442269765625 0.05219473125 0.14431775625 0.0509290203125 0.1453391140625 0.0513379984375 0.157050725 0.052671871875 0.157981303125 0.0604706171875 0.15770896406249998 0.0655334546875 0.1536235359375 0.0759317828125 0.15326041875000002 0.0784632015625 0.151217703125 0.0837986921875 0.15494001562499998 0.086398275 0.1548492359375 0.08892969218749999 0.1528065203125 0.091529275 0.1527157421875
0 0.16828041093749999 0.18912184375000002 0.1708118296875 0.187079128125 0.2046063953125 0.185898996875 0.20713781406249998 0.18385628125 0.22793446875 0.183130046875 0.2304658875 0.18108733125 0.264260453125 0.1799072 0.26679187187500003 0.177864484375 0.3239826734375 0.1758673375 0.32651409375 0.1738246234375 0.3525099125 0.1729168296875 0.35504133125 0.170874115625 0.3836367328125 0.1698755421875 0.38616815 0.1678328265625 0.4303610421875 0.1662895765625 0.4328924625 0.1642468625 0.4562887 0.1634298484375 0.45882011718750004 0.1613871328125 0.47961677343750003 0.1606608984375 0.4821481921875 0.1586181828125 0.526341084375 0.157074934375 0.528872503125 0.15503221875 0.5574679046875 0.1540336453125 0.5599993249999999 0.15199093125000002 0.59119430625 0.150901578125 0.5937257265625 0.14885886406249998 0.6275202906249999 0.14767873125 0.630051709375 0.14563601718750002 0.656047528125 0.1447282234375 0.658578946875 0.1426855078125 0.679375603125 0.1419592734375 0.6819070203125001 0.1399165578125 0.684506603125 0.1398257796875 0.6857723124999999 0.138804421875 0.6854996609375 0.13099668125 0.6828319140625 0.129135525 0.6825592625 0.121327784375 0.681225390625 0.12039720625000001 0.6786258093749999 0.12048798593750001 0.6759580640625 0.1186268296875 0.6734266437499999 0.1206695453125 0.6396320796875 0.12184967656250001 0.6371006609375 0.12389239062499999 0.5929077687500001 0.12543564062499998 0.59037635 0.12747835624999998 0.56438053125 0.12838615 0.5618491109375 0.1304288640625 0.5566499484375 0.1306104234375 0.5539822015625 0.1287492671875 0.5513826203125001 0.128840046875 0.5488512015625 0.1308827609375 0.4994591453125 0.13260757031249998 0.4969277265625 0.13465028437499998 0.46573274375 0.1357396375 0.463201325 0.13778235156250002 0.45280299687500003 0.1381454703125 0.4502715796875 0.140188184375 0.4320745046875 0.140823640625 0.4295430859375 0.1428663546875 0.40614684843750004 0.14368336875 0.40361542968749997 0.145726084375 0.40101584843750004 0.1458168640625 0.398348103125 0.1439557078125 0.3957485203125 0.1440464875 0.39321710312499997 0.1460892015625 0.37502002968750003 0.1467246578125 0.372488609375 0.148767371875 0.3490923734375 0.1495843859375 0.34642462812499997 0.14772323125 0.3438250453125 0.147814009375 0.34129362812499997 0.149856725 0.33349488125 0.1501290625 0.3309634625 0.152171778125 0.31796555312499997 0.152625675 0.315434134375 0.1546683890625 0.302436225 0.1551222859375 0.2997684796875 0.1532611296875 0.2971688984375 0.153351909375 0.29463747812499996 0.155394625 0.25824333125 0.1566655359375 0.2557119140625 0.15870825 0.22971609375000002 0.1596160453125 0.227184675 0.16165875937500002 0.2037884375 0.1624757734375 0.2012570203125 0.1645184890625 0.1778607828125 0.165335503125 0.1753293625 0.16737821718749998 0.1519331265625 0.16819523281249998 0.1494017078125 0.170237946875 0.12080630625 0.1712365203125 0.1182748875 0.17327923437499998 0.09227906875 0.174187028125 0.08974764843750001 0.17622974375 0.06895099375 0.176955978125 0.066419575 0.17899869375 0.061220410937500004 0.1791802515625 0.059954701562500004 0.18020160937500002 0.0602273546875 0.18800935000000002 0.057695934375 0.19005206562500002 0.0579004234375 0.1959078703125 0.0592342984375 0.1968384484375 0.06190204218749999 0.1986996046875 0.093097025 0.1976102515625 0.09562844375 0.1955675375 0.11122593437499999 0.19502286093750001 0.11375735468749999 0.19298014531250002 0.1371535921875 0.19216313125 0.139685009375 0.1901204171875 0.16828041093749999 0.18912184375000002
0 0.10540391874999999 0.2519013203125 0.10793533749999999 0.24985860468749999 0.1131345015625 0.24967704687499997 0.115802246875 0.2515382015625 0.12360099375 0.2512658640625 0.1261324109375 0.2492231484375 0.16772572187499998 0.24777067812500003 0.170257140625 0.2457279640625 0.21185045156250001 0.24427549375000002 0.2143818703125 0.24223277968749998 0.25077601718750003 0.2409618671875 0.2533074359375 0.23891915312499998 0.2923011640625 0.2375574625 0.29483258437500004 0.235514746875 0.3416250578125 0.23388071875 0.3441564765625 0.23183800312499997 0.3831502046875 0.2304763125 0.38568162500000003 0.22843359843750002 0.4194761890625 0.22725346562499998 0.4220076078125 0.2252107515625 0.455802171875 0.22403061875 0.4583335921875 0.22198790468750002 0.5051260671875 0.22035387499999998 0.5076574843749999 0.2183111609375 0.5362528859375 0.21731258750000002 0.5387843046875 0.215269871875 0.5751784515625 0.2139989609375 0.5777098703125 0.21195624687499998 0.608904853125 0.21086689375 0.6114362718749999 0.20882417812499998 0.6426312546874999 0.2077348265625 0.6451626734375 0.2056921109375 0.6789572390624999 0.20451197968749998 0.6814886578125 0.20246926406250002 0.710084059375 0.20147069062499998 0.712615478125 0.1994279765625 0.7568083703124999 0.1978847265625 0.7593397890625 0.1958420125 0.7879351906250001 0.19484343906249998 0.7904666078125 0.19280072343750002 0.80346451875 0.1923468265625 0.807261646875 0.1892827546875 0.807193484375 0.18733082031249998 0.8097249015625 0.1852881046875 0.8095204125000001 0.1794323 0.8120518328124999 0.17738958437500002 0.8114383640625 0.15982216875 0.80877061875 0.1579610125 0.8079526625 0.134537790625 0.8039510453125001 0.13174605625 0.788353553125 0.13229073281249998 0.785822134375 0.13433344687499998 0.7494279875000001 0.13560435937499998 0.74689656875 0.1376470734375 0.7157015859375 0.13873642656250001 0.7131701671874999 0.14077914062500002 0.67157685625 0.1422316109375 0.6690454375 0.1442743265625 0.64304961875 0.1451821203125 0.6405181984375 0.147224834375 0.6093232171875 0.1483141875 0.606791796875 0.15035690156249998 0.575596815625 0.1514462546875 0.5730653953125 0.15348896875 0.5418704140624999 0.154578321875 0.53933899375 0.1566210375 0.4977456828125 0.1580735078125 0.49521426562500004 0.16011622187500002 0.46401928124999997 0.161205575 0.46148786406250003 0.1632482890625 0.4380916265625 0.164065303125 0.43556020625 0.16610801875 0.39916606093749996 0.1673789296875 0.396634640625 0.16942164531249998 0.365439659375 0.170510996875 0.36290823906249997 0.1725537125 0.3343128375 0.1735522859375 0.3317814203125 0.175595 0.3057856 0.17650279375 0.3032541828125 0.178545509375 0.266860034375 0.1798164203125 0.2643286171875 0.181859134375 0.22273530625000001 0.18331160468750002 0.2202038859375 0.18535432031250001 0.18640932187499998 0.18653445156249998 0.18387790312500002 0.1885771671875 0.1552825015625 0.189575740625 0.1527510828125 0.1916184546875 0.12415568125000001 0.19261702812499998 0.1216242640625 0.19465974218749998 0.0982280265625 0.1954767578125 0.09569660625000001 0.19751947187500002 0.07749953281250001 0.198154928125 0.074968115625 0.20019764218749997 0.0463727140625 0.201196215625 0.043841293749999996 0.2032389296875 0.041241714062500004 0.203329709375 0.0399760046875 0.2043510671875 0.0403168203125 0.21411074375 0.037785400000000004 0.2161534578125 0.03846703125 0.23567280937500001 0.039800903124999995 0.23660338749999998 0.041134776562499996 0.237533965625 0.041407429687500004 0.24534170624999999 0.053412281250000006 0.2537169078125 0.05601186406250001 0.25362612812499996 0.0586796078125 0.255487284375 0.08207584531249999 0.25467026875 0.0846072625 0.2526275546875 0.10540391874999999 0.2519013203125
0 0.10724432187499999 0.30460357031249996 0.10991206718749999 0.3064647265625 0.1124434859375 0.3044220109375 0.156636378125 0.3028787609375 0.1591677984375 0.300836046875 0.208559853125 0.29911123906250003 0.21109127343749998 0.2970685234375 0.2526845828125 0.295616053125 0.2552160015625 0.2935733390625 0.31760596875 0.2913946328125 0.32013738593749996 0.28935191875 0.3747286078125 0.28744555156249996 0.377260025 0.2854028359375 0.42665208281250006 0.283678028125 0.4291835 0.2816353140625 0.49157346718749995 0.2794566078125 0.4941048859375 0.27741389375000003 0.5434969421875 0.275689084375 0.5460283609375 0.2736463703125 0.6032191640625 0.2716492234375 0.6057505812499999 0.2696065078125 0.6525430562500001 0.2679724796875 0.6550744765625 0.2659297640625 0.6940682046875 0.2645680734375 0.696599621875 0.262525359375 0.7355933515624999 0.26116366874999997 0.7381247703125 0.259120953125 0.7875168265625 0.2573961453125 0.7900482453125 0.2553534296875 0.8264423921875 0.25408251875 0.8289738109375 0.2520398046875 0.8679675390625 0.2506781125 0.870498959375 0.2486353984375 0.8782977046875 0.248363059375 0.8820948328125 0.2452989875 0.88189034375 0.23944318281250002 0.8844217625 0.2374004671875 0.8833311531250001 0.2061695046875 0.8806634078125001 0.20430834843749998 0.880186265625 0.19064480156250002 0.8761846484375001 0.18785306875000002 0.8527884109375 0.1886700828125 0.8502569937500001 0.1907127984375 0.8086636828125 0.19216526875 0.8061322640625 0.1942079828125 0.7749372796875 0.1952973359375 0.7724058625 0.19734005 0.736011715625 0.19861096250000002 0.7334802953125 0.2006536765625 0.6918869859375001 0.202106146875 0.689355565625 0.2041488609375 0.6555610015625 0.20532899375000002 0.6530295828125 0.2073717078125 0.6244341828125 0.20837028124999998 0.6219027625 0.210412996875 0.59070778125 0.2115023484375 0.5881763609374999 0.21354506406249998 0.5595809593750001 0.2145436375 0.557049540625 0.2165863515625 0.5206553953124999 0.2178572640625 0.518123975 0.219899978125 0.476530665625 0.22135244843750002 0.47399924687499995 0.2233951625 0.432405934375 0.22484763281250003 0.42987451718749997 0.2268903484375 0.3908807890625 0.22825203906249997 0.38834936875000003 0.230294753125 0.3571543875 0.23138410625 0.35462296718749997 0.23342682187500002 0.310430075 0.2349700703125 0.30789865625 0.23701278593750003 0.2871020015625 0.2377390203125 0.28457058125 0.2397817359375 0.2403776890625 0.241324984375 0.237846271875 0.2433677 0.18845421406250001 0.2450925078125 0.1859227953125 0.2471352234375 0.1417299015625 0.2486784734375 0.139198484375 0.2507211875 0.1028043359375 0.25199209843750003 0.10027291875 0.2540348140625 0.06907793437500001 0.25512416718750003 0.0665465171875 0.25716688125 0.0587477703125 0.25743921875 0.0574820609375 0.2584605765625 0.057550224999999997 0.26041251249999997 0.0550188046875 0.26245522656250003 0.056313903124999995 0.2995419953125 0.057647776562499996 0.3004725734375 0.05898165 0.3014031515625 0.0590498125 0.3033550859375 0.06305142968750001 0.3061468203125 0.06825059375 0.3059652609375 0.0709183375 0.3078264171875 0.102113321875 0.3067370640625 0.1046447390625 0.30469435 0.10724432187499999 0.30460357031249996
0 0.0706363015625 0.37428299374999996 0.0733040453125 0.37614415 0.07850320937500001 0.37596259062500004 0.08117095468749999 0.377823746875 0.0889697 0.3775514078125 0.0943051921875 0.3812737203125 0.1618943203125 0.37891345468750004 0.1644257390625 0.376870740625 0.252811525 0.373784240625 0.25534294218750003 0.37174152656250004 0.317732909375 0.3695628203125 0.320264328125 0.36752010625 0.3800547109375 0.3654321796875 0.38258613124999996 0.36338946562499996 0.3851857125 0.3632986859375 0.3878534578125 0.36515984218750003 0.393052621875 0.3649782828125 0.395584040625 0.36293556875 0.4865694078125 0.3597582890625 0.4891008265625 0.357715575 0.569687865625 0.35490141406250003 0.572219284375 0.3528586984375 0.645007578125 0.35031687499999997 0.647538996875 0.3482741609375 0.694331471875 0.34664013125 0.6968628906250001 0.34459741718750003 0.7176595453125 0.34387118125 0.7216611625 0.34666291562499996 0.722751771875 0.3778938796875 0.7240856453125 0.37882445625 0.7266852265625 0.37873367812500003 0.729352971875 0.3805948328125 0.7631475359375 0.3794147015625 0.76567895625 0.3773719859375 0.77087811875 0.377190428125 0.7735458656249999 0.3790515828125 0.7813446093749999 0.37877924531249996 0.7838760296875 0.37673653125 0.8020731015625 0.376101075 0.8046045203125001 0.3740583609375 0.8228015953125001 0.3734229046875 0.8253330125 0.371380190625 0.8279325953125 0.3712894109375 0.8306003390625 0.373150565625 0.8331999218749999 0.3730597875 0.8357313421875 0.371017071875 0.8383309234375 0.3709262921875 0.8436664125 0.3746486046875 0.854064740625 0.3742854875 0.856596159375 0.372242771875 0.87219365 0.37169809531250003 0.8747250703124999 0.36965538124999997 0.8773246515625001 0.3695646015625 0.8823874890625 0.365479171875 0.8849870718749999 0.36538839375 0.8925813281250001 0.35926025 0.8951809093750001 0.3591694703125 0.8977123296875 0.3571267546875 0.9003119093749999 0.3570359765625 0.9079061671875 0.35090783281250004 0.9105057484374999 0.350817053125 0.9181000046875001 0.34468890937499996 0.9206995875 0.3445981296875 0.92829384375 0.3384699859375 0.9308934265625 0.33837920625 0.9359562640625001 0.3342937765625 0.9385558453125 0.3342029984375 0.9410872640625 0.3321602828125 0.9436868453124999 0.332069503125 0.9550782312500001 0.3228772875 0.9550100671875 0.320925353125 0.9575414859375 0.3188826375 0.9572688328125001 0.311074896875 0.959800253125 0.3090321828125 0.9589141328125 0.283657025 0.9562463875 0.28179586875 0.9552239406249999 0.252516840625 0.952556196875 0.2506556859375 0.9524880343750001 0.24870375 0.9511541625 0.24777317187499998 0.91216043125 0.2491348625 0.9096290140625 0.25117757812499997 0.9069612687499999 0.249316421875 0.9017621046875 0.24949798125 0.8992306859375001 0.2515406953125 0.8368407203125001 0.2537194015625 0.8343093015624999 0.255762115625 0.7849172453125 0.2574869234375 0.782385825 0.25952963906250004 0.7381929328125 0.2610728890625 0.7356615140625 0.26311560312500004 0.6862694578124999 0.2648404125 0.683738040625 0.2668831265625 0.6447443093749999 0.2682448171875 0.6422128921875 0.27028753125 0.59802 0.27183078125 0.5954885796875 0.273873496875 0.53049903125 0.27614298125 0.5279676140625 0.27818569531250004 0.475975975 0.280001284375 0.47344455781250006 0.2820439984375 0.42145291875 0.2838595859375 0.4189215 0.2859023015625 0.361730696875 0.28789944843750004 0.3591992796875 0.2899421625 0.307207640625 0.29175775000000004 0.304676221875 0.293800465625 0.25788374687500004 0.2954344953125 0.25535232812499997 0.297477209375 0.1747652890625 0.3002913703125 0.17223386875 0.3023340859375 0.1410388875 0.3034234375 0.1385074671875 0.305466153125 0.094314575 0.307009403125 0.0917831578125 0.3090521171875 0.076185665625 0.30959679375000004 0.0735179203125 0.3077356375 0.06311959375000001 0.3080987546875 0.060588173437500004 0.3101414703125 0.0579885921875 0.31023225 0.05419146406250001 0.313296321875 0.054259626562499996 0.31524825624999997 0.0517282078125 0.31729097031250003 0.05186453437500001 0.3211948421875 0.049333115625 0.32323755625 0.0502873984375 0.3505646484375 0.0516212703125 0.3514952265625 0.05295514375 0.3524258046875 0.0531596328125 0.3582816109375 0.05582737812500001 0.36014276562499997 0.055963704687500004 0.3640466359375 0.06129919375 0.3677689484375 0.0613673578125 0.3697208828125 0.06803671875 0.3743737734375 0.0706363015625 0.37428299374999996
0 0.38914855625 0.4022466109375 0.3916799765625 0.400203896875 0.4774661796875 0.3972081765625 0.479997596875 0.3951654609375 0.5579850546875 0.3924420796875 0.5605164734375 0.3903993640625 0.6567010046874999 0.3870405265625 0.6592324234375 0.3849978125 0.7164232265625 0.383000665625 0.720220353125 0.37993659375 0.71912974375 0.3487056296875 0.715128128125 0.345913896875 0.694331471875 0.34664013125 0.6918000531249999 0.348682846875 0.6242109234375001 0.35104311093749996 0.6216795046875 0.353085825 0.546291628125 0.355718428125 0.5437602109374999 0.3577611421875 0.45277484375 0.36093842187499997 0.4502434234375 0.36298113593750003 0.3644572203125 0.36597685625 0.361925803125 0.3680195703125 0.294336671875 0.3703798359375 0.291805253125 0.37242255 0.2086186328125 0.37532749062500004 0.2060872125 0.37737020625 0.14369724687500002 0.3795489109375 0.141165828125 0.3815916265625 0.0969729359375 0.383134875 0.0931758078125 0.386198946875 0.09324397031250001 0.3881508828125 0.0907125515625 0.390193596875 0.09159867187500001 0.4155687546875 0.09293254375 0.4164993328125 0.095600290625 0.4183604890625 0.1475919265625 0.41654490156249996 0.150123346875 0.41450218593750005 0.228110803125 0.4117788046875 0.2306422234375 0.4097360890625 0.326826753125 0.4063772515625 0.3293581734375 0.40433453750000004 0.38914855625 0.4022466109375
0 0.25526539531250003 0.444053909375 0.2577968140625 0.44201119375 0.361780090625 0.43838001875000004 0.3643115109375 0.436337303125 0.45529687656249995 0.433160025 0.4578282953125 0.431117309375 0.5306165890625001 0.42857548593750006 0.5331480078124999 0.426532771875 0.6215337921875 0.42344627187499995 0.6240652125 0.42140355781250005 0.7358472328125 0.41750004374999994 0.7383786531250001 0.415457328125 0.8345631843750001 0.41209849062500004 0.8383603125000001 0.40903441875 0.8378831703125 0.3953708734375 0.8404145890624999 0.39332815781249997 0.8400056109375 0.381616546875 0.8373378656250001 0.379755390625 0.837269703125 0.37780345625 0.8359358312499999 0.37687287812500003 0.7735458656249999 0.3790515828125 0.7710144453125001 0.3810942984375 0.7684148625 0.381185078125 0.76574711875 0.379323921875 0.7631475359375 0.3794147015625 0.76061611875 0.381457415625 0.656632840625 0.38508859218749997 0.654101421875 0.38713130625000003 0.578713546875 0.389763909375 0.5761821281249999 0.3918066234375 0.49039592499999995 0.39480234375 0.48786450625000005 0.3968450578125 0.402078303125 0.399840778125 0.39954688437499997 0.40188349375000004 0.32155942656250003 0.404606875 0.31902800781249996 0.406649590625 0.2592376234375 0.40873751562500005 0.2567062046875 0.41078023124999996 0.2541066234375 0.410871009375 0.251438878125 0.40900985468749995 0.248839296875 0.409100634375 0.24630787656250003 0.41114334843749994 0.17351958437499998 0.413685171875 0.1709881640625 0.41572788593750004 0.090401125 0.418542046875 0.08786970625 0.4205847625 0.0462763953125 0.42203723281250005 0.0450106859375 0.423058590625 0.0456241546875 0.44062600625000004 0.0469580265625 0.44155658437499995 0.0482919 0.4424871625 0.0484963890625 0.44834296875 0.0511641328125 0.45020412343749994 0.05123229687500001 0.45215605937500003 0.052566168749999996 0.45308663749999994 0.1409519546875 0.4500001375 0.143483371875 0.4479574234375 0.25526539531250003 0.444053909375
0 0.1899938109375 0.5127799703125 0.192525228125 0.51073725625 0.384894290625 0.5040195796875 0.387425709375 0.501976865625 0.5875935171875 0.4949868515625 0.5901249359375 0.4929441375 0.5927245171875 0.4928533578125 0.5953922625 0.49471451406250005 0.5979918453125 0.494623734375 0.6005232640625 0.49258101875 0.8162885624999999 0.48504632968749994 0.8202901796875001 0.4878380625 0.8203583421875 0.4897899984375 0.824359959375 0.49258173125000004 0.8529553609375 0.4915831578125 0.85548678125 0.48954044375 0.863285525 0.48926810468750004 0.8658169453125 0.48722539062500003 0.876215271875 0.4868622734375 0.8787466921875 0.48481955781249997 0.8917446 0.48436566093750005 0.8942760203125 0.482322946875 0.904674346875 0.4819598296875 0.9072057671874999 0.4799171140625 0.9150045109375 0.47964477656250004 0.921333059375 0.474537990625 0.9199697984374999 0.4354992859375 0.9173020515625 0.43363812968750004 0.916620421875 0.41411877812500003 0.913952678125 0.412257621875 0.9138845140624999 0.4103056875 0.912550640625 0.409375109375 0.7981690359375 0.41336940312500003 0.79563761875 0.41541211718750004 0.691654340625 0.41904329375 0.6891229234375 0.4210860078125 0.686523340625 0.4211767875 0.6838555953125 0.41931563125000004 0.6812560140625 0.4194064109375 0.6787245937499999 0.421449125 0.5721417359375 0.42517108124999997 0.56961031875 0.42721379531250003 0.4786249515625 0.430391075 0.47609353125 0.4324337890625 0.40070565625 0.43506639218750004 0.39817423750000003 0.43710910625 0.2707947234375 0.441557296875 0.2682633046875 0.44360001093749996 0.16947919218750002 0.447049628125 0.1669477734375 0.44909234375 0.0811615703125 0.4520880640625 0.0786301515625 0.45413077812499997 0.0630326609375 0.45467545468750004 0.059235532812500005 0.45773952656250005 0.0593036953125 0.45969146250000004 0.056772275000000004 0.46173417656250004 0.057317579687499995 0.4773496578125 0.0547861625 0.4793923734375 0.0549224890625 0.48329624375 0.056256360937500006 0.48422682031250003 0.057590232812499996 0.48515739843750005 0.058408189062500004 0.508580621875 0.061075935937500006 0.5104417765625 0.0611440984375 0.5123937125 0.065145715625 0.515185446875 0.0703448796875 0.5150038875 0.07301262343750001 0.51686504375 0.1899938109375 0.5127799703125
0 0.1188414296875 0.5621682390625 0.1396380859375 0.561442003125 0.1421695046875 0.5593992890624999 0.14736866875000001 0.5592177296874999 0.15003641406249998 0.5610788859375 0.1630343234375 0.5606249890624999 0.1655657421875 0.5585822734375 0.1682334875 0.5604434296874999 0.2254242890625 0.5584462828125 0.2279557078125 0.55640356875 0.230623453125 0.5582647234375 0.24622094374999998 0.5577200484375 0.2487523640625 0.5556773328125 0.2514201078125 0.5575384890625 0.2670175984375 0.5569938125 0.26954901875 0.5549510984375 0.2722167625 0.556812253125 0.2878142546875 0.556267578125 0.2903456734375 0.5542248625 0.29294525625 0.5541340828125 0.295613 0.5559952390625 0.3060113296875 0.555632121875 0.308542746875 0.55358940625 0.31634149375 0.55331706875 0.3190092375 0.5551782249999999 0.3215406578125 0.553135509375 0.6906812890625 0.5402448343749999 0.6932127078125 0.5382021203125 0.698411871875 0.5380205609375001 0.701079615625 0.5398817171875 0.7062787796875 0.5397001593749999 0.7088102000000001 0.53765744375 0.7218081093750001 0.537203546875 0.724475853125 0.539064703125 0.7296750171874999 0.53888314375 0.7322064359375 0.5368404296875 0.7426047640625 0.5364773125 0.7452725078125 0.5383384671875 0.747803928125 0.536295753125 0.7815984921875 0.5351156203125 0.7842662375 0.5369767765625 0.7868658187500001 0.5368859968749999 0.7893972390624999 0.5348432828125 0.8153930578124999 0.5339354890625 0.8191901859374999 0.5308714171875 0.8177587609374999 0.48988077656250006 0.8110894 0.48522788749999995 0.756498178125 0.4871342546875 0.753966759375 0.4891769703125 0.48880940468749995 0.49843646875000003 0.48627798593750005 0.5004791828124999 0.335502234375 0.5057443890625 0.332970815625 0.507787103125 0.1484005 0.5142324406250001 0.14586907968750001 0.5162751546875 0.086078696875 0.51836308125 0.08228156875 0.521427153125 0.083372178125 0.5526581171875 0.08470605 0.5535886953125 0.0860399234375 0.554519271875 0.08617625 0.5584231421875 0.09017786562499999 0.5612148765625 0.1083749390625 0.5605794203125 0.1110426859375 0.5624405765625 0.113574103125 0.5603978625 0.11617368593749999 0.5603070828125001 0.1188414296875 0.5621682390625
0 0.9239526453125 0.5868196546875 0.9277497734375 0.5837555828125 0.9263183484375 0.5427649421875 0.9236506046875 0.5409037875 0.923582440625 0.5389518515625 0.9222485671875 0.5380212734375001 0.9196489859374999 0.538112053125 0.916981240625 0.536250896875 0.696016778125 0.543967146875 0.6934853609375 0.5460098609374999 0.39973260312500003 0.5562679328125 0.3972011859375 0.5583106484375 0.3920020203125 0.55849220625 0.38933427656249997 0.5566310515625 0.3815355296875 0.5569033890624999 0.3790041109375 0.5589461046875 0.249025015625 0.5634850734375 0.24635727031250002 0.56162391875 0.1969652140625 0.5633487265625 0.1944337953125 0.5653914421875 0.1918342140625 0.5654822203125 0.18916646875 0.563621065625 0.1371748296875 0.565436653125 0.1346434125 0.5674793671875 0.12164550156250001 0.5679332640625 0.11897775625 0.5660721093750001 0.1111790109375 0.566344446875 0.1086475921875 0.5683871609375 0.09045051875 0.5690226171874999 0.0879191 0.5710653328124999 0.080120353125 0.5713376703125 0.075057515625 0.5754231 0.0724579359375 0.575513878125 0.06866080625 0.5785779515625 0.0695469265625 0.6039531078125 0.0708807984375 0.6048836859375 0.07221467031249999 0.6058142640625 0.072419159375 0.6116700703125 0.0790885234375 0.6163229593749999 0.170073890625 0.6131456796875 0.172741634375 0.6150068359375 0.1753412171875 0.61491605625 0.1778726359375 0.6128733421875 0.9239526453125 0.5868196546875
0 0.1662379890625 0.65236594375 0.16890573281250001 0.6542271000000001 0.421065178125 0.645421496875 0.4237329234375 0.647282653125 0.7564794078125 0.635662890625 0.7591471546874999 0.6375240453125001 0.761678571875 0.6354813312500001 0.7642781546874999 0.6353905515625 0.7669458984374999 0.6372517078125 0.8501325218750001 0.6343467671874999 0.8528002656250001 0.636207921875 0.8579994296875 0.6360263640625 0.8605308484374999 0.6339836484375 0.8787279218749999 0.6333481937500001 0.8813956656249999 0.6352093484375 0.9307877234375 0.633484540625 0.9333191421875 0.6314418265625 0.935918725 0.631351046875 0.9371844328125001 0.6303296890625 0.9358893343749999 0.5932429203125 0.9332215890625 0.5913817640625 0.9331534265625001 0.5894298296875 0.929151809375 0.5866380953125 0.33904671406250003 0.60724501875 0.336515296875 0.609287734375 0.245529928125 0.6124650125 0.24286218437499998 0.6106038578125 0.23246385625000002 0.610966975 0.22993243749999998 0.6130096890625001 0.2247332734375 0.6131912484375001 0.22206552968749999 0.6113300921875 0.2116672 0.611693209375 0.2091357828125 0.6137359250000001 0.12074999687500002 0.616822425 0.1180822515625 0.61496126875 0.0972855953125 0.615687503125 0.094754178125 0.61773021875 0.08695543125 0.61800255625 0.085689721875 0.6190239140625 0.08678033125 0.6502548765625 0.088114203125 0.6511854546875 0.089448078125 0.6521160328125 0.089516240625 0.65406796875 0.0908501125 0.6549985453125 0.09344969374999999 0.6549077671875 0.0961174390625 0.656768921875 0.16110698750000002 0.6544994375 0.16363840624999998 0.6524567234374999 0.1662379890625 0.65236594375
0 0.5727270484375 0.66553145 0.5753947953125 0.66739260625 0.74436761875 0.6614919453125 0.7470353640625 0.6633530999999999 0.923806934375 0.6571801015625 0.9276040625 0.6541160296874999 0.9269224328125001 0.6345966765625 0.9255885578124999 0.6336661 0.8476011015625 0.6363894812499999 0.8449333578125 0.634528325 0.60057265625 0.6430615890625 0.5979049125 0.6412004328124999 0.5953053296874999 0.6412912125 0.5927739109375 0.6433339265625 0.584975165625 0.643606265625 0.5823074203124999 0.641745109375 0.5693095109375 0.64219900625 0.566778090625 0.6442417218750001 0.561578928125 0.6444232796875 0.5589111828125 0.642562125 0.4107350140625 0.6477365500000001 0.40806726875 0.64587539375 0.4054676875 0.6459661734375 0.40293626875 0.6480088890625 0.39253794062499997 0.64837200625 0.3898701953125 0.6465108500000001 0.38207145 0.6467831890625 0.37954003125 0.648825903125 0.3717412859375 0.649098240625 0.369073540625 0.6472370859375001 0.0987170203125 0.65667814375 0.09491989375 0.659742215625 0.0954651984375 0.675357696875 0.0967990703125 0.676288275 0.102134559375 0.6800105859375 0.294503621875 0.6732929109375 0.2971713671875 0.675154065625 0.3283663484375 0.6740647140625 0.33089776875 0.6720219984375 0.33609693281249997 0.671840440625 0.338764678125 0.6737015953125 0.5727270484375 0.66553145
0 0.13147036875 0.7747476171875001 0.162665353125 0.7736582640624999 0.1653330984375 0.7755194203125 0.17573142656250001 0.775156303125 0.17826284375 0.7731135874999999 0.2978436125 0.7689377359375 0.3005113578125 0.7707988921875 0.39409630625 0.7675308328125 0.3967640515625 0.7693919890625 0.3993636328125 0.769301209375 0.4018950515625 0.7672584953125 0.4148929625 0.7668045984375 0.41756070625 0.768665753125 0.5319423109375 0.7646714593749999 0.53461005625 0.766532615625 0.6177966765625 0.7636276750000001 0.6204644234375001 0.76548883125 0.6542589875 0.7643086984374999 0.65692673125 0.7661698546875 0.6985200421875 0.764717384375 0.7011877890625 0.7665785406250001 0.76877691875 0.764218275 0.7714446625 0.76607943125 0.8858262671875 0.7620851375 0.8884940125 0.76394629375 0.9586827234375 0.7614952500000001 0.9624798515625 0.758431178125 0.9624116890625001 0.7564792421875 0.9649431078124999 0.7544365281250001 0.9622753625 0.752575371875 0.9620708734375001 0.7467195671875 0.9646022921874999 0.7446768515625 0.9644659656250001 0.74077298125 0.9617982203125001 0.738911825 0.9594806765625 0.672546028125 0.95681293125 0.6706848734374999 0.9565402796875 0.6628771312499999 0.9538725343750001 0.6610159765625 0.9538043703125 0.659064040625 0.9498027531250001 0.6562723078125 0.9472031718749999 0.6563630859375 0.9391999359375 0.65077961875 0.934000771875 0.650961178125 0.9327350640625 0.6519825359375 0.9328713890625 0.6558864062499999 0.93160568125 0.6569077625 0.923806934375 0.6571801015625 0.9212755156249999 0.659222815625 0.83808889375 0.6621277562500001 0.8354211484375 0.6602666015625 0.8276224031250001 0.6605389390624999 0.825090984375 0.662581653125 0.822491403125 0.6626724328125 0.8198236578125 0.6608112765625 0.69244414375 0.6652594671875 0.6897763984374999 0.6633983125 0.6507826703124999 0.6647600031249999 0.6482512515625001 0.6668027171875 0.5780625406250001 0.6692537609375 0.5753947953125 0.66739260625 0.5728633750000001 0.6694353203125 0.5702637937499999 0.6695261 0.5675960484375 0.66766494375 0.3830257328125 0.67411028125 0.3803579875 0.672249125 0.3673600796875 0.6727030218750001 0.364828659375 0.6747457375 0.3622290765625 0.6748365171875 0.35956133281249997 0.6729753609375 0.3570299140625 0.675018075 0.341432421875 0.6755627515625 0.338764678125 0.6737015953125 0.3361650953125 0.673792375 0.3336336765625 0.6758350906249999 0.3310340953125 0.67592586875 0.3283663484375 0.6740647140625 0.32576676875 0.6741554921875 0.3232353484375 0.6761982078125001 0.32063576718750003 0.6762889875 0.317968021875 0.6744278312499999 0.315368440625 0.6745186109375 0.312837021875 0.676561325 0.310237440625 0.6766521046875 0.30756969375 0.6747909484375 0.3049701125 0.674881728125 0.30243869375 0.6769244421875 0.2998391109375 0.677015221875 0.2971713671875 0.675154065625 0.11260105000000001 0.681599403125 0.10993330625 0.6797382484375001 0.10473414218749999 0.67991980625 0.09840559374999999 0.68502659375 0.098678246875 0.692834334375 0.096146828125 0.6948770484375 0.0962149921875 0.696828984375 0.0988827359375 0.6986901390625 0.099496203125 0.71625755625 0.09696478593749999 0.718300271875 0.09778274218750001 0.74172349375 0.1004504875 0.7435846500000001 0.1007913015625 0.753344325 0.098259884375 0.755387040625 0.0986007 0.765146715625 0.099934571875 0.76607729375 0.10126844374999999 0.767007871875 0.10140477031249999 0.7709117421875 0.1054063875 0.7737034765625 0.1106055515625 0.7735219171875001 0.11327329687500001 0.7753830734375 0.11580471562500001 0.773340359375 0.128802625 0.7728864609375 0.13147036875 0.7747476171875001
0 0.2006954140625 0.8192337984375 0.2033631578125 0.821094953125 0.28135061562499997 0.818371571875 0.2840183609375 0.8202327281249999 0.349007909375 0.8179632421875 0.351675653125 0.8198243984375001 0.42966311093750004 0.8171010171875001 0.43233085625 0.8189621718750001 0.49991998593750003 0.8166019078125 0.50258773125 0.8184630640625 0.5311831328125 0.817464490625 0.53371455 0.8154217750000001 0.541513296875 0.8151494375 0.5441810406250001 0.8170105937500001 0.5467806234375 0.8169198140624999 0.5493120421875 0.8148770984375 0.551911625 0.8147863203125001 0.5545793703124999 0.8166474750000001 0.5571789515625001 0.816556696875 0.5597103703124999 0.81451398125 0.567509115625 0.81424164375 0.5701768609375 0.8161027984375 0.5727082796875 0.8140600843750001 0.5909053531249999 0.813424628125 0.5935730984375 0.8152857843750001 0.5961045171875 0.8132430703125 0.5987041 0.8131522906249999 0.60137184375 0.815013446875 0.6247680812499999 0.8141964312500001 0.6274358265625 0.8160575874999999 0.6820270453124999 0.8141512203125 0.6846947921875 0.8160123765625 0.7028918656250001 0.8153769203125 0.7055596093750001 0.8172380765625 0.7497525015625001 0.8156948265624999 0.7524202468750001 0.81755598125 0.83560686875 0.814651040625 0.839403996875 0.81158696875 0.8392676703124999 0.8076830984375001 0.8417990906249999 0.805640384375 0.8411174593749999 0.7861210328125 0.8384497140624999 0.7842598765625 0.838040734375 0.772548265625 0.835372990625 0.7706871093750001 0.8353048281250001 0.7687351734375001 0.8313032093749999 0.765943440625 0.7975086453125 0.767123571875 0.7948409 0.7652624171875 0.7116542796875 0.7681673578125 0.7089865328125 0.7663062015625 0.6465965671875 0.7684849078125 0.6439288234375 0.7666237515625001 0.5607422015625 0.7695286921875 0.55807445625 0.7676675359375 0.498284071875 0.7697554625 0.4957526546875 0.7717981765624999 0.493153071875 0.77188895625 0.4918873625 0.7729103140625 0.49455510625 0.7747714703125 0.493289396875 0.7757928265625 0.4802914875 0.7762467234375 0.47762374375 0.77438556875 0.4750241609375 0.7744763484375 0.4724927421875 0.7765190625 0.464693996875 0.7767914 0.46216257812499995 0.7788341156249999 0.4595629953125 0.7789248953125 0.45689525 0.7770637390624999 0.41530194062500003 0.778516209375 0.4126341953125 0.776655053125 0.40743503125 0.7768366125 0.4049036140625 0.7788793265625 0.394505284375 0.7792424437500001 0.391837540625 0.7773812890625 0.2878542625 0.7810124640625 0.28518651875 0.779151309375 0.2279957171875 0.78114845625 0.225327971875 0.7792873 0.21492964374999998 0.7796504171875 0.212398225 0.7816931328125001 0.2097304796875 0.7798319765625 0.16813716875 0.781284446875 0.165469425 0.779423290625 0.15507109531250002 0.7797864078125001 0.152539678125 0.7818291234375 0.14994009531250002 0.781919903125 0.1419368609375 0.776336434375 0.1289389515625 0.7767903328125 0.12627120625 0.7749291765625 0.1106737140625 0.7754738531250001 0.10434516875 0.7805806390625001 0.10441333125 0.7825325750000001 0.10188191093750001 0.7845752890625 0.10283619531249999 0.81190238125 0.10417006718749999 0.8128329593749999 0.10550394062499999 0.8137635375000001 0.1056402671875 0.8176674078125 0.1069741390625 0.8185979859374999 0.12257162968749999 0.818053309375 0.125239375 0.819914465625 0.15643435781249998 0.8188251125000001 0.159102103125 0.82068626875 0.2006954140625 0.8192337984375
0 0.8356750312500001 0.8166029765625 0.7680859015625 0.818963240625 0.7654181578125 0.817102084375 0.729024009375 0.8183729968750001 0.72522688125 0.8214370687500001 0.7252950453125 0.8233890031250001 0.7227636265624999 0.82543171875 0.7228317890625 0.827383653125 0.7215660796875001 0.8284050109375001 0.7189664984374999 0.828495790625 0.711372240625 0.8346239343749999 0.708772659375 0.8347147140625 0.706241240625 0.8367574281250001 0.703641659375 0.8368482078125 0.6985788203125 0.8409336359375 0.6959792390625 0.841024415625 0.6934478203125 0.84306713125 0.6908482390625 0.8431579093750001 0.68831681875 0.845200625 0.6857172375 0.8452914046875 0.68318581875 0.8473341187500001 0.6805862375 0.8474248984375 0.6780548171875 0.8494676125 0.6728556546875 0.8496491718750001 0.670324234375 0.8516918859375 0.6651250703125 0.8518734453125001 0.662593653125 0.853916159375 0.6599940703125 0.8540069390625 0.6574626515625 0.8560496531249999 0.64966390625 0.8563219921874999 0.6471324875 0.85836470625 0.6393337421874999 0.8586370453125 0.6368023218750001 0.8606797593750001 0.6290035765625 0.860952096875 0.6264721578125 0.8629948125 0.6186734125 0.8632671500000001 0.61614199375 0.8653098640625 0.600544503125 0.8658545406249999 0.5980130828125 0.86789725625 0.5902143375 0.86816959375 0.588948628125 0.8691909515624999 0.589016790625 0.8711428859374999 0.5903506640625 0.8720734640625001 0.8477092718750001 0.863086303125 0.8489749828125 0.8620649468750001 0.8478843734374999 0.8308339828125 0.845216628125 0.8289728265624999 0.8450803015625 0.82506895625 0.8424125578125 0.8232078015625 0.8423443953125 0.821255865625 0.8356750312500001 0.8166029765625
0 0.172941884375 1 0.24596014687499998 0.9974501468750001 0.248627890625 0.9993113015624999 0.518984409375 0.9898702437500001 0.5216521546874999 0.9917313999999999 0.5294509 0.9914590625 0.5319823203125 0.9894163468749999 0.560577721875 0.9884177734374999 0.563245465625 0.9902789296875 0.71922038125 0.9848321656250001 0.7217517984375 0.9827894515625 0.8959237874999999 0.97670723125 0.8984552062500001 0.9746645171875 0.9218514437499999 0.9738475015624999 0.9243828625000001 0.9718047875 0.9321816078125 0.97153245 0.9410415734375001 0.9643829484375 0.9409734109375 0.9624310125 0.9435048296874999 0.9603882984375 0.9430276890625 0.9467247515625001 0.9403599421875001 0.9448635953125001 0.9401554531249999 0.939007790625 0.9374877093749999 0.9371466343750001 0.93707873125 0.9254350234375 0.9344109859374999 0.9235738671875 0.9340020062500001 0.9118622562500001 0.9313342625000001 0.9100011 0.9311979359375 0.9060972296875001 0.928530190625 0.9042360734375 0.928462028125 0.9022841390625 0.9244604093750001 0.8994924046874999 0.901064171875 0.9003094203125 0.8985327546875 0.902352134375 0.8361427890625001 0.9045308406249999 0.83361136875 0.9065735546875 0.672437290625 0.9122018781250001 0.669905871875 0.9142445921875 0.545125940625 0.9186020031250001 0.5425945203125 0.92064471875 0.5399267765625 0.9187835625 0.53732719375 0.9188743421875 0.5347957765625 0.9209170562500001 0.53219619375 0.9210078359375 0.52952845 0.9191466796875 0.5269288671875 0.9192374593749999 0.524397446875 0.9212801734375 0.521797865625 0.9213709531250001 0.5191301203124999 0.919509796875 0.5165305390625 0.9196005765624999 0.5139991203125 0.9216432921875001 0.5113995390625 0.9217340703125 0.5087317921875 0.919872915625 0.5062003749999999 0.9219156296875 0.44900957343750003 0.9239127765624999 0.4463418265625 0.9220516203125 0.2513731828125 0.928860075 0.2487054390625 0.9269989203125 0.1707179828125 0.9297223015625 0.1680502359375 0.927861146875 0.1498531625 0.9284966015625 0.14718541875 0.926635446875 0.139386671875 0.9269077843750001 0.136855253125 0.9289504984375 0.13165608906249998 0.9291320578125 0.1289883453125 0.9272709015625 0.102992525 0.9281786953125 0.10032478125 0.9263175406249999 0.0951256171875 0.9264990984375 0.092594196875 0.9285418140624999 0.087395034375 0.9287233718750001 0.084863615625 0.9307660875 0.0822640328125 0.9308568656249999 0.0784669046875 0.9339209390625 0.0785350671875 0.9358728734374999 0.07600365 0.9379155875 0.0761399765625 0.9418194578125 0.07360855625 0.9438621734374999 0.07367671875000001 0.9458141078125 0.0711453015625 0.9478568234375 0.071281628125 0.95176069375 0.06875020781249999 0.9538034078125 0.06922734999999999 0.9674669546875 0.06669593124999999 0.96950966875 0.067445725 0.9909809562499999 0.068779596875 0.991911534375 0.0715155046875 0.995724625 0.0741150875 0.9956338453125 0.07678283125 0.9974950015624999 0.07938241406249999 0.997404221875 0.082050159375 0.999265378125 0.10804597812500001 0.998357584375 0.1104001828125 1 0.116977634375 1 0.1393091234375 0.9992201671875 0.140426921875 1 0.172941884375 1