0 0.1639096015625 0.114717846875 0.1664049828125 0.11263126406249999 0.1691048046875 0.114445578125 0.17160018593749998 0.1123589953125 0.22874742343749999 0.109364034375 0.23124280625 0.10727745156249999 0.285792440625 0.1044186265625 0.288287825 0.10233204375 0.3454350609375 0.099337084375 0.34793044375000004 0.09725050156250001 0.3946872734375 0.09480007968750001 0.39718265625 0.092713496875 0.44653708906249995 0.090126940625 0.44903247031250004 0.0880403578125 0.4931917 0.0857260703125 0.4956870828125 0.0836394875 0.555431921875 0.08050839374999999 0.5579273031249999 0.0784218109375 0.5605249062500001 0.07828567656249999 0.563224725 0.08009999062499999 0.565822328125 0.07996385624999999 0.568317709375 0.0778772734375 0.6124769390625 0.07556298593750001 0.6149723218750001 0.073476403125 0.6799123640625 0.0700730390625 0.6824077468749999 0.06798645625000001 0.7421525859375 0.0648553625 0.7446479671875 0.0627687796875 0.760233578125 0.061951971875 0.7629333984375 0.0637662859375 0.765531 0.0636301515625 0.7668809109375 0.0645373078125 0.7672897843750001 0.0723391015625 0.7699896046875 0.074153415625 0.770705134375 0.08780655312499999 0.7682097531250001 0.08989313593750001 0.768516409375 0.09574448125 0.766021025 0.0978310640625 0.7667365562499999 0.111484203125 0.7707862859375 0.11420567343750002 0.7759814890625 0.11393340468749999 0.7773314015625 0.11484056093749999 0.772340634375 0.1190137265625 0.772442853125 0.12096417500000001 0.7751426734375 0.1227784890625 0.7752448921874999 0.1247289375 0.7727495078125 0.1268155203125 0.7731583828125 0.1346173125 0.7758582046875 0.13643162656250002 0.7759604234374999 0.138382075 0.7722173484375 0.14151195 0.7670221453125 0.14178421875 0.7657744531249999 0.142827509375 0.765876671875 0.1447779578125 0.7672265828125 0.145685115625 0.769824184375 0.14554898125 0.7752238250000001 0.1491776078125 0.81678545 0.14699945625 0.819280834375 0.14491287343749998 0.847854453125 0.1434153921875 0.8503498359374999 0.141328809375 0.8555450390624999 0.141056540625 0.85679273125 0.14001325 0.8566905125 0.1380628015625 0.8604335859375001 0.1349329265625 0.8630311875000001 0.13479679218750001 0.8667742625000001 0.13166691875 0.8666720437500001 0.1297164703125 0.8741581937499999 0.12345672187500001 0.8740559749999999 0.1215062734375 0.87655135625 0.11941969062499999 0.8764491375000001 0.11746924218749999 0.8814399046875 0.1132960765625 0.8813376859375 0.111345628125 0.8838330687499999 0.1092590453125 0.8837308500000001 0.10730859687500001 0.8862262328125 0.10522201406250001 0.8861240140625 0.10327156562499999 0.89111478125 0.0990984 0.8910125624999999 0.0971479515625 0.8935079453125001 0.09506136875 0.8934057265625001 0.0931109203125 0.9008918749999999 0.086851171875 0.90078965625 0.0849007234375 0.9032850390625 0.082814140625 0.9031828203125001 0.0808636921875 0.9056782046875 0.078777109375 0.9055759859375 0.0768266609375 0.9080713671874999 0.074740078125 0.907560275 0.0649878375 0.9100556578125 0.062901253125 0.909237909375 0.047297667187499996 0.9117332906250001 0.045211084375 0.9110177609375001 0.031557946875 0.90966785 0.0306507890625 0.8525206140625 0.03364575 0.8500252312500001 0.0357323328125 0.7928779953125 0.0387272921875 0.7903826109375001 0.040813875 0.748820984375 0.0429920265625 0.7463256015625 0.045078609375 0.6969711703125 0.047665165625 0.6944757874999999 0.0497517484375 0.6477189562500001 0.0522021703125 0.6452235749999999 0.054288753125 0.6010643453125 0.056603040625 0.5985689625 0.058689623437500005 0.5596049375 0.060731642187500004 0.5571095546875 0.062818225 0.4947671140625 0.066085453125 0.4922717328125 0.0681720359375 0.45071010468750006 0.0703501890625 0.448214721875 0.072436771875 0.39626268750000004 0.0751594625 0.39376730625 0.0772460453125 0.347010475 0.0796964671875 0.34451509375 0.08178305 0.28736785625 0.08477800937499999 0.2848724734375 0.0868645921875 0.2381156421875 0.0893150140625 0.2356202609375 0.091401596875 0.1914610328125 0.093715884375 0.1889656484375 0.09580246718749999 0.1551968265625 0.097572215625 0.15270144375 0.0996587984375 0.1500016234375 0.097844484375 0.147506240625 0.0999310671875 0.09555420625 0.1026537578125 0.093058825 0.104740340625 0.07747321562500001 0.1055571484375 0.073730140625 0.10868702187499998 0.073934578125 0.11258791875 0.07143919374999999 0.1146745015625 0.07164363124999999 0.11857539843750001 0.07299354062499999 0.11948255468749999 0.0756933625 0.12129686875000001 0.0990717765625 0.1200716578125 0.10156715937500001 0.117985075 0.1041647609375 0.117848940625 0.1068645828125 0.11966325468750001 0.1094621828125 0.11952712031249998 0.11195756718750001 0.11744053750000001 0.1639096015625 0.114717846875
0 0.6857809625 0.1323512515625 0.6882763453125 0.13026466875 0.7402283796875 0.1275419765625 0.7429281984375 0.129356290625 0.7455258015624999 0.12922015625 0.7480211828125001 0.1271335734375 0.7506187859375 0.1269974390625 0.7519686953125 0.1279045953125 0.7521731328125 0.13180549218749998 0.7562228640625 0.1345269640625 0.758820465625 0.134390828125 0.7600681578125 0.1333475375 0.7599659390625 0.1313970890625 0.7624613203124999 0.12931050625 0.7620524453125 0.12150871249999999 0.7645478296875 0.11942212968749999 0.7636278609375 0.1018680953125 0.76612324375 0.0997815125 0.7642833078125 0.0646734421875 0.7629333984375 0.0637662859375 0.6953957546875 0.067305784375 0.692900371875 0.0693923671875 0.620167525 0.073204134375 0.6176721421875 0.0752907171875 0.547536896875 0.0789663484375 0.5450415140625 0.08105293125 0.4904918796875 0.0839117578125 0.48799649531249994 0.085998340625 0.4308492609375 0.0889933 0.4283538765625 0.0910798828125 0.391987453125 0.09298576562500001 0.3894920703125 0.0950723484375 0.3401376390625 0.0976589046875 0.33764225625 0.0997454875 0.28049501875 0.1027404484375 0.2779996359375 0.10482703125 0.2234500015625 0.10768585625 0.2209546171875 0.1097724390625 0.17160018593749998 0.1123589953125 0.1691048046875 0.114445578125 0.1664049828125 0.11263126406249999 0.1639096015625 0.114717846875 0.1223479734375 0.11689599843750001 0.119852590625 0.1189825828125 0.073095759375 0.12143300312500001 0.066857303125 0.1266494609375 0.0690038953125 0.167608875 0.0703538046875 0.1685160328125 0.073053625 0.1703303453125 0.2730689546875 0.1598479875 0.2755643359375 0.1577614046875 0.4496036484375 0.148640390625 0.45209903125000006 0.1465538078125 0.553405496875 0.14124456093749999 0.5559008796875 0.139157978125 0.6857809625 0.1323512515625
0 0.1802708234375 0.17840196875 0.32573651875 0.170778434375 0.3282319 0.1686918515625 0.33082950312500004 0.1685557171875 0.333529321875 0.17037003125 0.33612692499999997 0.17023389687499998 0.33862230625 0.1681473140625 0.42434316250000004 0.16365487343750001 0.4268385453125 0.161568290625 0.52294980625 0.15653131250000002 0.5242997171875 0.1574384703125 0.5245041546875 0.1613393671875 0.527203975 0.1631536796875 0.52751063125 0.169005025 0.525015246875 0.1710916078125 0.526365159375 0.171998765625 0.5315603624999999 0.1717264953125 0.53426018125 0.173540809375 0.5576385968750001 0.1723155984375 0.5601339796875 0.17022901562499998 0.6016956062500001 0.1680508640625 0.6041909890625 0.16596428125 0.6301670046875001 0.1646029359375 0.6326623890625 0.16251635312499998 0.6690288109375 0.16061046875 0.6715241953125 0.1585238859375 0.72867143125 0.1555289265625 0.731166815625 0.15344234375000002 0.7441548234375001 0.15276167031250001 0.7478978984375 0.149631796875 0.7476934609375 0.1457309 0.75018884375 0.14364431718749998 0.74967775 0.133892075 0.7469779296875 0.1320777625 0.7468757109374999 0.1301273140625 0.7428259796875001 0.1274058421875 0.7116547609375 0.12903945781249998 0.7091593781250001 0.131126040625 0.574084090625 0.1382050359375 0.5715887078125 0.14029161875 0.4780750484375 0.1451924625 0.4755796640625 0.1472790453125 0.330113971875 0.154902578125 0.32761858906249997 0.15698916093749998 0.32491876875000003 0.1551748484375 0.32232116718750004 0.1553109828125 0.319825784375 0.157397565625 0.31722818125 0.1575337 0.3145283625 0.1557193859375 0.312032978125 0.15780596875 0.1873480984375 0.1643404265625 0.184852715625 0.166427009375 0.11211986874999999 0.1702387765625 0.11087217812500001 0.1712820671875 0.11097439687499999 0.173232515625 0.1084790125 0.1753190984375 0.10858123125000001 0.17726954687500002 0.107333540625 0.1783128390625 0.10473593750000001 0.1784489734375 0.10224055624999999 0.18053555625 0.099540734375 0.17872124218750002 0.09694313437499999 0.1788573765625 0.0942433125 0.1770430625 0.08904810937499999 0.17731533125 0.085305034375 0.18044520625 0.08550947187499999 0.184346103125 0.0868593828125 0.18525325937499998 0.1595922296875 0.1814414921875 0.16208761249999998 0.179354909375 0.1646852140625 0.179218775 0.1673850359375 0.18103308906249999 0.1725802390625 0.18076082031250001 0.17507562031249999 0.1786742375 0.17777544218750002 0.18048855156250002 0.1802708234375 0.17840196875
0 0.3191703359375 0.1945922171875 0.3216657203125 0.19250563437499998 0.3918009640625 0.18883000156250002 0.3942963484375 0.18674341875 0.43845557656249995 0.1844291328125 0.440950959375 0.18234255 0.479914984375 0.18030053125 0.4824103671875 0.1782139484375 0.518776790625 0.176308065625 0.525015246875 0.1710916078125 0.5244019359375 0.15938891875 0.5203522046875 0.156667446875 0.43722895156249997 0.161023753125 0.43473357031250004 0.1631103359375 0.3645983234375 0.1667859671875 0.362102940625 0.1688725515625 0.2322228578125 0.175679278125 0.22972747500000001 0.1777658609375 0.1595922296875 0.1814414921875 0.157096846875 0.18352807499999998 0.1519016421875 0.1838003453125 0.1492018234375 0.18198603124999999 0.1467064390625 0.1840726140625 0.0817663984375 0.18747597656249998 0.079271015625 0.189562559375 0.07667341250000001 0.1896986953125 0.07397359375 0.18788438125 0.06877839062499999 0.18815664999999998 0.065035315625 0.1912865234375 0.0659552828125 0.208840559375 0.06730519375 0.209747715625 0.07000501406250001 0.2115620296875 0.1531282671875 0.20720572499999998 0.15562365 0.2051191421875 0.1583234703125 0.2069334546875 0.160818853125 0.204846871875 0.2309541 0.201171240625 0.23344948125 0.1990846578125 0.3191703359375 0.1945922171875
0 0.1738669453125 0.255013990625 0.1763623296875 0.2529274078125 0.17906214843749998 0.254741721875 0.1842573515625 0.2544694515625 0.1867527359375 0.25238286875 0.24649757343749998 0.249251775 0.24899295625 0.2471651921875 0.2593833625 0.2466206546875 0.262083184375 0.2484349671875 0.264680784375 0.24829883281249998 0.26717616875 0.24621225 0.39186104843749997 0.23967779218750002 0.39435643125 0.23759120937499997 0.4878700921875 0.23269036718749997 0.49036547343750003 0.230603784375 0.57868393125 0.22597520937499999 0.5811793125 0.22388862656250003 0.6902785828125 0.2181709765625 0.6927739671875 0.21608439375000002 0.796678034375 0.2106390125 0.799173415625 0.2085524296875 0.8043686203125 0.20828016093750001 0.807068440625 0.2100944734375 0.817458846875 0.20954993593750001 0.821508578125 0.21227140625000002 0.8217130156250001 0.21617230312500002 0.8244128343750001 0.2179866171875 0.824515053125 0.219937065625 0.828564784375 0.2226585359375 0.8311623859375 0.22252240156249997 0.8338622062500001 0.22433671562500002 0.867631028125 0.222566965625 0.8701264109375 0.22048038281250001 0.8727240125 0.2203442484375 0.8876963109375 0.20782475156250002 0.8902939125 0.2076886171875 0.8915416031250001 0.20664532656249998 0.891439384375 0.20469487812499998 0.8964301515624999 0.2005217125 0.8961234953125 0.1946703671875 0.898618878125 0.19258378437499998 0.8982100031250001 0.184781990625 0.8941602718749999 0.1820605203125 0.8136346203124999 0.186280690625 0.8111392390625 0.18836727343749998 0.7358087890625 0.192315175 0.7333134078125 0.1944017578125 0.6372021453125 0.1994387359375 0.6347067625 0.20152531875 0.5437907046875 0.2062900265625 0.5412953203125 0.20837661093749998 0.484148084375 0.2113715703125 0.48165270156249995 0.213458153125 0.47645749843749996 0.21373042187500002 0.47375767812499997 0.21191610781249998 0.4711600765625 0.21205224218750002 0.4686646921875 0.21413882499999998 0.3413822109375 0.2208094171875 0.33888682812500004 0.22289599999999998 0.2583611765625 0.22711617031250003 0.2558657921875 0.2292027546875 0.2506705890625 0.22947502343749998 0.24797077031249998 0.227660709375 0.2349827609375 0.22834138125 0.2324873796875 0.2304279640625 0.227292175 0.23070023437499998 0.2245923546875 0.2288859203125 0.221994753125 0.2290220546875 0.21949937031250003 0.2311086375 0.21690176874999997 0.231244771875 0.2142019484375 0.22943045781250002 0.21160434687500002 0.2295665921875 0.20910896406249999 0.231653175 0.2065113609375 0.231789309375 0.20381154218750003 0.229974996875 0.1986163390625 0.230247265625 0.1961209546875 0.2323338484375 0.172742540625 0.23355905937500002 0.1702471578125 0.2356456421875 0.13128313125 0.237687659375 0.12878775 0.2397742421875 0.097616528125 0.2414078578125 0.0938734546875 0.24453773124999997 0.09428232812500001 0.252339525 0.095632240625 0.25324668125 0.098434278125 0.25701144375 0.10362948125 0.256739175 0.106329303125 0.2585534890625 0.16347653906249998 0.255558528125 0.165971921875 0.2534719453125 0.1685695234375 0.2533358109375 0.1712693453125 0.255150125 0.1738669453125 0.255013990625
0 0.3174505671875 0.2611797296875 0.3199459515625 0.259093146875 0.322645771875 0.260907459375 0.3251411546875 0.2588208765625 0.48359485625 0.2505166703125 0.48609023906250004 0.2484300875 0.48879005937500003 0.2502444015625 0.4913876609375 0.2501082671875 0.49388304375000003 0.248021684375 0.5977871109375 0.24257630312499998 0.60028249375 0.2404897203125 0.6963937546875 0.23545274218749998 0.6988891390624999 0.233366159375 0.7950003999999999 0.22832918124999999 0.7974957828125 0.2262425984375 0.8001956031249999 0.2280569125 0.8027932046874999 0.22792077812499997 0.8052885875 0.22583419531249999 0.8130813937499999 0.22542579218749997 0.8168244671875 0.2222959171875 0.81621115625 0.21059322812499998 0.812161425 0.20787175625 0.7861854078125 0.20923310156250002 0.7836900250000001 0.21131968437499998 0.7784948218750001 0.21159195468749997 0.7757950015625 0.20977764062499998 0.76280699375 0.2104583125 0.7603116109375 0.21254489531249998 0.6745907546875001 0.21703733593750002 0.672095371875 0.21912391874999998 0.5785817125 0.22402476093749998 0.5760863281249999 0.22611134375000003 0.49296307656250005 0.23046764999999997 0.49046769218749997 0.2325542328125 0.37617321875 0.23854415156250003 0.37367783593750004 0.240630734375 0.261980965625 0.24648452031249998 0.25948558125 0.24857110312500003 0.2075335484375 0.25129379375 0.205038165625 0.2533803765625 0.1972453609375 0.2537887796875 0.1945455390625 0.251974465625 0.19194793906250002 0.2521106 0.1894525546875 0.2541971828125 0.10373170000000001 0.2586896234375 0.10248400937499999 0.2597329140625 0.1030973203125 0.2714356046875 0.10444723125 0.2723427609375 0.11224003593750001 0.2719343578125 0.1149398578125 0.273748671875 0.1175374578125 0.2736125359375 0.12003284218750002 0.271525953125 0.12273266093749999 0.2733402671875 0.148708678125 0.271978921875 0.1512040609375 0.2698923390625 0.3174505671875 0.2611797296875
0 0.7835456703125 0.2582665796875 0.7860410546875001 0.2561799953125 0.9289091468749999 0.248692596875 0.935147603125 0.24347613906249999 0.9344320734375 0.22982300156250002 0.93692745625 0.22773641875 0.9366208 0.22188507343750002 0.9325710703125001 0.219163603125 0.810483790625 0.22556192656250001 0.8079884078124999 0.22764850937499997 0.711877146875 0.2326854859375 0.7093817640625 0.23477207031249997 0.60028249375 0.2404897203125 0.5977871109375 0.24257630312499998 0.48609023906250004 0.2484300875 0.48359485625 0.2505166703125 0.3303363578125 0.2585486078125 0.327840975 0.260635190625 0.177180078125 0.26853099375 0.1746846953125 0.27061757656249996 0.0967566453125 0.2747016125 0.09550895312499999 0.2757449046875 0.0966333578125 0.2971998359375 0.09798326874999999 0.29810699218750003 0.10837367499999999 0.29756245468750003 0.11107349531249999 0.29937676875 0.11356887812500001 0.2972901859375 0.3785242484375 0.2834044625 0.38101963125 0.2813178796875 0.5446685359375001 0.27274140468749997 0.5471639203125 0.270654821875 0.7835456703125 0.2582665796875
0 0.50983539375 0.3039040125 0.5123307765625 0.30181742968749997 0.57727081875 0.298414065625 0.5797662 0.2963274828125 0.600547015625 0.2952384078125 0.603042396875 0.293151825 0.6264208124999999 0.2919266140625 0.6289161953125 0.28984003125 0.641904203125 0.2891593578125 0.6500036640625 0.2946023 0.6941628921875 0.29228801249999997 0.6966582765625 0.2902014296875 0.6993580953125 0.29201574375 0.7305293171875 0.29038212812499997 0.7330246984375 0.2882955453125 0.748610309375 0.2874787390625 0.7513101296875 0.28929305312500003 0.769493340625 0.2883401109375 0.7721931625 0.290154425 0.78258356875 0.2896098859375 0.7852833890625 0.2914242 0.7878809906249999 0.291288065625 0.7892309 0.292195221875 0.7894353375 0.29609611875 0.790785246875 0.29700327656250003 0.798578053125 0.296594871875 0.802627784375 0.29931634375 0.802730003125 0.301266790625 0.8040799125 0.3021739484375 0.8066775140625 0.3020378140625 0.81166828125 0.2978646484375 0.816863484375 0.2975923796875 0.819358865625 0.295505796875 0.823408596875 0.29822726718750003 0.8239196906249999 0.3079795078125 0.8279694203125001 0.3107009796875 0.8305670234375 0.31056484375000004 0.8333690609375 0.31432960625 0.8385642640625001 0.3140573375 0.8410596484375 0.3119707546875 0.8436572484375 0.31183462031250003 0.8461526328125 0.3097480375 0.8513478359375 0.30947576875 0.85384321875 0.30738918593750003 0.8564408203125 0.3072530515625 0.8589362046875 0.30516646718749996 0.8615338046875 0.3050303328125 0.8640291890625 0.30294374999999996 0.8666267890625001 0.302807615625 0.8691221734375001 0.3007210328125 0.8717197734375001 0.3005848984375 0.8742151578125 0.298498315625 0.8768127578125 0.29836218125 0.8793081421875 0.2962755984375 0.88190574375 0.2961394640625 0.8844011265624999 0.29405288125 0.8895963296874999 0.2937806125 0.8920917140625001 0.2916940296875 0.8946893140625001 0.2915578953125 0.8996800796875 0.2873847296875 0.9048752828125 0.28711245937499996 0.9073706671874999 0.2850258765625 0.9099682687499999 0.28488974218749996 0.9124636515625 0.282803159375 0.9176588546875 0.28253089062500003 0.9201542390625 0.28044430781249996 0.9227518390625 0.28030817343750003 0.9289902968750001 0.275091715625 0.9288880781250001 0.2731412671875 0.9313834609375 0.271054684375 0.9307701500000001 0.25935199531249997 0.9332655328125 0.2572654125 0.9328566593750001 0.24946361874999998 0.928806928125 0.2467421484375 0.8846477 0.2490564359375 0.8821523156250001 0.25114301875 0.7782482484375 0.2565884 0.7757528671875 0.2586749828125 0.6926296125 0.2630312875 0.68992979375 0.2612169734375 0.6873321906250001 0.2613531078125 0.684836809375 0.263439690625 0.6718488 0.2641203640625 0.669148978125 0.26230604999999996 0.666653596875 0.26439263281250003 0.5315783109375001 0.271471628125 0.5290829265625 0.2735582109375 0.526485325 0.273694346875 0.5237855046875 0.2718800328125 0.521290121875 0.273966615625 0.383617234375 0.2811817453125 0.38112185 0.283268328125 0.11876408281249999 0.2970179171875 0.1162687 0.2991045 0.103280690625 0.299785171875 0.102033 0.30082846406249997 0.10244187499999999 0.30863025624999996 0.103791784375 0.3095374140625 0.10514169375 0.3104445703125 0.10575500625 0.3221472609375 0.1098047375 0.32486873125 0.12279274531249999 0.3241880578125 0.125492565625 0.326002371875 0.26836065625 0.318514971875 0.270856040625 0.31642838906250004 0.50983539375 0.3039040125
0 0.176073621875 0.3468211953125 0.1890616296875 0.3461405234375 0.19155701249999998 0.344053940625 0.1941546140625 0.34391780625 0.196854434375 0.34573211875 0.40726017031249995 0.334705221875 0.40975555156250004 0.3326186390625 0.430536365625 0.3315295625 0.4332361859375 0.3333438765625 0.469602609375 0.33143799375 0.47209799375 0.32935141093750003 0.47469559375000003 0.32921527500000003 0.47739541562500004 0.3310295890625 0.479993015625 0.33089345468750003 0.4824884 0.328806871875 0.500671609375 0.3278539296875 0.50337143125 0.32966824375 0.5527258625 0.3270816875 0.5552212453125 0.32499510468750004 0.57080685625 0.3241782984375 0.5735066765625 0.3259926109375 0.576002059375 0.3239060296875 0.5785996609375 0.32376989375 0.5812994812500001 0.3255842078125 0.6436419203125 0.3223169796875 0.6461373046875 0.320230396875 0.72666295625 0.3160102265625 0.729362775 0.31782453906249997 0.734557978125 0.3175522703125 0.7370533625 0.31546568750000004 0.7396509640625 0.315329553125 0.742350784375 0.3171438671875 0.7683268015625 0.315782521875 0.772069875 0.312652646875 0.771661 0.3048508546875 0.766261359375 0.30122222656250003 0.766159140625 0.299271778125 0.7711499078124999 0.2950986125 0.7709454703125 0.29119771562499996 0.769595559375 0.290290559375 0.7618027546875 0.2906989625 0.7593073718750001 0.2927855453125 0.6995625328124999 0.2959166390625 0.6968627140625 0.2941023265625 0.2838440484375 0.3157477171875 0.281348665625 0.3178343 0.125492565625 0.326002371875 0.12279274531249999 0.3241880578125 0.1098047375 0.32486873125 0.107309353125 0.3269553140625 0.0943213453125 0.3276359859375 0.0918259625 0.32972256875 0.086630759375 0.3299948390625 0.082887684375 0.3331247125 0.08339877812499999 0.3428769546875 0.0847486875 0.3437841109375 0.0875507265625 0.34754887343749996 0.0901483296875 0.34741273906250003 0.0928481484375 0.349227053125 0.0954457515625 0.34909091718749996 0.0981455703125 0.35090523125 0.17087841718750002 0.34709346406249997 0.17337380156249999 0.34500688125 0.176073621875 0.3468211953125
0 0.15402405 0.373402234375 0.15672386875 0.37521654843749996 0.70222021875 0.3466282953125 0.7049200390625 0.348442609375 0.7257008515625001 0.34735353281250003 0.7281962359375 0.34526694999999996 0.7307938375 0.34513081562500003 0.7345369109375001 0.3420009421875 0.73361694375 0.32444690625 0.736112328125 0.3223603234375 0.736010109375 0.320409875 0.7319603781249999 0.31768840468750004 0.7085819625 0.318913615625 0.7058821421875 0.3170993015625 0.625356490625 0.3213194734375 0.6228611078124999 0.32340605624999996 0.5916898890625 0.3250396703125 0.5889900671875 0.32322535625 0.586392465625 0.323361490625 0.5838970828125001 0.3254480734375 0.576104278125 0.3258564765625 0.5734044578125 0.3240421640625 0.5578188468749999 0.3248589703125 0.5553234640625 0.326945553125 0.4332361859375 0.3333438765625 0.430536365625 0.3315295625 0.4280409828125 0.3336161453125 0.4253411625 0.33180183125 0.3759867296875 0.3343883875 0.3734913484375 0.3364749703125 0.3656985421875 0.336883375 0.3629987234375 0.3350690609375 0.35780352031249996 0.33534132968749997 0.3553081359375 0.33742791250000004 0.3527105359375 0.33756404687499997 0.3500107140625 0.3357497328125 0.34751533125 0.337836315625 0.0955479703125 0.351041365625 0.0893095109375 0.3562578234375 0.0900250421875 0.36991096093750003 0.091374953125 0.37081811875000004 0.0927248625 0.371725275 0.09282708125 0.3736757234375 0.09687681249999999 0.37639719375 0.112462421875 0.3755803875 0.1151622421875 0.3773947 0.122955046875 0.376986296875 0.12545043125 0.3748997140625 0.15402405 0.373402234375
0 0.6768575140624999 0.35969233125 0.6820527171874999 0.3594200625 0.6845481015625 0.3573334796875 0.6871457015625 0.3571973453125 0.68839339375 0.356154053125 0.68798451875 0.34835225937500003 0.686634609375 0.347445103125 0.4190816375 0.36146696093749997 0.41638181718749995 0.359652646875 0.405991409375 0.360197184375 0.403496028125 0.3622837671875 0.3593368 0.3645980546875 0.356636978125 0.36278374062499996 0.34884417343749996 0.36319214375 0.346348790625 0.3652787265625 0.335958384375 0.365823265625 0.3332585640625 0.3640089515625 0.23974490468749998 0.3689097953125 0.23724952031250002 0.37099637812499997 0.2345497 0.3691820640625 0.09687681249999999 0.37639719375 0.09562912031250001 0.3774404859375 0.09614021406249999 0.38719272656250003 0.09749012500000001 0.388099884375 0.10018994375000001 0.38991419843749997 0.6508814968750001 0.3610536765625 0.65337688125 0.35896709375 0.6560767015625 0.3607814078125 0.658674303125 0.36064527343749997 0.6611696859375 0.358558690625 0.67415769375 0.3578780171875 0.6768575140624999 0.35969233125
0 0.23058112031250003 0.3928597125 0.2331787234375 0.392723578125 0.23587854218749998 0.3945378921875 0.2384761453125 0.3944017578125 0.240971528125 0.392315175 0.2435691296875 0.392179040625 0.24626895000000001 0.393993353125 0.2488665515625 0.39385721875 0.251361934375 0.3917706359375 0.2539595359375 0.3916345015625 0.25665935625 0.393448815625 0.3943322453125 0.3862336859375 0.396827628125 0.384147103125 0.3994252296875 0.3840109671875 0.40212505 0.38582528125 0.41511305781249996 0.385144609375 0.41760844218750004 0.3830580265625 0.4202060421875 0.3829218921875 0.4229058640625 0.38473620468749997 0.43589387031250004 0.3840555328125 0.4383892546875 0.38196895 0.4409868546875 0.38183281562500004 0.4436866765625 0.38364712968750003 0.4566746859375 0.38296645625000003 0.45917006718750003 0.38087987343749996 0.6461973875 0.3710781875 0.6474450796875 0.3700348953125 0.6469339859375001 0.3602826546875 0.645584075 0.359375496875 0.45855675468749996 0.36917718437499997 0.4560613734375 0.3712637671875 0.2664364515625 0.3812015875 0.2637366296875 0.3793872734375 0.2429558171875 0.38047635 0.240460434375 0.3825629328125 0.23526522968750002 0.3828352015625 0.2325654109375 0.38102088749999996 0.2247726046875 0.3814292921875 0.22227722343749998 0.383515875 0.21708202031249998 0.38378814375000003 0.2143821984375 0.38197382968750004 0.1572349625 0.3849687890625 0.15473957968750002 0.387055371875 0.11317795312500001 0.38923352499999997 0.1119302625 0.3902768171875 0.1123391359375 0.398078609375 0.113689046875 0.3989857671875 0.11888425 0.398713496875 0.1215840703125 0.4005278109375 0.21769533124999998 0.3954908328125 0.2201907140625 0.39340425 0.22278831718749997 0.393268115625 0.2254881359375 0.3950824296875 0.22808573906250001 0.3949462953125 0.23058112031250003 0.3928597125
0 0.611180875 0.37389122812500003 0.6098309640624999 0.37298407031249997 0.337082790625 0.387278196875 0.33458740625 0.3893647796875 0.3319898046875 0.3895009140625 0.329289984375 0.3876866 0.1864218921875 0.395174 0.1839265109375 0.3972605828125 0.1657432984375 0.39821352499999996 0.163043478125 0.39639921093749997 0.11888425 0.398713496875 0.11638886562499999 0.40080008125 0.1034008578125 0.401480753125 0.099657784375 0.40461062812500004 0.0999644390625 0.41046197187500005 0.10131435 0.41136912968750006 0.10266425937500001 0.41227628593750004 0.10276647812499999 0.414226734375 0.106816209375 0.41694820468750005 0.286050725 0.407554921875 0.28854610625 0.40546833906249996 0.6080511109375 0.38872379218750003 0.6117941859375 0.38559391718749997 0.611180875 0.37389122812500003
0 0.5245790671874999 0.43612609375 0.5270744515625 0.4340395109375 0.5297742703125 0.435853825 0.5323718734375 0.43571769062500004 0.5348672546875 0.4336311078125 0.5375670765625 0.435445421875 0.5427622796875 0.43517315156249997 0.5452576625 0.43308656875 0.63357611875 0.4284579953125 0.6362759390625 0.430272309375 0.638771321875 0.4281857265625 0.64147114375 0.43000004062499997 0.646666346875 0.42972777031250003 0.652904803125 0.4245113140625 0.6510648671875 0.38940324375 0.6470151359375 0.3866817734375 0.43660940156250005 0.3977086703125 0.43411401875 0.399795253125 0.43141419843750006 0.397980940625 0.42881659687499996 0.398117075 0.4263212140625 0.4002036578125 0.4237236125 0.4003397921875 0.42102379218749997 0.398525478125 0.418528409375 0.4006120609375 0.1042186078125 0.41708433906250003 0.1017232234375 0.419170921875 0.0913328171875 0.41971546093749995 0.088837434375 0.42180204374999997 0.0862398328125 0.421938178125 0.0849921421875 0.42298146875000003 0.0850943609375 0.4249319171875 0.08259897656250001 0.42701849999999997 0.0830078515625 0.43482029375 0.0843577609375 0.43572745 0.08570767343749999 0.43663460781249996 0.086525421875 0.45223819374999996 0.0892252421875 0.45405250781250006 0.0893274609375 0.45600295625 0.0906773703125 0.4569101125 0.095872575 0.45663784375 0.09857239375 0.4584521578125 0.5245790671874999 0.43612609375
0 0.1338744953125 0.48593913281249995 0.1365743171875 0.48775344687500005 0.50283615 0.468558478125 0.505535971875 0.4703727921875 0.5185239796875 0.46969211875 0.5210193624999999 0.4676055359375 0.53140976875 0.4670609984375 0.534109590625 0.4688753109375 0.5393047937500001 0.46860304218750004 0.5418001765625 0.466516459375 0.544397778125 0.466380325 0.5470975984375 0.4681946390625 0.5522928015625 0.46792237031250006 0.554788184375 0.4658357875 0.5574880046875 0.4676501015625 0.5599833875 0.46556351874999996 0.5755689984375 0.46474671093750003 0.57826881875 0.466561025 0.5808664203125 0.46642489062500003 0.5833618031250001 0.46433830781249996 0.5911546078125001 0.46392990312500004 0.593854428125 0.46574421718750003 0.6016472328125 0.4653358140625 0.6041426171875 0.46324923125 0.6431066421875 0.4612072125 0.6458064609374999 0.4630215265625 0.6483018453125 0.46093494375 0.6508994453125 0.46079880937500006 0.6521471390625 0.4597555171875 0.6506138578125 0.43049879375 0.646564128125 0.427777321875 0.638771321875 0.4281857265625 0.6362759390625 0.430272309375 0.394698984375 0.44293282031250003 0.3922036015625 0.445019403125 0.26492112031250004 0.4516899953125 0.2622212984375 0.4498756828125 0.2518308921875 0.45042022031249995 0.2493355109375 0.452506803125 0.2207618921875 0.45400428281250005 0.21806207031249997 0.45218996875000006 0.2102692671875 0.4525983734375 0.20777388281250003 0.45468495625000005 0.093479409375 0.46067487500000004 0.09223171875 0.4617181671875 0.09233393749999999 0.4636686140625 0.087343171875 0.46784178125000003 0.087445390625 0.46979222812500004 0.09014520937500001 0.47160654218750003 0.090247428125 0.473556990625 0.0877520453125 0.47564357343749997 0.08785426406249999 0.477594021875 0.089204175 0.47850117968749994 0.090554084375 0.4794083359375 0.090962959375 0.4872101296875 0.09231286875 0.4881172859375 0.1234840890625 0.486483671875 0.1261839109375 0.4882979859375 0.1287815109375 0.4881618515625 0.1312768953125 0.4860752671875 0.1338744953125 0.48593913281249995
0 0.5046760859375 0.503666546875 0.5073759078125 0.5054808609375 0.608682371875 0.5001716140625 0.61138219375 0.501985928125 0.6347606078125 0.5007607171874999 0.637460428125 0.5025750312499999 0.6530460375 0.5017582234375 0.655541421875 0.499671640625 0.658241240625 0.5014859546875 0.660736625 0.49939937187499994 0.6685294296875 0.49899096875 0.67122925 0.5008052828125 0.6737246328125 0.49871869843749994 0.6945054453124999 0.4976296234375 0.6970008296875 0.495543040625 0.69959843125 0.49540690625000006 0.7033415046875 0.49227703125 0.701808225 0.46302030624999996 0.6991084046875 0.46120599218749997 0.6989039671875 0.457305096875 0.6948542375 0.454583625 0.6922566359375 0.454719759375 0.689761253125 0.45680634218750005 0.67677324375 0.45748701562500005 0.6742778609375 0.45957359843749995 0.6586922515625 0.46039040625 0.6561968671875 0.4624769890625 0.292532634375 0.4815358234375 0.28983281562499996 0.479721509375 0.12098870625 0.4885702546875 0.1184933234375 0.4906568375 0.1107005171875 0.49106524062499995 0.10695744375 0.494195115625 0.10716187968749999 0.4980960125 0.1046664984375 0.5001825953125 0.1050753734375 0.5079843875 0.10642528281250001 0.5088915453125 0.10777519218750001 0.5097987015625 0.10808184843749999 0.515650046875 0.11348149062499999 0.5192786734375 0.113583709375 0.521229121875 0.11493361875000001 0.5221362796875 0.120128821875 0.5218640109375 0.1228286421875 0.5236783234375 0.5046760859375 0.503666546875
0 0.174636321875 0.5679025265625001 0.1773361421875 0.569716840625 0.18253134531249998 0.569444571875 0.185026728125 0.5673579890625 0.19022193125 0.5670857203125 0.19292175312499998 0.568900034375 0.25526419218749996 0.5656328046875 0.2579640125 0.56744711875 0.398234503125 0.560095853125 0.40093432343749996 0.5619101671875 0.40353192499999996 0.5617740328124999 0.4060273078125 0.55968745 0.408624909375 0.559551315625 0.41132472968749995 0.5613656296875 0.41392233125000005 0.5612294953125 0.4164177140625 0.5591429125 0.41911753437500004 0.5609572265625 0.5334120078125 0.55496730625 0.5361118281249999 0.5567816203125 0.5387094296875 0.5566454859375 0.5412048125 0.554558903125 0.5645832265624999 0.5533336921875 0.5672830484375 0.5551480062499999 0.5698806484375 0.555011871875 0.5723760328124999 0.5529252890625 0.5775712359375 0.55265301875 0.5802710578125 0.5544673328124999 0.67897991875 0.5492942203125 0.681679740625 0.551108534375 0.69726535 0.5502917265625 0.7053648109374999 0.55573466875 0.70786019375 0.5536480859374999 0.713055396875 0.5533758171875001 0.7155507812499999 0.551289234375 0.7207459843749999 0.5510169640625 0.7234458046875 0.552831278125 0.72604340625 0.5526951437500001 0.7300931359375 0.5554166140625 0.7251023703125 0.5595897796875 0.7252045890625001 0.5615402281249999 0.7265544984375001 0.5624473859375 0.7317497015625001 0.5621751171875 0.7342450859375 0.560088534375 0.7368426875 0.5599523984375 0.7393380703125 0.557865815625 0.741935671875 0.55772968125 0.7431833640625001 0.556686390625 0.7430811453125 0.5547359421875 0.7403813234375 0.552921628125 0.7401768875 0.54902073125 0.741424578125 0.547977440625 0.7570101890625 0.5471606328124999 0.759505571875 0.54507405 0.7621031734375 0.544937915625 0.7633508640625 0.543894625 0.7625331156249999 0.5282910375000001 0.7650284984375 0.5262044546875 0.7635974375 0.498898178125 0.7660928203124999 0.4968115953125 0.7658883828125 0.4929106984375 0.7604887421875001 0.48928207187500006 0.7603865234375 0.48733162343750003 0.757686703125 0.48551730937500004 0.7575844843749999 0.4835668609375 0.7481351140625 0.4772167625 0.7455375109375 0.477352896875 0.743042128125 0.4794394796875 0.7404445265625 0.47957561406250004 0.7390946171875 0.47866845781249995 0.7379702125 0.4572135265625 0.735270390625 0.4553992125 0.735168171875 0.45344876406249995 0.7284186218750001 0.4489129796875 0.724675546875 0.45204285468750005 0.725288859375 0.46374554375 0.722793475 0.4658321265625 0.7229979125 0.4697330234375 0.718007146875 0.4739061890625 0.718211584375 0.4778070859375 0.7157162015625 0.47989366875000006 0.7158184203125 0.48184411718750003 0.7133230375 0.4839307 0.7134252562500001 0.48588114843749997 0.700948340625 0.49631406250000004 0.7010505593749999 0.4982645109375 0.6998028671875 0.4993078015625 0.62447241875 0.503255703125 0.6217726 0.5014413906249999 0.608784590625 0.5021220625 0.606084771875 0.5003077484375 0.44763106874999997 0.50861195625 0.4449312484375 0.5067976421875 0.442333646875 0.5069337765624999 0.4398382640625 0.509020359375 0.432045459375 0.5094287625 0.4293456390625 0.5076144484375 0.276087140625 0.5156463859375 0.2735917578125 0.5177329687500001 0.2683965546875 0.5180052390625 0.2656967328125 0.516190925 0.2527087265625 0.516871596875 0.2502133421875 0.5189581796875 0.2476157421875 0.5190943140625001 0.24491592031249998 0.5172800015625 0.21114709843749999 0.51904975 0.20865171562499998 0.5211363328124999 0.2034565125 0.5214086015625 0.2007566921875 0.5195942875 0.1903662859375 0.5201388265625 0.18787090312500002 0.5222254093750001 0.1852733015625 0.52236154375 0.18257348125 0.5205472296875 0.169585471875 0.521227903125 0.1670900890625 0.5233144859375 0.159297284375 0.5237228890625001 0.1565974640625 0.521908575 0.15410208125 0.5239951578125 0.141114071875 0.52467583125 0.138618690625 0.5267624140625 0.1334234875 0.5270346828125 0.1296804125 0.53016455625 0.12978263125 0.5321150046875001 0.12728724687499998 0.5342015875 0.127798340625 0.5439538296875 0.1291482515625 0.5448609859375 0.1304981609375 0.5457681437499999 0.1310092546875 0.5555203843750001 0.1337090734375 0.5573346984375 0.13391351093749998 0.5612355953125 0.13661333281250002 0.563049909375 0.13671555156249998 0.5650003578125 0.1434651015625 0.5695361421875 0.174636321875 0.5679025265625001
0 0.30819627656250004 0.6313119390625 0.3106916609375 0.62922535625 0.3132892609375 0.6290892218749999 0.3159890828125 0.6309035359374999 0.45106436875 0.623824540625 0.45376418906250005 0.6256388546875 0.5758514671875 0.61924053125 0.5785512890625 0.6210548453125 0.5810466703125 0.6189682624999999 0.5837464921875 0.620782575 0.66686974375 0.6164262703125 0.669569565625 0.618240584375 0.672167165625 0.6181044499999999 0.6746625500000001 0.6160178671875001 0.6798577531250001 0.6157455984375 0.682557571875 0.6175599109375 0.8306208671875 0.60980024375 0.8318685609375001 0.6087569515625 0.8317663421875 0.606806503125 0.8342617234375 0.6047199203125 0.83334175625 0.5871658859375 0.8306419359375001 0.585351571875 0.8305397171875001 0.5834011234375 0.812990884375 0.571608084375 0.8103932828125 0.5717442187499999 0.8090433718750001 0.5708370625 0.8089411546875 0.5688866140625 0.7751934 0.546207690625 0.7544125875 0.5472967671875 0.7519172046875 0.54938335 0.7493196015625 0.549519484375 0.745576528125 0.5526493593749999 0.7457809640625 0.55655025625 0.742037890625 0.5596801296875 0.7394402890625 0.5598162640625 0.7369449046875001 0.561902846875 0.7213592953125 0.5627196546875 0.7200093859375001 0.5618124984375 0.7197027296875 0.5559611531249999 0.71835281875 0.5550539953125 0.7079624124999999 0.555598534375 0.7054670296875 0.5576851171875 0.69736756875 0.5522421750000001 0.6947699671875001 0.552378309375 0.692070146875 0.550563996875 0.6375205125 0.553422821875 0.6348206921874999 0.5516085078125 0.5179286171874999 0.5577345625000001 0.515228796875 0.5559202484375 0.3671655015625 0.5636799171875 0.36446568125 0.561865603125 0.20860958125 0.570033675 0.206114196875 0.5721202578125 0.19832139375 0.5725286609375 0.195826009375 0.5746152437500001 0.19063080625 0.5748875140624999 0.188135425 0.576974096875 0.185537821875 0.57711023125 0.1830424375 0.5791968140625 0.177847234375 0.5794690828125 0.17535185312499998 0.581555665625 0.17015665 0.581827934375 0.167661265625 0.5839145171875 0.1624660625 0.5841867859375001 0.15997068125 0.5862733687499999 0.1547754765625 0.5865456390625 0.15228009375 0.588632221875 0.149682490625 0.58876835625 0.14718710937499999 0.5908549390625 0.14199190625 0.5911272078125 0.139496521875 0.593213790625 0.13430131875 0.593486059375 0.1318059375 0.5955726421875001 0.1266107328125 0.5958449109374999 0.12411535 0.59793149375 0.11892014687500001 0.5982037640625 0.1164247625 0.6002903468749999 0.11122955937500001 0.600562615625 0.108734178125 0.6026491984375 0.103538975 0.6029214671875 0.10104359062499998 0.60500805 0.09584838749999999 0.60528031875 0.09335300468749999 0.6073669015625 0.0881578 0.6076391703125 0.08566241875 0.609725753125 0.080467215625 0.6099980234375 0.07797183125 0.61208460625 0.07277662812499999 0.6123568749999999 0.07028124687500001 0.6144434578125 0.06768364375 0.6145795921875 0.06394056875000001 0.6177094671875001 0.06455388125 0.62941215625 0.065903790625 0.6303193140625 0.0672537015625 0.6312264703125 0.0675603578125 0.637077815625 0.07161008906250001 0.6397992859375 0.19629496875000002 0.633264828125 0.1989947875 0.6350791421875 0.3028988546875 0.6296337609375 0.30559867500000004 0.631448075 0.30819627656250004 0.6313119390625
0 0.29821474531250003 0.6396582703125 0.30091456562499996 0.641472584375 0.30351216718749996 0.6413364500000001 0.30475985781250003 0.640293159375 0.3046576390625 0.6383427109375 0.30590533125 0.63729941875 0.3085029328125 0.6371632843749999 0.3113049734375 0.6409280468749999 0.33987859062500003 0.6394305671875 0.34257841093749997 0.64124488125 0.41790885937500005 0.6372969796875 0.42060867812499997 0.6391112921875 0.5115247375 0.634346584375 0.5142245578125 0.6361608984375 0.5791646 0.632757534375 0.5818644203125001 0.6345718484375 0.654597265625 0.6307600812499999 0.6572970875 0.6325743953125 0.691065909375 0.6308046468749999 0.693765728125 0.632618959375 0.7639009734375 0.628943328125 0.7666007953125 0.630757640625 0.8705048609375 0.625312259375 0.8732046812500001 0.6271265734375 0.9017782999999999 0.62562909375 0.905521375 0.62249921875 0.90460140625 0.604945184375 0.8965019453125 0.59950224375 0.8963997265625 0.5975517953125 0.8896501765625 0.5930160109375 0.8844549734375 0.5932882796875 0.8817551515625001 0.591473965625 0.8609743390625001 0.5925630421875 0.8584789546874999 0.594649625 0.8506861515624999 0.595058028125 0.8479863296874999 0.593243715625 0.8401935249999999 0.59365211875 0.8339550671874999 0.598868575 0.8345683796875001 0.610571265625 0.8333206890625 0.6116145562499999 0.8021494671875 0.613248171875 0.7994496484375 0.6114338578125 0.7033383875 0.6164708359375 0.700638565625 0.614656521875 0.5889416953125 0.62051030625 0.5862418734375 0.6186959921875 0.45376418906250005 0.6256388546875 0.45106436875 0.623824540625 0.445869165625 0.624096809375 0.44337378281250006 0.6261833921875 0.43558097812499996 0.6265917953125 0.43288115625 0.6247774828125 0.3185866828125 0.6307674015625 0.3160913015625 0.632853984375 0.31349369843749997 0.63299011875 0.3107938796875 0.6311758046875 0.23806103125 0.634987571875 0.23536121250000003 0.6331732578125 0.23276360937499999 0.6333093921875 0.230268228125 0.635395975 0.22756840625 0.6335816624999999 0.1496403578125 0.6376656984375 0.148392665625 0.6387089890625 0.14859710312500002 0.6426098859375 0.1499470125 0.6435170421875 0.1526468328125 0.64533135625 0.18641565468750002 0.6435616078125 0.189115475 0.645375921875 0.27743393125 0.640747346875 0.28013375156250003 0.6425616609375 0.2905241578125 0.6420171234375001 0.29301954218750004 0.639930540625 0.29821474531250003 0.6396582703125
0 0.3075408296875 0.6685065921875 0.3698832703125 0.6652393625 0.372583090625 0.6670536765625 0.4297303265625 0.6640587171875 0.4324301484375 0.6658730312500001 0.49477258749999997 0.6626058015625 0.4974724078125 0.664420115625 0.55461964375 0.66142515625 0.557319465625 0.6632394703125 0.627454709375 0.6595638375 0.6287024015625 0.658520546875 0.6286001828125001 0.6565700984375 0.631095565625 0.654483515625 0.630584471875 0.6447312734375 0.63307985625 0.642644690625 0.6327732 0.6367933453125 0.6260236484374999 0.6322575609375 0.5714740140625 0.6351163859375 0.5687741921875 0.6333020734375 0.46487012656250004 0.6387474546874999 0.46217030625 0.636933140625 0.360863840625 0.6422423875 0.3581640203125 0.6404280734375 0.2880287765625 0.64410370625 0.2853289546875 0.6422893921874999 0.19441289687500002 0.6470541015625 0.191713078125 0.6452397875 0.15015145000000002 0.6474179390625 0.1476560671875 0.649504521875 0.1398632625 0.6499129265625 0.1373678796875 0.6519995093750001 0.134770278125 0.65213564375 0.1297795109375 0.656308809375 0.127181909375 0.6564449437500001 0.123438834375 0.6595748171875 0.12354105312500001 0.661525265625 0.121045671875 0.6636118484375 0.121352328125 0.66946319375 0.1227022375 0.6703703515625 0.127897440625 0.67009808125 0.130597259375 0.6719123953125 0.195537303125 0.6685090328125 0.1982371234375 0.6703233453124999 0.255384359375 0.6673283859375 0.2580841796875 0.6691427 0.30484100937499997 0.666692278125 0.3075408296875 0.6685065921875
0 0.791001396875 0.6490369140625 0.793701215625 0.650851228125 0.8482508515625 0.6479924015625 0.84949854375 0.6469491109375001 0.84868079375 0.6313455234375 0.8446310625000001 0.628624053125 0.8238502499999999 0.6297131296875 0.8211504296875001 0.6278988156249999 0.7484175828125 0.6317105828125 0.7457177625 0.62989626875 0.6625945093750001 0.634252575 0.66134681875 0.6352958656250001 0.6616534734374999 0.6411472109374999 0.663003384375 0.6420543671875001 0.66435329375 0.642961525 0.6645577312500001 0.646862421875 0.6672575515625 0.6486767343750001 0.6673597703125 0.6506271828125 0.6714095015625 0.653348653125 0.7103735265625 0.6513066359375 0.7130733453125 0.65312095 0.791001396875 0.6490369140625
0 0.30306115624999996 0.682432 0.33682997812500004 0.6806622499999999 0.3395298 0.6824765640625 0.3421274015625 0.6823404296875 0.344622784375 0.680253846875 0.3472203859375 0.6801177125 0.34992020625000003 0.6819320265625 0.40966504531250003 0.67880093125 0.41236486406250006 0.6806152453125 0.41756006718750005 0.6803429765625 0.4200554515625 0.67825639375 0.4226530515625 0.678120259375 0.4253528734375 0.6799345734375 0.4876953125 0.6766673437499999 0.49039513437500004 0.6784816578124999 0.5527375734375 0.6752144296875 0.55543739375 0.6770287421875001 0.5918038171875 0.6751228593749999 0.5945036375 0.6769371734375 0.6256748578125 0.6753035578125 0.6283746765625 0.6771178718749999 0.6543506953125 0.6757565265625 0.6580937687499999 0.672626653125 0.6571738015624999 0.6550726171875 0.659669184375 0.652986034375 0.658749215625 0.635432 0.654699484375 0.6327105296875 0.633918671875 0.63379960625 0.63267098125 0.6348428968750001 0.63307985625 0.642644690625 0.630584471875 0.6447312734375 0.6311977843750001 0.6564339640625 0.627454709375 0.6595638375 0.567709871875 0.66269493125 0.5650100499999999 0.66088061875 0.5078628140625 0.6638755781250001 0.50516299375 0.6620612640625 0.44022295156249996 0.665464628125 0.43752313281250005 0.6636503140625 0.3699854890625 0.6671898109375001 0.36728566875 0.6653754984375 0.364688065625 0.6655116328124999 0.36219268437499996 0.667598215625 0.3594928625 0.6657839015625 0.29715042343750003 0.6690511296875 0.294450603125 0.6672368171875 0.2424985703125 0.6699595078125 0.23979874843750001 0.66814519375 0.159273096875 0.6723653640625 0.156573278125 0.67055105 0.1331948625 0.6717762609375 0.1294517875 0.6749061359375 0.1298606625 0.6827079281249999 0.13121057187500001 0.6836150859375001 0.133808175 0.6834789515625 0.1365079953125 0.6852932640625 0.1780696203125 0.6831151125 0.1807694421875 0.6849294265625 0.256099890625 0.680981525 0.2587997109375 0.6827958375 0.3003613375 0.6806176859375 0.30306115624999996 0.682432
0 0.3144737515625 0.70139194375 0.3456449703125 0.6997583296875 0.3483447921875 0.70157264375 0.4080896296875 0.69844155 0.41078944999999994 0.7002558624999999 0.44196066875 0.6986222484375 0.444660490625 0.7004365625 0.499210125 0.6975777375 0.5019099453125 0.6993920515625 0.5616547828125 0.69626095625 0.5643546046875 0.6980752703124999 0.6033186296874999 0.696033253125 0.6060184484375 0.6978475656249999 0.6293968640625 0.69662235625 0.63064455625 0.6955790640624999 0.63044011875 0.6916781671875001 0.6329355015625 0.689591584375 0.6323221890624999 0.6778888953125 0.6309722796874999 0.6769817375 0.6205818734374999 0.6775262765625001 0.6178820515625 0.6757119625 0.589308434375 0.6772094421875 0.5866086140625 0.675395128125 0.55543739375 0.6770287421875001 0.5527375734375 0.6752144296875 0.550242190625 0.6773010125 0.5476445875 0.677437146875 0.54494476875 0.6756228328125 0.49559033750000003 0.6782093890625001 0.49289051562499997 0.6763950750000001 0.41756006718750005 0.6803429765625 0.41506468593749996 0.6824295593749999 0.4020766765625 0.6831102312499999 0.39937685625 0.68129591875 0.3967792546875 0.681432053125 0.394283871875 0.6835186359375001 0.3914818328125 0.6797538734375 0.3629082140625 0.681251353125 0.36041283125 0.6833379359375 0.3292416125 0.68497155 0.326541790625 0.6831572375 0.3135537828125 0.683837909375 0.3108539625 0.6820235953125 0.308256359375 0.6821597296874999 0.305556540625 0.6803454171875 0.3029589375 0.6804815515625 0.30046355625 0.6825681343750001 0.29776373437500003 0.6807538203125 0.266592515625 0.682387434375 0.2638926953125 0.6805731203125001 0.26129509375 0.6807092546875 0.2587997109375 0.6827958375 0.256202109375 0.682931971875 0.2535022890625 0.681117659375 0.2171358640625 0.6830235421874999 0.2144360453125 0.681209228125 0.159886409375 0.6840680531250001 0.1571865890625 0.682253740625 0.13121057187500001 0.6836150859375001 0.1274674984375 0.686744959375 0.12756971718750001 0.6886954078125 0.126322025 0.6897387 0.12372442343750001 0.6898748343750001 0.117485965625 0.695091290625 0.117894840625 0.7028930843750001 0.1192447515625 0.703800240625 0.1971728015625 0.6997162046875001 0.199872621875 0.70153051875 0.228446240625 0.7000330390625 0.23114605937500002 0.701847353125 0.259719678125 0.7003498734375 0.26241949999999997 0.7021641859375001 0.3117739296875 0.69957763125 0.3144737515625 0.70139194375
0 0.3516579234375 0.715089646875 0.35435774375 0.7169039609375 0.41670018437499995 0.7136367328125 0.419400003125 0.7154510453125 0.46096163125 0.7132728937499999 0.46366145156250005 0.7150872078125 0.5208086875 0.712092246875 0.5235085078124999 0.7139065609374999 0.5676677359375 0.7115922734375 0.57036755625 0.7134065875 0.6560884125 0.7089141484375 0.65878823125 0.7107284625 0.7003498593749999 0.708550309375 0.7030496796875 0.7103646234375 0.788770534375 0.705872184375 0.7914703546874999 0.707686496875 0.8356295828125001 0.7053722109375 0.8383294031249999 0.7071865234375 0.8591102156250001 0.7060974484375 0.86784405625 0.6987944078125 0.8670263078125 0.683190821875 0.8589268453125 0.6777478796875 0.8588246265624999 0.67579743125 0.8534249859375 0.6721688046875001 0.8533227671875 0.67021835625 0.8452233078125 0.6647754140625 0.8451210890624999 0.662824965625 0.8424212687500001 0.661010653125 0.8423190500000001 0.6590602046875 0.8396192296875 0.6572458906249999 0.8394147921874999 0.65334499375 0.83806488125 0.6524378375000001 0.83546728125 0.652573971875 0.8327674593750001 0.6507596578125 0.830169859375 0.6508957921875 0.8274700375 0.649081478125 0.7599323953125 0.6526209765625001 0.757232575 0.6508066625 0.7000853390625 0.653801621875 0.6973855171875 0.6519873078125 0.6714095015625 0.653348653125 0.6651710421875 0.6585651109375 0.6654776984375 0.66441645625 0.6629823171875 0.6665030390625 0.6631867546875 0.6704039359375 0.6569482953125 0.6756203921874999 0.638765084375 0.676573334375 0.6325266265625 0.681789790625 0.6332421578125 0.6954429296875 0.631994465625 0.6964862203125 0.5904328390625 0.6986643734375 0.5877330203125 0.696850059375 0.5461713921875 0.6990282125 0.543471571875 0.6972138984375 0.49931234375000005 0.6995281859375 0.4966125234375 0.697713871875 0.4420628875 0.700572696875 0.43936306875 0.6987583828124999 0.40299664531249996 0.7006642671875001 0.40029682343750006 0.698849953125 0.3509423921875 0.701436509375 0.3482425734375 0.6996221953124999 0.3456449703125 0.6997583296875 0.3431495890625 0.7018449125 0.3405519859375 0.7019810468750001 0.337852165625 0.7001667328125001 0.2962905390625 0.7023448859375 0.29359071875 0.700530571875 0.24683388750000002 0.70298099375 0.24413406875 0.7011666796875 0.241536465625 0.7013028140625 0.239041084375 0.703389396875 0.23644348124999998 0.7035255328125001 0.2337436625 0.7017112187500001 0.1973772390625 0.7036171015625 0.19467741875 0.7018027874999999 0.1271397734375 0.7053422859375 0.1258920828125 0.7063855765625 0.1265053953125 0.7180882671875 0.1278553046875 0.7189954234375 0.13055512656249998 0.7208097375 0.1357503296875 0.72053746875 0.13845015 0.7223517828125 0.174816571875 0.7204458984375 0.17751639375 0.7222602124999999 0.2892132640625 0.716406428125 0.2919130859375 0.7182207421875 0.3516579234375 0.715089646875
0 0.30393899062499996 0.7488833765625 0.353293421875 0.7462968203125 0.3559932421875 0.748111134375 0.42612848750000004 0.7444355015624999 0.4288283078125 0.7462498156249999 0.4755851375 0.74379939375 0.4782849578125 0.7456137078125 0.538029796875 0.7424826125 0.540729615625 0.7442969265625 0.5848888453125001 0.7419826406250001 0.587588665625 0.743796953125 0.6473335046875001 0.740665859375 0.6500333234375 0.7424801734375001 0.7045829593749999 0.7396213484375 0.7072827796875 0.7414356625 0.774820421875 0.7378961640624999 0.776068115625 0.736852871875 0.775148146875 0.7192988375 0.7724483265625001 0.7174845234375 0.7722438890625 0.7135836265625 0.7654943375000001 0.7090478421874999 0.7629989546875 0.711134425 0.7162421250000001 0.713584846875 0.7135423046875 0.7117705328125 0.661590271875 0.7144932234375 0.65889045 0.7126789109375 0.586157603125 0.716490678125 0.583457784375 0.7146763640625 0.5418961578125 0.716854515625 0.5391963359374999 0.7150402031249999 0.47165869374999997 0.7185797 0.4689588734375 0.7167653859375 0.41440923749999997 0.7196242125000001 0.41170941875 0.7178098984375 0.40911181562500004 0.7179460328125 0.40661643437499995 0.720032615625 0.40391661250000005 0.7182183015625 0.3571597828125 0.7206687234375 0.3544599625 0.718854409375 0.28172711562499997 0.7226661765625 0.27902729531250003 0.7208518625 0.21148965312499998 0.7243913609375 0.20878983125 0.722577046875 0.19839942500000002 0.7231215843750001 0.1959040421875 0.7252081671874999 0.18291603437499998 0.7258888406249999 0.1802162125 0.7240745265624999 0.13865458749999998 0.7262526796875 0.1336638203125 0.7304258453125 0.13106621875 0.7305619796875 0.1198369953125 0.7399516015625001 0.12034808749999999 0.74970384375 0.121698 0.7506109999999999 0.137283609375 0.74979419375 0.1399834296875 0.7516085078125 0.186740259375 0.7491580859375 0.1894400796875 0.7509724 0.23879451093749998 0.7483858437500001 0.24149433281250002 0.75020015625 0.3012391703125 0.7470690624999999 0.30393899062499996 0.7488833765625
0 0.1802162125 0.7240745265624999 0.18146390625 0.7230312343749999 0.177414175 0.7203097640625 0.1410477515625 0.7222156484375 0.139800059375 0.7232589390624999 0.139902278125 0.7252093875 0.1412521875 0.7261165453125 0.1802162125 0.7240745265624999
0 0.409214034375 0.7198964812499999 0.4455804578125 0.717990596875 0.44828027812500004 0.7198049109375 0.5262083296875 0.7157208749999999 0.5289081484375 0.7175351890624999 0.583457784375 0.7146763640625 0.586157603125 0.716490678125 0.64850004375 0.7132234484375 0.6511998640625001 0.7150377625 0.710944703125 0.71190666875 0.7136445234375 0.71372098125 0.7629989546875 0.711134425 0.7642466453125001 0.710091134375 0.760196915625 0.7073696640625 0.7394161015625 0.7084587390625 0.7367162828125 0.7066444265625 0.6769714437500001 0.7097755203125 0.6742716234375 0.70796120625 0.62751479375 0.7104116281249999 0.624814971875 0.7085973140624999 0.5520821265625 0.71240908125 0.5493823046874999 0.7105947671874999 0.5468869234375 0.71268135 0.5441871015624999 0.7108670359375 0.46625905312500004 0.7149510734375 0.4635592328125 0.713136759375 0.44277841875 0.7142258359375 0.4400786 0.712411521875 0.3673457515625 0.7162232890625 0.36464593125 0.714408975 0.3049010921875 0.71754006875 0.30220127343750003 0.7157257546875 0.185309196875 0.721851809375 0.18406150625 0.7228951 0.18541141562500002 0.7238022578125001 0.20878983125 0.722577046875 0.21148965312499998 0.7243913609375 0.2894177015625 0.720307325 0.2921175234375 0.7221216375 0.3388743515625 0.7196712171875 0.3415741734375 0.7214855296875 0.406514215625 0.7180821671875 0.409214034375 0.7198964812499999
0 0.41946008749999997 0.7662988359375 0.42195547031249997 0.764212253125 0.424553071875 0.76407611875 0.42725289218749996 0.7658904328125 0.484400128125 0.7628954734375 0.48709995 0.7647097875 0.5286615765625 0.7625316343749999 0.5313613968750001 0.7643459484374999 0.580715828125 0.7617593921875 0.5834156484374999 0.76357370625 0.624977275 0.7613955531250001 0.6276770953125 0.7632098671875001 0.677031528125 0.7606233109375 0.6797313468749999 0.762437625 0.736878584375 0.759442665625 0.7395784046875 0.761256978125 0.786335234375 0.7588065578125 0.7890350546875 0.7606208703124999 0.8487798921874999 0.7574897765624999 0.8537706593750001 0.7533166109375 0.8563682609375001 0.7531804765625 0.8617679015625 0.7568091031249999 0.864263284375 0.7547225203125 0.8668608859375 0.7545863859375 0.86956070625 0.7564007 0.8721583078125 0.756264565625 0.8745514734375 0.752227534375 0.8799511125 0.7558561625 0.913719934375 0.7540864125 0.9149676265625001 0.753043121875 0.9147631890625 0.749142225 0.9172585718749999 0.7470556421875 0.9170541343749999 0.7431547453125 0.9143543140625001 0.74134043125 0.9138432203125 0.7315881906249999 0.9124933109375 0.7306810328125 0.9112456203124999 0.731724325 0.9113478390624999 0.7336747734375 0.9076047640624999 0.736804646875 0.8764335421875 0.7384382625 0.8739381609375 0.7405248453125 0.8687429578125 0.7407971140625 0.8660431359375 0.7389827999999999 0.8608479328125 0.73925506875 0.8583525515625 0.7413416515625 0.8557549484375 0.7414777859374999 0.8532595671875001 0.74356436875 0.8506619640625 0.743700503125 0.8493120546874999 0.742793346875 0.8492098359375 0.7408428984375 0.8504575265625001 0.7397996078125 0.8530551296875 0.7396634734374999 0.8543028203125 0.7386201812500001 0.8529529109375 0.7377130249999999 0.8399649015625 0.738393696875 0.83726508125 0.7365793828125 0.8294722765625 0.7369877875 0.8240726359374999 0.733359159375 0.8214750343749999 0.73349529375 0.81897965 0.7355818765625 0.774820421875 0.7378961640624999 0.772325040625 0.739982746875 0.7645322343750001 0.74039115 0.761832415625 0.7385768359375 0.6994899734375 0.7418440656249999 0.6967901546874999 0.7400297515625 0.6422405203125 0.7428885765625 0.6395406984374999 0.7410742625 0.579795859375 0.7442053578125 0.5770960406250001 0.74239104375 0.527741609375 0.7449776 0.5250417875 0.7431632859375 0.4782849578125 0.7456137078125 0.4755851375 0.74379939375 0.4158402984375 0.7469304875 0.41314047968749995 0.7451161749999999 0.335212428125 0.7492002109375 0.332512609375 0.747385896875 0.29095098125 0.7495640484375 0.2882511625 0.7477497359374999 0.285653559375 0.7478858703125 0.28315817656250003 0.749972453125 0.27017016875 0.750653125 0.2674703484375 0.7488388109375 0.264872746875 0.748974946875 0.2623773640625 0.7510615296875 0.2545845578125 0.7514699328125001 0.252089175 0.7535565156249999 0.2494915734375 0.75369265 0.24679175468749998 0.7518783359375 0.2441941515625 0.7520144703125 0.24149433281250002 0.75020015625 0.23629912812499998 0.7504724265625 0.2350514359375 0.7515157171875 0.2351536546875 0.753466165625 0.2326582734375 0.7555527484375 0.233271584375 0.7672554390624999 0.23462149375000002 0.7681625953125 0.23732131562499997 0.769976909375 0.304858959375 0.7664374109375001 0.307558778125 0.768251725 0.3647060140625 0.765256765625 0.3674058359375 0.7670710796875 0.414162665625 0.7646206578125 0.41686248593749997 0.766434971875 0.41946008749999997 0.7662988359375
0 0.36781471093749996 0.774872871875 0.391193125 0.7736476609375 0.3938929453125 0.775461975 0.39638832812499997 0.7733753921875001 0.4041811328125 0.7729669890624999 0.4068809546875 0.7747813031249999 0.44844258124999997 0.77260315 0.4511424 0.7744174640625 0.5082896375 0.7714225046875 0.5109894578125 0.7732368171874999 0.54735588125 0.771330934375 0.5500557015624999 0.7731452484375 0.591617328125 0.7709670953125001 0.5943171484375 0.7727814093750001 0.635878775 0.77060325625 0.6385785953124999 0.7724175703125 0.680140221875 0.7702394171875 0.68284004375 0.77205373125 0.7166088640625 0.7702839828125 0.719308684375 0.772098296875 0.7400894984375 0.7710092203125 0.74278931875 0.772823534375 0.7452847015625 0.7707369515625 0.7556751078125 0.7701924124999999 0.7583749281250001 0.7720067265624999 0.8025341578124999 0.7696924390625 0.8052339765625 0.7715067531249999 0.8519908062500001 0.7690563312500001 0.854690628125 0.7708706453125 0.89884985625 0.7685563578125 0.901549675 0.7703706718750001 0.9405137015625 0.7683286546875 0.943213521875 0.77014296875 0.9510063265625 0.7697345640625 0.957244784375 0.7645181078125 0.956427034375 0.7489145203125 0.9510273937499999 0.74528589375 0.9509251750000001 0.7433354453125001 0.9482253546875 0.7415211312500001 0.9481231359375 0.7395706828125 0.945423315625 0.7377563687500001 0.945321096875 0.7358059203125 0.9358717265625 0.729455821875 0.9332741234374999 0.7295919578125 0.924540284375 0.736894996875 0.9246425031250001 0.7388454453125 0.9221471187500001 0.740932028125 0.9222493375 0.7428824765625001 0.9249491593749999 0.744696790625 0.925255815625 0.7505481359374999 0.91901735625 0.7557645921875 0.8722605265625001 0.7582150140625 0.86956070625 0.7564007 0.8487798921874999 0.7574897765624999 0.8462845109374999 0.759576359375 0.8332965015625 0.7602570328125 0.8305966828125 0.75844271875 0.78124225 0.7610292750000001 0.7785424296875 0.7592149609375001 0.736980803125 0.7613931125 0.7342809828125 0.7595788 0.69531695625 0.7616208171875 0.6926171375 0.759806503125 0.690121753125 0.7618930859375 0.687524153125 0.7620292203125001 0.68482433125 0.7602149078125 0.6276770953125 0.7632098671875001 0.624977275 0.7613955531250001 0.5938060546874999 0.7630291671875 0.5911062359375 0.7612148546874999 0.5547398109375 0.7631207375 0.552039990625 0.7613064234375 0.49749035625 0.7641652484375 0.4947905375 0.762350934375 0.40387447656250003 0.76711564375 0.4011746578125 0.7653013296875 0.35961302968750003 0.7674794828125 0.3569132109375 0.76566516875 0.286777965625 0.7693408015625 0.28407814375 0.7675264875 0.2217357046875 0.770793715625 0.219240321875 0.7728802984375001 0.2166427203125 0.773016434375 0.21539502812500003 0.7740597250000001 0.21674493906249997 0.7749668828125 0.22194014218749997 0.7746946125 0.2246399625 0.7765089265625 0.258408784375 0.774739178125 0.2611086046875 0.7765534921875 0.33124385 0.7728778593750001 0.3339436703125 0.7746921734375001 0.3651148890625 0.7730585578125 0.36781471093749996 0.774872871875
0 0.29784176875 0.83134674375 0.30054158750000004 0.8331610578124999 0.3395056125 0.8311190390625001 0.34220543281250004 0.832933353125 0.3759742546875 0.8311636046875 0.37867407656249996 0.8329779171875 0.4228333046875 0.83066363125 0.42553312343750005 0.8324779453125 0.45410674218749997 0.8309804640625 0.4568065625 0.832794778125 0.48797778281250004 0.8311611640625 0.490677603125 0.832975478125 0.5192512218750001 0.8314779984375 0.5219510406250001 0.8332923125 0.5531222609374999 0.831658696875 0.55582208125 0.8334730109375 0.5869933015625 0.831839396875 0.5896931234375 0.8336537109375 0.6312547484375 0.8314755578125 0.6339545703125 0.833289871875 0.667723390625 0.8315201234374999 0.6704232109375 0.8333344359374999 0.706789634375 0.8314285531250001 0.70948945625 0.8332428671875001 0.740660675 0.831609253125 0.74440375 0.828479378125 0.7437904375 0.8167766875 0.7462858203125 0.8146901062499999 0.7461836015625 0.8127396578124999 0.7486789843749999 0.810653075 0.7477590171874999 0.7930990390625 0.7424615953125 0.7914208609375 0.7420527203125 0.7836190671875001 0.7433004109375 0.782575775 0.7460002328125 0.7843900890625 0.7497433078125 0.7812602156249999 0.7470434859374999 0.7794459015624999 0.7469412671875 0.777495453125 0.7455913578125 0.776588296875 0.7429937546875001 0.77672443125 0.7402939359375 0.7749101171875 0.7376963328125 0.7750462515625001 0.7348942953125001 0.7712814890625 0.7063206765625 0.77277896875 0.7036208562499999 0.7709646546875 0.6672544312500001 0.7728705390624999 0.6645546125 0.7710562249999999 0.630785790625 0.7728259734375 0.6280859703125 0.7710116609375001 0.5865243437500001 0.7731898125 0.5838245234375 0.7713754984375 0.5318724890625 0.7740981890625 0.5291726703124999 0.7722838765625 0.482415840625 0.774734296875 0.47971601875000003 0.772919984375 0.4329591890625 0.77537040625 0.43025936875 0.7735560921875 0.38610014062500003 0.775870378125 0.3834003203125 0.774056065625 0.3340458890625 0.776642621875 0.33134606718750004 0.7748283078125 0.2949796453125 0.776734190625 0.292279825 0.7749198765624999 0.248120596875 0.7772341640625 0.245420775 0.77541985 0.24292539375 0.7775064328125 0.240327790625 0.7776425671875 0.237627971875 0.7758282546874999 0.21424955625000003 0.777053465625 0.19802956562500001 0.790616253125 0.198131784375 0.7925667015625 0.195636403125 0.794653284375 0.195840840625 0.79855418125 0.19334545625 0.8006407640625 0.1946742984375 0.8259965921875001 0.196024209375 0.8269037484374999 0.19737412031249998 0.8278109062500001 0.1974763390625 0.8297613546875 0.20152606875 0.8324828249999999 0.22490448281250003 0.8312576140625 0.22760430468749998 0.833071928125 0.263970728125 0.83116604375 0.266670546875 0.8329803578125 0.29784176875 0.83134674375
0 0.1844251265625 0.9037880406250001 0.20260833906250003 0.9028350984375001 0.205308159375 0.9046494125000001 0.23907698125 0.9028796625 0.2417768015625 0.9046939765625 0.283338428125 0.902515825 0.286038246875 0.9043301390625 0.3094166625 0.9031049281250001 0.312116484375 0.9049192406250001 0.3458853046875 0.9031494921875 0.348585125 0.90496380625 0.37196354062500003 0.9037385953125 0.37466336093749997 0.905552909375 0.3980417765625 0.9043276984374999 0.40074159531250003 0.9061420124999999 0.42671761249999995 0.9047806671874999 0.42951965156250005 0.9085454281249999 0.51264290625 0.9041891234375001 0.515342725 0.9060034375000001 0.5620995546875001 0.9035530156249999 0.5647993765625 0.9053673296875001 0.5985681984375 0.90359758125 0.6012680171875 0.90541189375 0.6350368390625001 0.9036421453125 0.637736659375 0.905456459375 0.6455294640625 0.9050480562500001 0.6482292859375 0.90686236875 0.6638148953125 0.9060455624999999 0.666514715625 0.9078598765624999 0.6690100984375 0.90577329375 0.676802903125 0.9053648890625 0.6795027234375 0.907179203125 0.708076340625 0.9056817234375 0.7107761625 0.9074960375 0.73934978125 0.9059985578124999 0.7420496015625 0.9078128703124999 0.7628304140625 0.9067237953125 0.765530234375 0.9085381078125 0.8018966578125 0.9066322250000001 0.8045964796874999 0.9084465390625001 0.8201820890624999 0.9076297312499999 0.8228819078124999 0.9094440453124999 0.8566507296875001 0.907674296875 0.8593505499999999 0.9094886109375 0.88792416875 0.9079911296875001 0.8906239906250001 0.90980544375 0.91660000625 0.9084440984375 0.9203430812500001 0.905314225 0.91993420625 0.89751243125 0.9224295890624999 0.8954258484375 0.9215096203125 0.8778718140624999 0.9188098015625 0.8760574999999999 0.9185031453124999 0.8702061546875001 0.9158033234375 0.868391840625 0.9155988859375 0.8644909437500001 0.9128990671875 0.8626766312499999 0.9127968484375 0.8607261828125001 0.9100970281249999 0.8589118687499999 0.9099948093749999 0.8569614203125001 0.9072949890625001 0.8551471062499999 0.9071927703125 0.8531966578124999 0.9044929500000001 0.8513823437499999 0.90439073125 0.8494318968749999 0.9016909109375 0.8476175828124999 0.9014864734374999 0.8437166859375 0.8960868312500001 0.8400880578125 0.8958823953125 0.8361871609374999 0.893182575 0.8343728484374999 0.8930803562499999 0.8324223999999999 0.8903805359374999 0.8306080859374999 0.8902783171875001 0.8286576374999999 0.887578496875 0.8268433234374999 0.8874762781250001 0.824892875 0.8847764578125 0.8230785609375 0.8846742390625 0.8211281140625 0.8819744187499999 0.8193138 0.8818722015624999 0.8173633515625 0.8791723796875001 0.8155490375 0.8789679421875001 0.8116481406249999 0.8762681234375 0.8098338265624999 0.8761659046875 0.8078833781249999 0.8734660828124999 0.8060690656249999 0.8733638640624999 0.8041186171874999 0.8706640453125001 0.8023043031249999 0.8704596078125 0.7984034062500001 0.8677597859375 0.7965890921875001 0.86765756875 0.79463864375 0.8649577468749999 0.7928243296875 0.8648555281249999 0.7908738828125 0.8621557093750001 0.78905956875 0.861951271875 0.785158671875 0.85925145 0.7833443578125 0.85914923125 0.781393909375 0.8564494125 0.7795795953125 0.8563471937499999 0.7776291468750001 0.8536473718750001 0.775814834375 0.8535451546875 0.7738643859375001 0.8494954234375 0.7711429140625 0.8131290015625 0.7730487984375001 0.8104291796875 0.7712344843750001 0.7558795453125 0.774093309375 0.7546318546874999 0.7751366015625 0.7547340734375 0.77708705 0.7509909984375 0.7802169234375 0.7496410890625 0.7793097671875 0.7494366515625 0.7754088703125 0.748086740625 0.7745017140625 0.744343665625 0.7776315874999999 0.7452636328125 0.795185621875 0.7479634546875 0.7969999359375 0.7480656734375 0.798950384375 0.7455702890625 0.8010369671875001 0.7456725078125 0.8029874156249999 0.748372328125 0.8048017296875001 0.749292296875 0.8223557640625 0.7467969125 0.824442346875 0.74700135 0.82834324375 0.7432582765625 0.8314731171874999 0.69390384375 0.8340596734375 0.691204025 0.8322453609375 0.6548376015625 0.83415124375 0.65213778125 0.8323369296875001 0.6496423984375 0.8344235125000001 0.6340567874999999 0.8352403203125001 0.6313569671875 0.8334260062500001 0.5975881453125 0.8351957546875 0.5948883265625 0.833381440625 0.5533266984375 0.83555959375 0.550626878125 0.8337452796875 0.53504126875 0.8345620874999999 0.5323414484375 0.8327477734375 0.48818221875 0.8350620609374999 0.4854824 0.8332477468749999 0.462103984375 0.8344729578125 0.4594041640625 0.83265864375 0.4360257484375 0.8338838546874999 0.4333259296875 0.8320695406249999 0.3943619046875 0.834111559375 0.39166208281250003 0.8322972453125 0.3552956609375 0.834203128125 0.3525958390625 0.832388815625 0.3214246203125 0.8340224296875001 0.3187248 0.8322081156250001 0.29015118125 0.8337055953125001 0.2874513609375 0.8318912812500001 0.245889734375 0.834069434375 0.2431899140625 0.8322551203125 0.2146162953125 0.8337526000000001 0.2121209125 0.8358391828125 0.20432810781250002 0.8362475875 0.1955942671875 0.8435506265624999 0.1957987046875 0.8474515234375 0.1945510125 0.8484948156250001 0.18935580937500002 0.8487670843749999 0.179374278125 0.857113415625 0.1767766765625 0.85724955 0.175528984375 0.858292840625 0.175631203125 0.8602432890625 0.1743835125 0.8612865812500001 0.171785909375 0.861422715625 0.17053821875 0.86246600625 0.1706404375 0.8644164546875001 0.1631542875 0.8706762031249999 0.1646875671875 0.899932928125 0.166037478125 0.9008400859375 0.1673873890625 0.9017472421875 0.1674896078125 0.903697690625 0.1715393375 0.9064191609375 0.1740347203125 0.9043325781249999 0.1766323234375 0.9041964437500001 0.1793321421875 0.9060107578125001 0.1819297453125 0.9058746234375 0.1844251265625 0.9037880406250001