0 0.6754696250000001 0 0.6752002203125 0.00023311875 0.6284394062499999 0.0035029531250000004 0.625977825 0.005632978125 0.589608303125 0.0081761828125 0.5871467234375001 0.010306207812499999 0.54298373125 0.013394384375000002 0.5405221515624999 0.015524409375000001 0.509348275 0.0177043 0.5068866937500001 0.019834323437500002 0.4653215265625 0.02274084375 0.4628599453125 0.02487086875 0.4238926 0.027595731249999998 0.42143102031249996 0.029725756250000002 0.385061496875 0.0322689609375 0.38259991718749997 0.034398984375000004 0.343632571875 0.037123846875 0.3411709921875 0.039253871875 0.2996058234375 0.0421603921875 0.2971442421875 0.0442904171875 0.26077472031250004 0.046833621874999995 0.258313140625 0.048963646875 0.21934579375 0.05168850781249999 0.21688421562500002 0.0538185328125 0.1805146921875 0.056361737499999995 0.1780531125 0.0584917625 0.13648794375 0.0613982828125 0.1340263625 0.06352830781249999 0.1028524859375 0.065708196875 0.1003909078125 0.06783822187500001 0.0666192078125 0.07019976875 0.0641576265625 0.07232979375000001 0.0511685125 0.07323808125 0.04870693125 0.07536810625 0.0409134625 0.075913078125 0.034759514062500003 0.081238140625 0.038987651562499996 0.12303720781250001 0.096139759375 0.11904074375 0.0986013390625 0.11691071875 0.137568684375 0.11418585625 0.14003026406250002 0.11205583125 0.18419325625 0.1089676546875 0.1866548359375 0.10683762968749999 0.22562218281250002 0.1041127671875 0.2280837625 0.1019827421875 0.274844578125 0.0987129078125 0.27730615625 0.0965828828125 0.30328438750000003 0.09476630781249999 0.30574596718749997 0.092636284375 0.35250678281250003 0.0893664484375 0.3549683609375 0.08723642499999999 0.43796245625 0.0794750171875 0.44042403593749996 0.07734499218749999 0.47159791249999994 0.075165103125 0.4740594921875 0.073035078125 0.5234181312499999 0.0695835859375 0.5258797109375 0.0674535609375 0.5674448796875 0.0645470421875 0.5699064593750001 0.0624170171875 0.619265096875 0.058965525 0.6217266765625 0.056835500000000004 0.6788787843749999 0.052839034375 0.6805183031250001 0.05761912500000001 0.6832523703125 0.059385834375 0.68352485625 0.06328256875 0.6810632765625 0.06541259375 0.6846101984375 0.097469825 0.685432259375 0.09055971093750001 0.6900829328125 0.0824029265625 0.6896742031249999 0.076557825 0.6943248765625001 0.06840104062499999 0.6937799046875 0.060607571875 0.696241484375 0.058477546874999994 0.692290434375 0.0019748953125 0.6878916984375001 0 0.6754696250000001 0
0 0.1700957890625 0.168690275 0.1725573671875 0.1665602515625 0.20373124374999999 0.1643803609375 0.20619282499999997 0.1622503359375 0.2529536390625 0.15898050156250002 0.2554152203125 0.1568504765625 0.2969803875 0.1539439578125 0.29944196875 0.1518139328125 0.328018021875 0.1498157 0.3304796015625 0.14768567500000002 0.387631709375 0.1436892109375 0.3900932890625 0.1415591859375 0.43685410312500006 0.1382893515625 0.439315684375 0.13615932656250002 0.4860764984375 0.13288949218749999 0.4885380796875 0.1307594671875 0.537896715625 0.127307975 0.540358296875 0.12517795 0.5793256421875 0.12245308749999999 0.581787221875 0.1203230625 0.6285480375 0.117053228125 0.631009615625 0.114923203125 0.667379140625 0.11237999843749999 0.66984071875 0.11024997343750001 0.6776341875 0.1097050015625 0.683379409375 0.0985348375 0.6828344359375 0.09074136875 0.6801003703124999 0.088974659375 0.68256195 0.086844634375 0.6803820609375 0.055670757812500006 0.6762809609375 0.053020692187499996 0.6243245015625 0.056653842187500005 0.6218629203125 0.058783867187500005 0.57250428125 0.062235359375 0.570042703125 0.064365384375 0.5206840640625 0.06781687656249999 0.5182224843750001 0.0699469015625 0.4818529625 0.07249010624999999 0.47939138124999997 0.07462013125 0.4456196828125 0.076981678125 0.44315810312500004 0.079111703125 0.3989951109375 0.0821998796875 0.39653353125 0.0843299046875 0.360164009375 0.08687310937500001 0.35770242812499997 0.089003134375 0.285099625 0.0960379109375 0.282638046875 0.09816793593749999 0.2410728765625 0.10107445468750001 0.238611296875 0.10320447968749999 0.19185048124999998 0.10647431562500001 0.189388903125 0.1086043390625 0.1504215578125 0.1113292015625 0.14795997656249998 0.1134592265625 0.12457956875000001 0.11509414375 0.1221179890625 0.11722416875 0.06236805937499999 0.121402290625 0.0599064796875 0.123532315625 0.028732603125 0.12571220624999999 0.022578653125 0.1310372671875 0.025716846874999998 0.157249396875 0.030226674999999998 0.1657445640625 0.050732171874999996 0.1789948875 0.056064059374999996 0.1805799390625 0.0716509984375 0.1794899953125 0.074112578125 0.1773599703125 0.1156777484375 0.17445345 0.1181393265625 0.172323425 0.1700957890625 0.168690275
0 0.24638635937500003 0.1770607796875 0.28275588125 0.174517575 0.2852174609375 0.17238755 0.34236956875 0.16839108593750002 0.3448311484375 0.16626106093749998 0.3863963171875 0.16335454062500002 0.388857896875 0.161224515625 0.42522742031250005 0.1586813109375 0.427689 0.1565512859375 0.48484110625000004 0.152554821875 0.4873026859375 0.15042479687500002 0.5340635015624999 0.1471549625 0.53652508125 0.1450249375 0.5884815421875 0.1413917875 0.5909431234375 0.1392617625 0.62991046875 0.1365369015625 0.632372046875 0.1344068765625 0.7023770265625 0.12755375625 0.7064781250000001 0.130203821875 0.70811304375 0.15358422968750002 0.7175460328125001 0.1578193453125 0.740926440625 0.156184428125 0.7433880187499999 0.1540544046875 0.748583665625 0.1536910890625 0.756926709375 0.1423392671875 0.7565179796875 0.136494165625 0.7589795609375 0.134364140625 0.7574808859375 0.1129321015625 0.7547468187499999 0.111165390625 0.7528348140625 0.10248856718749999 0.7320522281249999 0.10394182656249999 0.72959065 0.10607185156250001 0.6854276578125 0.10916002968750001 0.682966078125 0.111290053125 0.649194378125 0.11365160156250001 0.6467327968750001 0.11578162656249999 0.60256980625 0.11886980312499999 0.6001082265625 0.12099982812500001 0.5041250171875 0.129669521875 0.5016634375 0.131799546875 0.41347369531249994 0.13992426875 0.41101211718749997 0.14205429375 0.37464259375000003 0.1445974984375 0.37218101406250004 0.1467275234375 0.3202245515625 0.150360671875 0.3177629734375 0.152490696875 0.268404334375 0.1559421890625 0.2659427546875 0.1580722140625 0.22177976250000003 0.161160390625 0.2193181828125 0.163290415625 0.1829486609375 0.16583362031249999 0.1804870796875 0.16796364531250002 0.1519110265625 0.16996187812500002 0.149449446875 0.172091903125 0.0872379359375 0.17840005 0.0849126015625 0.1824784421875 0.079716953125 0.18284175625000001 0.077255375 0.18497178125 0.06946190625000001 0.185516753125 0.06413001562500001 0.1839317015625 0.05537824375 0.1894384203125 0.0572902484375 0.1981152453125 0.1118445328125 0.19430043749999998 0.1143061125 0.1921704125 0.14547998906249998 0.1899905234375 0.1479415703125 0.1878604984375 0.186908915625 0.1851356359375 0.18937049374999998 0.1830056109375 0.24392477812500002 0.17919080468749998 0.24638635937500003 0.1770607796875
0 0.245968425 0.2084163140625 0.30571835625 0.2042381921875 0.308179934375 0.20210816718750002 0.360136396875 0.1984750171875 0.3625979765625 0.19634499218749998 0.417152259375 0.1925301859375 0.419613840625 0.1904001609375 0.46377683125 0.1873119828125 0.4662384125 0.1851819578125 0.468972478125 0.18694866875 0.474168125 0.186585353125 0.4766297046875 0.184455328125 0.518194871875 0.181548809375 0.520656453125 0.179418784375 0.5778085609375 0.17542231875 0.5802701390625 0.1732922953125 0.6062483703125 0.1714757203125 0.6087099515625 0.16934569531250002 0.639883828125 0.1671658046875 0.64234540625 0.1650357796875 0.69430186875 0.16140263125 0.696763446875 0.15927260625 0.7083855296875 0.1574809640625 0.7064781250000001 0.130203821875 0.7023770265625 0.12755375625 0.6893879125 0.12846204375 0.68692633125 0.13059206875 0.6401655171875 0.133861903125 0.6377039375 0.135991928125 0.5443185515625 0.144479965625 0.5418569703125 0.146609990625 0.4873026859375 0.15042479687500002 0.48484110625000004 0.152554821875 0.427689 0.1565512859375 0.42522742031250005 0.1586813109375 0.38366225 0.16158783125 0.381200671875 0.16371785625 0.342233325 0.16644271875 0.3397717453125 0.1685727421875 0.27482616875 0.1731141796875 0.2723645890625 0.1752442046875 0.23079942031249998 0.178150725 0.228337840625 0.18028075 0.19196831718750001 0.18282395468749998 0.1895067375 0.184953978125 0.160930684375 0.1869522109375 0.158469103125 0.1890822359375 0.0909257046875 0.19380533125 0.0808068984375 0.19842869531250001 0.0470352 0.2007902421875 0.0445736203125 0.20292026718749998 0.03678015 0.20346523906249997 0.03308778125 0.2066602765625 0.03608973125 0.23092403906249998 0.0620679609375 0.22910746406250002 0.0645295421875 0.22697743906249998 0.1450620546875 0.2213460578125 0.1475236359375 0.2192160328125 0.196882275 0.215764540625 0.199343853125 0.213634515625 0.2435068453125 0.21054633906250003 0.245968425 0.2084163140625
0 0.22681155468749997 0.27045061718749996 0.229273134375 0.2683205921875 0.23460502343749998 0.26990564375 0.237066603125 0.2677756203125 0.3046100015625 0.263052525 0.3070715828125 0.2609225 0.3694193359375 0.2565627203125 0.371880915625 0.2544326953125 0.4316308453125 0.2502545734375 0.43409242656249997 0.2481245484375 0.49644017968750004 0.24376476875000003 0.4989017578125 0.2416347453125 0.5950212109375 0.23491341718749997 0.5974827921875 0.2327833921875 0.61060815 0.23382347343749998 0.6130697296875 0.2316934484375 0.6676240140624999 0.22787864062500002 0.67008559375 0.225748615625 0.740226815625 0.22084386406249998 0.7426883953125001 0.2187138390625 0.77905791875 0.216170634375 0.7831590171875 0.21882069999999998 0.783431503125 0.22271743437499997 0.7875326031250001 0.22536749843749998 0.7912249734375 0.22217246093749998 0.7982009828125001 0.2099372859375 0.797928496875 0.20604055 0.800390078125 0.2039105265625 0.7973927296875 0.1610464453125 0.7946586625000001 0.1592797359375 0.7942499328125 0.153434634375 0.7901488343749999 0.15078456875 0.7823553640625 0.1513295421875 0.7798937859375 0.15345956562500002 0.694165625 0.15945426406250002 0.6917040453125 0.1615842875 0.6527366984375 0.16430915 0.65027511875 0.166439175 0.613905596875 0.16898237968750002 0.611444015625 0.1711124046875 0.6061121265625 0.169527353125 0.5983186578125 0.170072325 0.595857078125 0.17220235 0.5931230125 0.1704356390625 0.5879273656249999 0.1707989546875 0.5854657859375 0.1729289796875 0.5542919093750001 0.17510886875 0.5518303296875 0.17723889375 0.5336455671875 0.178510496875 0.5311839890625001 0.180640521875 0.46364058906250005 0.185363615625 0.461179009375 0.187493640625 0.4144181953125 0.190763475 0.41195661406250006 0.1928935 0.3833805609375 0.1948917328125 0.38091898125 0.1970217578125 0.3781849140625 0.195255046875 0.360000153125 0.19652665 0.3575385734375 0.198656675 0.3159734046875 0.20156319374999998 0.313511825 0.20369321875000002 0.2615553625 0.20732636875 0.25909378437499997 0.20945639374999997 0.19674603125 0.2138161734375 0.19428445 0.21594619843750001 0.1475236359375 0.2192160328125 0.1450620546875 0.2213460578125 0.1034968875 0.2242525765625 0.1010353078125 0.22638260156249998 0.09570341875 0.22479754999999998 0.0906440140625 0.22710923125 0.03608973125 0.23092403906249998 0.0336281515625 0.2330540640625 0.0258346828125 0.23359903593750003 0.0221423125 0.23679407343749997 0.022551042187500002 0.242639175 0.0200894609375 0.2447692 0.0240451125 0.2826715328125 0.0375792015625 0.28955671562499996 0.060959609375 0.28792179687499997 0.0634211875 0.2857917734375 0.1127798265625 0.28234028125 0.1152414078125 0.28021025625 0.18278480625 0.2754871609375 0.1852463859375 0.2733571359375 0.22681155468749997 0.27045061718749996
0 0.23746612812499998 0.3108213578125 0.3647594578125 0.301920140625 0.36722103906250003 0.299790115625 0.522954178125 0.2869423 0.5254157578124999 0.284812275 0.5955569796875 0.2799075234375 0.5980185609374999 0.2777774984375 0.673355428125 0.27250943125 0.6758170078125 0.27037940625 0.7641429921875 0.2642030515625 0.7666045718750001 0.26207302656250003 0.7860201234375 0.2597364125 0.783431503125 0.22271743437499997 0.7791941609374999 0.2181190015625 0.7142485859375001 0.2226604390625 0.71178700625 0.22479046406249997 0.7090529390625 0.22302375468750002 0.7065913593750001 0.225153778125 0.6364501375 0.23005853125 0.6339885578125 0.23218855624999998 0.574238628125 0.236366678125 0.5717770468750001 0.238496703125 0.5068314703125 0.2430381390625 0.5043698921875001 0.2451681640625 0.447217784375 0.249164628125 0.444756203125 0.251294653125 0.37721280468749996 0.2560177484375 0.374751225 0.2581477734375 0.320196940625 0.2619625796875 0.3177353609375 0.2640926046875 0.252789784375 0.26863404218750003 0.2503282046875 0.2707640671875 0.1931760984375 0.27476053125 0.19071451875 0.27689055625000003 0.1309645890625 0.28106867812499997 0.1285030078125 0.283198703125 0.0895356625 0.285923565625 0.08707408125 0.288053590625 0.035117621875 0.2916867390625 0.028827428125 0.295063434375 0.029236157812500004 0.3009085359375 0.026774578124999997 0.30303856093750003 0.029912771875 0.329250690625 0.079271409375 0.3257991984375 0.08173298906250001 0.3236691734375 0.0895264578125 0.3231242015625 0.09226052500000001 0.3248909109375 0.1130431078125 0.32343765156250004 0.1155046890625 0.3213076265625 0.23500454999999998 0.3129513828125 0.23746612812499998 0.3108213578125
0 0.151029140625 0.418676125 0.1534907203125 0.41654610156249994 0.1586863671875 0.4161827859375 0.16401825625 0.4177678375 0.1664798359375 0.4156378140625 0.33793615625 0.40364842031250003 0.3403977375 0.4015183953125 0.3455933828125 0.4011550796875 0.34832745 0.4029217890625 0.35352309531250004 0.402558475 0.35598467500000003 0.40042845 0.368973790625 0.3995201625 0.37170785781250004 0.401286871875 0.3741694375 0.399156846875 0.5248431734375 0.3886207140625 0.5273047531249999 0.3864906890625 0.5350982234375 0.385945715625 0.5404301109375 0.38753076875 0.5428916921875 0.38540074375 0.6416089671874999 0.37849775937499996 0.6440705484375 0.376367734375 0.79734210625 0.36564994375 0.7998036875000001 0.36351991875 0.8231840953124999 0.36188500156250003 0.8268764640624999 0.3586899640625 0.8264677359375 0.35284486249999997 0.828929315625 0.3507148375 0.8285205859375001 0.34486973593750003 0.8257865203125 0.343103025 0.8212904968749999 0.2788069046875 0.81855643125 0.2770401953125 0.8174664859374999 0.2614532578125 0.7043930609375 0.2683811734375 0.7019314828125001 0.2705111984375 0.6473771984375001 0.27432600625000003 0.64491561875 0.27645603125 0.6395837296875 0.274870978125 0.6371221484375 0.277001003125 0.572176571875 0.281542440625 0.56971499375 0.283672465625 0.4943781234375 0.28894053125 0.4919165453125 0.29107055625 0.40878620625 0.296883596875 0.406324628125 0.2990136203125 0.33358558125000004 0.30410003125 0.3311240015625 0.3062300546875 0.3257921125 0.304645003125 0.3233305328125 0.306775028125 0.21681978750000003 0.314222984375 0.2143582078125 0.316353009375 0.11823875625 0.3230743359375 0.115777175 0.3252043609375 0.027451190625 0.33138071562500004 0.0249896125 0.333510740625 0.0068048499999999994 0.33478234218749997 0.0031124796875 0.33797737968749997 0.0058373421875 0.376944725 0.0033757624999999998 0.37907475 0.0056918953125 0.41219699375 0.0032303156249999998 0.41432701875 0.005006078125 0.421055475 0.008148873437499999 0.4286672875 0.0704966265625 0.4243075078125 0.07295820625 0.42217748281249995 0.078290096875 0.4237625359375 0.1328443796875 0.41994772812500003 0.135305959375 0.417817703125 0.14063785 0.41940275624999995 0.151029140625 0.418676125
0 0 0.440987575 0.0030802671875 0.46817960468750003 0.0085483984375 0.471713025 0.01634186875 0.471168053125 0.019075934375 0.4729347625 0.06323892656249999 0.4698465859375 0.06570050625 0.46771656093749997 0.078689621875 0.4668082734375 0.0814236875 0.4685749828125 0.135977971875 0.464760175 0.1384395515625 0.46263015156250004 0.294308934375 0.45173070156249995 0.2967705140625 0.4496006765625 0.29950458125 0.45136738750000005 0.3254828109375 0.44955081249999995 0.327944390625 0.44742078750000003 0.577335403125 0.42998166875 0.5797969843749999 0.42785164375000007 0.587590453125 0.427306671875 0.5903245187499999 0.42907338125 0.5981179875 0.428528409375 0.6005795671875 0.426398384375 0.6057752125 0.42603506874999997 0.6085092796875 0.4278017796875 0.6163027484375 0.42725680625000007 0.6187643296875 0.42512678125000003 0.6265577984374999 0.42458180937499995 0.6292918640625 0.42634851874999996 0.6786505015625 0.42289702656249994 0.6811120828125 0.4207670015625 0.6889055515625 0.4202220296875 0.6916396171875 0.4219887390625 0.6941011968749999 0.4198587140625 0.7876228265624999 0.41331904531249997 0.7903568937500001 0.4150857546875 0.8163351234375 0.4132691796875 0.8187967031250001 0.41113915624999997 0.829051753125 0.4084641578125 0.8376672828125 0.401009071875 0.8353511499999999 0.367886828125 0.828515984375 0.363470053125 0.8129290453125 0.3645599984375 0.8104674671875 0.3666900234375 0.664989375 0.3768628421875 0.6625277953125 0.37899286718749997 0.65719590625 0.3774078140625 0.6547343265625 0.3795378390625 0.5196475281249999 0.388984028125 0.517185946875 0.391114053125 0.34832745 0.4029217890625 0.34586586874999997 0.4050518140625 0.202985603125 0.4150429765625 0.200524021875 0.417173 0.05764375468750001 0.4271641625 0.055182175 0.42929418750000004 0.0058235375 0.43274567968750005 0 0.43778483125 0 0.440987575
0 0.0572074125 0.53292096875 0.111761696875 0.5291061609375001 0.114223278125 0.5269761359375 0.1609840921875 0.5237063015625 0.1634456734375 0.5215762765624999 0.2413803640625 0.5161265515625 0.24384194374999998 0.5139965281250001 0.254369478125 0.515218265625 0.256831059375 0.5130882406249999 0.40490697343750004 0.5027337640625 0.40736855156249996 0.5006037390625 0.42035766875 0.4996954515625 0.4230917328125 0.5014621609375001 0.4255533140625 0.4993321359375 0.6385748046875 0.4844362234375 0.6410363828125 0.4823061984375 0.807297059375 0.47068011875 0.813451009375 0.46535505781250003 0.8108623906249999 0.42833607812499996 0.8081283234375001 0.42656936874999996 0.80758335 0.4187759 0.8034822515625001 0.416125834375 0.7852974890625 0.4173974375 0.782563425 0.415630728125 0.7461939015625 0.41817393281250004 0.7437323218749999 0.42030395781249996 0.5255151859375 0.43556318593750004 0.52305360625 0.43769321093749997 0.5126623125 0.43841984062500006 0.5099282484375001 0.43665313125000005 0.5074666671875 0.43878315468749995 0.5022710218750001 0.4391464703125 0.4995369546875 0.4373797609375 0.43459137812500004 0.4419211984375 0.43212979999999995 0.444051221875 0.1827387875 0.461490340625 0.18027720625000002 0.46362036562500003 0.17754313906250002 0.46185365625 0.1671518484375 0.4625802859375 0.16469026874999998 0.46471031093750004 0.15170115312500002 0.4656185984375 0.14896708593750002 0.4638518875 0.14650550625 0.46598191250000004 0.08155993125 0.47052335 0.07909835 0.472653375 0.07376646249999999 0.471068321875 0.039994762499999996 0.4734298703125 0.03753318125 0.47555989531250004 0.0323375359375 0.475923209375 0.02960346875 0.4741565 0.0088208859375 0.475609759375 0.002666934375 0.48093482187500003 0.0032119078125 0.488728290625 0.000750328125 0.490858315625 0.00429725 0.522915546875 0.0071675609375 0.5266306234375 0.0178313375 0.529800728125 0.025488564062500003 0.5273073890625 0.02822263125 0.5290740984375 0.0334182765625 0.5287107843750001 0.0440820546875 0.5318808890625 0.0544733484375 0.5311542578124999 0.0572074125 0.53292096875
0 0.124741609375 0.565398509375 0.1351329015625 0.5646718796875 0.1375944796875 0.5625418546875001 0.22072481875 0.556728815625 0.2231863984375 0.554598790625 0.3089145578125 0.5486040937500001 0.3113761390625 0.54647406875 0.321903675 0.5476958062499999 0.324365253125 0.54556578125 0.3919086546875 0.5408426875 0.3943702328125 0.5387126624999999 0.4022999453125 0.54011605625 0.40476152499999996 0.5379860328125 0.500880978125 0.5312647046875 0.5033425578124999 0.52913468125 0.6072554796875 0.52186838125 0.6097170609375 0.51973835625 0.69804304375 0.5135620015625 0.7005046234375001 0.5114319765625 0.7342763234375 0.5090704296874999 0.73783245 0.5039270250000001 0.737151234375 0.49418518906250003 0.7344171687500001 0.4924184796875 0.732096434375 0.477896553125 0.6671508578124999 0.482437990625 0.6646892765625 0.484568015625 0.5815589390625 0.49038105468750004 0.5790973593750001 0.49251107968749996 0.43361926874999995 0.5026838984374999 0.4311576890625 0.5048139234375 0.4258258 0.5032288703125001 0.4128366859375 0.5041371578125 0.4103751046875 0.5062671828124999 0.4076410375 0.5045004734375 0.397249746875 0.505227103125 0.3947881671875 0.507357128125 0.3142556515625 0.512988509375 0.3117940734375 0.515118534375 0.20788115000000001 0.522384834375 0.2054195703125 0.524514859375 0.1222892328125 0.5303278984375 0.11982765312500002 0.5324579234375 0.111897940625 0.531054528125 0.1094363609375 0.533184553125 0.08345812968750001 0.535001128125 0.08099655 0.537131153125 0.060213965625 0.5385844125 0.051462193749999996 0.54409113125 0.05173467968749999 0.5479878671875 0.0492731 0.5501178906249999 0.051185104687500003 0.558794715625 0.0529608671875 0.565523171875 0.0597960328125 0.569939946875 0.098763378125 0.567215084375 0.1012249578125 0.5650850593750001 0.10395902500000001 0.56685176875 0.1195459625 0.5657618249999999 0.12200754218750001 0.5636318 0.124741609375 0.565398509375
0 0.3663299484375 0.585705 0.368791528125 0.583574975 0.467508803125 0.576671990625 0.469970384375 0.574541965625 0.5427094296874999 0.56945555625 0.545171009375 0.5673255312500001 0.6231057 0.56187580625 0.62556728125 0.55974578125 0.7009041484375 0.554477715625 0.7033657296875 0.552347690625 0.796887359375 0.5458080203125 0.7993489390625 0.5436779953124999 0.84091410625 0.5407714765625 0.8470680578125 0.5354464140624999 0.8455693828124999 0.514014375 0.8428353156249999 0.5122476640625 0.84229034375 0.5044541953125 0.8329935984375 0.5021674453125 0.8305320187499999 0.5042974703125 0.7941624968750001 0.5068406750000001 0.791700915625 0.5089707 0.7501357484375 0.5118772203125 0.7474016812500001 0.510110509375 0.7162278046874999 0.5122904 0.7111684031250001 0.51460208125 0.7058365125 0.5130170296875 0.7033749328125001 0.5151470546875 0.609853303125 0.5216867234375 0.6073917234375 0.5238167484375 0.5216635625 0.5298114453125 0.5192019828125 0.5319414703125 0.5164679171875 0.5301747609375 0.5140063359375 0.5323047859375001 0.3815173609375 0.5415693171875 0.37905578125 0.5436993421875 0.3011210890625 0.549149065625 0.2986595109375 0.551279090625 0.22592046406250002 0.5563655 0.223458884375 0.558495525 0.148122015625 0.5637635921874999 0.1456604359375 0.5658936171875 0.0703235671875 0.571161684375 0.0678619875 0.5732917093750001 0.028894642187500003 0.576016571875 0.0264330625 0.5781465953125 0.021237415625 0.5785099109375 0.0176812890625 0.583653315625 0.0209557265625 0.6118138125 0.029021681249999997 0.615165575 0.06539120468750001 0.61262236875 0.067852784375 0.6104923453125 0.192548290625 0.6017727859375 0.1950098703125 0.5996427609375 0.2911293234375 0.592921434375 0.293590903125 0.590791409375 0.3663299484375 0.585705
0 0.2343767421875 0.6399636359375 0.25775715 0.63832871875 0.260218728125 0.63619869375 0.4601148609375 0.6202627 0.4625764390625 0.6181326765625 0.5820763 0.60977643125 0.58453788125 0.60764640625 0.6884508015625 0.6003801078125 0.6909123828125 0.5982500828124999 0.8052165953125 0.5902571531249999 0.8076781765625001 0.588127128125 0.8193002578125 0.5863354859375 0.817801584375 0.564903446875 0.8150675171874999 0.5631367359375 0.813977571875 0.5475497984375 0.8098764734375001 0.5448997328125 0.7605178359375 0.548351225 0.75805625625 0.55048125 0.6489476875 0.5581108640625 0.6464861078124999 0.5602408890625 0.56595359375 0.565872271875 0.5634920140624999 0.568002296875 0.49075296718750006 0.57308870625 0.48829138906249997 0.5752187296875 0.40516104999999997 0.5810317703125001 0.402699471875 0.5831617953125 0.32216695624999997 0.5887931765625 0.31970537656250003 0.5909232015625 0.2651510921875 0.594738009375 0.2626895125 0.5968680328125 0.2573576234375 0.59528298125 0.25489604374999997 0.5974130062499999 0.176961353125 0.6028627296875 0.17449977187500001 0.6049927546875 0.042147040625 0.6162056546875 0.039685459374999996 0.6183356796874999 0.031891990625 0.6188806515625 0.025874284375 0.6261540812499999 0.0265555 0.6358959171875 0.0240939203125 0.6380259421875001 0.0264146546875 0.6525478671875 0.029284964062500002 0.6562629453125 0.143589178125 0.648270015625 0.14605075781250001 0.6461399906249999 0.151382646875 0.6477250437500001 0.15384422656250002 0.64559501875 0.22918109531250003 0.6403269515625001 0.23164267500000002 0.6381969265625 0.2343767421875 0.6399636359375
0 0.39721293125 0.654029646875 0.3996745109375 0.651899621875 0.4905983171875 0.6455416109375001 0.4930598984375 0.6434115859375 0.6073641109375 0.6354186562499999 0.6098256921874999 0.63328863125 0.6955538531250001 0.627293934375 0.69801543125 0.625163909375 0.812319646875 0.6171709796875 0.8147812249999999 0.61504095625 0.8238054859374999 0.6134309703125 0.8261308218750001 0.609352578125 0.8255858484375 0.601559109375 0.822851784375 0.5997924 0.822579296875 0.595895665625 0.8131463078125 0.5916605484375 0.7404072640625 0.5967469578125 0.7379456828125 0.5988769828125 0.6807935765625001 0.602873446875 0.678331996875 0.605003471875 0.5926038359375 0.61099816875 0.5901422562499999 0.6131281937499999 0.5848103671875 0.611543140625 0.5614299593750001 0.613178059375 0.5589683796875 0.6153080828124999 0.553636490625 0.6137230312499999 0.5485770859375 0.6160347140625 0.535587971875 0.6169430015625 0.5328539046875 0.615176290625 0.5303923265625 0.6173063156249999 0.5148053874999999 0.6183962609375 0.5120713218749999 0.6166295515625 0.509609740625 0.618759575 0.41349028906249996 0.6254809031249999 0.411028709375 0.627610928125 0.286333203125 0.6363304859375 0.28387162187500004 0.6384605109375 0.1981434609375 0.6444552078125 0.1956818828125 0.6465852328125 0.0631929078125 0.6558497640625001 0.0607313265625 0.6579797890625 0.0425465640625 0.6592513921875 0.0400849859375 0.6613814171875 0.034889339062500004 0.66174473125 0.024770534375 0.666368096875 0.02121440625 0.6715115 0.0233988984375 0.684085059375 0.026132965624999997 0.68585176875 0.1014698328125 0.6805837015625 0.1039314125 0.6784536765625 0.22083345 0.670279090625 0.22329502968749998 0.668149065625 0.3142188375 0.661791053125 0.316680415625 0.6596610296875001 0.39721293125 0.654029646875
0 0.55976743125 0.701399559375 0.562229009375 0.6992695343750001 0.642761525 0.6936381515625001 0.6452231046875 0.691508128125 0.7439403796875 0.68460514375 0.7464019609375 0.68247511875 0.8269344734375 0.6768437359374999 0.8293960546875001 0.6747137109375 0.8358224906249999 0.673285384375 0.8328251421875 0.6304213046875 0.8300910765625 0.62865459375 0.829818590625 0.6247578593750001 0.825717490625 0.6221077953124999 0.817787778125 0.6207043999999999 0.8153261984375 0.622834425 0.791945790625 0.6244693421874999 0.7894842109375 0.6265993671875 0.7193429890624999 0.63150411875 0.716881409375 0.6336341437499999 0.62076195625 0.6403554703125 0.6183003765625 0.6424854953125 0.5481591546875 0.647390246875 0.5456975734375 0.6495202718749999 0.5377678609375 0.648116878125 0.53530628125 0.6502469015625 0.43658900625 0.6571498859375 0.43412742499999996 0.6592799109375 0.3509970890625 0.6650929515625 0.3485355078125 0.6672229749999999 0.2835899328125 0.6717644125 0.281128353125 0.6738944375 0.2005958375 0.67952581875 0.1981342578125 0.68165584375 0.18774296562499998 0.6823824734375 0.18500889843749999 0.6806157640625 0.179949496875 0.6829274468750001 0.15397126562500002 0.684744021875 0.15123720000000002 0.6829773109375 0.12785679375 0.6846122296875 0.1251227265625 0.68284551875 0.09394885 0.685025409375 0.09148726874999999 0.6871554343749999 0.0887532046875 0.6853887234375 0.065372796875 0.687023640625 0.060040906250000005 0.6854385890625 0.057579328124999996 0.6875686140624999 0.0445902109375 0.6884769015625001 0.0421286328125 0.6906069265625 0.0369329859375 0.690970240625 0.025719632812499997 0.698606984375 0.030084015625 0.7423544203125 0.035552146875 0.745887840625 0.19401935312500002 0.7348067328125001 0.1964809328125 0.732676709375 0.40417053437500006 0.7161957421875 0.4066321125 0.7140657171875 0.46638204375000003 0.7098875953125 0.46884362343749997 0.7077575703125001 0.55976743125 0.701399559375
0 0.8192772484375 0.6793370765625 0.75173385 0.6840601703125 0.74927226875 0.6861901953125 0.7077071015625 0.6890967156250001 0.7052455203125 0.691226740625 0.6973158078125 0.6898233453125 0.694854228125 0.6919533703125 0.611723890625 0.697766409375 0.6092623109375 0.699896434375 0.5157406812499999 0.7064361031249999 0.5132791015625 0.708566128125 0.47431175625 0.711290990625 0.47185017656249995 0.713421015625 0.4614588828125 0.7141476453125 0.45872481875000004 0.7123809359375 0.4562632375 0.7145109609375 0.412100246875 0.7175991374999999 0.409638665625 0.7197291625 0.39664955156250004 0.72063745 0.393915484375 0.718870740625 0.39145390468749997 0.7210007640625 0.37846478906250003 0.7219090515625 0.3731329 0.720324 0.3706713203125 0.722454025 0.2459758140625 0.731173584375 0.2435142328125 0.7333036078124999 0.0668622671875 0.7456563171874999 0.06440068593750001 0.7477863421875 0.059205040625000004 0.7481496578125 0.0564709734375 0.7463829468750001 0.0460796828125 0.7471095765625 0.034866329687499996 0.754746321875 0.03582003125 0.7683848921875 0.038554096875 0.7701516015625 0.03937155625 0.78184180625 0.0369099765625 0.7839718312499999 0.0386857390625 0.7907002875 0.0421010203125 0.8022088343749999 0.69155678125 0.7567944625 0.6940183625 0.7546644375 0.8343008062499999 0.7448549343749999 0.831989275 0.693132371875 0.8292552093750001 0.6913656625 0.8261124140625 0.68375385 0.8192772484375 0.6793370765625
0 0.3618965375 0.820962334375 0.366955940625 0.8186506515625 0.3721515875 0.8182873359375 0.3748856515625 0.820054046875 0.406059528125 0.81787415625 0.40852110937499997 0.81574413125 0.4215102234375 0.8148358437500001 0.424244290625 0.8166025546875 0.42930369375 0.814290871875 0.4396949859375 0.8135642421875 0.44242905312499997 0.8153309515625 0.44762469843749997 0.8149676359375 0.450086278125 0.8128376125000001 0.45528192343749996 0.8124742968750001 0.458015990625 0.81424100625 0.48139639843750004 0.8126060890625 0.4838579765625 0.8104760640625001 0.48659204375 0.812242775 0.48905362500000005 0.81011275 0.5020427390625 0.8092044625 0.50477680625 0.8109711718750001 0.533352859375 0.8089729390624999 0.5358144390625 0.806842915625 0.7254555203125 0.79358191875 0.7281895875 0.795348628125 0.8321025093750001 0.7880823296874999 0.8357948796875 0.7848872921875001 0.8338874765625001 0.75761015 0.8311534093749999 0.755843440625 0.8307446796875 0.7499983390625 0.8266435812499999 0.7473482734375 0.387611484375 0.7780483890625 0.38514990625 0.7801784125 0.3824158390625 0.778411703125 0.379954259375 0.780541728125 0.044835085937500005 0.80397554375 0.038681137500000004 0.8093006046875001 0.042091817187500005 0.8394094703125001 0.044962126562499996 0.8431245468749999 0.20862497812499997 0.8316801249999999 0.2110865578125 0.8295501 0.27603213437499996 0.8250086640625 0.2787662 0.8267753734375001 0.283825603125 0.8244636906249999 0.3591624703125 0.8191956234375001 0.3618965375 0.820962334375
0 0.12534919375 0.8727454328125 0.128083259375 0.87451214375 0.23199618125 0.8672458437499999 0.2347302484375 0.869012553125 0.24252371718750002 0.86846758125 0.24498529531250002 0.8663375562500001 0.2503171859375 0.867922609375 0.2633063015625 0.867014321875 0.268365703125 0.8647026390624999 0.2710997703125 0.8664693484375 0.5334798968750001 0.84812194375 0.5362139640625 0.849888653125 0.5412733671875001 0.8475769703125 0.551664659375 0.8468503406250001 0.5543987265625 0.84861705 0.7414419859375 0.8355377109375001 0.7451343546875 0.8323426749999999 0.7426819796874999 0.7972720625 0.7385808796875 0.7946219984375 0.065744709375 0.8416712875 0.062052340625 0.8448663234374999 0.063278528125 0.8624016296875 0.0608169484375 0.8645316546874999 0.06232022499999999 0.8673633765625001 0.06409598749999999 0.8740918328125 0.0681970859375 0.8767418984375001 0.09157749375 0.8751069812500001 0.09431156093750001 0.876873690625 0.0967731390625 0.874743665625 0.1045666078125 0.87419869375 0.107300675 0.8759654031249999 0.12534919375 0.8727454328125
0 0.2556398703125 0.906708296875 0.4011179625 0.8965354781249999 0.4038520265625 0.8983021875 0.5571235875 0.8875843953125001 0.559857653125 0.88935110625 0.5702489453124999 0.8886244765625 0.5727105265625 0.8864944515625 0.5805039953125 0.8859494781249999 0.5832380609375 0.8877161890625 0.585699640625 0.8855861640624999 0.5884337078125 0.8873528734375 0.60661846875 0.886081271875 0.6090800484375001 0.8839512468749999 0.6144119375 0.8855362984375 0.6168735171875 0.8834062734374999 0.619607584375 0.885172984375 0.7417052671875 0.8766350812500001 0.740892409375 0.8463445609375 0.7381583453125 0.84457785 0.7378858578124999 0.840681115625 0.733784759375 0.8380310515625 0.6844261203124999 0.84148254375 0.681964540625 0.84361256875 0.679230475 0.8418458578125 0.6767688953125 0.8439758828124999 0.6714370062499999 0.84239083125 0.5233610921875 0.8527453078124999 0.5208995125 0.8548753328125 0.515703865625 0.8552386468750001 0.5129698 0.8534719374999999 0.5079103968750001 0.8557836203125 0.49492128125 0.8566919078125 0.492187215625 0.8549251968749999 0.4454264015625 0.85819503125 0.44296482031249995 0.86032505625 0.432573528125 0.8610516859375 0.42983946250000005 0.8592849765624999 0.42204599375 0.85982995 0.4195844125 0.8619599734375001 0.41438876718750006 0.8623232890624999 0.41165470156249995 0.8605565796875 0.3311221859375 0.8661879609375 0.3283881203125 0.8644212515625 0.1699209140625 0.8755023578125 0.16718684687500002 0.8737356484375001 0.060676103125000005 0.8811836046874999 0.0521968171875 0.890587059375 0.052878032812499996 0.9003288953125 0.0504164515625 0.9024589203125 0.05260094375 0.9150324781249999 0.055335009375 0.9167991890625 0.1046936484375 0.913347696875 0.1074277140625 0.9151144062500001 0.1204168296875 0.9142061187499999 0.1254762328125 0.9118944359375 0.1282102984375 0.9136611468750001 0.2529058046875 0.9049415875 0.2556398703125 0.906708296875
0 0.11562991250000001 0.9204145359375 0.1178144046875 0.93298809375 0.12191550468750001 0.935638159375 0.1243770828125 0.933508134375 0.1284781828125 0.9361581984375 0.12601660312500002 0.9382882234375 0.1273836359375 0.939171578125 0.132715525 0.94075663125 0.1351771046875 0.93862660625 0.14050899375 0.9402116578124999 0.153498109375 0.9393033703125001 0.156232175 0.94107008125 0.16129157968750002 0.9387583984375001 0.1690850484375 0.9382134265625 0.1718191140625 0.9399801359375 0.2497538046875 0.9345304109375 0.252487871875 0.9362971218749999 0.3641942625 0.9284858500000001 0.366928328125 0.930252559375 0.43433548593750004 0.923581096875 0.43706955000000003 0.9253478078124999 0.499417303125 0.9209880281249999 0.5021513703125 0.9227547375 0.5072107734375 0.9204430546875001 0.5253955343750001 0.9191714531249999 0.5281296015625 0.9209381625 0.624249053125 0.9142168359375 0.6269831203125 0.9159835453125 0.715309103125 0.909807190625 0.71804316875 0.9115738999999999 0.7284344625 0.9108472703125001 0.7308960421874999 0.9087172453125 0.73622793125 0.9103022984375 0.8309803499999999 0.9026976171875001 0.82839173125 0.8656786375 0.8256576656249999 0.8639119281250001 0.8251126937500001 0.856118459375 0.8223786265624999 0.85435175 0.822106140625 0.8504550140625 0.8165017656250001 0.844973228125 0.8162292796875 0.8410764937499999 0.804884284375 0.8281645515625 0.8046117984375 0.8242678171875 0.7931305609375 0.809407509375 0.7808272625 0.801457315625 0.7536182421875 0.8043389031249999 0.754026971875 0.8101840046875 0.7491038125 0.814444053125 0.7493762984375001 0.8183407890625001 0.74691471875 0.8204708125 0.749785028125 0.824185890625 0.7473234484375 0.826315915625 0.7477321765625 0.8321610171874999 0.7403474375 0.838551090625 0.7413011390625 0.8521896625000001 0.74403520625 0.853956371875 0.7449889078124999 0.86759494375 0.7425273265625 0.8697249671874999 0.74526139375 0.8714916781250001 0.7417052671875 0.8766350812500001 0.5468685390625 0.8902593937500001 0.544134471875 0.8884926828124999 0.5389388265624999 0.8888559984375 0.5364772453125 0.8909860234375 0.5260859546875001 0.891712653125 0.5233518875 0.8899459437499999 0.5182924859375 0.892257625 0.5129605953125 0.8906725734375 0.510499015625 0.8928025984374999 0.50776495 0.8910358875 0.35189556718750004 0.9019353375 0.3491615 0.9001686281250001 0.20628123281250002 0.9101597890625 0.2035471671875 0.9083930796875 0.1984877640625 0.9107047609375 0.19315587343750001 0.9091197093750001 0.188096471875 0.9114313921875 0.1647160640625 0.913066309375 0.162254484375 0.9151963343749999 0.154324771875 0.9137929390625 0.1518631921875 0.9159229640625 0.1388740765625 0.9168312515625001 0.136412496875 0.918961275 0.1309443640625 0.91542785625 0.08418355 0.9186976906250001 0.08431979218749999 0.9206460578125 0.0871901015625 0.9243611359375 0.0897879265625 0.924179478125 0.094711084375 0.9199194281249999 0.1052386203125 0.921141165625 0.1087901453125 0.9345980796875001 0.1126187578125 0.933351409375 0.1118012984375 0.9216612062499999 0.11562991250000001 0.9204145359375
0 0.51746038125 1 0.8842854375 0.9743490937500001 0.8878415640625 0.9692056890625 0.8837450656250001 0.9479553062500001 0.881011 0.946188596875 0.8777319625000001 0.9366284171875 0.8721275859375 0.9311466312500001 0.8658419953125 0.9159230078125 0.85149045 0.897347621875 0.8393233953125 0.8913457953125 0.835631025 0.8945408328125 0.8360397546874999 0.9003859343749999 0.829885803125 0.905710996875 0.780527165625 0.9091624890625001 0.7777931 0.9073957781249999 0.6660867078125 0.91520705 0.6633526421875 0.913440340625 0.6582932390625 0.9157520234375 0.6504997703125001 0.9162969953125 0.6477657031249999 0.9145302859375001 0.639972234375 0.9150752578124999 0.63751065625 0.9172052828125 0.632178765625 0.9156202296875 0.5282658437500001 0.9228865296875 0.525531778125 0.9211198203125001 0.4398036171875 0.9271145171875 0.43706955000000003 0.9253478078124999 0.301982753125 0.934793996875 0.2992486859375 0.9330272859375001 0.2083248796875 0.9393852984375 0.20559081406250002 0.9376185890625001 0.1926016984375 0.9385268765625 0.19014011875 0.9406568999999999 0.1874060515625 0.938890190625 0.08609095312500001 0.9459748328125 0.08103155 0.948286515625 0.045474884375 0.9811202421875 0.0384988734375 0.9933554171875001 0.03977976875 1 0.51746038125 1