0 0.0932391984375 0.11099116093750001 0.09167883906249999 0.1109093859375 0.09003670625 0.1123879703125 0.08995493125000001 0.113948328125 0.088312796875 0.11542691249999999 0.08823102187500001 0.11698727187499999 0.0865888890625 0.1184658546875 0.083644990625 0.174638765625 0.08512357499999999 0.17628090000000002 0.0850418 0.1778412578125 0.08652038437500001 0.1794833921875 0.086356834375 0.182604109375 0.0878354171875 0.18424624218750002 0.0876718671875 0.1873669609375 0.0891504515625 0.18900909375 0.0890686765625 0.190569453125 0.366812515625 0.205125390625 0.36845465 0.20364680625 0.8209586578125 0.2273615359375 0.822600790625 0.225882953125 0.8241611499999999 0.225964728125 0.8274454171875 0.22300756093750002 0.8314523890625001 0.14654998749999998 0.177662115625 0.112286290625 0.17601998125 0.1137648734375 0.147933525 0.11229292500000002 0.1464549421875 0.1106507921875 0.10432525781249999 0.10844286875 0.10268312500000001 0.1099214515625 0.09488133125 0.109512578125 0.0932391984375 0.11099116093750001
0 0.8098019359374999 0.649230796875 0.808323353125 0.6475886625 0.646046053125 0.6390840703125 0.6445674703125001 0.6374419359375 0.6242828078125 0.6363788625 0.6228042234375 0.634736728125 0.5681916703125001 0.63187460625 0.5667130874999999 0.6302324718750001 0.5370662734375 0.6286787484375 0.5354241390625 0.6301573328125001 0.5088980421875 0.6287671578125 0.5074194578125 0.627125025 0.46372941562500003 0.6248353265625 0.4620872828125 0.6263139109375 0.45896656562500004 0.6261503609375 0.45748798125 0.6245082265625 0.29677104062500004 0.616085409375 0.2952924578125 0.614443275 0.09556655 0.6039760843749999 0.092949753125 0.6539075609375 0.0945101109375 0.6539893359375 0.097467278125 0.6572736031249999 0.10526907187500001 0.657682478125 0.1069112046875 0.65620389375 0.12251479218750001 0.65702164375 0.123993375 0.6586637765625001 0.251942784375 0.665369321875 0.25342136875 0.6670114546875 0.4437851234375 0.676987996875 0.4452637078125 0.6786301296875 0.493634825 0.681165153125 0.49511340937500004 0.6828072859375001 0.5091566375000001 0.6835432609375001 0.5106352203125 0.6851853953125 0.5527649046875001 0.6873933171875 0.5542434875 0.6890354515625 0.7134000703125001 0.69737649375 0.714878653125 0.6990186281249999 0.7975776625 0.7033527 0.7990562453125001 0.7049948328125 0.8162201906250001 0.7058943578125 0.817698775 0.707536490625 0.8582680999999999 0.7096626390624999 0.861293771875 0.6519293687500001 0.8598151875 0.6502872359375 0.8551341125 0.6500419109375 0.8536555281249999 0.6483997765625 0.8458537343750001 0.6479909015625 0.8442116015625001 0.6494694859375 0.833289090625 0.6488970609375 0.8316469578125 0.6503756453125 0.8098019359374999 0.649230796875
0 0.780924271875 0.782276790625 0.7792821375 0.7837553749999999 0.7371524546875 0.7815474515624999 0.7356738703125 0.7799053171875 0.6982252625 0.77794271875 0.6967466796874999 0.7763005859375001 0.6873845265625 0.7758099359374999 0.68590594375 0.774167803125 0.66562128125 0.7731047281250001 0.664142696875 0.7714625953125 0.5283914953125 0.7643481765625 0.5269129109375 0.7627060421875 0.525270778125 0.7641846265625001 0.5205897015625001 0.7639393015625 0.5191111187499999 0.7622971671875 0.505067890625 0.76156119375 0.50358930625 0.759919059375 0.497347871875 0.759591959375 0.4958692875 0.7579498265625 0.46466211562500004 0.756314328125 0.46318353125 0.75467219375 0.330553046875 0.747721325 0.3290744625 0.7460791921875 0.28070334531249996 0.74354416875 0.2792247609375 0.741902034375 0.2448968703125 0.7401029859375 0.2434182875 0.738460853125 0.21221111406249998 0.7368253546875 0.2107325296875 0.7351832203125 0.1233524453125 0.730603825 0.1217103125 0.7320824078125 0.1170292359375 0.7318370828125 0.115387103125 0.7333156671875 0.1122663859375 0.7331521171875 0.1106242515625 0.7346307015625 0.1059431765625 0.7343853765625 0.1044645921875 0.7327432421875 0.1043828171875 0.7343036015625 0.10274068437499999 0.735782184375 0.10249535937500001 0.7404632609374999 0.100853225 0.7419418453125 0.0999537015625 0.7591057906249999 0.0983115671875 0.7605843734375 0.09724849375 0.7808690359375 0.0987270765625 0.7825111703125 0.098481753125 0.7871922453125 0.10143892031249999 0.7904765125 0.1061199953125 0.7907218375 0.1075985796875 0.7923639703124999 0.110719296875 0.7925275203125 0.11219788125 0.7941696546875 0.155887921875 0.796459353125 0.15736650624999998 0.7981014859375 0.1901340375 0.799818759375 0.191612621875 0.8014608937500001 0.196293696875 0.80170621875 0.19793583125 0.8002276343749999 0.20105654843749998 0.800391184375 0.20253513281250002 0.8020333171875 0.325803465625 0.8084935375000001 0.3272820484375 0.8101356703124999 0.3491270703125 0.8112805203125 0.3506056546875 0.812922653125 0.353726371875 0.813086203125 0.3552049546875 0.8147283375000001 0.366127465625 0.8153007609375 0.3676060484375 0.8169428953125 0.41285645000000004 0.81931436875 0.41433503437499997 0.8209565015625 0.4221368265625 0.8213653765625001 0.4236154109375 0.8230075093749999 0.4376586390625 0.823743484375 0.439300771875 0.8222649000000001 0.48143045625 0.8244728234375 0.4829090390625 0.8261149578125 0.4907108328125 0.8265238328125 0.49218941562499996 0.828165965625 0.5187155125 0.8295561390625 0.520194096875 0.8311982734375001 0.6294192015625 0.83692251875 0.6308977859375 0.8385646515625 0.6449410140625 0.8393006265625 0.6464195968750001 0.840942759375 0.6807474874999999 0.8427418078125 0.682226071875 0.8443839421874999 0.694708940625 0.8450381406249999 0.696187525 0.846680275 0.8272576515625 0.8535493687500001 0.8305286484375 0.7911350234375 0.8290500640625 0.7894928890624999 0.825929346875 0.7893293406249999 0.8244507640625001 0.78768720625 0.801045384375 0.7864605828125 0.7995668 0.7848184484375 0.7886442890625001 0.7842460234375 0.7871657062499999 0.782603890625 0.780924271875 0.782276790625
0 0.10844386406249999 0 0.10407329843749999 0.0833953546875 0.10243116562500001 0.0848739390625 0.102104065625 0.09111537343750001 0.10046193125 0.0925939578125 0.10013483281249999 0.09883539218750001 0.101613415625 0.100477525 0.101449865625 0.1035982421875 0.10292844999999999 0.1052403765625 0.102846675 0.106800734375 0.48513454375 0.12683559375 0.4867766765625 0.125357009375 0.5273460015625 0.1274831578125 0.5288245859375 0.129125290625 0.53038494375 0.129207065625 0.5320270781249999 0.1277284828125 0.55075138125 0.12870978125000002 0.552229965625 0.13035191562499998 0.597480365625 0.1327233890625 0.5991225 0.1312448046875 0.613165728125 0.1319807796875 0.6146443109375 0.1336229125 0.63961005 0.1349313109375 0.6412521828125 0.133452728125 0.6568557703125 0.1342704765625 0.658497903125 0.13279189375 0.69282579375 0.1345909421875 0.6944679265625 0.1331123578125 0.7678047828125 0.1369557796875 0.7692833671875 0.1385979140625 0.792688746875 0.13982453749999998 0.7990671921875 0.0181165625 0.453382578125 0 0.10844386406249999 0
0 0.8194226828125 0.7044975484375 0.8178623249999999 0.7044157734375001 0.8162201906250001 0.7058943578125 0.8099787562499999 0.7055672578125 0.8083366218749999 0.707045840625 0.7740087328125 0.7052467921875001 0.7723665984375 0.7067253765625 0.7520819359375001 0.7056623015625 0.750603353125 0.70402016875 0.72875833125 0.7028753203125 0.7272797484375 0.7012331859375001 0.70075365 0.6998430124999999 0.6992750671875 0.698200878125 0.5635238640625 0.691086459375 0.56204528125 0.6894443265625 0.5105534453125 0.6867457531250001 0.5090748625 0.6851036203125 0.47162625468749997 0.683141021875 0.47014767031250004 0.6814988875 0.43425942187500005 0.6796180640625 0.4327808375 0.67797593125 0.287667484375 0.6703708625 0.2861889 0.668728728125 0.1036269375 0.6591610609375 0.1019848046875 0.6606396453125 0.10042444531250001 0.6605578703125 0.10034267031249999 0.6621182296875 0.09870053749999999 0.6635968125 0.0969014890625 0.697924703125 0.098380071875 0.6995668359375 0.0982982984375 0.7011271953125 0.101419015625 0.7012907453125 0.10289759843749999 0.702932878125 0.107578675 0.703178203125 0.10922080781250001 0.7016996203125 0.1638333609375 0.7045617421875 0.16531194531249999 0.7062038765625 0.321347809375 0.71438136875 0.32282639375 0.716023503125 0.3306281859375 0.7164323765625 0.3321067703125 0.7180745109375 0.3570725078125 0.7193829093749999 0.35855109218750003 0.72102504375 0.369473603125 0.7215974671875001 0.3709521859375 0.7232396015625 0.6549374609374999 0.7381226390625 0.65641604375 0.739764771875 0.6735799890624999 0.740664296875 0.6750585734375 0.7423064296875 0.6828603656250001 0.7427153046875 0.68433895 0.7443574390625 0.7093046875 0.7456658375 0.710783271875 0.7473079703125001 0.7124254062500001 0.7458293874999999 0.718666840625 0.7461564875 0.7201454234375 0.7477986203125 0.8309308874999999 0.753604640625 0.8325730218749999 0.7521260578125 0.83543514375 0.6975135046875 0.81046940625 0.69620510625 0.8119479890625 0.6978472390625 0.8181894234374999 0.6981743390624999 0.8196680078125 0.699816471875 0.8212283656249999 0.699898246875 0.82270695 0.70154038125 0.8194226828125 0.7044975484375
0 0.780449046875 0.4927926921875 0.7788069140625 0.494271275 0.7429186640625 0.4923904515625 0.74144008125 0.49074831874999997 0.633775334375 0.4851058484375 0.6321332 0.48658443125 0.6243314078125 0.4861755578125 0.6228528234375 0.48453342343749994 0.5573177609375 0.4810988765625 0.5556756265625 0.48257746093750004 0.5416323984375 0.48184148593750004 0.539990265625 0.48332006875 0.43856695312499994 0.4780046984375 0.43708837031250003 0.476362565625 0.43552801093750004 0.476280790625 0.4338858765625 0.4777593734375 0.32622113124999996 0.472116903125 0.324742546875 0.4704747703125 0.3216218296875 0.47031122031250006 0.3199796953125 0.4717898046875 0.316858978125 0.47162625468749997 0.3153803953125 0.4699841203125 0.27012999375 0.46761264843749994 0.2686514109375 0.4659705140625 0.18439204375 0.46155466718750005 0.182749909375 0.46303325156249997 0.16402560625 0.4620519515625 0.162547021875 0.46040981875 0.142262359375 0.4593467453125 0.1406202265625 0.460825328125 0.089128390625 0.45812675625 0.08602094375 0.517420384375 0.0874995265625 0.5190625171875001 0.0890598859375 0.5191442921875 0.0905384703125 0.5207864265625 0.104581696875 0.5215224 0.10622383124999998 0.5200438171874999 0.1280688515625 0.521188665625 0.1297109859375 0.5197100828125001 0.1593578 0.52126380625 0.160836384375 0.5229059390625 0.18424176406249998 0.5241325640625 0.185720346875 0.525774696875 0.19196178125000002 0.526101796875 0.19360391562499998 0.5246232125 0.19984535 0.5249503125 0.201323934375 0.526592446875 0.20288429218749998 0.526674221875 0.20452642656250003 0.5251956375 0.2497768265625 0.5275671109375 0.2512554109375 0.52920924375 0.28870401874999996 0.5311718421875 0.2903461515625 0.529693259375 0.335596553125 0.53206473125 0.3370751359375 0.5337068656249999 0.347997646875 0.534279290625 0.34963977968750004 0.53280070625 0.4307784296875 0.537053003125 0.4324205640625 0.53557441875 0.462067378125 0.5371281421874999 0.4637095109375 0.535649559375 0.46683022812499997 0.535813109375 0.4683088125 0.5374552421875001 0.48703311562499996 0.5384365421874999 0.48867525 0.5369579578125 0.493356325 0.5372032828125 0.494834909375 0.538845415625 0.5057574203125 0.539417840625 0.507236003125 0.541059975 0.5212792312500001 0.5417959484375 0.522921365625 0.540317365625 0.5291628 0.5406444640625 0.5306413828125 0.5422865984375 0.5524864046875 0.543431446875 0.5539649875 0.5450735812499999 0.8597952828125001 0.5611014671875 0.8614374171874999 0.559622884375 0.8642177640625001 0.506570690625 0.86273918125 0.50492855625 0.8629027312499999 0.5018078390625 0.861424146875 0.5001657046875 0.8583034296875001 0.50000215625 0.8568248453124999 0.49836002187500006 0.8552644875000001 0.498278246875 0.8537859031249999 0.49663611406249997 0.780449046875 0.4927926921875
0 0.08521198437500001 0.2044491296875 0.08504843437500001 0.2075698484375 0.08652701874999999 0.20921198125 0.08570926875 0.2248155671875 0.087187853125 0.2264577015625 0.087106078125 0.228018059375 0.0885846625 0.22966019375000002 0.0885028875 0.23122055156250002 0.0929386375 0.236146953125 0.0960593546875 0.236310503125 0.0975379390625 0.2379526359375 0.0990982984375 0.23803441093750002 0.10057688125 0.2396765453125 0.102137240625 0.2397583203125 0.10509440781249998 0.24304258750000002 0.106736540625 0.241564003125 0.1098572578125 0.241727553125 0.1128144265625 0.24501182031250002 0.11265087656249999 0.2481325375 0.114129459375 0.24977467187500002 0.1312934046875 0.2506741953125 0.1329355390625 0.24919561093749998 0.15009948281250002 0.2500951359375 0.1515780671875 0.25173726875 0.394994015625 0.264494159375 0.39663615 0.263015575 0.43408475781250005 0.26497817343749996 0.435726890625 0.2634995890625 0.4575719125 0.2646444390625 0.45905049531250003 0.266286571875 0.463731571875 0.266531896875 0.46537370468750006 0.2650533140625 0.47941693281250003 0.26578928749999997 0.48089551718749995 0.267431421875 0.5136630484375 0.2691486953125 0.5151416328125 0.270790828125 0.5416677296875 0.272181003125 0.5433098625 0.27070241875 0.6026034921875 0.273809865625 0.604245625 0.2723312828125 0.7415571859375001 0.2795274765625 0.7430357703125 0.281169609375 0.7680015078125 0.282478009375 0.7694800921875 0.28412014218750004 0.8396962312499999 0.2878000140625 0.8413383640625 0.28632143125 0.8631833859375 0.2874662796875 0.8646619687499999 0.2891084140625 0.866304103125 0.2876298296875 0.8663858781249999 0.2860694703125 0.8696701453125 0.283112303125 0.871230503125 0.283194078125 0.8745147703124999 0.2802369109375 0.8768862437499999 0.2349865109375 0.8754076609375 0.2333443765625 0.0905472609375 0.1922115859375 0.0904654859375 0.1937719453125 0.0888233515625 0.195250528125 0.08874157656250001 0.1968108875 0.08709944375 0.1982894703125 0.08685411875 0.202970546875 0.08521198437500001 0.2044491296875
0 0.200636559375 0.39043236875 0.1990762015625 0.39035059375 0.195791934375 0.3933077625 0.1895504984375 0.39298066249999997 0.187908365625 0.3944592453125 0.18634800625 0.3943774703125 0.1847058734375 0.39585605468749996 0.1831455140625 0.3957742796875 0.18150338125 0.39725286406250004 0.1768223046875 0.39700753906249997 0.175343721875 0.39536540468750003 0.175425496875 0.393805046875 0.1724683296875 0.3905207796875 0.17255010312500002 0.3889604203125 0.1709897453125 0.3888786453125 0.16951116093750002 0.3872365125 0.16483008593749998 0.3869911875 0.1633515015625 0.385349053125 0.0822128515625 0.3810967578125 0.0788600796875 0.44507146249999996 0.0804204390625 0.4451532375 0.082062571875 0.443674653125 0.0867436484375 0.443919978125 0.08838578124999999 0.44244139374999997 0.0915064984375 0.44260494375 0.09314863281249999 0.4411263609375 0.0978297078125 0.44137168437499996 0.0994718421875 0.4398931015625 0.1743690578125 0.4438182984375 0.175847640625 0.44546043125 0.1976926625 0.44660528125 0.1991712453125 0.4482474140625 0.203852321875 0.4484927390625 0.20533090468749998 0.4501348734375 0.203688771875 0.45161345624999993 0.2333355859375 0.4531671796875 0.2349777203125 0.45168859687499996 0.244339871875 0.45217924531250003 0.2459820046875 0.45070066249999996 0.25066308125000003 0.45094598750000003 0.2523052140625 0.449467403125 0.264788084375 0.45012160312500005 0.26643021718750004 0.44864301875 0.31636169375 0.4512598171875 0.317840278125 0.45290195000000005 0.35684924375 0.45494632343749997 0.358491378125 0.453467740625 0.40998321249999997 0.4561663125 0.411461796875 0.457808446875 0.45827255625 0.46026169375 0.4599146890625 0.4587831109375 0.5691397953124999 0.46450735625000006 0.570618378125 0.4661494890625 0.590903040625 0.46721256406249995 0.592381625 0.468854696875 0.5955023421875 0.469018246875 0.5969809265625 0.47066038125 0.5953387921875 0.47213896406250005 0.78726290625 0.48219728125000005 0.790452128125 0.42134329375 0.7889735453125 0.419701159375 0.7874131859375 0.41961938437499996 0.7859346031250001 0.41797725156250004 0.2054811859375 0.3875569765625 0.2038390515625 0.38903556093749997 0.20227869375 0.38895378593749996 0.200636559375 0.39043236875
0 0.6820028078125 0.57994735625 0.658597428125 0.5787207328124999 0.65711884375 0.5770785984375 0.27014989843750004 0.556798415625 0.268671315625 0.55515628125 0.1937741 0.551231084375 0.1921319671875 0.55270966875 0.174968021875 0.5518101453125 0.1734894375 0.5501680109375 0.10639401562499999 0.5466516890625 0.1049154328125 0.5450095546875 0.10335507343749999 0.5449277796875001 0.101876490625 0.543285646875 0.0925143375 0.542794996875 0.09218723749999999 0.54903643125 0.0905451046875 0.550515015625 0.09046332968750001 0.552075375 0.09194191406249999 0.5537175078125001 0.0916965890625 0.558398584375 0.0900544546875 0.5598771671875 0.08923670624999999 0.5754807546875 0.0907970640625 0.5755625281250001 0.0922756484375 0.5772046625 0.457399571875 0.5963399968750001 0.45887815625000006 0.5979821296875001 0.48384389375000003 0.5992905296875 0.48532247812499996 0.6009326625 0.5009260640625001 0.6017504125 0.5024046484375 0.6033925453125 0.5398532546875 0.60535514375 0.5413318390625 0.6069972781249999 0.839360340625 0.6226162890625 0.8408389250000001 0.6242584234375 0.8439596421875001 0.6244219734375 0.8456769156249999 0.5916544406249999 0.83943548125 0.5913273421875 0.837793346875 0.592805925 0.7457321875 0.5879812046875 0.744253603125 0.5863390703125 0.6927617671874999 0.5836404984375 0.691283184375 0.5819983640624999 0.683481390625 0.5815894890625 0.6820028078125 0.57994735625
0 0.0807209984375 0.31999744531249996 0.18838574531250002 0.325639915625 0.1898643296875 0.3272820484375 0.2023471984375 0.3279362484375 0.20398933125 0.326457665625 0.3537837625 0.3343080578125 0.3552623453125 0.3359501921875 0.3568227046875 0.3360319671875 0.3584648375 0.3345533828125 0.4146377484375 0.33749728125 0.41611633281250004 0.33913941406250003 0.4379613546875 0.3402842625 0.4396034875 0.33880567968749997 0.633087959375 0.34894577031249996 0.63456654375 0.3505879046875 0.6392476203124999 0.35083322968749997 0.640889753125 0.3493546453125 0.6455708296875 0.3495999703125 0.6470494125 0.3512421046875 0.67513586875 0.35271405312500004 0.6766144515625 0.3543561859375 0.6922180390625 0.3551739359375 0.693696621875 0.35681606875 0.7014984156249999 0.35722494375 0.702977 0.35886707812499996 0.76071026875 0.36189275 0.7626728671875 0.3244441421875 0.761112509375 0.3243623671875 0.7581553421875 0.3210781 0.7316292453125001 0.3196879265625 0.7301506609375 0.31804579374999997 0.08416218125 0.28419097187500003 0.0808779140625 0.28714813906250003 0.0792424140625 0.3183553109375 0.0807209984375 0.31999744531249996
0 0.42038853437499996 0.3471865328125 0.3938624375 0.3457963578125 0.392220303125 0.3472749421875 0.38597886875 0.34694784218749997 0.3843367359375 0.3484264265625 0.334405259375 0.345809628125 0.332926675 0.3441674953125 0.3173230890625 0.3433497453125 0.31584450468749997 0.3417076125 0.292439125 0.3404809875 0.290960540625 0.33883885468749997 0.24727049843749999 0.33654915625 0.245791915625 0.334907021875 0.1350064515625 0.329101003125 0.1333643171875 0.3305795859375 0.1286832421875 0.3303342609375 0.1272046578125 0.32869212812500004 0.1225235828125 0.32844680312499996 0.1208814484375 0.3299253875 0.0865535578125 0.3281263375 0.084911425 0.329604921875 0.083351065625 0.329523146875 0.078424665625 0.33395889843750004 0.0766256171875 0.3682867890625 0.0781042 0.36992892187500004 0.0780224265625 0.37148928125 0.0827035015625 0.37173460468749997 0.0841820859375 0.3733767390625 0.08574244375 0.3734585140625 0.08869961093749999 0.37674278125 0.0886178359375 0.3783031390625 0.1572736171875 0.3819012375 0.15891575 0.380422653125 0.160476109375 0.38050442812499996 0.16211824218749998 0.37902584375 0.1636786015625 0.37910761875 0.165320734375 0.37762903593749997 0.168441453125 0.3777925859375 0.1700835859375 0.3763140015625 0.17944573749999998 0.3768046515625 0.181087871875 0.3753260671875 0.19201038125 0.37589849218750004 0.193488965625 0.377540625 0.1981700421875 0.37778595 0.199648625 0.37942808437500003 0.201208984375 0.37950985937500004 0.2026875671875 0.3811519921875 0.21829115468750002 0.3819697421875 0.2197697375 0.383611875 0.229131890625 0.384102525 0.2306104734375 0.3857446578125 0.24153298437499998 0.3863170828125 0.2385758171875 0.38303281562499997 0.24021794999999999 0.3815542328125 0.25426117812500004 0.38229020625 0.2559033109375 0.38081162343749997 0.28867084374999996 0.38252889687499997 0.2901494265625 0.3841710296875 0.29327014375 0.3843345796875 0.294912278125 0.382855996875 0.302714071875 0.3832648703125 0.3041926546875 0.3849070046875 0.315115165625 0.38547942968750004 0.3165937484375 0.3871215625 0.32283518437500003 0.3874486625 0.3243137671875 0.3890907953125 0.3258741265625 0.3891725703125 0.327352709375 0.3908147046875 0.6378640812499999 0.407087915625 0.6427904812499999 0.4026521640625 0.644350840625 0.40273393906250005 0.649277240625 0.39829818906250003 0.6508376 0.3983799625 0.6524797328124999 0.3969013796875 0.6539583171875 0.3985435125 0.6555186749999999 0.3986252875 0.6584758421875 0.40190955468749995 0.6600362015625 0.4019913296875 0.66299336875 0.405275596875 0.6723555203125 0.405766246875 0.6738341046875 0.40740838124999995 0.6894376906249999 0.4082261296875 0.691079825 0.40674754531249996 0.6926401828125 0.4068293203125 0.6959244499999999 0.403872153125 0.702165884375 0.404199253125 0.70380801875 0.4027206703125 0.7038897937499999 0.4011603109375 0.7055319265625 0.3996817265625 0.7056137015624999 0.39812136875 0.7072558359375 0.396642784375 0.709054884375 0.3623148953125 0.7059341671875 0.3621513453125 0.7044555828125 0.3605092109375 0.6857312796875 0.3595279125 0.6842526953125 0.357885778125 0.45956105 0.3461101875 0.4579189171875 0.34758877187500004 0.4220306671875 0.34570794843749997 0.42038853437499996 0.3471865328125
0 0.718748615625 0.744596128125 0.7202271984374999 0.7462382625 0.718585065625 0.7477168453124999 0.684257175 0.7459177968749999 0.682778590625 0.7442756640625 0.6749767984374999 0.7438667890625 0.6734982140625 0.7422246546875 0.657894628125 0.74140690625 0.65641604375 0.739764771875 0.45981085468750005 0.72946113125 0.4583322703125 0.727818996875 0.409961153125 0.725283975 0.40848256875000005 0.723641840625 0.369473603125 0.7215974671875001 0.36799501874999996 0.719955334375 0.1027340484375 0.7060535953125 0.1019163 0.7216571828125 0.10487346718749999 0.72494145 0.107994184375 0.725105 0.10947276875 0.7267471328124999 0.12975742968749998 0.7278102078125 0.13123601406250002 0.729452340625 0.2794700859375 0.737220959375 0.28094866875 0.7388630921875 0.29655225625 0.7396808421875 0.2980308390625 0.741322975 0.3058326328125 0.7417318500000001 0.3073112171875 0.743373984375 0.3291562375 0.7445188328125 0.33063482187500004 0.7461609671875 0.4991535546875 0.754992659375 0.5006321390624999 0.7566347921875 0.5068735734375001 0.7569618921875 0.5083521578125 0.7586040265625 0.511472875 0.7587675765624999 0.5129514578125 0.760409709375 0.5285550453125001 0.7612274593749999 0.530033628125 0.7628695921875 0.684509134375 0.7709653109375 0.6859877187500001 0.77260744375 0.6984705875 0.77326164375 0.6999491718749999 0.7749037765625 0.7873292562499999 0.7794831734375001 0.7882287796874999 0.762319228125 0.786750196875 0.7606770953125 0.7868319703125 0.7591167359375001 0.7852716125 0.7590349609375 0.7837930281250001 0.757392828125 0.7806723109375 0.757229278125 0.779193728125 0.7555871437499999 0.77763336875 0.75550536875 0.7761547859375 0.7538632359374999 0.76991335 0.7535361359375 0.7684347671875 0.7518940015625 0.7481501046875 0.750830928125 0.7466715203125001 0.7491887937499999 0.723266140625 0.7479621703125 0.7217875578124999 0.7463200375000001 0.725071825 0.74336286875 0.7406754109375 0.74418061875 0.7423175453125 0.7427020343749999 0.770404 0.7441739843749999 0.772046134375 0.7426954 0.7735247171874999 0.7443375343749999 0.776645434375 0.7445010843750001 0.7825597703125 0.7510696171875 0.8075255078125 0.7523780171875 0.8080161578125 0.743015865625 0.69723069375 0.7372098453125 0.69714891875 0.738770203125 0.698627503125 0.7404123375 0.7033085781249999 0.7406576625 0.7047871625 0.7422997953125 0.7110285968750001 0.7426268953124999 0.71250718125 0.744269028125 0.718748615625 0.744596128125
0 0.4682403078125 0.5984727796875 0.10935781874999999 0.5796645453125 0.10813119375 0.603069925 0.5091433671875001 0.6240860828125 0.51062195 0.6257282156249999 0.5355876890625 0.627036615625 0.537229821875 0.62555803125 0.6308513421875 0.6304645265625 0.632329925 0.6321066609375 0.6479335109375 0.6329244093749999 0.6494120953125 0.63456654375 0.658774246875 0.63505719375 0.66025283125 0.6366993265625001 0.8318922828125 0.64569456875 0.83303713125 0.6238495484375 0.5599743671875 0.6095389359375 0.558495784375 0.6078968015624999 0.5413318390625 0.6069972781249999 0.5398532546875 0.60535514375 0.5336118203125 0.60502804375 0.5321332375 0.6033859109375 0.469718890625 0.6001149125 0.4682403078125 0.5984727796875
0 0.5040335109375 0.5424567828125 0.43225701406250006 0.5386951359375 0.4306148796875 0.5401737203125 0.24805291875000002 0.530606053125 0.24657433437499998 0.5289639187499999 0.201323934375 0.526592446875 0.1996818 0.5280710296875 0.16691426874999998 0.52635375625 0.165435684375 0.5247116234375 0.112383490625 0.521931275 0.1110750921875 0.5468970140625 0.6556402593749999 0.575436465625 0.65711884375 0.5770785984375 0.6696017125 0.5777327984375 0.671080296875 0.5793749312500001 0.8474008234375001 0.5886154984374999 0.8487092234375 0.5636497609375 0.8471488640624999 0.5635679859375 0.8456702796875 0.5619258515625 0.535158909375 0.545652640625 0.533680325 0.54401050625 0.51651638125 0.5431109828125 0.514874246875 0.544589565625 0.5055120953125 0.5440989171874999 0.5040335109375 0.5424567828125
0 0.7903018484375 0.48392118906250003 0.7731379031250001 0.48302166562500004 0.7716593203125 0.48137953125 0.6546324203125 0.47524641093750003 0.6531538375 0.473604278125 0.646912403125 0.47327717812500003 0.64543381875 0.4716350453125 0.6282698734375 0.4707355203125 0.626791290625 0.46909338749999996 0.1196747296875 0.442516534375 0.1187752046875 0.45968047968750003 0.8349798249999999 0.4972151734375 0.8366219578124999 0.49573658906249995 0.8428633921875001 0.4960636890625 0.8443419765625 0.497705821875 0.8521437703125001 0.498114696875 0.8523073203125 0.49499397968750003 0.8367037328125001 0.49417623125 0.83522515 0.49253409687499994 0.7993369 0.49065327343750004 0.7978583171875 0.489011140625 0.7962979578125 0.48892936562499995 0.7933407906250001 0.4856450984375 0.7917804328125 0.4855633234375 0.7903018484375 0.48392118906250003
0 0.7606689921875 0.35817455625 0.7579691734375 0.3599888703125 0.7578669546875 0.36193931875 0.7551671328125 0.3637536328125 0.7550649140625 0.36570408125 0.736166171875 0.37840427656250003 0.7360639531250001 0.380354725 0.733364134375 0.3821690390625 0.733261915625 0.38411948749999997 0.7319120046875 0.3850266453125 0.729314403125 0.384890509375 0.7171652125 0.393054921875 0.71706299375 0.3950053703125 0.714363171875 0.396819684375 0.7139542984375 0.40462147656249997 0.7164496812500001 0.4067080609375 0.7163474625 0.4086585078125 0.7175951546875 0.4097018 0.7201927546875 0.40983793437499993 0.725183521875 0.4140111 0.753757140625 0.41550857968750005 0.756456959375 0.41369426562499995 0.7590545625 0.41383040156249995 0.8009017765625 0.3857085375 0.8010039953125 0.3837580890625 0.814503096875 0.3746865203125 0.8146053156249999 0.372736071875 0.8281044171874999 0.363664503125 0.8282066359375 0.3617140546875 0.836306096875 0.3562711125 0.8364083156250001 0.35432066562500003 0.8499074171875 0.3452490953125 0.8500096359375 0.3432986484375 0.8635087390624999 0.3342270796875 0.8636109578125 0.33227663125 0.8663107765625 0.33046231718749997 0.8668218703124999 0.320710075 0.869521690625 0.3188957609375 0.8708505343749999 0.2935399328125 0.8671074593749999 0.290410059375 0.10341256875 0.25038650625000003 0.102062659375 0.2512936625 0.10196044062500001 0.2532441109375 0.09926061875 0.255058425 0.09793177656249999 0.280414253125 0.09917946718750001 0.28145754375 0.1016748515625 0.2835441265625 0.1068700546875 0.283816396875 0.1093654390625 0.2859029796875 0.76136345625 0.320072746875 0.76510653125 0.32320262187500004 0.7634710328125001 0.3544097953125 0.7607712109375 0.3562241078125 0.7606689921875 0.35817455625
0 0.39789818593750004 0.8936333640624999 0.4003935703125 0.8957199484375 0.4081863765625 0.8961283515625 0.41088619531250004 0.8943140375 0.4212766015625 0.894858575 0.4237719859375 0.8969451578125 0.4575408078125 0.8987149078125001 0.46024062812500005 0.8969005937500001 0.46283822968750005 0.897036728125 0.4653336125 0.8991233109375001 0.6004088984375 0.90620230625 0.6029042812500001 0.9082888890625 0.6340755015624999 0.9099225046875 0.636775321875 0.908108190625 0.6575561359375001 0.9091972671875 0.6600515171875 0.91128385 0.6627513390625001 0.9094695359375 0.6679465421875 0.9097418046874999 0.670441925 0.9118283875 0.8159076187500001 0.9194519218749999 0.8199573484375 0.9167304515625 0.8222061593750001 0.8738205875 0.8197107765625 0.8717340046875 0.8200174312499999 0.8658826609375 0.81752205 0.8637960781249999 0.81762426875 0.8618456296874999 0.811385809375 0.856629171875 0.7672265828125 0.854314884375 0.7647312 0.8522283015625 0.7075839625 0.8492333421874999 0.7050885796874999 0.8471467593750001 0.6609293515625 0.844832471875 0.6584339671875 0.8427458890624999 0.614274740625 0.840431603125 0.6117793578125 0.8383450203124999 0.5416441125 0.8346693875 0.539148728125 0.8325828046874999 0.4664158828125 0.8287710374999999 0.46392049999999996 0.8266844546875 0.4015780578125 0.823417225 0.3990826765625 0.8213306421875 0.3497282453125 0.8187440859375 0.3472328609375 0.816657503125 0.295280828125 0.8139348125 0.2927854453125 0.8118482296874999 0.256419021875 0.809942346875 0.2539236375 0.8078557640625 0.207166809375 0.8054053421875 0.204671425 0.803318759375 0.19168341718749998 0.8026380874999999 0.188983596875 0.8044524 0.18378839375 0.8041801312500001 0.1812930109375 0.8020935484375 0.1527193921875 0.80059606875 0.150224009375 0.7985094859374999 0.1242479921875 0.797148140625 0.12154817343749999 0.7989624546874999 0.1189505703125 0.7988263203125 0.11490084062499999 0.801547790625 0.114798621875 0.8034982390625001 0.1134487109375 0.8044053953124999 0.1108511109375 0.8042692609375001 0.1095012 0.80517641875 0.10939898125 0.807126865625 0.0985997 0.814384121875 0.09849748124999999 0.8163345703125 0.097147571875 0.8172417265625 0.09454996875 0.8171055921875 0.0905002375 0.8198270624999999 0.09039801875 0.8217775109375 0.0876982 0.8235918249999999 0.08718710625000001 0.8333440671875 0.0844872859375 0.8351583796875 0.0835673171875 0.852712415625 0.0848150109375 0.85375570625 0.0860627015625 0.8547989984375001 0.0852449515625 0.870402584375 0.0889880265625 0.873532459375 0.1617208734375 0.8773442250000001 0.16421625625 0.8794308078125 0.265522721875 0.8847400546875 0.268018103125 0.8868266374999999 0.39789818593750004 0.8936333640624999