0 0.21443373281250003 0.08548449375 0.21710147656249998 0.0836233390625 0.2560952046875 0.0849850296875 0.2587629515625 0.0831238734375 0.30295584375 0.0846671234375 0.3056235890625 0.0828059671875 0.32642024375 0.08353220312500001 0.3290879890625 0.081671046875 0.4044758640625 0.08430365 0.407143609375 0.08244249375 0.5345231234375001 0.086890684375 0.5370545421874999 0.0889333984375 0.5838470171875 0.090567428125 0.5863784359374999 0.09261014375 0.6201730015625 0.093790275 0.6227044187499999 0.0958329890625 0.633102746875 0.0961961078125 0.635634165625 0.09823882187500001 0.64603249375 0.0986019390625 0.6485639125 0.10064465468749999 0.6537630765625 0.10082621249999998 0.6550969484375 0.0998956359375 0.655233275 0.0959917640625 0.6579010203125 0.094130609375 0.65919611875 0.057043840624999995 0.6618638625 0.055182684375 0.6623410046875 0.0415191375 0.6598095859375 0.039476423437500005 0.6599459125 0.035572553125 0.66261365625 0.033711396875 0.6626818203125 0.0317594609375 0.6601504015625 0.029716746875 0.6602185656249999 0.027764812500000003 0.6564214359375 0.024700740625000002 0.6434235265625 0.0242468421875 0.64075578125 0.026107998437500002 0.5939633078125001 0.02447396875 0.5912955625 0.026335124999999997 0.5549014140625 0.0250642140625 0.5522336703125 0.02692536875 0.510640359375 0.025472898437500002 0.507972615625 0.027334054687499998 0.46118014062499996 0.025700024999999998 0.45851239374999997 0.02756118125 0.4143195015625 0.026017931249999997 0.4116517578125 0.0278790875 0.372658028125 0.026517396874999998 0.369990284375 0.0283785515625 0.3413948828125 0.027379978125 0.3387271375 0.029241134375 0.28413591718750003 0.027334767187499998 0.281468171875 0.0291959234375 0.2216777890625 0.027107996875000002 0.21901004375 0.028969153125 0.1722175703125 0.027335123437499997 0.1695498234375 0.0291962796875 0.1643506609375 0.0290147203125 0.1630167890625 0.0299452984375 0.1616535265625 0.068984003125 0.1629192359375 0.07000535937499999 0.1641849453125 0.0710267171875 0.16398045625 0.0768825234375 0.166511875 0.0789252375 0.1663755484375 0.0828291078125 0.170172678125 0.0858931796875 0.18836975 0.0865286359375 0.1910374953125 0.0846674796875 0.21443373281250003 0.08548449375
0 0.5654348359375 0.2824245390625 0.56670054375 0.283445896875 0.569300125 0.2835366765625 0.5718315453125 0.28557939062500004 0.6004269453125 0.2865779640625 0.6042240750000001 0.2896420359375 0.6037469328125 0.30330558281250003 0.6062783515625 0.305348296875 0.6062101875 0.30730023281249996 0.60354244375 0.3091613875 0.60347428125 0.3111133234375 0.6123342468749999 0.318262825 0.6190036078125 0.313609934375 0.6190717718750001 0.311658 0.6244072609375 0.3079356875 0.6245435875 0.3040318171875 0.6272113328125 0.3021706625 0.6278929640625 0.282651309375 0.6305607078125 0.280790153125 0.63185580625 0.243703384375 0.6305900984374999 0.242682028125 0.578598459375 0.2408664390625 0.5759307140625001 0.24272759531250002 0.162597190625 0.22829367031249997 0.158595571875 0.2310854046875 0.15825475625000002 0.2408450796875 0.159520465625 0.2418664375 0.1607861765625 0.24288779531250002 0.1604453609375 0.2526474703125 0.1667739078125 0.2577542578125 0.5593107765625 0.271461946875 0.5631079046874999 0.27452601875 0.5630397421875 0.27647795468749997 0.5655711609375 0.27852066875000003 0.5654348359375 0.2824245390625
0 0.337801009375 0.2793611796875 0.3404005921875 0.279451959375 0.342932009375 0.2814946734375 0.3871249015625 0.2830379234375 0.3897926484375 0.2811767671875 0.392324065625 0.2832194828125 0.4677119421875 0.285852084375 0.47037968750000003 0.2839909296875 0.4755788515625 0.2841724875 0.47811026874999996 0.286215203125 0.5015065062499999 0.2870322171875 0.5041742515625 0.2851710609375 0.5067738328125 0.285261840625 0.509305253125 0.2873045546875 0.5223031625 0.2877584515625 0.52497090625 0.285897296875 0.5613650546875 0.2871682078125 0.565366671875 0.284376475 0.5654348359375 0.2824245390625 0.562903415625 0.280381825 0.5630397421875 0.27647795468749997 0.560508321875 0.2744352390625 0.5605764859375 0.27248330468750004 0.5593107765625 0.271461946875 0.49172164687500003 0.2691016828125 0.489053903125 0.27096283906249996 0.4838547375 0.2707812796875 0.48132331875 0.268738565625 0.273356765625 0.26147621249999997 0.270689021875 0.26333736874999997 0.2420936203125 0.2623387953125 0.2395622 0.26029608125000003 0.23689445625 0.2621572359375 0.1797036546875 0.2601600890625 0.1783697828125 0.2610906671875 0.177960803125 0.2728022796875 0.1792265125 0.27382363593750003 0.23121815156249997 0.27563922500000004 0.23374956875000003 0.2776819390625 0.319535771875 0.280677659375 0.32220351875 0.278816503125 0.3300022625 0.2790888421875 0.3325336828125 0.28113155624999997 0.3351332640625 0.2812223359375 0.337801009375 0.2793611796875
0 0.312973346875 0.3195348046875 0.3155047671875 0.32157751874999996 0.3181725109375 0.3197163625 0.323371675 0.319897921875 0.32590309375 0.3219406359375 0.3337018390625 0.322212975 0.336369584375 0.32035181874999996 0.3467679125 0.3207149359375 0.34929933125 0.3227576515625 0.3570980765625 0.3230299890625 0.359765821875 0.321168834375 0.362297240625 0.3232115484375 0.36496498593750004 0.3213503921875 0.38056247656250003 0.32189506875 0.383093896875 0.32393778281249996 0.406490134375 0.3247547984375 0.409157878125 0.3228936421875 0.411689296875 0.32493635625 0.47147968125000006 0.32702428281249996 0.47414742656250003 0.3251631265625 0.47667884374999997 0.32720584218750004 0.47934659062499996 0.3253446859375 0.48454575312500003 0.32552624531249996 0.4870771734375 0.327568959375 0.4896767546875 0.3276597390625 0.4923445 0.32579858281249996 0.49754366406250006 0.32598014218750004 0.50007508125 0.32802285625 0.531270065625 0.32911220937499996 0.533937809375 0.327251053125 0.5989273578125001 0.3295205390625 0.6002612296875001 0.3285899609375 0.600670209375 0.31687835 0.6033379546875001 0.31501719375000004 0.6041559109375 0.2915939703125 0.6003587828125 0.2885298984375 0.556165890625 0.28698665 0.5534981453125 0.2888478046875 0.18175793125 0.2758663515625 0.1792265125 0.27382363593750003 0.1766269296875 0.27373285625 0.17395918593749998 0.2755940125 0.163560859375 0.2752308953125 0.162226984375 0.2761614734375 0.162158821875 0.2781134078125 0.15949107812500002 0.2799745640625 0.1586731203125 0.3033977859375 0.1599388296875 0.30441914375 0.1612045390625 0.3054405015625 0.16100005 0.31129630625 0.164797178125 0.314360378125 0.3025750203125 0.3191716875 0.3051064375 0.3212144015625 0.3077060203125 0.32130518124999996 0.31037376562499996 0.319444025 0.312973346875 0.3195348046875
0 0.5639740203125 0.3615233046875 0.5665054390625001 0.36356601875 0.5743041859375 0.3638383578125 0.5768356046875 0.36588107187499996 0.58463435 0.3661534109375 0.59222860625 0.3722815546875 0.5974277703124999 0.3724631125 0.6014293875 0.3696713796875 0.601702040625 0.36186363906249996 0.5991706203125 0.3598209234375 0.6001249046875 0.33249383125 0.5988591953125 0.33147247343749997 0.1725277609375 0.31658465156250004 0.16999634218749998 0.3145419375 0.164797178125 0.314360378125 0.1607955609375 0.31715211249999997 0.16004576718750002 0.3386234 0.1613114765625 0.33964475625 0.16257718593749998 0.34066611406249997 0.1625090234375 0.34261805 0.16377473125 0.34363940625 0.1663743140625 0.34373018593750004 0.16890573281250001 0.3457729 0.540645946875 0.3587543546875 0.5431773640625 0.36079707031249997 0.5639740203125 0.3615233046875
0 0.45910462343749997 0.38326728593750004 0.479901278125 0.383993521875 0.48243269843750003 0.38603623593749997 0.5266255906249999 0.3875794859375 0.5292933359374999 0.38571832968750003 0.5318929171875 0.385809109375 0.535894534375 0.3830173765625 0.5360308609375 0.37911350625 0.53349944375 0.37707079062500004 0.533840259375 0.367311115625 0.536508003125 0.365449959375 0.536576165625 0.3634980234375 0.53024761875 0.3583912375 0.2832873375 0.34976719375 0.27928571875 0.352558928125 0.2790130671875 0.36036666875 0.2815444859375 0.3624093828125 0.2814081609375 0.3663132546875 0.2787404140625 0.368174409375 0.27867225156250003 0.3701263453125 0.2773383796875 0.37105692343749996 0.2710098328125 0.36595013593750003 0.2710779953125 0.36399820156249996 0.273745740625 0.3621370453125 0.273813903125 0.36018510937500003 0.2764816484375 0.3583239546875 0.2766861375 0.35246814843749996 0.275420428125 0.351446790625 0.2312275359375 0.34990354218749997 0.228559790625 0.351764696875 0.22602837187499997 0.3497219828125 0.1714371515625 0.34781561562499996 0.17010327812499998 0.34874619375 0.169353484375 0.37021748125 0.1706191953125 0.37123883750000003 0.27460247031249996 0.3748700140625 0.277270215625 0.37300885781250004 0.2798016359375 0.3750515734375 0.2824012171875 0.3751423515625 0.2849326359375 0.3771850671875 0.45390546093750006 0.383085728125 0.45643687968749996 0.3851284421875 0.45910462343749997 0.38326728593750004
0 0.41594356250000003 0.42670932656250005 0.41847498125 0.42875204062499994 0.4340724734375 0.42929671718750007 0.43674021874999996 0.4274355609375 0.43933980000000006 0.42752634062499995 0.44187121874999996 0.4295690546875 0.5796490609375 0.43438036406249997 0.5836506765625 0.4315886296875 0.583718840625 0.42963669375 0.5863865859375 0.4277755390625 0.587613521875 0.3926407046875 0.5838163921875 0.3895766328125 0.5110281 0.387034809375 0.5083603531249999 0.388895965625 0.5057607734375 0.3888051859375 0.503229353125 0.386762471875 0.1652837046875 0.37496114999999997 0.15861434218749998 0.3796140390625 0.1582735265625 0.389373715625 0.15953923750000001 0.390395071875 0.1608049453125 0.3914164296875 0.160259640625 0.4070319109375 0.162791059375 0.40907462656250004 0.1626547328125 0.412978496875 0.1664518625 0.41604256875 0.1976468453125 0.4171319203125 0.2001782640625 0.41917463593750004 0.41594356250000003 0.42670932656250005
0 0.33919242656250004 0.46311542812499995 0.3418601703125 0.461254271875 0.344459753125 0.4613450515625 0.34699117031250004 0.463387765625 0.42757821093750004 0.46620192656250004 0.43010962968750005 0.46824464218750006 0.43270921093750003 0.468335421875 0.43537695625 0.46647426562499994 0.4379765375 0.4665650453125 0.4405079578125 0.46860775937500004 0.56268830625 0.47287439062500003 0.5652197265625001 0.47491710625000005 0.5704188890624999 0.4750986640625 0.5730866359375 0.473237509375 0.5756862171875 0.47332828749999994 0.5770200890625 0.47239771093750005 0.5770882515625 0.47044577500000007 0.579755996875 0.46858461875 0.5798241609375 0.46663268437500005 0.5824919046875 0.464771528125 0.583378025 0.4393963703125 0.5795808984375 0.43633229843750004 0.4288051453125 0.43106709375 0.426273728125 0.429024378125 0.4210745625 0.4288428203125 0.41840681875 0.430703975 0.41580723593749996 0.430613196875 0.41327581718750006 0.42857048124999997 0.257300903125 0.42312371718749997 0.254769484375 0.421081003125 0.23397282812500003 0.4203547671875 0.23130508437500003 0.4222159234375 0.2287736640625 0.42017320937499997 0.16898328125 0.4180852828125 0.1623139171875 0.422738171875 0.16156412343749998 0.444209459375 0.162829834375 0.4452308171875 0.16409554375 0.446252175 0.1638910546875 0.4521079796875 0.1651567625 0.45312933749999995 0.1781546734375 0.45358323437500003 0.18068609062500002 0.45562594843750004 0.2924681140625 0.45952946250000004 0.2949995328125 0.46157217812500007 0.33919242656250004 0.46311542812499995
0 0.5003758890625 0.5430080671875 0.5070452515625 0.538355178125 0.5071134140625 0.5364032421875 0.509781159375 0.5345420875 0.5099174859375 0.5306382171874999 0.5125852296875 0.5287770609375 0.51272155625 0.5248731906249999 0.508924428125 0.52180911875 0.5037252640625 0.5216275593749999 0.501193846875 0.5195848453125 0.39201140625 0.5157721109375 0.3894799859375 0.5137293953125 0.2517021453125 0.5089180875 0.2491707265625 0.5068753734375 0.1867807609375 0.5046966671875001 0.1827791421875 0.5074884015625 0.182506490625 0.5152961421875 0.18377220156250001 0.5163174984375 0.185037909375 0.51733885625 0.1847652578125 0.525146596875 0.18856238593750002 0.52821066875 0.2379544421875 0.529935478125 0.24048585937500003 0.5319781921875 0.3912616125 0.537243396875 0.39379303125 0.5392861124999999 0.5003758890625 0.5430080671875
0 0.2101769984375 0.50551368125 0.27516654687500003 0.5077831671874999 0.2776979640625 0.5098258812500001 0.34528709375 0.5121861453125 0.3479548390625 0.510324990625 0.353154003125 0.5105065484375 0.35568542187499996 0.5125492640625 0.4128762234375 0.5145464109375 0.41540764374999994 0.516589125 0.428405553125 0.517043021875 0.431073296875 0.515181865625 0.43360471718750004 0.51722458125 0.5557850656250001 0.5214912125 0.5583164859374999 0.5235339265625 0.5687148125 0.5238970453125 0.575384175 0.5192441546875 0.5754523375 0.5172922203125 0.5781200828124999 0.5154310640624999 0.5783927359375001 0.5076233234374999 0.5810604796875001 0.5057621671875 0.5819466 0.48038700937499995 0.57941518125 0.4783442953125 0.5794833453125 0.476392359375 0.5782176359375 0.47537100312499997 0.49503101406249994 0.4724660625 0.49249959531250004 0.470423346875 0.3547217546875 0.46561203906250004 0.352190334375 0.46356932500000003 0.34699117031250004 0.463387765625 0.34432342656250003 0.46524892187500005 0.33652468125 0.4649765828125 0.3339932625 0.46293386875 0.326194515625 0.46266153125000004 0.3235267703125 0.46452268593749996 0.3209271890625 0.46443190625 0.3183957703125 0.46238919218749996 0.28980036875000004 0.46139061875 0.28713262500000003 0.463251775 0.2845330421875 0.46316099531250005 0.2820016234375 0.46111828125 0.1676200203125 0.4571239875 0.16095065625 0.4617768765625 0.1602008625 0.4832481640625 0.16146657343749998 0.48426952187500005 0.16273228125 0.485290878125 0.162255140625 0.498954425 0.16605226875 0.502018496875 0.16865185 0.5021092765625 0.17118326875 0.5041519906249999 0.1738510140625 0.502290834375 0.207645578125 0.5034709671875001 0.2101769984375 0.50551368125
0 0.356035621875 0.5770539046875001 0.4834151359375 0.5815020953125 0.4859465546875 0.583544809375 0.5405377765625 0.585451178125 0.54306919375 0.5874938921874999 0.556067103125 0.5879477890625 0.560068721875 0.5851560546875 0.5601368843750001 0.5832041203125 0.562804628125 0.5813429640625001 0.5629409546875 0.57743909375 0.5656087000000001 0.5755779375000001 0.565813190625 0.5697221328125 0.5684809343749999 0.5678609765625 0.5699123593750001 0.5268703375 0.56864665 0.5258489796875 0.5660470671875 0.5257582000000001 0.5635156484375 0.5237154859375 0.5531173218750001 0.52335236875 0.5504495765625 0.5252135234375 0.5270533390625001 0.524396509375 0.5203839765625 0.5290493984375 0.5203158140624999 0.531001334375 0.512312578125 0.5365848015625 0.512244415625 0.5385367375000001 0.5055750531250001 0.5431896265625 0.49777630625 0.5429172875 0.4951085625 0.5447784437500001 0.49250897968749996 0.5446876640625 0.4899775625 0.54264495 0.2586147703125 0.5345655828125 0.256083353125 0.53252286875 0.25341560625000004 0.534384025 0.24821644375 0.534202465625 0.245685025 0.5321597515625001 0.1806954765625 0.529890265625 0.17802773125 0.531751421875 0.1728285671875 0.5315698624999999 0.1688269515625 0.534361596875 0.1677363421875 0.5655925609375 0.1690020515625 0.5666139171875 0.1742012140625 0.5667954765625 0.1767326328125 0.568838190625 0.2937138203125 0.5729232640624999 0.2962452375 0.574965978125 0.3248406390625 0.5759645515625 0.327508384375 0.574103396875 0.353504203125 0.575011190625 0.356035621875 0.5770539046875001
0 0.3578172484375 0.60056790625 0.360348665625 0.602610621875 0.3630164125 0.600749465625 0.3656159921875 0.6008402453125 0.3681474125 0.602882959375 0.37074699375 0.6029737390625 0.3734147390625 0.6011125828125 0.37594615781249996 0.6031552984374999 0.534520653125 0.6086928406250001 0.538522271875 0.6059011078125 0.538590434375 0.603949171875 0.5412581796875 0.6020880171874999 0.54132634375 0.60013608125 0.5439940875 0.598274925 0.5441985765624999 0.5924191203125 0.546866321875 0.5905579640624999 0.5469344859375 0.588606028125 0.5456687765625 0.587584671875 0.51967295625 0.586676878125 0.5171415390625 0.5846341625 0.51454195625 0.5845433828125 0.5118742109375 0.5864045390625 0.4910775546875 0.5856783046875 0.48854613750000003 0.5836355890625 0.43395491562500005 0.581729221875 0.4314234984375 0.5796865078125 0.428755753125 0.5815476625 0.42622433437499996 0.5795049484375 0.21305861718750002 0.5720610374999999 0.21052719843749998 0.5700183234375 0.1689338875 0.568565853125 0.1649322703125 0.5713575859375 0.164318803125 0.588925003125 0.16558451093749998 0.5899463609375 0.16811593125 0.5919890750000001 0.21490840625000002 0.5936231046875 0.21743982343749998 0.59566581875 0.3344210109375 0.5997508921875 0.336952428125 0.60179360625 0.3395520109375 0.6018843859375 0.3422197546875 0.6000232296875 0.3578172484375 0.60056790625
0 0.50490280625 0.6369732953125 0.5074342265625 0.6390160109374999 0.5308304625 0.6398330249999999 0.5334982078125 0.63797186875 0.536097790625 0.6380626484375 0.5374316625 0.6371320703125 0.537499825 0.6351801359375 0.5401675703125 0.6333189796875 0.540372059375 0.6274631734375 0.5430398046875 0.62560201875 0.5431761296875 0.6216981484375 0.5458438765625 0.6198369921875 0.5459802015624999 0.615933121875 0.548647946875 0.614071965625 0.548784271875 0.6101680953125 0.5514520187499999 0.6083069390625 0.551929159375 0.59464339375 0.5506634515625 0.5936220359375 0.54806386875 0.59353125625 0.546729996875 0.594461834375 0.5465936703125001 0.5983657046874999 0.5412581796875 0.6020880171874999 0.5411218546875001 0.6059918875 0.534452490625 0.6106447765625 0.508456671875 0.6097369828125 0.505925253125 0.6076942671875 0.503325671875 0.6076034890625001 0.500657925 0.60946464375 0.4980583453125 0.6093738640625 0.49552692499999995 0.60733115 0.3421515921875 0.6019751656250001 0.33962017499999997 0.5999324515625 0.1654481859375 0.59385023125 0.1614465671875 0.5966419640625 0.1613784046875 0.5985939 0.1587106609375 0.6004550562500001 0.1583698453125 0.6102147312499999 0.159635553125 0.6112360890625 0.1609012625 0.6122574468749999 0.1606967734375 0.6181132515625001 0.1644939015625 0.6211773234375 0.22168470468749998 0.6231744703125 0.22421612343750003 0.6252171859375 0.34899605624999996 0.6295745968750001 0.3515274734375 0.6316173109375 0.50490280625 0.6369732953125
0 0.5572740359374999 0.6651853984375 0.557478525 0.65932959375 0.56014626875 0.6574684375000001 0.5603507578125 0.65161263125 0.563018503125 0.6497514765625 0.5634274828125 0.6380398656249999 0.5660952265625 0.636178709375 0.5668450203125001 0.614707421875 0.5643136015625 0.6126647078125 0.5646544171875 0.60290503125 0.56338870625 0.6018836734375 0.5555899625 0.6016113359374999 0.554256090625 0.6025419140625 0.5541879265625 0.6044938484375 0.55152018125 0.6063550046875 0.5513838546875001 0.610258875 0.548716109375 0.61212003125 0.5485797828125001 0.6160239015625 0.5459120390625001 0.61788505625 0.54570755 0.6237408624999999 0.5430398046875 0.62560201875 0.5429034781250001 0.6295058890624999 0.540235734375 0.6313670453125 0.5400994078125 0.635270915625 0.5334300437499999 0.6399238046875 0.491836734375 0.6384713343749999 0.48930531562499996 0.63642861875 0.322932071875 0.6306187375000001 0.3204006546875 0.6285760234375 0.1722244859375 0.623401596875 0.169693065625 0.6213588828125001 0.1644939015625 0.6211773234375 0.16049228437500002 0.6239690578125 0.1595380015625 0.6512961500000001 0.1608037125 0.6523175078125 0.25958782343750003 0.655767125 0.26211924375 0.6578098390625 0.44149039375 0.66407361875 0.4440218140625 0.6661163328125 0.5532042546875 0.6699290671875 0.5545381265625 0.668998490625 0.5546062890625 0.6670465546875 0.5572740359374999 0.6651853984375
0 0.3204782015625 0.7008884046875 0.323009621875 0.7029311203125 0.39839749687500003 0.705563721875 0.40092891562500005 0.7076064375 0.48411553749999997 0.710511378125 0.48664695468749997 0.7125540921875 0.48924653749999997 0.712644871875 0.49191428125 0.710783715625 0.49451386406250003 0.7108744953125 0.49584773593750003 0.7099439171874999 0.4959840625 0.706040046875 0.4986518078125 0.7041788921875 0.4988562984375 0.6983230859375 0.5015240421875 0.6964619296875 0.50166036875 0.692558059375 0.5043281140625 0.690696903125 0.504532603125 0.6848410984375 0.507200346875 0.6829799421875 0.5074048359375001 0.6771241375 0.5100725828125 0.6752629812500001 0.5102089078125001 0.6713591109375 0.5089432 0.670337753125 0.503744034375 0.67015619375 0.501212615625 0.6681134796875 0.17366529375 0.656675275 0.1711338765625 0.6546325609375 0.1633351296875 0.654360221875 0.1593335125 0.65715195625 0.15817473906249999 0.6903348546875 0.15944045 0.6913562125 0.16204003125 0.6914469921874999 0.16457145 0.6934897062500001 0.1672391953125 0.69162855 0.16983877812499998 0.6917193296875 0.1723701953125 0.69376204375 0.24255890781249997 0.6962130875 0.24509032656250002 0.698255803125 0.3204782015625 0.7008884046875
0 0.376101253125 0.7477800625000001 0.378632671875 0.7498227765625 0.45921971250000004 0.7526369374999999 0.4617511296875 0.754679653125 0.5475373328125 0.7576753734375 0.5515389515625 0.7548836390625 0.5518797671875 0.7451239625 0.5545475125 0.7432628078125 0.555024653125 0.7295992609375 0.5576923984375 0.7277381046875 0.5583058656250001 0.7101706875 0.5609736109375 0.7083095328125 0.5624731984375 0.6653669578125 0.5612074890625001 0.6643456 0.5586079078124999 0.6642548203125 0.5572740359374999 0.6651853984375 0.557205871875 0.667137334375 0.550536509375 0.6717902234375 0.51674194375 0.6706100921875 0.5100725828125 0.6752629812500001 0.5098680921875001 0.6811187859375 0.507200346875 0.6829799421875 0.5070640203125001 0.6868838125 0.5043962765625001 0.68874496875 0.50425995 0.6926488390625 0.5015922046875 0.6945099953125 0.5013877156250001 0.7003657999999999 0.49871997187500006 0.70222695625 0.4985154828125 0.7080827625 0.49184611875 0.7127356515625001 0.4476532265625 0.7111924015625 0.44512180937499995 0.7091496875 0.351536859375 0.705881628125 0.34900543906250003 0.7038389140625 0.25542049218749996 0.7005708562499999 0.252889071875 0.698528140625 0.16190370468749998 0.6953508625 0.15523434375 0.7000037515625 0.154620875 0.7175711687499999 0.15195312968750002 0.7194323234375 0.1518849671875 0.721384259375 0.1531506765625 0.7224056171875 0.1544163859375 0.7234269734375001 0.1540074078125 0.7351385859375 0.1552731171875 0.7361599421875 0.1838685171875 0.737158515625 0.1863999375 0.73920123125 0.2773853046875 0.742378509375 0.279916721875 0.7444212234375 0.376101253125 0.7477800625000001
0 0.147960896875 0.796488375 0.21555002656250002 0.7988486390625 0.218081446875 0.8008913546875001 0.23887810156249997 0.8016175890625 0.24154584687499997 0.799756434375 0.244145428125 0.7998472125 0.2466768484375 0.801889928125 0.30386765 0.8038870749999999 0.3063990671875 0.8059297890625 0.35839070624999997 0.8077453765625 0.3609221265625 0.8097880921874999 0.36352170625 0.8098788718750001 0.366189453125 0.808017715625 0.368789034375 0.8081084953125 0.371320453125 0.810151209375 0.373920034375 0.8102419890625001 0.3765877796875 0.8083808328125001 0.3791191984375 0.810423546875 0.4155133453125 0.8116944593750001 0.418181090625 0.809833303125 0.42078067187499996 0.8099240828125 0.4233120921875 0.8119667968750001 0.44930791093750005 0.812874590625 0.45064178281249995 0.8119440140625 0.44937607343749997 0.81092265625 0.42857941874999994 0.8101964203125 0.427313709375 0.8091750640625 0.431315325 0.8063833296875 0.4365144890625 0.8065648890625001 0.439045909375 0.808607603125 0.44164549218750004 0.8086983828125 0.44431323593750005 0.8068372265624999 0.45991072656250004 0.807381903125 0.46244214687499996 0.8094246171874999 0.46510989062499997 0.8075634624999999 0.47550821875000004 0.8079265796874999 0.47803963749999995 0.80996929375 0.4988362921875 0.8106955296875 0.5001020031250001 0.8117168875 0.49743425781250006 0.8135780421875 0.498699965625 0.8145994 0.5168970390625 0.81523485625 0.519428459375 0.8172775703124999 0.542824696875 0.8180945843749999 0.5453561140625001 0.8201373000000001 0.6025469171875 0.822134446875 0.6050783359375 0.8241771609375 0.6258749906250001 0.824903396875 0.629876609375 0.8221116625 0.6312398703125 0.7830729578125 0.6287084515625 0.78103024375 0.6294582453124999 0.75955895625 0.6269268265625 0.7575162421875 0.627744784375 0.73409301875 0.6252133640624999 0.7320503046875 0.627881109375 0.7301891484375 0.6279492734375001 0.7282372140625 0.625417853125 0.7261944984375 0.626167646875 0.7047232125 0.6236362296875 0.702680496875 0.6237043921875001 0.7007285624999999 0.6199072640625001 0.697664490625 0.5861126984375 0.6964843578125001 0.583444953125 0.6983455140625 0.5704470453125 0.6978916171875 0.5664454265625001 0.70068335 0.5663772640625 0.7026352859375 0.56370951875 0.704496440625 0.5636413546875 0.7064483765625 0.5609736109375 0.7083095328125 0.5601556546875 0.7317327546875 0.557487909375 0.7335939109375 0.5570789296875 0.745305521875 0.5544111859374999 0.7471666781249999 0.554206696875 0.7530224828125001 0.5515389515625 0.7548836390625 0.5514026249999999 0.7587875093750001 0.5500687531249999 0.7597180875 0.526672515625 0.7589010734375 0.5241410953125001 0.7568583578125 0.4201578203125 0.7532271828125 0.41762640156249997 0.7511844671875 0.32144187031250004 0.7478256296875 0.31891045 0.745782915625 0.2461221578125 0.7432410921875 0.2435907390625 0.741198378125 0.155204953125 0.738111878125 0.15253720937499998 0.7399730328125 0.1499376265625 0.7398822546875 0.1325972859375 0.7519797671874999 0.13252912187500002 0.7539317015625 0.12719363125 0.7576540140625 0.1270573046875 0.7615578843749999 0.1243895609375 0.763419040625 0.124253234375 0.7673229109374999 0.1215854890625 0.769184065625 0.12117650937499999 0.780895678125 0.1224422203125 0.7819170343749999 0.1237079296875 0.7829383921875 0.123571603125 0.7868422625 0.126103021875 0.7888849765625 0.12603485781249998 0.7908369125 0.1298319875 0.793900984375 0.1402303140625 0.7942641015625 0.145293153125 0.79834953125 0.147960896875 0.796488375
0 0.30811253125000004 0.8313957265624999 0.3106439484375 0.833438440625 0.3574364234375 0.8350724703125 0.3599678421875 0.8371151843750001 0.40935989843750004 0.83883999375 0.41189131874999996 0.8408827078125001 0.44828546406249997 0.8421536187499999 0.4508168828125 0.8441963343750001 0.4846114484375 0.845376465625 0.487142865625 0.84741918125 0.5235370140625 0.8486900921875 0.5260684312499999 0.8507328078124999 0.54946466875 0.8515498218750001 0.5534662875 0.8487580875 0.5537389390625 0.8409503468749999 0.556406684375 0.839089190625 0.5564748484375001 0.8371372562499999 0.5618103375 0.8334149453125 0.5618785015625 0.8314630093750001 0.55934708125 0.8294202953124999 0.55941524375 0.827468359375 0.562082990625 0.8256072031249999 0.5582858609375 0.82254313125 0.555618115625 0.8244042874999999 0.5530866984375 0.8223615734375 0.5452879515625 0.822089234375 0.542756534375 0.8200465203125 0.46736865781250003 0.8174139171875 0.4648372375 0.815371203125 0.3920489453125 0.8128293796875001 0.3895175265625 0.810786665625 0.3505237984375 0.8094249734375 0.3479923796875 0.807382259375 0.293401159375 0.8054758921875 0.290869740625 0.8034331781249999 0.1998843734375 0.8002558984375 0.197352953125 0.798213184375 0.194753371875 0.7981224046875 0.1920856265625 0.7999835609375 0.189554209375 0.7979408453125 0.1401621515625 0.7962160375 0.1388282796875 0.797146615625 0.1383511375 0.8108101609375 0.139616846875 0.81183151875 0.1408825578125 0.8128528765624999 0.1406780671875 0.8187086812500001 0.144475196875 0.8217727531250001 0.1938672515625 0.8234975625000001 0.1963986703125 0.8255402765625 0.2353924 0.8269019671875 0.23792381875 0.8289446828125 0.30811253125000004 0.8313957265624999
0 0.33862588125 0.8520044312499999 0.3411573015625 0.8540471453125 0.3905493578125 0.8557719546874999 0.3930807765625 0.85781466875 0.4346740859375 0.8592671390625 0.43720550625000004 0.8613098546875 0.4865975609375 0.8630346624999999 0.48912898125000004 0.8650773765625001 0.528122709375 0.8664390687499999 0.5306541296875 0.8684817828125 0.56444869375 0.869661915625 0.5684503109375 0.86687018125 0.5688592890625 0.8551585703125 0.5715270343750001 0.8532974140625 0.5717996875 0.8454896734374999 0.5744674328125 0.8436285171875 0.5751490625 0.8241091656249999 0.573883353125 0.8230878078125 0.5686841890625 0.82290625 0.5646825718749999 0.8256979828125001 0.5645462453125 0.829601853125 0.5618785015625 0.8314630093750001 0.561742175 0.8353668796875 0.556406684375 0.839089190625 0.556338521875 0.8410411265625 0.5536707765625 0.8429022828124999 0.5534662875 0.8487580875 0.54946466875 0.8515498218750001 0.5208692687500001 0.8505512484375 0.51833785 0.8485085343750001 0.48194370312499996 0.847237621875 0.47941228437500005 0.8451949078125001 0.44561772031249997 0.844014775 0.44308630000000004 0.8419720609375 0.406692153125 0.8407011484375 0.404160734375 0.838658434375 0.3573682609375 0.8370244046875 0.3548368421875 0.834981690625 0.2950464578125 0.8328937640625 0.2925150390625 0.83085105 0.22492590781250002 0.8284907859375 0.222394490625 0.8264480703125001 0.1808011796875 0.8249955999999999 0.1782697609375 0.8229528859374999 0.147074778125 0.8218635328125 0.1457409046875 0.8227941109374999 0.1452637640625 0.8364576578125 0.1465294734375 0.8374790140625 0.14906089218750002 0.8395217296874999 0.19325378437500002 0.8410649796874999 0.195785203125 0.84310769375 0.2373785140625 0.8445601640625 0.2399099328125 0.8466028781249999 0.294501153125 0.8485092453125 0.297032571875 0.8505519609375 0.33862588125 0.8520044312499999
0 0.2698779796875 0.882827065625 0.2724094 0.8848697796874999 0.3062039640625 0.8860499125000001 0.3087353828125 0.8880926265625 0.3451295296875 0.8893635375000001 0.3476609484375 0.891406253125 0.35032869375 0.8895450968749999 0.3581274390625 0.8898174359375 0.3606588578125 0.89186015 0.40225216875 0.8933126203124999 0.40478358593749997 0.895355334375 0.43077940625 0.8962631296874999 0.43331082500000007 0.89830584375 0.4905016265625 0.900302990625 0.49303304687500005 0.9023457046875001 0.5320267750000001 0.9037073953125001 0.53455819375 0.9057501109375 0.5372259390624999 0.9038889546875 0.539825521875 0.9039797343749999 0.5438271390625 0.901188 0.5446450953124999 0.877764778125 0.547312840625 0.8759036218749999 0.547449165625 0.8719997515625 0.5436520375 0.8689356796875 0.5306541296875 0.8684817828125 0.528122709375 0.8664390687499999 0.4839298171875 0.86489581875 0.4813983984375 0.8628531031250001 0.43720550625000004 0.8613098546875 0.4346740859375 0.8592671390625 0.3956803578125 0.8579054484374999 0.393148940625 0.855862734375 0.33855771875 0.853956365625 0.3360263 0.8519136515625 0.28923382656249996 0.850279621875 0.28670240625 0.8482369078125 0.23471076875 0.8464213203125001 0.23217935 0.8443786046874999 0.1879864578125 0.8428353546875 0.1854550375 0.840792640625 0.146461309375 0.83943095 0.14245969218750001 0.8422226828125 0.142323365625 0.8461265546875 0.139655621875 0.847987709375 0.138973990625 0.8675070625 0.1402397 0.8685284187500001 0.141505409375 0.8695497765625 0.1413690828125 0.8734536468749999 0.14263479375000002 0.8744750046875 0.1764293578125 0.8756551359375001 0.1789607765625 0.8776978515625 0.22575325156249998 0.8793318796875 0.22828466875000003 0.8813745953125001 0.2698779796875 0.882827065625
0 0.271318790625 0.9161007437500001 0.27385020781249997 0.9181434578125 0.30504519218750004 0.9192328109375 0.307576609375 0.9212755250000001 0.341371175 0.9224556578125 0.34390259375 0.924498371875 0.3802967421875 0.9257692843750001 0.382828159375 0.9278119984375 0.42442147031250005 0.9292644687499999 0.42695288906249995 0.9313071828125 0.46594661875 0.9326688750000001 0.4684780359375 0.9347115890625 0.507471765625 0.9360732796875 0.510003184375 0.9381159953125 0.5359990031249999 0.9390237890625001 0.5385304234375 0.941066503125 0.559327078125 0.9417927390624999 0.5619948234375001 0.9399315828124999 0.5645944046875 0.9400223625 0.568596021875 0.9372306281249999 0.569277653125 0.9177112765625 0.5719453984375 0.9158501203125 0.5721498875 0.9099943140625 0.56961846875 0.9079516 0.56968663125 0.905999665625 0.5723543765625 0.904138509375 0.5724225406250001 0.9021865734375 0.5698911203125 0.9001438593750001 0.572558865625 0.898282703125 0.5737858015625 0.8631478703125 0.5725200906250001 0.8621265125 0.5711862187500001 0.863057090625 0.5709817296875 0.8689128953124999 0.5696478578125 0.8698434734375 0.554050365625 0.869298796875 0.5500487484375001 0.8720905312499999 0.5499124234375 0.8759944015625001 0.5472446765625001 0.8778555578124999 0.5464267203125 0.9012787796874999 0.5397573578125 0.9059316687500001 0.521560284375 0.9052962140625 0.519028865625 0.9032534984374999 0.4800351359375 0.9018918078124999 0.47750371875 0.89984909375 0.43331082500000007 0.89830584375 0.43077940625 0.8962631296874999 0.38398693125 0.8946291000000001 0.3814555140625 0.8925863843749999 0.34506136718749997 0.8913154734375001 0.342529946875 0.8892727593749999 0.2983370546875 0.887729509375 0.2958056375 0.88568679375 0.25681190625 0.884325103125 0.2542804890625 0.8822823890624999 0.2178863421875 0.8810114765625 0.21535492343749998 0.8789687624999999 0.17116203125 0.8774255125 0.1686306125 0.8753827984375 0.158232284375 0.8750196812500001 0.1555645390625 0.8768808359375001 0.14516621093749998 0.8765177187500001 0.14116459374999998 0.8793094531250001 0.1410964296875 0.8812613875 0.1384286859375 0.8831225437500001 0.138156034375 0.890930284375 0.1354882875 0.892791440625 0.1352156359375 0.9005991812499999 0.1364813453125 0.9016205375 0.141544184375 0.9057059671875001 0.157141675 0.90625064375 0.15967309375 0.9082933578124999 0.196067240625 0.9095642703125 0.19859865937500001 0.9116069843749999 0.23499280625000002 0.912877896875 0.23752422499999998 0.9149206109374999 0.271318790625 0.9161007437500001
0 0.5924315874999999 1 0.5925469484375 0.9966964781250001 0.59521469375 0.9948353234375 0.5984865218750001 0.9011424328125001 0.5959551015625 0.8990997187499999 0.596091428125 0.895195846875 0.5922943015625 0.892131775 0.5792963906249999 0.8916778781250001 0.5726270296875 0.8963307687500001 0.57133193125 0.9334175374999999 0.568664184375 0.93527869375 0.5684596953125001 0.9411344984375001 0.564458078125 0.9439262328125 0.5436614234375 0.943199996875 0.5411300031249999 0.9411572828124999 0.5333312593749999 0.9408849437500001 0.5306635140625 0.9427460999999999 0.5281320953125 0.9407033859375 0.49953669375 0.9397048124999999 0.49700527499999997 0.937662096875 0.4736090375 0.9368450828125001 0.47107761875 0.93480236875 0.45028096250000005 0.9340761328125 0.4477495453125 0.93203341875 0.3879591609375 0.9299454921875 0.3854277421875 0.9279027781250001 0.3542327578125 0.926813425 0.35170134062499997 0.9247707109375 0.31790677500000003 0.923590578125 0.31537535625 0.9215478640624999 0.2867799546875 0.9205492906250001 0.2842485359375 0.918506575 0.2270577328125 0.9165094281249999 0.224526315625 0.9144667140625 0.19593091406250002 0.9134681406249999 0.1933994953125 0.9114254265625 0.172602840625 0.910699190625 0.170071421875 0.9086564765625 0.1414760203125 0.907657903125 0.137474403125 0.9104496359375001 0.137406240625 0.912401571875 0.13207075 0.9161238828125 0.1320025875 0.91807581875 0.1293348421875 0.919936975 0.12926667812499998 0.921888909375 0.126598934375 0.9237500656250001 0.12646260781250002 0.9276539359375 0.1237948625 0.9295150921875001 0.12311323125 0.9490344437499999 0.12437894062499999 0.9500558015625 0.1256446515625 0.9510771578125 0.1253719984375 0.9588848984375 0.1279034171875 0.9609276140624999 0.127835253125 0.9628795484375001 0.1316323828125 0.9659436203125 0.14982945625 0.9665790765625 0.1523608734375 0.9686217906250001 0.17835669375000002 0.9695295859374999 0.1808881125 0.9715723 0.20688393125 0.97248009375 0.20941535 0.9745228078125001 0.2120149328125 0.9746135875 0.2146826765625 0.97275243125 0.21728225937499998 0.9728432109374999 0.2198136765625 0.9748859265625001 0.24580949687500003 0.9757937203125 0.248340915625 0.9778364343750001 0.2769363171875 0.9788350078124999 0.2794677359375 0.9808777234375 0.3028639734375 0.9816947375 0.305395390625 0.9837374515624999 0.320992884375 0.984282128125 0.3235243015625 0.9863248421874999 0.3625180296875 0.987686534375 0.36504945 0.9897292484375001 0.3702486140625 0.9899108078125 0.3729163578125 0.9880496515624999 0.37544777812499996 0.990092365625 0.3988440140625 0.99090938125 0.4013754328125 0.9929520953125 0.429970834375 0.9939506687499999 0.432502253125 0.9959933828124999 0.45329890781250004 0.99671961875 0.45583032812499996 0.9987623328125 0.49127247343749997 1 0.5924315874999999 1