0 0.4650366 0 0.0768042171875 0.054562503124999995 0.075652203125 0.055710567187500004 0.0764676703125 0.06151291875 0.07789150624999999 0.062298971875 0.07931534375 0.0630850234375 0.080946278125 0.074689728125 0.083793953125 0.0762618328125 0.085153065625 0.08593241874999999 0.0880007390625 0.087504525 0.08881620625 0.0933068765625 0.0916638828125 0.09487898125000001 0.0922075265625 0.098747215625 0.0950552015625 0.10031932031249999 0.0953270234375 0.10225343906249999 0.0995985359375 0.1046115953125 0.259301365625 0.08216682656249999 0.26160539531250004 0.07987069687500001 0.2719088046875 0.078422646875 0.274756478125 0.0799947515625 0.27733233125 0.0796327390625 0.27963635937500003 0.077336609375 0.2925156203125 0.0755265484375 0.2953632953125 0.077098653125 0.297939146875 0.07673664062499999 0.300243178125 0.07444051093750001 0.315698290625 0.0722684359375 0.3185459640625 0.07384054062499999 0.32084999375 0.0715444109375 0.42645992968749996 0.056701903124999994 0.428763959375 0.054405773437500006 0.43649151562500005 0.0533197359375 0.4399475609375 0.0498755421875 0.439403915625 0.046007306250000005 0.44285995937499995 0.0425631125 0.496952853125 0.0349608515625 0.499256884375 0.032664721875000004 0.6692631234374999 0.008771903125 0.6715671515625 0.0064757734375 0.6744148265625001 0.008047878125000001 0.6769906781249999 0.007685865625000001 0.6792947078125 0.0053897359375 0.7176446734375 0 0.4650366 0
0 0.20683940625 0.101373790625 0.211991109375 0.10064976562500001 0.2148387859375 0.10222187187500001 0.21741463749999998 0.101859859375 0.2197186671875 0.0995637296875 0.356238828125 0.080377071875 0.3585428578125 0.0780809421875 0.48218375937499997 0.060704346875 0.4844877890625 0.0584082171875 0.5720667609375 0.046099795312500004 0.5743707890625 0.043803665625 0.6645256125000001 0.031133231249999997 0.66682964375 0.028837101562500002 0.679708903125 0.0270270390625 0.68086091875 0.025878975 0.6803172734375 0.0220107390625 0.6788934359375001 0.0212246875 0.63510395 0.0273788984375 0.632799921875 0.029675028125000003 0.6250723640625 0.030761065625 0.6222246890625 0.0291889609375 0.614497134375 0.030274996874999998 0.612193103125 0.032571126562500004 0.6018896953125 0.034019176562499996 0.599042021875 0.032447071875 0.596737990625 0.0347432015625 0.35203204062500004 0.0691343796875 0.3497280125 0.07143050937499999 0.3368487515625 0.07324057187500001 0.334001078125 0.0716684671875 0.331425225 0.07203047968750001 0.32912119375 0.07432660937499999 0.32654534375 0.074688621875 0.3236976671875 0.0731165171875 0.3211218171875 0.073478528125 0.3188177859375 0.075774659375 0.09729450625 0.10690772500000001 0.0938384625 0.1103519203125 0.09492575156250001 0.11808838906250001 0.09634958906249999 0.11887444218750001 0.0991972640625 0.120446546875 0.1015012921875 0.1181504171875 0.10407714531250001 0.1177884046875 0.10692481875 0.119360509375 0.10950067187500001 0.118998496875 0.1118047015625 0.1167023671875 0.20453537656249998 0.1036699203125 0.20683940625 0.101373790625
0 0.0904729875 0.17985608749999998 0.0961683359375 0.18300029843750001 0.096440159375 0.184934415625 0.10355934375 0.18886467812500002 0.7655533343750001 0.09582748906250001 0.769824846875 0.098185646875 0.77009666875 0.1001197640625 0.77152050625 0.1009058171875 0.774096359375 0.10054380468749999 0.7844644921875 0.09021122031249999 0.78419266875 0.088277103125 0.791104759375 0.0813887140625 0.7908329359375 0.079454596875 0.793136965625 0.0771584671875 0.7928651421875 0.07522435 0.7951691734375 0.0729282203125 0.794625528125 0.0690599859375 0.7969295578125 0.06676385625 0.7961140906249999 0.060961503125000004 0.7984181203125 0.0586653734375 0.7970590078125 0.0489947875 0.7993630375 0.0466986578125 0.7982757484375 0.0389621890625 0.8005797765624999 0.036666059375 0.7975897296875 0.01539076875 0.7947420562499999 0.0138186625 0.7941984109375 0.009950428125 0.7927745734375 0.0091643765625 0.7901987218750001 0.0095263890625 0.787351046875 0.007954284374999999 0.7821993421875 0.0086783078125 0.7798953140625 0.0109744375 0.7386816796875 0.0167666359375 0.7363776484375 0.0190627671875 0.66682964375 0.028837101562500002 0.6645256125000001 0.031133231249999997 0.5666432343750001 0.0448897015625 0.5643392031250001 0.0471858328125 0.46645682343750006 0.060942303125 0.46415279531250003 0.0632384328125 0.3508153015625 0.0791669796875 0.348511271875 0.081463109375 0.2197186671875 0.0995637296875 0.21741463749999998 0.101859859375 0.11695640468749999 0.1159783421875 0.1146523765625 0.118274471875 0.0760145953125 0.1237046578125 0.07255855 0.127148853125 0.0763640640625 0.1542264953125 0.0777879015625 0.1550125484375 0.0792117390625 0.1557986 0.08002720625000001 0.1616009515625 0.08287488125 0.1631730578125 0.0839621703125 0.1709095265625 0.08680984375 0.17248163125 0.0870816671875 0.17441574843750002 0.08992934218750001 0.175987853125 0.0904729875 0.17985608749999998
0 0.282535725 0.22879773124999997 0.2848397546875 0.22650160156250002 0.28741560625 0.22613958906249998 0.29026328125 0.22771169375000003 0.35723543593749996 0.21829937031250002 0.359539465625 0.216003240625 0.3852979859375 0.2123831171875 0.38814566250000004 0.213955221875 0.56587945625 0.188976365625 0.5681834859375 0.1866802359375 0.573335190625 0.1859562109375 0.5761828640625 0.18752831718750002 0.58133456875 0.1868042921875 0.5836385984375 0.1845081625 0.59394200625 0.1830601125 0.59678968125 0.1846322171875 0.622548203125 0.18101209375 0.6248522328125 0.1787159640625 0.6557624578125 0.1743718140625 0.6586101328125 0.1759439203125 0.6714893921875 0.1741338578125 0.6729132296875 0.174919909375 0.6742723421875 0.184590496875 0.677120015625 0.1861626015625 0.6787509515625 0.19776730625 0.676446921875 0.200063434375 0.6783496796875 0.21360225625 0.6760456484375 0.21589838593750002 0.676317471875 0.217832503125 0.679165146875 0.21940460781249999 0.6768611171875001 0.22170073750000002 0.6771329390624999 0.22363485624999999 0.6748289093750001 0.225930984375 0.6751007328124999 0.227865103125 0.6727967015625 0.2301612328125 0.6741558140625 0.23983181875 0.6718517859375 0.2421279484375 0.67239543125 0.2459961828125 0.6738192671875 0.24678223593749998 0.67639511875 0.2464202234375 0.6792427937500001 0.247992328125 0.6869703515625 0.246906290625 0.6892743796875 0.2446101609375 0.6918502328125 0.2442481484375 0.6999143359375 0.23621169531250003 0.6996425140625 0.234277578125 0.7134666921874999 0.22050079843749998 0.71319486875 0.21856668125 0.717802928125 0.21397442187500001 0.7175311062499999 0.2120403046875 0.7267472234375 0.20285578593750003 0.7264754015625 0.20092166875 0.7449076375 0.18255263125 0.7446358156249999 0.1806185140625 0.7607640234375 0.16454560625 0.7604922015625 0.1626114890625 0.767404290625 0.1557230984375 0.7671324671875001 0.15378898125 0.769436496875 0.1514928515625 0.7691646734375001 0.149558734375 0.7714687046875001 0.14726260468750002 0.770925059375 0.1433943703125 0.7732290890625 0.141098240625 0.7675208171875 0.10048177656249999 0.76324930625 0.09812361875 0.1064070203125 0.1904367828125 0.10295097499999999 0.1938809765625 0.10865924687499999 0.234497440625 0.110083084375 0.23528349375 0.111506921875 0.2360695453125 0.11205056718749999 0.23993778125 0.117745915625 0.243081990625 0.11801773906249999 0.2450161078125 0.125136925 0.24894637031250003 0.26680879062499996 0.2290356875 0.269656465625 0.2306077921875 0.282535725 0.22879773124999997
0 0.21775107187499998 0.29115524531250003 0.2205987484375 0.29272735 0.2334780078125 0.2909172890625 0.2357820375 0.288621159375 0.23862971093750002 0.2901932640625 0.251508971875 0.28838320156249997 0.253813003125 0.28608707187500004 0.2563888546875 0.285725059375 0.2592365296875 0.2872971640625 0.5528836687500001 0.24602775000000002 0.555187696875 0.2437316203125 0.55776355 0.2433696078125 0.5606112234375 0.24494171250000002 0.56833878125 0.2438556765625 0.5706428109374999 0.24155954687499998 0.5964013312499999 0.237939421875 0.59924900625 0.2395115265625 0.6044007109375 0.2387875015625 0.6086722234375 0.24114565937500002 0.6124777375 0.2682233015625 0.6139015750000001 0.2690093546875 0.616477425 0.2686473421875 0.6193251015625 0.270219446875 0.6347802125 0.2680473734375 0.6370842437500001 0.2657512421875 0.642235946875 0.26502721875 0.6479960218749999 0.25928689375 0.6477241984375001 0.2573527765625 0.6615483765625 0.24357599843750002 0.661276553125 0.24164188125 0.66818864375 0.2347534921875 0.6679168203125 0.232819375 0.6725248796875001 0.22822711562500003 0.6722530578125 0.22629299687499999 0.6745570875 0.22399686718749998 0.674285265625 0.22206275 0.67658929375 0.2197666203125 0.67387106875 0.20042544843750001 0.6761751 0.1981293171875 0.6734568750000001 0.1787881453125 0.6663376875 0.1748578828125 0.1279846 0.250518475 0.12452855468749999 0.25396266875 0.12969318125 0.29071089843750003 0.13111701874999998 0.2914969515625 0.13254085468750001 0.292283003125 0.132812678125 0.2942171203125 0.1456272140625 0.3012915921875 0.19714425625 0.2940513453125 0.1999919296875 0.29562345 0.21287119062499998 0.2938133875 0.215175221875 0.2915172578125 0.21775107187499998 0.29115524531250003
0 0.3133423453125 0.3171671578125 0.315646375 0.314871028125 0.325949784375 0.31342297812500003 0.3287974578125 0.3149950828125 0.3313733109375 0.3146330703125 0.333677340625 0.312336940625 0.6041418109375 0.2743256390625 0.6075978546874999 0.27088144375 0.6073260312500001 0.26894732656250003 0.6096300625 0.266651196875 0.6063681921875 0.24344178906249997 0.60209668125 0.24108363281249998 0.5917932718750001 0.24253168125000002 0.588945596875 0.24095957656250003 0.5400044078125 0.24783781249999998 0.5377003796875 0.2501339421875 0.514517709375 0.253392053125 0.511670034375 0.2518199484375 0.50936600625 0.254116078125 0.14617085937500002 0.305159828125 0.1450188453125 0.3063078921875 0.1452906671875 0.308242009375 0.1429866375 0.3105381390625 0.145976684375 0.3318134296875 0.1474005203125 0.33259948281249996 0.148824359375 0.33338553437499996 0.14909618125 0.3353196515625 0.1562153671875 0.3392499140625 0.2953113796875 0.3197012453125 0.2976154109375 0.317405115625 0.3001912625 0.317043103125 0.3030389375 0.3186152078125 0.3133423453125 0.3171671578125
0 0.6930928171875 0.3091600578125 0.69424483125 0.3080119921875 0.693973009375 0.306077875 0.6962770390624999 0.3037817453125 0.6911124125 0.2670335171875 0.683993225 0.2631032546875 0.6816891968750001 0.265399384375 0.6788415203125 0.26382727968749997 0.547473065625 0.2822899125 0.545169034375 0.2845860421875 0.305614790625 0.31825319531249996 0.303310759375 0.320549325 0.2466420140625 0.3285135984375 0.2437943375 0.3269414921875 0.2180358171875 0.3305616171875 0.2157317875 0.33285774687499997 0.15133548593749999 0.34190805625 0.150183471875 0.343056121875 0.15589174374999998 0.3836725859375 0.1573155796875 0.3844586375 0.160163253125 0.3860307421875 0.16273910625000002 0.3856687296875 0.16558678124999998 0.387240834375 0.5236302234375 0.3369211109375 0.525934253125 0.33462498125 0.6779095265625 0.31326624999999997 0.68021355625 0.31097012031250004 0.6930928171875 0.3091600578125
0 0.3200084578125 0.38328915937499997 0.32285613125 0.3848612640625 0.58301719375 0.3482980109375 0.5853212250000001 0.34600188125 0.629110709375 0.3398476703125 0.6319583828125 0.341419775 0.6963546859374999 0.33236946562499997 0.6986587171875 0.3300733359375 0.70123456875 0.3297113234375 0.7023865828125 0.32856325937499997 0.702114759375 0.32662914062500004 0.704418790625 0.3243330109375 0.7036033234375 0.318530659375 0.7007556484374999 0.3169585546875 0.6999401796875 0.31115620312500003 0.6985163437499999 0.31037015 0.5465410703125 0.3317288828125 0.5442370390625 0.3340250125 0.5313577796875 0.3358350734375 0.5285101046875 0.33426296875 0.5262060765625 0.3365590984375 0.157859225 0.38832687187500003 0.1544031796875 0.3917710671875 0.154946825 0.3956393015625 0.152642796875 0.39793543124999997 0.1540666328125 0.398721484375 0.15549047031250002 0.3995075359375 0.1563059375 0.4053098890625 0.15772977500000002 0.40609594062500004 0.16545733125 0.405009903125 0.16830500625 0.40658200781250003 0.3151285765625 0.3859473015625 0.3174326046875 0.38365117187500003 0.3200084578125 0.38328915937499997
0 0.15800159687499998 0.40803005781249996 0.1568495828125 0.40917812343750004 0.1571214046875 0.41111224062499996 0.1548173765625 0.41340837031250005 0.1578074234375 0.4346836609375 0.159231259375 0.43546971250000005 0.160655096875 0.436255765625 0.16092691875 0.43818988281250004 0.16519843125 0.44054804062499997 0.706127371875 0.3645254359375 0.7072793875000001 0.3633773703125 0.702930228125 0.33243149375000003 0.701506390625 0.331645440625 0.15800159687499998 0.40803005781249996
0 0.5319401921875 0.4521200703125 0.5347878671874999 0.45369217500000003 0.6120634296875 0.442831803125 0.614367459375 0.4405356734375 0.629822571875 0.4383635984375 0.632670246875 0.439935703125 0.6378219515625 0.4392116796875 0.6401259796875001 0.43691555 0.7199773953124999 0.4256931640625 0.721129409375 0.4245451 0.7154211375 0.3839286359375 0.71772516875 0.38163250625 0.7163660562499999 0.3719619203125 0.71351838125 0.370389815625 0.7129747359375 0.3665215796875 0.7115508984375001 0.365735528125 0.6420028921875 0.3755098625 0.63915521875 0.3739377578125 0.6365793656250001 0.3742997703125 0.6342753359375 0.3765959 0.6291236328124999 0.377319925 0.6262759578125 0.3757478203125 0.623971928125 0.37804395 0.600789259375 0.3813020609375 0.597941584375 0.37972995625 0.5953657328124999 0.38009196875 0.5930617015624999 0.3823880984375 0.585334146875 0.3834741359375 0.582486471875 0.38190203125 0.5799106187499999 0.38226404375 0.5776065906250001 0.38456017343750004 0.4153279078125 0.4073669546875 0.4124802328125 0.40579485000000004 0.23474643906249998 0.43077370468750004 0.23244240781249997 0.433069834375 0.2295947328125 0.4314977296875 0.22186717812499998 0.4325837671875 0.21956314687499998 0.43487989687499995 0.2167154734375 0.4333077921875 0.21413962031249997 0.4336698046875 0.2118355921875 0.435965934375 0.20898791718749998 0.43439382968749995 0.19610865625 0.436203890625 0.1938046265625 0.4385000203125 0.1886529234375 0.4392240453125 0.1858052484375 0.437651940625 0.183229396875 0.438013953125 0.180925365625 0.4403100828125 0.178349515625 0.4406720953125 0.1755018390625 0.43909999062500005 0.1731978109375 0.4413961203125 0.1680461046875 0.4421201453125 0.16519843125 0.44054804062499997 0.160046728125 0.44127206562500004 0.157742696875 0.4435681953125 0.1551668453125 0.44393020625 0.1540148296875 0.44507827187500004 0.154558475 0.44894650625 0.15225444531250001 0.45124263593749997 0.1590500078125 0.49959556875000005 0.16047384375 0.500381621875 0.16616919375 0.5035258312499999 0.19707941874999998 0.49918168281249997 0.1993834484375 0.496885553125 0.2022311234375 0.4984576578125 0.5216367828124999 0.4535681203125 0.524484459375 0.45514022499999995 0.5267884875 0.45284409531250003 0.5319401921875 0.4521200703125
0 0.16267427031249998 0.59079906875 0.1655219453125 0.5923711734375 0.25310091562500003 0.5800627515625 0.2554049453125 0.577766621875 0.2631325015625 0.576680584375 0.26543653125 0.5743844546875 0.3118018703125 0.5678682312500001 0.3141058984375 0.5655721015624999 0.3169535734375 0.56714420625 0.3324086859375 0.5649721328124999 0.3347127140625 0.562676003125 0.33986442031249997 0.561951978125 0.34271209375 0.5635240828125 0.3504396515625 0.5624380453125 0.3527436796875 0.560141915625 0.525325771875 0.535887084375 0.5281734453125 0.5374591890625 0.55650781875 0.533477053125 0.5588118484375 0.5311809234375 0.5922979265625 0.5264747625 0.5951456 0.5280468671875 0.5977214531249999 0.5276848546874999 0.60002548125 0.525388725 0.6257840031249999 0.5217685999999999 0.6286316765625 0.5233407062500001 0.7033313875 0.5128423453125001 0.70563541875 0.510546215625 0.7545766078125 0.50366798125 0.7568806375 0.5013718500000001 0.8058218281249999 0.494493615625 0.8086695015625001 0.49606572031249996 0.8550348390625 0.48954949687499993 0.8561868546875001 0.48840143124999996 0.8559150328125 0.48646731406250004 0.8582190625000001 0.48417118437499995 0.85740359375 0.4783688328125 0.8597076250000001 0.476072703125 0.8529120625 0.4277197703125 0.8500643875 0.426147665625 0.8492489203125 0.42034531406250003 0.846401246875 0.41877320781250005 0.8458576015625001 0.4149049734375 0.8387384140625 0.41097471093750004 0.8335867109375 0.4116987359375 0.8307390359375001 0.41012663125 0.8049805140625 0.41374675468750005 0.8026764859375 0.41604288437500003 0.7743421125000001 0.420025021875 0.7720380828125 0.42232115156249994 0.6123352515625 0.4447659203125 0.6100312234375 0.44706205 0.5069971390625 0.46154254687499996 0.5046931078125 0.46383867656250005 0.39650732187500004 0.479043196875 0.39420329062500004 0.4813393265625 0.23192460937499998 0.5041461078125 0.22962057812499997 0.5064422375000001 0.152345015625 0.5173026093749999 0.1465849421875 0.523042934375 0.147400409375 0.5288452859375 0.1450963796875 0.531141415625 0.147270959375 0.5466143546875 0.1449669296875 0.548910484375 0.14768515468750001 0.5682516578125 0.1491089921875 0.569037709375 0.150532828125 0.5698237625 0.1524355859375 0.583362584375 0.1552832609375 0.5849346890625 0.155555084375 0.58686880625 0.1584027578125 0.5884409109375001 0.1586745796875 0.590375028125 0.1600984171875 0.59116108125 0.16267427031249998 0.59079906875
0 0.3675386203125 0.609342928125 0.36984265 0.6070467984375 0.3749943546875 0.6063227734375001 0.377842028125 0.6078948796875 0.4010246984375 0.6046367671875 0.40332872656249996 0.6023406375 0.4061764015625 0.6039127421875 0.4084804328125 0.6016166125 0.6531863812500001 0.567225434375 0.6554904109375 0.5649293046875 0.7585244953125 0.550448809375 0.7619805390625001 0.5470046140625 0.761165071875 0.5412022624999999 0.7634691015625 0.5389061328125 0.761294521875 0.5234331937500001 0.758446846875 0.5218610890625001 0.758175025 0.519926971875 0.7467843265624999 0.5136385515625 0.7465125046875001 0.511704434375 0.7422409921875001 0.5093462765625001 0.6314793515625 0.5249128109375001 0.629175321875 0.527208940625 0.6214477656249999 0.528294978125 0.618600090625 0.5267228734375 0.6108725359375 0.527808909375 0.6085685046875 0.5301050390625 0.4668966390625 0.550015721875 0.464048965625 0.5484436171875 0.440866296875 0.5517017281250001 0.43856226718749997 0.5539978578125 0.2814352890625 0.576080615625 0.2791312578125 0.5783767453124999 0.2070074 0.5885130921874999 0.2047033703125 0.5908092218750001 0.191824109375 0.592619284375 0.1895200796875 0.5949154140624999 0.1740649671875 0.5970874875 0.1717609390625 0.5993836171875 0.16918508593749998 0.5997456296875 0.16342501250000002 0.6054859546875 0.163696834375 0.607420071875 0.1613928046875 0.6097162015625 0.16438285156250002 0.6309914921875001 0.1658066890625 0.63177754375 0.1715020390625 0.6349217546875 0.20241226406249999 0.6305776046875 0.2052599390625 0.6321497109374999 0.32632498593750003 0.6151351265625 0.32862901718750004 0.612838996875 0.33120486875 0.6124769859375 0.33405254375000004 0.614049090625 0.3675386203125 0.609342928125
0 0.3228300625 0.7024083640625001 0.3256777359375 0.70398046875 0.3282535890625 0.70361845625 0.33055762031249997 0.7013223265625 0.3666195484375 0.696254153125 0.3694672234375 0.6978262578125001 0.3717712515625 0.6955301281249999 0.387226365625 0.693358053125 0.39007403906250004 0.6949301593749999 0.420984265625 0.690586009375 0.42328829375000004 0.6882898796875 0.5288982296875 0.673447371875 0.5317459046875 0.6750194765625 0.534049934375 0.672723346875 0.541777490625 0.671637309375 0.5446251656250001 0.6732094140625 0.5469291953125001 0.670913284375 0.5623843078124999 0.6687412109374999 0.5652319828125 0.670313315625 0.5703836859375 0.669589290625 0.5726877171875 0.6672931609375 0.6293564625 0.6593288875 0.6322041375 0.6609009921875 0.6345081671874999 0.6586048625 0.6731459484375 0.6531746765625 0.675993621875 0.65474678125 0.678297653125 0.6524506515625 0.7323905468749999 0.6448483921875 0.735238221875 0.646420496875 0.740389925 0.645696471875 0.74269395625 0.6434003421875001 0.763300771875 0.6405042421875 0.7661484453125 0.6420763484374999 0.797058671875 0.6377321984375001 0.7993627015625 0.63543606875 0.8022103765624999 0.6370081734374999 0.8691825296875001 0.6275958515625 0.8749426046875 0.6218555265625 0.8743989609374999 0.6179872921875 0.8767029890625 0.6156911625 0.8756157 0.60795469375 0.8779197296874999 0.6056585640625001 0.8732987484375 0.57277856875 0.870451071875 0.5712064640625 0.8699074281250001 0.5673382296875 0.8670597546875 0.565766125 0.8665161093749999 0.561897890625 0.863668434375 0.5603257859374999 0.8633966109375001 0.5583916671875 0.8505820765625 0.5513171953125 0.8480062234375 0.5516792078125 0.8451585484375 0.550107103125 0.84000684375 0.550831128125 0.8371591703125001 0.5492590234375 0.8320074671875 0.5499830484375 0.8291597906250001 0.54841094375 0.8240080875 0.5491349671875 0.8211604140625001 0.5475628625 0.8185845609375001 0.547924875 0.8157368859374999 0.5463527703125 0.813161034375 0.5467147828125001 0.8074656843750001 0.5435705734375 0.7971622765624999 0.5450186218749999 0.794858246875 0.547314753125 0.787130690625 0.5484007890625 0.7848266609375 0.55069691875 0.7791313125 0.547552709375 0.7714037546875 0.548638746875 0.7690997265624999 0.5509348765625 0.7665238734375001 0.5512968890625001 0.7642198453125 0.55359301875 0.76137216875 0.5520209140625 0.7175826843750001 0.558175125 0.715278653125 0.5604712546874999 0.6920959843750001 0.563729365625 0.68979195625 0.5660254953125 0.5609993515625 0.5841261156249999 0.5586953203125 0.5864222453125 0.44793368125 0.601988778125 0.44562965 0.604284909375 0.4301745390625 0.6064569828125 0.4278705078125 0.6087531125 0.314533015625 0.624681659375 0.3122289859375 0.6269777890625 0.1808605296875 0.6454404203124999 0.1785565 0.6477365500000001 0.168253090625 0.6491846 0.16594906250000002 0.6514807296875 0.163373209375 0.6518427421874999 0.1610691796875 0.6541388718750001 0.158493328125 0.654500884375 0.14812519531249999 0.66483346875 0.1483970171875 0.6667675859375 0.1460929875 0.669063715625 0.1469084546875 0.6748660671875 0.14460442499999998 0.677162196875 0.1497690515625 0.7139104265625 0.1511928890625 0.714696478125 0.1526167265625 0.7154825312499999 0.15343219375 0.7212848828125 0.15627986875 0.7228569874999999 0.15655169062500002 0.7247911046875 0.160823203125 0.7271492625 0.3076467734375 0.7065145562499999 0.3099508015625 0.7042184265625 0.3228300625 0.7024083640625001
0 0.7328047421874999 0.66648569375 0.7351087703125 0.664189565625 0.742836328125 0.663103528125 0.7439883421875 0.6619554625 0.7418137625 0.6464825234375 0.740389925 0.645696471875 0.359163815625 0.6992743078125 0.356316140625 0.697702203125 0.3434368796875 0.6995122640625 0.34113285000000004 0.70180839375 0.20718853906249998 0.7206330390625 0.203732496875 0.7240772343749999 0.20645072187500002 0.7434184078125 0.2078745578125 0.744204459375 0.31348449375 0.7293619515625 0.3157885234375 0.727065821875 0.320940228125 0.726341796875 0.3237879015625 0.7279139015625 0.3260919328125 0.725617771875 0.5501910640625 0.6941226921875 0.5524950953125 0.6918265625 0.7328047421874999 0.66648569375
0 0.4279221984375 0.758642128125 0.5953525843749999 0.7351113218750001 0.5976566156249999 0.7328151921875 0.7496318890625 0.7114564609375 0.753087934375 0.7080122656250001 0.7484669515625 0.675132271875 0.7456192765625 0.6735601671875 0.74507563125 0.6696919328125001 0.7422279578125 0.6681198265625 0.7419561359375 0.666185709375 0.740532296875 0.6653996578125 0.7379564453125 0.6657616703125 0.7351087703125 0.664189565625 0.73253291875 0.6645515765625001 0.7302288890625 0.66684770625 0.578253615625 0.6882064390625 0.5759495859375 0.69050256875 0.359578009375 0.7209116109375 0.3572739796875 0.723207740625 0.354698128125 0.7235697531249999 0.351850453125 0.7219976484374999 0.3492746015625 0.722359659375 0.3469705703125 0.724655790625 0.21817796562499997 0.742756409375 0.2158739375 0.7450525390625 0.21072223124999998 0.7457765640625 0.2072661890625 0.749220759375 0.20808165625 0.7550231109375 0.205777625 0.757319240625 0.21039860781250003 0.7901992359375 0.21182244374999998 0.7909852875000001 0.21467012031250002 0.7925573921875 0.2584596046875 0.7864031812500001 0.26076363593749996 0.7841070515624999 0.41531476093749997 0.7623863078124999 0.417618790625 0.760090178125 0.42277049531250005 0.759366153125 0.42561816874999997 0.7609382578125 0.4279221984375 0.758642128125
0 0.27678823750000003 0.8607477203125 0.2796359109375 0.8623198249999999 0.284787615625 0.8615957999999999 0.287091646875 0.8592996703125 0.28993932031249997 0.860871775 0.29224335 0.8585756453125001 0.3051226109375 0.8567655843749999 0.30797028437499996 0.8583376890625001 0.344032215625 0.853269515625 0.34633624375 0.8509733859375 0.37724647031249997 0.8466292359375001 0.3800941453125 0.848201340625 0.48570408125000003 0.8333588328125 0.48855175468749995 0.8349309375 0.490855784375 0.8326348078124999 0.5758589046875 0.8206883984375001 0.578706578125 0.822260503125 0.58128243125 0.821898490625 0.583586459375 0.8196023609375 0.5861623125000001 0.8192403484374999 0.5890099875 0.8208124531250001 0.5915858390625 0.8204504421875001 0.59388986875 0.8181543109374999 0.5964657203125 0.8177923 0.5993133953124999 0.8193644046875 0.601889246875 0.8190023921874999 0.6041932765625 0.8167062625 0.74844099375 0.7964335671875 0.750745025 0.7941374375 0.7996862140625 0.7872592015625 0.8077503171875 0.7792227484375001 0.8074784953125 0.77728863125 0.8097825249999999 0.7749925015625 0.803530609375 0.730507803125 0.800682934375 0.7289356984375 0.7998674671875 0.7231333453125 0.7970197921875 0.721561240625 0.7964761484375 0.71769300625 0.793628471875 0.7161209015625001 0.79335665 0.714186784375 0.7876613015625 0.7110425734375 0.7873894781249999 0.70910845625 0.7788464546875 0.7043921421875 0.7785746312499999 0.702458025 0.767183934375 0.6961696046875 0.7669121109375 0.6942354875000001 0.75694525 0.6887331203125 0.751793546875 0.6894571453125 0.75064153125 0.6906052093749999 0.753087934375 0.7080122656250001 0.7496318890625 0.7114564609375 0.6929631421875 0.7194207328125 0.6906591125 0.7217168640625 0.4923185015625 0.74959181875 0.490014471875 0.7518879484375 0.4848627671875 0.7526119734375001 0.48201509218750005 0.7510398687500001 0.46913583281250004 0.7528499296875 0.466831803125 0.755146059375 0.46168009843749996 0.7558700843749999 0.45883242500000004 0.7542979796875 0.4565283953125 0.756594109375 0.353494309375 0.77107460625 0.35119028124999996 0.7733707359374999 0.2198218234375 0.7918333671875 0.20945369062500002 0.8021659515625 0.2097255140625 0.8041000687500001 0.2074214828125 0.8063961984375 0.20796512812499998 0.8102644328125 0.20566109843749997 0.8125605625000001 0.206476565625 0.818362915625 0.2041725359375 0.8206590453124999 0.204444359375 0.8225931624999999 0.202140328125 0.8248892921875 0.20458673125 0.8422963484375 0.20601056875 0.8430823999999999 0.20743440624999998 0.843868453125 0.210424453125 0.86514374375 0.2132721265625 0.8667158484374999 0.2135439484375 0.868649965625 0.21781546093749998 0.8710081234375 0.27190835625 0.8634058625 0.27421238593749997 0.8611097328125 0.27678823750000003 0.8607477203125
0 0.2873893140625 0.9361782953125 0.29023698750000004 0.9377504 0.2979645453125 0.9366643640625 0.3002685734375 0.934368234375 0.3311788 0.9300240843750001 0.334026475 0.9315961890625 0.3366023265625 0.931234178125 0.33890635625 0.928938046875 0.5037608890625 0.905769253125 0.5060649203125 0.9034731234375 0.5137924765624999 0.9023870859375 0.51664015 0.9039591921874999 0.5217918546875 0.9032351671875001 0.524095884375 0.9009390375 0.5292475890625 0.9002150125 0.5320952625 0.9017871171875 0.6840705375 0.8804283859375 0.6863745671875 0.87813225625 0.8898668828125 0.849533275 0.8921709124999999 0.8472371453124999 0.8947467640625 0.8468751343750001 0.898202809375 0.8434309390625 0.8979309875 0.841496821875 0.900235015625 0.8392006921874999 0.8994195484375 0.8333983406250001 0.9017235781249999 0.8311022109374999 0.8995489984375 0.815629271875 0.8967013234375001 0.8140571671875 0.8953422109375 0.8043865796875 0.8924945375 0.8028144749999999 0.8919508921875 0.7989462406250001 0.8891032171875001 0.7973741359375001 0.888559571875 0.7935059015625 0.8785927109375 0.788003534375 0.8502583375 0.7919856703125 0.8474106640624999 0.790413565625 0.834531403125 0.792223628125 0.8316837296875 0.790651521875 0.826532025 0.791375546875 0.8236843500000001 0.7898034421875 0.6974675968749999 0.80754205 0.69516356875 0.8098381796874999 0.4040922796875 0.85074558125 0.4017882515625 0.8530417109374999 0.39406069375 0.8541277484375 0.3912130203125 0.85255564375 0.37060620312500003 0.8554517421875 0.367758528125 0.8538796375000001 0.3497275640625 0.856413725 0.3468798890625 0.8548416203125001 0.2824835875 0.8638919296875001 0.28017955625 0.866188059375 0.2544210359375 0.869808184375 0.25211700625 0.8721043140625 0.24696530156250002 0.8728283390625 0.2446612734375 0.8751244671875 0.2189027515625 0.8787445921874999 0.20853461874999998 0.8890771765625001 0.208806440625 0.8910112937499999 0.2065024109375 0.8933074234375 0.20677423281250001 0.8952415406249999 0.2044702046875 0.8975376703125001 0.20501385 0.9014059046874999 0.20270981875 0.903702034375 0.203797109375 0.9114385031250001 0.2014930796875 0.9137346328125 0.20529859374999998 0.9408122750000001 0.20672243125 0.941598328125 0.20814626875000003 0.9423843812499999 0.208418090625 0.9443184984374999 0.212689603125 0.9466766546875001 0.21526545625 0.9463146421875 0.2181131296875 0.9478867484375 0.22841653750000002 0.9464386984375001 0.23072056718749998 0.94414256875 0.2873893140625 0.9361782953125
0 0.26832154375 1 0.6796177734375 0.942196084375 0.6819218015625 0.9398999546875 0.68707350625 0.9391759296875 0.68992118125 0.9407480343750001 0.8341688984375001 0.9204753406249999 0.836472928125 0.9181792109375 0.8393206046874999 0.919751315625 0.8934134968749999 0.9121490546875 0.8957175265625 0.909852925 0.8982933796875001 0.9094909124999999 0.9017494234375001 0.9060467187500001 0.90093395625 0.900244365625 0.9032379859375 0.8979482359375 0.9018788734375001 0.88827765 0.9041829031249999 0.8859815203125001 0.902280146875 0.8724426984375 0.8994324703125001 0.87087059375 0.8978015359375 0.8592658906249999 0.8935300249999999 0.8569077328124999 0.88580246875 0.8579937703124999 0.88295479375 0.856421665625 0.8806507640625 0.8587177953125 0.8677715031250001 0.8605278562500001 0.8649238296874999 0.8589557515624999 0.8623479765625 0.8593177640624999 0.8600439468750001 0.8616138937500001 0.8548922421875 0.86233791875 0.85204456875 0.8607658140625001 0.8314377531250001 0.8636619124999999 0.829133721875 0.8659580421875 0.8262860468750001 0.8643859375 0.7284036687500001 0.8781424093749999 0.7260996375000001 0.8804385390625 0.7235237859375 0.8808005515625 0.7206761109375 0.8792284468749999 0.7181002609375 0.879590459375 0.7157962296875 0.8818865890625001 0.70291696875 0.8836966500000001 0.7000692953125001 0.8821245453125 0.6974934421875 0.8824865578125 0.6951894140625 0.8847826875000001 0.4092698296875 0.9249660640625 0.40696580000000004 0.9272621937500001 0.404118125 0.9256900890624999 0.2186567734375 0.9517549828125 0.2128967 0.95749530625 0.2145276359375 0.9691000109375001 0.21222360468749998 0.971396140625 0.215485475 0.9946055484375 0.2169093109375 0.9953916015625 0.21833315 0.9961776531250001 0.2188703453125 1 0.26832154375 1