0 0.1201171875 0.918211765625 0.1162109375 0.918211765625 0.115234375 0.9169111828125001 0.115234375 0.9091076828125001 0.111328125 0.9039053499999999 0.111328125 0.8987030171875 0.1123046875 0.8974024343749999 0.1142578125 0.8974024343749999 0.1162109375 0.8948012671875001 0.1181640625 0.8948012671875001 0.12109375 0.8908995171875 0.12109375 0.8856971843749999 0.1201171875 0.8843966015625 0.1181640625 0.8843966015625 0.1171875 0.8830960187500001 0.1171875 0.8804948515625 0.115234375 0.8778936859375 0.1162109375 0.8765931015625 0.1220703125 0.8765931015625 0.123046875 0.87529251875 0.123046875 0.8336738546875001 0.12109375 0.8310726890625 0.12109375 0.8102633562499999 0.119140625 0.8076621906250001 0.119140625 0.781650525 0.1171875 0.779049359375 0.1171875 0.7504365281250001 0.115234375 0.7478353609374999 0.115234375 0.7192225296875 0.11328125 0.7166213640625 0.11328125 0.6906096984375 0.111328125 0.6880085328125001 0.111328125 0.6593957015624999 0.109375 0.656794534375 0.109375 0.628181703125 0.107421875 0.6255805375 0.107421875 0.5943665390625 0.10546875 0.5917653734375 0.10546875 0.5631525421875 0.103515625 0.560551375 0.103515625 0.53193854375 0.1015625 0.5293373781249999 0.1015625 0.5033257125 0.099609375 0.500724546875 0.099609375 0.46951054843750006 0.09765625 0.4669093828125 0.09765625 0.43569538437500005 0.095703125 0.43309421875 0.095703125 0.399279053125 0.09375 0.3966778875 0.09375 0.370666221875 0.091796875 0.36806505624999997 0.091796875 0.339452225 0.08984375 0.3368510578125 0.08984375 0.3056370609375 0.087890625 0.30303589375 0.087890625 0.2692207296875 0.0859375 0.2666195640625 0.0859375 0.23280439999999997 0.083984375 0.23020323281250002 0.083984375 0.214596234375 0.0810546875 0.210694484375 0.0556640625 0.210694484375 0.0546875 0.2119950671875 0.0546875 0.214596234375 0.052734375 0.2171974 0.0546875 0.21979856718750002 0.0546875 0.24060789843750002 0.056640625 0.24320906562500003 0.056640625 0.27442306250000004 0.05859375 0.27702422968749996 0.05859375 0.3056370609375 0.060546875 0.3082382265625 0.060546875 0.3420533921875 0.0625 0.3446545578125 0.0625 0.370666221875 0.064453125 0.3732673890625 0.064453125 0.4044813875 0.06640625 0.40708255312499997 0.06640625 0.4382965515625 0.068359375 0.4408977171875 0.068359375 0.4669093828125 0.0703125 0.46951054843750006 0.0703125 0.500724546875 0.072265625 0.5033257125 0.072265625 0.5345397109375 0.07421875 0.5371408765625 0.07421875 0.5657537078125 0.076171875 0.568354875 0.076171875 0.5995688718750001 0.078125 0.6021700390625 0.078125 0.628181703125 0.080078125 0.6307828703125 0.080078125 0.656794534375 0.08203125 0.6593957015624999 0.08203125 0.6906096984375 0.083984375 0.693210865625 0.083984375 0.7192225296875 0.0859375 0.721823696875 0.0859375 0.7504365281250001 0.087890625 0.75303769375 0.087890625 0.781650525 0.08984375 0.7842516921875 0.08984375 0.8128645234375 0.091796875 0.8154656890625 0.091796875 0.8388761875 0.09375 0.8414773546875001 0.09375 0.864887853125 0.095703125 0.8674890187500001 0.095703125 0.89610185 0.09765625 0.8987030171875 0.09765625 0.92471468125 0.1005859375 0.92861643125 0.1025390625 0.92861643125 0.1044921875 0.9312175984375 0.1201171875 0.9312175984375 0.12109375 0.9299170140624999 0.125 0.9273158484374999 0.125 0.9195123484375 0.1220703125 0.9156105984374999 0.1201171875 0.918211765625
0 0.13671875 0.9091076828125001 0.140625 0.9039053499999999 0.140625 0.9013041828125001 0.138671875 0.8987030171875 0.138671875 0.89610185 0.140625 0.893500684375 0.140625 0.8882983515625 0.1416015625 0.8869977671875 0.1435546875 0.8869977671875 0.1474609375 0.8922001015625 0.1494140625 0.8922001015625 0.1513671875 0.8948012671875001 0.1552734375 0.8948012671875001 0.15625 0.89610185 0.15625 0.9299170140624999 0.1572265625 0.9312175984375 0.1591796875 0.9312175984375 0.16015625 0.9299170140624999 0.16015625 0.89610185 0.158203125 0.893500684375 0.158203125 0.864887853125 0.15625 0.8622866859375 0.15625 0.8414773546875001 0.154296875 0.8388761875 0.154296875 0.8128645234375 0.15234375 0.8102633562499999 0.15234375 0.781650525 0.150390625 0.779049359375 0.150390625 0.7504365281250001 0.1484375 0.7478353609374999 0.1484375 0.71141903125 0.146484375 0.7088178640625 0.146484375 0.6880085328125001 0.14453125 0.6854073656249999 0.14453125 0.65419336875 0.142578125 0.6515922015625 0.142578125 0.643788703125 0.140625 0.6411875359375 0.142578125 0.63858636875 0.142578125 0.6125747046875001 0.140625 0.6099735390625 0.140625 0.5813607078125 0.138671875 0.578759540625 0.138671875 0.550146709375 0.13671875 0.5475455421875 0.13671875 0.53193854375 0.134765625 0.5293373781249999 0.134765625 0.5189327109375 0.1328125 0.5163315453124999 0.1328125 0.472111715625 0.130859375 0.46951054843750006 0.130859375 0.44610004999999997 0.12890625 0.443498884375 0.12890625 0.43309421875 0.130859375 0.4304930515625 0.130859375 0.40708255312499997 0.12890625 0.4044813875 0.12890625 0.357660390625 0.126953125 0.35505922343749996 0.126953125 0.3160417265625 0.125 0.3134405609375 0.125 0.31083939374999997 0.126953125 0.3082382265625 0.126953125 0.3056370609375 0.1279296875 0.30433647812500003 0.1298828125 0.30433647812500003 0.1318359375 0.3017353109375 0.1376953125 0.3017353109375 0.138671875 0.300434728125 0.138671875 0.2978335609375 0.140625 0.2952323953125 0.140625 0.292631228125 0.1416015625 0.2913306453125 0.1455078125 0.2913306453125 0.146484375 0.29003006249999996 0.146484375 0.28742889531250004 0.14453125 0.28482772968750003 0.14453125 0.2171974 0.142578125 0.214596234375 0.142578125 0.193786903125 0.1376953125 0.1872839859375 0.1337890625 0.1872839859375 0.1318359375 0.1846828203125 0.1259765625 0.1846828203125 0.1240234375 0.182081653125 0.1201171875 0.182081653125 0.1181640625 0.1794804875 0.1123046875 0.1794804875 0.1103515625 0.1768793203125 0.0927734375 0.1768793203125 0.0908203125 0.1794804875 0.0849609375 0.1794804875 0.083984375 0.1807810703125 0.083984375 0.21979856718750002 0.0859375 0.22239973281249997 0.0859375 0.2562148984375 0.087890625 0.2588160640625 0.087890625 0.28742889531250004 0.08984375 0.29003006249999996 0.08984375 0.3238452265625 0.091796875 0.3264463921875 0.091796875 0.35505922343749996 0.09375 0.357660390625 0.09375 0.3888743875 0.095703125 0.3914755546875 0.095703125 0.427891884375 0.09765625 0.4304930515625 0.09765625 0.46170704999999995 0.099609375 0.464308215625 0.099609375 0.49552221406249997 0.1015625 0.49812337968750003 0.1015625 0.5267362109375 0.103515625 0.5293373781249999 0.103515625 0.5579502093750001 0.10546875 0.560551375 0.10546875 0.586563040625 0.107421875 0.58916420625 0.107421875 0.6177770375 0.109375 0.6203782046875 0.109375 0.65419336875 0.111328125 0.656794534375 0.111328125 0.6828062 0.11328125 0.6854073656249999 0.11328125 0.714020196875 0.115234375 0.7166213640625 0.115234375 0.742633028125 0.1171875 0.7452341953125 0.1171875 0.7764481921875 0.119140625 0.779049359375 0.119140625 0.8050610234375 0.12109375 0.8076621906250001 0.12109375 0.8310726890625 0.123046875 0.8336738546875001 0.123046875 0.8700901859375 0.125 0.8726913515625 0.125 0.8908995171875 0.126953125 0.893500684375 0.126953125 0.9299170140624999 0.12890625 0.9325181812500001 0.12890625 0.9351193468749999 0.1298828125 0.93641993125 0.1416015625 0.93641993125 0.142578125 0.9351193468749999 0.142578125 0.9273158484374999 0.138671875 0.922113515625 0.138671875 0.9117088499999999 0.13671875 0.9091076828125001
0 0.181640625 0.8778936859375 0.1796875 0.87529251875 0.1796875 0.8518820203124999 0.177734375 0.8492808546875 0.177734375 0.8206680234375 0.17578125 0.81806685625 0.17578125 0.7842516921875 0.173828125 0.781650525 0.173828125 0.7608411937499999 0.171875 0.758240028125 0.171875 0.7244248625 0.169921875 0.721823696875 0.169921875 0.664598034375 0.16796875 0.6619968671875001 0.16796875 0.635985203125 0.166015625 0.6333840359375 0.166015625 0.6047712046875 0.1640625 0.6021700390625 0.1640625 0.5579502093750001 0.162109375 0.5553490421875 0.162109375 0.53193854375 0.16015625 0.5293373781249999 0.16015625 0.5085280453125 0.158203125 0.5059268796875 0.158203125 0.46170704999999995 0.15625 0.4591058828125 0.15625 0.4304930515625 0.154296875 0.427891884375 0.154296875 0.3966778875 0.15234375 0.3940767203125 0.15234375 0.36026155625 0.150390625 0.357660390625 0.150390625 0.33164872500000003 0.1484375 0.329047559375 0.1484375 0.3082382265625 0.146484375 0.3056370609375 0.146484375 0.30303589375 0.1455078125 0.3017353109375 0.1376953125 0.3017353109375 0.1357421875 0.30433647812500003 0.1279296875 0.30433647812500003 0.126953125 0.3056370609375 0.126953125 0.3082382265625 0.125 0.31083939374999997 0.126953125 0.3134405609375 0.126953125 0.347255725 0.12890625 0.349856890625 0.12890625 0.3940767203125 0.130859375 0.3966778875 0.130859375 0.42268955156250004 0.1328125 0.42529071875 0.1328125 0.4304930515625 0.130859375 0.43309421875 0.130859375 0.43569538437500005 0.1328125 0.4382965515625 0.1328125 0.4877187140625 0.134765625 0.49031988125000003 0.134765625 0.521533878125 0.13671875 0.5241350453125 0.13671875 0.5345397109375 0.138671875 0.5371408765625 0.138671875 0.5553490421875 0.140625 0.5579502093750001 0.140625 0.5813607078125 0.142578125 0.5839618734375 0.142578125 0.586563040625 0.140625 0.58916420625 0.140625 0.5917653734375 0.142578125 0.5943665390625 0.142578125 0.6125747046875001 0.14453125 0.615175871875 0.14453125 0.63858636875 0.142578125 0.6411875359375 0.142578125 0.643788703125 0.14453125 0.64638986875 0.14453125 0.65419336875 0.146484375 0.656794534375 0.146484375 0.6698003671875 0.1484375 0.6724015343749999 0.1484375 0.6854073656249999 0.146484375 0.6880085328125001 0.146484375 0.6906096984375 0.1484375 0.693210865625 0.1484375 0.729627196875 0.150390625 0.7322283625 0.150390625 0.758240028125 0.15234375 0.7608411937499999 0.15234375 0.7842516921875 0.154296875 0.7868528578125 0.154296875 0.8102633562499999 0.15625 0.8128645234375 0.15625 0.8362750218749999 0.158203125 0.8388761875 0.158203125 0.8674890187500001 0.16015625 0.8700901859375 0.16015625 0.89610185 0.162109375 0.8987030171875 0.162109375 0.9195123484375 0.1640625 0.922113515625 0.1640625 0.9273158484374999 0.1650390625 0.92861643125 0.1728515625 0.92861643125 0.1748046875 0.9312175984375 0.1806640625 0.9312175984375 0.181640625 0.9299170140624999 0.18359375 0.9273158484374999 0.18359375 0.89610185 0.181640625 0.893500684375 0.181640625 0.8778936859375
0 0.23828125 0.9351193468749999 0.240234375 0.9325181812500001 0.240234375 0.9091076828125001 0.23828125 0.9065065171875 0.23828125 0.8856971843749999 0.236328125 0.8830960187500001 0.236328125 0.8778936859375 0.23828125 0.87529251875 0.23828125 0.8674890187500001 0.236328125 0.864887853125 0.236328125 0.8232691890625 0.234375 0.8206680234375 0.234375 0.779049359375 0.232421875 0.7764481921875 0.232421875 0.7400318625 0.23046875 0.7374306953125 0.23046875 0.6984131984374999 0.228515625 0.69581203125 0.228515625 0.6489910359375 0.2265625 0.64638986875 0.2265625 0.607372371875 0.224609375 0.6047712046875 0.224609375 0.5709560406249999 0.22265625 0.568354875 0.22265625 0.5345397109375 0.220703125 0.53193854375 0.220703125 0.485117546875 0.21875 0.48251638124999996 0.21875 0.45390355 0.216796875 0.4513023828125 0.216796875 0.41488605312500004 0.21484375 0.4122848859375 0.21484375 0.3810708890625 0.212890625 0.378469721875 0.212890625 0.347255725 0.2109375 0.3446545578125 0.2109375 0.31083939374999997 0.208984375 0.3082382265625 0.208984375 0.27962539531249997 0.20703125 0.27702422968749996 0.20703125 0.23280439999999997 0.205078125 0.23020323281250002 0.205078125 0.2015904015625 0.203125 0.1989892359375 0.203125 0.185983403125 0.2001953125 0.182081653125 0.1982421875 0.182081653125 0.1962890625 0.1794804875 0.1904296875 0.1794804875 0.1884765625 0.1768793203125 0.1708984375 0.1768793203125 0.1689453125 0.1794804875 0.1455078125 0.1794804875 0.142578125 0.1833822359375 0.142578125 0.1989892359375 0.14453125 0.2015904015625 0.14453125 0.2380067328125 0.146484375 0.24060789843750002 0.146484375 0.271821896875 0.1484375 0.27442306250000004 0.1484375 0.3160417265625 0.150390625 0.31864289375 0.150390625 0.3446545578125 0.15234375 0.347255725 0.15234375 0.378469721875 0.154296875 0.3810708890625 0.154296875 0.4122848859375 0.15625 0.41488605312500004 0.15625 0.44610004999999997 0.158203125 0.44870121718749995 0.158203125 0.49031988125000003 0.16015625 0.492921046875 0.16015625 0.5241350453125 0.162109375 0.5267362109375 0.162109375 0.550146709375 0.1640625 0.5527478765625 0.1640625 0.58916420625 0.166015625 0.5917653734375 0.166015625 0.6229793703125 0.16796875 0.6255805375 0.16796875 0.65419336875 0.169921875 0.656794534375 0.169921875 0.6828062 0.171875 0.6854073656249999 0.171875 0.721823696875 0.173828125 0.7244248625 0.173828125 0.7660435265625 0.17578125 0.76864469375 0.17578125 0.8024598578125 0.177734375 0.8050610234375 0.177734375 0.8336738546875001 0.1796875 0.8362750218749999 0.1796875 0.864887853125 0.181640625 0.8674890187500001 0.181640625 0.8908995171875 0.18359375 0.893500684375 0.18359375 0.9117088499999999 0.185546875 0.914310015625 0.185546875 0.942922846875 0.1875 0.9455240140625 0.1875 0.9481251796875 0.1884765625 0.9494257625 0.1982421875 0.9494257625 0.2001953125 0.9520269296875 0.2197265625 0.9520269296875 0.220703125 0.950726346875 0.2216796875 0.9494257625 0.2294921875 0.9494257625 0.23828125 0.9377205140625 0.23828125 0.9351193468749999
0 0.291015625 0.92471468125 0.29296875 0.922113515625 0.29296875 0.8908995171875 0.291015625 0.8882983515625 0.291015625 0.8856971843749999 0.29296875 0.8830960187500001 0.291015625 0.8804948515625 0.291015625 0.8362750218749999 0.2890625 0.8336738546875001 0.2890625 0.7842516921875 0.287109375 0.781650525 0.287109375 0.7400318625 0.28515625 0.7374306953125 0.28515625 0.6750027000000001 0.283203125 0.6724015343749999 0.283203125 0.6177770375 0.28125 0.615175871875 0.28125 0.5657537078125 0.279296875 0.5631525421875 0.279296875 0.500724546875 0.27734375 0.49812337968750003 0.27734375 0.44870121718749995 0.275390625 0.44610004999999997 0.275390625 0.3888743875 0.2734375 0.386273221875 0.2734375 0.339452225 0.271484375 0.3368510578125 0.271484375 0.2978335609375 0.26953125 0.2952323953125 0.26953125 0.2562148984375 0.267578125 0.25361373125000003 0.267578125 0.20419156875 0.265625 0.2015904015625 0.265625 0.165174071875 0.263671875 0.16257290468750002 0.263671875 0.1235554078125 0.26171875 0.120954240625 0.26171875 0.11315074218750001 0.2587890625 0.10924899218749999 0.2529296875 0.10924899218749999 0.2509765625 0.106647825 0.2197265625 0.106647825 0.2177734375 0.10924899218749999 0.2041015625 0.10924899218749999 0.201171875 0.11315074218750001 0.201171875 0.136561240625 0.203125 0.13916240625 0.203125 0.1807810703125 0.205078125 0.1833822359375 0.205078125 0.214596234375 0.20703125 0.2171974 0.20703125 0.25361373125000003 0.208984375 0.2562148984375 0.208984375 0.2978335609375 0.2109375 0.300434728125 0.2109375 0.3342498921875 0.212890625 0.3368510578125 0.212890625 0.3654638890625 0.21484375 0.36806505624999997 0.21484375 0.399279053125 0.216796875 0.40188022031250004 0.216796875 0.4304930515625 0.21875 0.43309421875 0.21875 0.46951054843750006 0.220703125 0.472111715625 0.220703125 0.513730378125 0.22265625 0.5163315453124999 0.22265625 0.5579502093750001 0.224609375 0.560551375 0.224609375 0.5995688718750001 0.2265625 0.6021700390625 0.2265625 0.6333840359375 0.228515625 0.635985203125 0.228515625 0.6802050328125 0.23046875 0.6828062 0.23046875 0.70361553125 0.232421875 0.7062166984375 0.232421875 0.7504365281250001 0.234375 0.75303769375 0.234375 0.8024598578125 0.236328125 0.8050610234375 0.236328125 0.8492808546875 0.23828125 0.8518820203124999 0.23828125 0.8882983515625 0.240234375 0.8908995171875 0.240234375 0.922113515625 0.2421875 0.92471468125 0.2421875 0.9325181812500001 0.2431640625 0.9338187640625 0.2451171875 0.9338187640625 0.2470703125 0.93641993125 0.2841796875 0.93641993125 0.28515625 0.9351193468749999 0.2861328125 0.9338187640625 0.2880859375 0.9338187640625 0.291015625 0.9299170140624999 0.291015625 0.92471468125
0 0.3486328125 0.9390210968750001 0.3525390625 0.9338187640625 0.3544921875 0.9338187640625 0.359375 0.9273158484374999 0.359375 0.92471468125 0.361328125 0.922113515625 0.361328125 0.9169111828125001 0.36328125 0.914310015625 0.36328125 0.9065065171875 0.3671875 0.9013041828125001 0.3671875 0.8336738546875001 0.365234375 0.8310726890625 0.365234375 0.742633028125 0.36328125 0.7400318625 0.36328125 0.6776038671875 0.361328125 0.6750027000000001 0.361328125 0.615175871875 0.359375 0.6125747046875001 0.359375 0.6099735390625 0.361328125 0.607372371875 0.361328125 0.6021700390625 0.359375 0.5995688718750001 0.359375 0.5085280453125 0.357421875 0.5059268796875 0.357421875 0.42529071875 0.35546875 0.42268955156250004 0.35546875 0.349856890625 0.353515625 0.347255725 0.353515625 0.300434728125 0.3515625 0.2978335609375 0.3515625 0.27702422968749996 0.3544921875 0.2731224796875 0.3857421875 0.2731224796875 0.38671875 0.271821896875 0.38671875 0.2692207296875 0.388671875 0.2666195640625 0.388671875 0.23280439999999997 0.38671875 0.23020323281250002 0.38671875 0.2250009 0.388671875 0.22239973281249997 0.388671875 0.214596234375 0.38671875 0.2119950671875 0.38671875 0.193786903125 0.384765625 0.1911857359375 0.384765625 0.1729775703125 0.3828125 0.17037640468749998 0.3828125 0.1677752375 0.384765625 0.165174071875 0.384765625 0.16257290468750002 0.3828125 0.1599717375 0.3828125 0.157370571875 0.38671875 0.15216823906250002 0.38671875 0.14176357343749998 0.384765625 0.13916240625 0.384765625 0.1235554078125 0.3828125 0.120954240625 0.3828125 0.118353075 0.37890625 0.11315074218750001 0.37890625 0.110549575 0.373046875 0.10274607499999999 0.373046875 0.10014490937500001 0.37109375 0.0975437421875 0.37109375 0.0949425765625 0.365234375 0.0871390765625 0.365234375 0.0845379109375 0.359375 0.0767344109375 0.359375 0.07413324375 0.353515625 0.0663297453125 0.353515625 0.063728578125 0.349609375 0.0585262453125 0.349609375 0.055925079687500004 0.34765625 0.0533239125 0.34765625 0.050722746875 0.3388671875 0.039017496875 0.3369140625 0.039017496875 0.3349609375 0.03641633125 0.3271484375 0.03641633125 0.3251953125 0.0338151640625 0.2998046875 0.0338151640625 0.2978515625 0.03641633125 0.2685546875 0.03641633125 0.2666015625 0.039017496875 0.2646484375 0.039017496875 0.263671875 0.0403180796875 0.263671875 0.079335578125 0.265625 0.08193674375 0.263671875 0.0845379109375 0.263671875 0.08974024375 0.265625 0.092341409375 0.265625 0.1547694046875 0.267578125 0.157370571875 0.267578125 0.206792734375 0.26953125 0.2093939015625 0.26953125 0.25361373125000003 0.271484375 0.2562148984375 0.271484375 0.3056370609375 0.2734375 0.3082382265625 0.2734375 0.347255725 0.275390625 0.349856890625 0.275390625 0.3940767203125 0.27734375 0.3966778875 0.27734375 0.46170704999999995 0.279296875 0.464308215625 0.279296875 0.5163315453124999 0.28125 0.5189327109375 0.28125 0.5709560406249999 0.283203125 0.5735572078125 0.283203125 0.6307828703125 0.28515625 0.6333840359375 0.28515625 0.6854073656249999 0.287109375 0.6880085328125001 0.287109375 0.7348295296875 0.2890625 0.7374306953125 0.2890625 0.81806685625 0.291015625 0.8206680234375 0.291015625 0.8518820203124999 0.29296875 0.8544831875 0.29296875 0.8987030171875 0.294921875 0.9013041828125001 0.294921875 0.9169111828125001 0.29296875 0.9195123484375 0.29296875 0.9299170140624999 0.294921875 0.9325181812500001 0.294921875 0.9351193468749999 0.2978515625 0.9390210968750001 0.2998046875 0.9390210968750001 0.3017578125 0.9416222640624999 0.3056640625 0.9416222640624999 0.3076171875 0.9442234296875001 0.3349609375 0.9442234296875001 0.3359375 0.942922846875 0.3369140625 0.9416222640624999 0.3427734375 0.9416222640624999 0.3447265625 0.9390210968750001 0.3486328125 0.9390210968750001
0 0.40234375 0.76864469375 0.400390625 0.7660435265625 0.400390625 0.6698003671875 0.3984375 0.6671992 0.3984375 0.607372371875 0.396484375 0.6047712046875 0.396484375 0.5189327109375 0.39453125 0.5163315453124999 0.39453125 0.4382965515625 0.392578125 0.43569538437500005 0.392578125 0.339452225 0.390625 0.3368510578125 0.390625 0.27962539531249997 0.3876953125 0.275723646875 0.3564453125 0.275723646875 0.353515625 0.27962539531249997 0.353515625 0.300434728125 0.35546875 0.30303589375 0.35546875 0.370666221875 0.357421875 0.3732673890625 0.357421875 0.44870121718749995 0.359375 0.4513023828125 0.359375 0.542343209375 0.361328125 0.5449443765625 0.361328125 0.6307828703125 0.36328125 0.6333840359375 0.36328125 0.7010143656250001 0.365234375 0.70361553125 0.365234375 0.7868528578125 0.3671875 0.7894540250000001 0.3671875 0.8518820203124999 0.369140625 0.8544831875 0.369140625 0.8987030171875 0.3720703125 0.9026047671875 0.3740234375 0.9026047671875 0.3759765625 0.9052059328125001 0.4013671875 0.9052059328125001 0.40234375 0.9039053499999999 0.404296875 0.9013041828125001 0.404296875 0.8492808546875 0.40234375 0.8466796875 0.40234375 0.76864469375
0 0.4365234375 0.9468245968750001 0.4375 0.9455240140625 0.4375 0.8570843531250001 0.435546875 0.8544831875 0.435546875 0.742633028125 0.43359375 0.7400318625 0.43359375 0.635985203125 0.431640625 0.6333840359375 0.431640625 0.542343209375 0.4296875 0.53974204375 0.4296875 0.4669093828125 0.427734375 0.464308215625 0.427734375 0.37586855625000004 0.42578125 0.3732673890625 0.42578125 0.26141723125 0.423828125 0.2588160640625 0.423828125 0.16257290468750002 0.4208984375 0.15867115468749998 0.4072265625 0.15867115468749998 0.4052734375 0.1560699890625 0.3935546875 0.1560699890625 0.3916015625 0.15867115468749998 0.3896484375 0.15867115468749998 0.388671875 0.1599717375 0.388671875 0.22239973281249997 0.390625 0.2250009 0.390625 0.2276020671875 0.388671875 0.23020323281250002 0.388671875 0.23280439999999997 0.390625 0.23540556562499998 0.390625 0.339452225 0.392578125 0.3420533921875 0.392578125 0.41748721875 0.39453125 0.4200883859375 0.39453125 0.5059268796875 0.396484375 0.5085280453125 0.396484375 0.5943665390625 0.3984375 0.59696770625 0.3984375 0.6750027000000001 0.400390625 0.6776038671875 0.400390625 0.7374306953125 0.40234375 0.7400318625 0.40234375 0.742633028125 0.400390625 0.7452341953125 0.400390625 0.7478353609374999 0.40234375 0.7504365281250001 0.40234375 0.8232691890625 0.404296875 0.8258703562499999 0.404296875 0.9065065171875 0.40625 0.9091076828125001 0.40625 0.950726346875 0.4072265625 0.9520269296875 0.4248046875 0.9520269296875 0.42578125 0.950726346875 0.4267578125 0.9494257625 0.4326171875 0.9494257625 0.4345703125 0.9468245968750001 0.4365234375 0.9468245968750001
0 0.4970703125 0.9390210968750001 0.5 0.9351193468749999 0.5 0.9299170140624999 0.501953125 0.9273158484374999 0.501953125 0.8102633562499999 0.5 0.8076621906250001 0.5 0.615175871875 0.498046875 0.6125747046875001 0.498046875 0.4122848859375 0.49609375 0.4096837203125 0.49609375 0.40708255312499997 0.498046875 0.4044813875 0.498046875 0.40188022031250004 0.49609375 0.399279053125 0.49609375 0.1833822359375 0.4990234375 0.1794804875 0.5009765625 0.1794804875 0.50390625 0.1755787375 0.50390625 0.14696590625 0.501953125 0.1443647390625 0.501953125 0.136561240625 0.5 0.1339600734375 0.5 0.1235554078125 0.498046875 0.120954240625 0.498046875 0.10794840937500001 0.49609375 0.1053472421875 0.49609375 0.0949425765625 0.494140625 0.092341409375 0.494140625 0.0845379109375 0.4892578125 0.07803499375 0.4501953125 0.07803499375 0.4482421875 0.0806361609375 0.4287109375 0.0806361609375 0.4267578125 0.0832373265625 0.4248046875 0.0832373265625 0.423828125 0.0845379109375 0.423828125 0.1989892359375 0.42578125 0.2015904015625 0.42578125 0.3056370609375 0.427734375 0.3082382265625 0.427734375 0.31083939374999997 0.42578125 0.3134405609375 0.42578125 0.3160417265625 0.427734375 0.31864289375 0.427734375 0.42529071875 0.4296875 0.427891884375 0.4296875 0.5189327109375 0.431640625 0.521533878125 0.431640625 0.59696770625 0.43359375 0.5995688718750001 0.43359375 0.7270260296875 0.435546875 0.729627196875 0.435546875 0.828471521875 0.4375 0.8310726890625 0.4375 0.9169111828125001 0.439453125 0.9195123484375 0.439453125 0.9351193468749999 0.4423828125 0.9390210968750001 0.4443359375 0.9390210968750001 0.4462890625 0.9416222640624999 0.4619140625 0.9416222640624999 0.4638671875 0.9442234296875001 0.4677734375 0.9442234296875001 0.46875 0.942922846875 0.4697265625 0.9416222640624999 0.4931640625 0.9416222640624999 0.4951171875 0.9390210968750001 0.4970703125 0.9390210968750001
0 0.546875 0.893500684375 0.548828125 0.8908995171875 0.546875 0.8882983515625 0.546875 0.8856971843749999 0.548828125 0.8830960187500001 0.548828125 0.8622866859375 0.546875 0.8596855203124999 0.546875 0.8544831875 0.548828125 0.8518820203124999 0.548828125 0.8388761875 0.546875 0.8362750218749999 0.548828125 0.8336738546875001 0.548828125 0.7764481921875 0.546875 0.7738470265624999 0.548828125 0.771245859375 0.548828125 0.7556388609375 0.546875 0.75303769375 0.548828125 0.7504365281250001 0.548828125 0.7348295296875 0.546875 0.7322283625 0.548828125 0.729627196875 0.548828125 0.714020196875 0.546875 0.71141903125 0.546875 0.7088178640625 0.548828125 0.7062166984375 0.548828125 0.69581203125 0.546875 0.693210865625 0.546875 0.6854073656249999 0.548828125 0.6828062 0.546875 0.6802050328125 0.546875 0.31083939374999997 0.544921875 0.3082382265625 0.544921875 0.30303589375 0.546875 0.300434728125 0.546875 0.2952323953125 0.544921875 0.292631228125 0.544921875 0.27962539531249997 0.546875 0.27702422968749996 0.546875 0.271821896875 0.544921875 0.2692207296875 0.544921875 0.2588160640625 0.546875 0.2562148984375 0.544921875 0.25361373125000003 0.544921875 0.21979856718750002 0.546875 0.2171974 0.546875 0.214596234375 0.544921875 0.2119950671875 0.544921875 0.185983403125 0.5419921875 0.182081653125 0.5009765625 0.182081653125 0.49609375 0.18858456875000001 0.49609375 0.24320906562500003 0.498046875 0.24581023124999998 0.498046875 0.5111292125 0.5 0.513730378125 0.5 0.664598034375 0.501953125 0.6671992 0.501953125 0.8518820203124999 0.50390625 0.8544831875 0.50390625 0.914310015625 0.5068359375 0.918211765625 0.5380859375 0.918211765625 0.5390625 0.9169111828125001 0.5400390625 0.9156105984374999 0.5439453125 0.9156105984374999 0.546875 0.9117088499999999 0.546875 0.893500684375
0 0.6015625 0.8336738546875001 0.603515625 0.8310726890625 0.603515625 0.828471521875 0.6015625 0.8258703562499999 0.6015625 0.079335578125 0.5986328125 0.075433828125 0.5576171875 0.075433828125 0.5556640625 0.07803499375 0.5537109375 0.07803499375 0.552734375 0.079335578125 0.552734375 0.08193674375 0.55078125 0.0845379109375 0.55078125 0.3056370609375 0.552734375 0.3082382265625 0.552734375 0.6021700390625 0.5546875 0.6047712046875 0.5546875 0.6099735390625 0.552734375 0.6125747046875001 0.552734375 0.6203782046875 0.5546875 0.6229793703125 0.5546875 0.75303769375 0.552734375 0.7556388609375 0.552734375 0.8050610234375 0.5546875 0.8076621906250001 0.5546875 0.8102633562499999 0.552734375 0.8128645234375 0.552734375 0.864887853125 0.5546875 0.8674890187500001 0.5546875 0.8804948515625 0.552734375 0.8830960187500001 0.552734375 0.8908995171875 0.5546875 0.893500684375 0.5546875 0.9117088499999999 0.556640625 0.914310015625 0.556640625 0.922113515625 0.560546875 0.9273158484374999 0.560546875 0.9299170140624999 0.5634765625 0.9338187640625 0.5888671875 0.9338187640625 0.58984375 0.9325181812500001 0.5908203125 0.9312175984375 0.5966796875 0.9312175984375 0.6015625 0.92471468125 0.6015625 0.8336738546875001
0 0.640625 0.9117088499999999 0.642578125 0.9091076828125001 0.642578125 0.8440785203125 0.640625 0.8414773546875001 0.640625 0.8388761875 0.642578125 0.8362750218749999 0.642578125 0.5839618734375 0.64453125 0.5813607078125 0.64453125 0.2484113984375 0.646484375 0.24581023124999998 0.64453125 0.24320906562500003 0.64453125 0.24060789843750002 0.646484375 0.2380067328125 0.646484375 0.1547694046875 0.6484375 0.15216823906250002 0.6484375 0.14696590625 0.646484375 0.1443647390625 0.646484375 0.1261565734375 0.6484375 0.1235554078125 0.6484375 0.07413324375 0.646484375 0.071532078125 0.646484375 0.0689309109375 0.6455078125 0.067630328125 0.6083984375 0.067630328125 0.6064453125 0.0702314953125 0.6044921875 0.0702314953125 0.6015625 0.07413324375 0.6015625 0.664598034375 0.603515625 0.6671992 0.603515625 0.758240028125 0.6015625 0.7608411937499999 0.6015625 0.771245859375 0.603515625 0.7738470265624999 0.603515625 0.779049359375 0.6015625 0.781650525 0.6015625 0.7920551921875 0.603515625 0.7946563578125 0.603515625 0.8830960187500001 0.6015625 0.8856971843749999 0.6015625 0.9065065171875 0.603515625 0.9091076828125001 0.603515625 0.9169111828125001 0.6044921875 0.918211765625 0.6357421875 0.918211765625 0.63671875 0.9169111828125001 0.6376953125 0.9156105984374999 0.6396484375 0.9156105984374999 0.640625 0.914310015625 0.640625 0.9117088499999999
0 0.66796875 0.6776038671875 0.666015625 0.6750027000000001 0.666015625 0.6698003671875 0.66796875 0.6671992 0.66796875 0.43309421875 0.669921875 0.4304930515625 0.669921875 0.26141723125 0.671875 0.2588160640625 0.671875 0.08193674375 0.6689453125 0.07803499375 0.6494140625 0.07803499375 0.6484375 0.079335578125 0.6484375 0.157370571875 0.646484375 0.1599717375 0.646484375 0.4044813875 0.64453125 0.40708255312499997 0.64453125 0.4096837203125 0.646484375 0.4122848859375 0.646484375 0.4200883859375 0.64453125 0.42268955156250004 0.64453125 0.43569538437500005 0.646484375 0.4382965515625 0.646484375 0.443498884375 0.64453125 0.44610004999999997 0.64453125 0.5943665390625 0.642578125 0.59696770625 0.642578125 0.5995688718750001 0.64453125 0.6021700390625 0.64453125 0.6125747046875001 0.642578125 0.615175871875 0.642578125 0.6229793703125 0.64453125 0.6255805375 0.64453125 0.6333840359375 0.642578125 0.635985203125 0.642578125 0.9065065171875 0.6455078125 0.910408265625 0.6611328125 0.910408265625 0.662109375 0.9091076828125001 0.666015625 0.9039053499999999 0.666015625 0.71141903125 0.66796875 0.7088178640625 0.66796875 0.6776038671875
0 0.759765625 0.8987030171875 0.76171875 0.89610185 0.759765625 0.893500684375 0.759765625 0.8804948515625 0.76171875 0.8778936859375 0.76171875 0.8466796875 0.763671875 0.8440785203125 0.763671875 0.8336738546875001 0.76171875 0.8310726890625 0.76171875 0.71141903125 0.763671875 0.7088178640625 0.763671875 0.615175871875 0.765625 0.6125747046875001 0.765625 0.6099735390625 0.763671875 0.607372371875 0.763671875 0.5943665390625 0.765625 0.5917653734375 0.765625 0.4773140484375 0.767578125 0.47471288125 0.767578125 0.3914755546875 0.76953125 0.3888743875 0.76953125 0.35505922343749996 0.771484375 0.3524580578125 0.771484375 0.31083939374999997 0.7734375 0.3082382265625 0.7734375 0.24060789843750002 0.775390625 0.2380067328125 0.775390625 0.1235554078125 0.77734375 0.120954240625 0.77734375 0.050722746875 0.7744140625 0.046820996875 0.7724609375 0.046820996875 0.7705078125 0.044219829687500004 0.7685546875 0.046820996875 0.7626953125 0.046820996875 0.7607421875 0.044219829687500004 0.7568359375 0.044219829687500004 0.7548828125 0.046820996875 0.6884765625 0.046820996875 0.6865234375 0.0494221625 0.6787109375 0.0494221625 0.6767578125 0.052023329687499995 0.6748046875 0.052023329687499995 0.671875 0.055925079687500004 0.671875 0.0585262453125 0.666015625 0.0663297453125 0.666015625 0.071532078125 0.6669921875 0.0728326609375 0.6708984375 0.0728326609375 0.671875 0.07413324375 0.671875 0.08193674375 0.673828125 0.0845379109375 0.673828125 0.1677752375 0.671875 0.17037640468749998 0.671875 0.178179903125 0.673828125 0.1807810703125 0.673828125 0.1833822359375 0.671875 0.185983403125 0.671875 0.3134405609375 0.669921875 0.3160417265625 0.669921875 0.35505922343749996 0.671875 0.357660390625 0.671875 0.427891884375 0.669921875 0.4304930515625 0.671875 0.43309421875 0.671875 0.43569538437500005 0.669921875 0.4382965515625 0.669921875 0.6229793703125 0.66796875 0.6255805375 0.66796875 0.63858636875 0.669921875 0.6411875359375 0.669921875 0.643788703125 0.66796875 0.64638986875 0.669921875 0.6489910359375 0.669921875 0.664598034375 0.66796875 0.6671992 0.66796875 0.6698003671875 0.669921875 0.6724015343749999 0.669921875 0.6750027000000001 0.66796875 0.6776038671875 0.66796875 0.6802050328125 0.669921875 0.6828062 0.669921875 0.6854073656249999 0.66796875 0.6880085328125001 0.66796875 0.6906096984375 0.669921875 0.693210865625 0.669921875 0.69581203125 0.66796875 0.6984131984374999 0.66796875 0.7010143656250001 0.669921875 0.70361553125 0.669921875 0.7062166984375 0.66796875 0.7088178640625 0.66796875 0.893500684375 0.666015625 0.89610185 0.666015625 0.9013041828125001 0.6708984375 0.9078071 0.6787109375 0.9078071 0.6806640625 0.910408265625 0.6826171875 0.910408265625 0.6845703125 0.9078071 0.7021484375 0.9078071 0.7041015625 0.910408265625 0.7275390625 0.910408265625 0.7294921875 0.9078071 0.7392578125 0.9078071 0.7412109375 0.910408265625 0.7509765625 0.910408265625 0.751953125 0.9091076828125001 0.7529296875 0.9078071 0.7568359375 0.9078071 0.759765625 0.9039053499999999 0.759765625 0.8987030171875
0 0.8046875 0.8882983515625 0.806640625 0.8856971843749999 0.806640625 0.8544831875 0.80859375 0.8518820203124999 0.80859375 0.8102633562499999 0.810546875 0.8076621906250001 0.810546875 0.729627196875 0.8125 0.7270260296875 0.8125 0.6619968671875001 0.814453125 0.6593957015624999 0.814453125 0.5813607078125 0.81640625 0.578759540625 0.81640625 0.5111292125 0.818359375 0.5085280453125 0.818359375 0.4799152140625 0.81640625 0.4773140484375 0.81640625 0.46951054843750006 0.818359375 0.4669093828125 0.818359375 0.464308215625 0.81640625 0.46170704999999995 0.81640625 0.4591058828125 0.818359375 0.45650471562500006 0.818359375 0.45390355 0.81640625 0.4513023828125 0.81640625 0.443498884375 0.818359375 0.4408977171875 0.81640625 0.4382965515625 0.81640625 0.4200883859375 0.818359375 0.41748721875 0.81640625 0.41488605312500004 0.81640625 0.4122848859375 0.818359375 0.4096837203125 0.818359375 0.386273221875 0.8203125 0.3836720546875 0.8203125 0.329047559375 0.822265625 0.3264463921875 0.822265625 0.3082382265625 0.82421875 0.3056370609375 0.82421875 0.26141723125 0.826171875 0.2588160640625 0.826171875 0.1755787375 0.8232421875 0.1716769875 0.8193359375 0.1716769875 0.8173828125 0.16907582031249999 0.7978515625 0.16907582031249999 0.7958984375 0.1716769875 0.7841796875 0.1716769875 0.7822265625 0.174278153125 0.7802734375 0.174278153125 0.77734375 0.178179903125 0.77734375 0.2119950671875 0.775390625 0.214596234375 0.775390625 0.2978335609375 0.7734375 0.300434728125 0.7734375 0.36286272343750003 0.771484375 0.3654638890625 0.771484375 0.44870121718749995 0.76953125 0.4513023828125 0.76953125 0.5111292125 0.771484375 0.513730378125 0.771484375 0.5163315453124999 0.7724609375 0.517632128125 0.7744140625 0.5150309625 0.775390625 0.5163315453124999 0.775390625 0.5293373781249999 0.7734375 0.53193854375 0.7734375 0.5345397109375 0.775390625 0.5371408765625 0.775390625 0.5449443765625 0.77734375 0.5475455421875 0.77734375 0.550146709375 0.775390625 0.5527478765625 0.775390625 0.5943665390625 0.7734375 0.59696770625 0.7734375 0.6021700390625 0.775390625 0.6047712046875 0.775390625 0.615175871875 0.7734375 0.6177770375 0.7734375 0.721823696875 0.771484375 0.7244248625 0.771484375 0.781650525 0.76953125 0.7842516921875 0.76953125 0.7946563578125 0.771484375 0.797257525 0.76953125 0.799858690625 0.76953125 0.8414773546875001 0.767578125 0.8440785203125 0.767578125 0.8544831875 0.76953125 0.8570843531250001 0.76953125 0.8596855203124999 0.763671875 0.8674890187500001 0.763671875 0.8804948515625 0.76171875 0.8830960187500001 0.76171875 0.8987030171875 0.7666015625 0.9052059328125001 0.7685546875 0.9052059328125001 0.7705078125 0.9078071 0.7978515625 0.9078071 0.798828125 0.9065065171875 0.7998046875 0.9052059328125001 0.8037109375 0.9052059328125001 0.8046875 0.9039053499999999 0.8046875 0.8882983515625
0 0.8408203125 0.1664746546875 0.8369140625 0.1664746546875 0.8349609375 0.16907582031249999 0.8330078125 0.16907582031249999 0.828125 0.1755787375 0.828125 0.24320906562500003 0.826171875 0.24581023124999998 0.826171875 0.2822265625 0.8291015625 0.2861283125 0.8310546875 0.2861283125 0.8330078125 0.288729478125 0.8349609375 0.288729478125 0.8359375 0.29003006249999996 0.8359375 0.292631228125 0.841796875 0.300434728125 0.841796875 0.30303589375 0.84375 0.3056370609375 0.84375 0.3082382265625 0.84765625 0.3134405609375 0.84765625 0.3160417265625 0.849609375 0.31864289375 0.849609375 0.321244059375 0.8515625 0.3238452265625 0.8515625 0.3264463921875 0.853515625 0.329047559375 0.853515625 0.33164872500000003 0.85546875 0.3342498921875 0.85546875 0.339452225 0.857421875 0.3420533921875 0.857421875 0.347255725 0.859375 0.349856890625 0.859375 0.3524580578125 0.861328125 0.35505922343749996 0.861328125 0.36286272343750003 0.86328125 0.3654638890625 0.86328125 0.3732673890625 0.865234375 0.37586855625000004 0.865234375 0.3836720546875 0.8671875 0.386273221875 0.8671875 0.3940767203125 0.869140625 0.3966778875 0.869140625 0.4122848859375 0.87109375 0.41488605312500004 0.87109375 0.42268955156250004 0.8720703125 0.42399013593749996 0.8740234375 0.42399013593749996 0.875 0.42268955156250004 0.875 0.165174071875 0.8740234375 0.1638734875 0.8427734375 0.1638734875 0.8408203125 0.1664746546875
0 0.982421875 0.9377205140625 0.984375 0.9351193468749999 0.984375 0.9091076828125001 0.986328125 0.9065065171875 0.986328125 0.8778936859375 0.98828125 0.87529251875 0.98828125 0.771245859375 0.990234375 0.76864469375 0.990234375 0.49812337968750003 0.9921875 0.49552221406249997 0.9921875 0.4877187140625 0.990234375 0.485117546875 0.990234375 0.45650471562500006 0.9921875 0.45390355 0.9921875 0.2978335609375 0.990234375 0.2952323953125 0.990234375 0.120954240625 0.98828125 0.118353075 0.98828125 0.0949425765625 0.986328125 0.092341409375 0.986328125 0.0845379109375 0.9794921875 0.075433828125 0.9775390625 0.075433828125 0.9755859375 0.0728326609375 0.9619140625 0.0728326609375 0.9599609375 0.075433828125 0.9541015625 0.075433828125 0.9521484375 0.07803499375 0.9404296875 0.07803499375 0.9384765625 0.0806361609375 0.9267578125 0.0806361609375 0.9248046875 0.0832373265625 0.9208984375 0.0832373265625 0.9189453125 0.08583849375 0.9169921875 0.08583849375 0.9140625 0.08974024375 0.9140625 0.11315074218750001 0.916015625 0.1157519078125 0.916015625 0.178179903125 0.91796875 0.1807810703125 0.91796875 0.3420533921875 0.919921875 0.3446545578125 0.919921875 0.46951054843750006 0.921875 0.472111715625 0.919921875 0.47471288125 0.919921875 0.4773140484375 0.921875 0.4799152140625 0.921875 0.48251638124999996 0.919921875 0.485117546875 0.919921875 0.4877187140625 0.921875 0.49031988125000003 0.921875 0.492921046875 0.919921875 0.49552221406249997 0.919921875 0.49812337968750003 0.921875 0.500724546875 0.921875 0.5033257125 0.919921875 0.5059268796875 0.921875 0.5085280453125 0.921875 0.5657537078125 0.919921875 0.568354875 0.919921875 0.7634423609375001 0.91796875 0.7660435265625 0.91796875 0.8440785203125 0.916015625 0.8466796875 0.916015625 0.864887853125 0.9140625 0.8674890187500001 0.9140625 0.87529251875 0.916015625 0.8778936859375 0.916015625 0.8830960187500001 0.9140625 0.8856971843749999 0.9140625 0.9117088499999999 0.912109375 0.914310015625 0.912109375 0.9195123484375 0.9140625 0.922113515625 0.9140625 0.9273158484374999 0.916015625 0.9299170140624999 0.916015625 0.9325181812500001 0.9189453125 0.93641993125 0.9208984375 0.93641993125 0.9228515625 0.9390210968750001 0.9267578125 0.9390210968750001 0.9287109375 0.9416222640624999 0.9306640625 0.9416222640624999 0.9326171875 0.9442234296875001 0.9365234375 0.9442234296875001 0.9384765625 0.9468245968750001 0.9521484375 0.9468245968750001 0.9541015625 0.9494257625 0.9755859375 0.9494257625 0.9765625 0.9481251796875 0.98046875 0.9455240140625 0.98046875 0.942922846875 0.982421875 0.94032168125 0.982421875 0.9377205140625