0 0.150278884375 0.8055746265625 0.14819230156250002 0.8030792437500001 0.14683095625 0.777103228125 0.1447443734375 0.7746078437499999 0.142974625 0.7408390234375 0.1408880421875 0.7383436390625 0.139798965625 0.7175628265625 0.1377123828125 0.7150674421875001 0.136759440625 0.6968842328125 0.1346728578125 0.6943888484375 0.1333115125 0.6684128328125001 0.1312249296875 0.6659174484375 0.12959131562499998 0.6347462296875 0.12750473281250002 0.6322508453125 0.1261433875 0.6062748296875 0.1240568046875 0.603779446875 0.12310386250000001 0.585596234375 0.1210172796875 0.5831008515625 0.1200643375 0.5649176406249999 0.1179777546875 0.56242225625 0.11675254374999999 0.539043840625 0.1146659609375 0.536548459375 0.1134407515625 0.51317004375 0.11135416875 0.5106746625 0.11012895781250001 0.487296246875 0.108042375 0.48480086250000004 0.10695329843750001 0.46402004999999996 0.10486671562500001 0.461524665625 0.1037776390625 0.44074385312500003 0.10169105625 0.43824847031249997 0.1004658453125 0.41487005468750004 0.0983792625 0.412374671875 0.0966095140625 0.37860585156250004 0.09452293125 0.3761104671875 0.09302545 0.3475368484375 0.09093886718750001 0.3450414671875 0.089577521875 0.31906545 0.0874909390625 0.31657006718749997 0.08708253593750001 0.3087772609375 0.08980400625 0.30472753125 0.11515983437499999 0.3033986875 0.11697414843750001 0.30069886874999996 0.11906073125000001 0.30319425 0.1217822015625 0.2991445203125 0.1213737984375 0.291351715625 0.119287215625 0.2888563328125 0.11887881250000001 0.281063528125 0.1157489375 0.27732045312500003 0.10989759218749999 0.277627109375 0.10781100937500002 0.275131725 0.07660383750000001 0.276767225 0.0747895234375 0.2794670453125 0.06503728125 0.2799781390625 0.06413012500000001 0.2813280484375 0.0656276046875 0.3099016671875 0.0677141875 0.31239705 0.0693478015625 0.3435682703125 0.071434384375 0.346063653125 0.0726595953125 0.36944206875 0.07474617812499999 0.37193745 0.0761075234375 0.39791346875 0.07819410624999999 0.40040885 0.0794193171875 0.423787265625 0.08150589999999999 0.42628265 0.0828672453125 0.45225866562499994 0.08495382812499999 0.4547540484375 0.0863151734375 0.480730065625 0.08840175624999999 0.48322544843750004 0.0897631015625 0.5092014640625 0.09184968437499999 0.5116968484375 0.0933471640625 0.540270465625 0.095433746875 0.5427658484375 0.0965228234375 0.5635466609375 0.09860940625 0.5660420453125 0.0998346171875 0.5894204609375 0.1019212 0.5919158421875 0.1032825453125 0.6178918609374999 0.10536912812499999 0.6203872421875001 0.10686660781249999 0.6489608609374999 0.108953190625 0.65145624375 0.1103145359375 0.6774322609375 0.11240111875 0.6799276437499999 0.11376246406249998 0.7059036609375 0.11584904843749999 0.70839904375 0.1170742578125 0.731777459375 0.11916084062500001 0.734272840625 0.120658321875 0.7628464593750001 0.12274490468749999 0.76534184375 0.123970115625 0.7887202578125 0.1260566984375 0.791215640625 0.1276903125 0.8223868609375 0.1297768953125 0.82488224375 0.131274375 0.8534558625 0.1333609578125 0.8559512453125 0.13485843749999998 0.8845248640625 0.1369450203125 0.8870202453125 0.1372172890625 0.8922154499999999 0.1403471640625 0.8959585234375 0.1579011984375 0.89503855625 0.15880835625 0.893688646875 0.16062266875 0.890988825 0.1603504 0.885793621875 0.1582638171875 0.8832982406250001 0.156902471875 0.8573222218750001 0.1548158890625 0.8548268406249999 0.15345454375 0.8288508234374999 0.1513679609375 0.826355440625 0.150278884375 0.8055746265625
0 0.1955946046875 0.8865512890625 0.193508021875 0.8840559046875001 0.1933718875 0.8814583046875001 0.1923285953125 0.8802106125 0.19037814687500001 0.88031283125 0.18869996875 0.8856102531250001 0.186613384375 0.8831148703125 0.18570622812499998 0.8844647796875 0.186250765625 0.8948551874999999 0.190287796875 0.8972483515624999 0.18938064062499999 0.8985982609375001 0.1874301921875 0.8987004796875 0.1865230359375 0.9000503906249999 0.18665917031249998 0.9026479921874999 0.1839377 0.9066977218750001 0.18003680312499998 0.906902159375 0.1789935109375 0.9056544687500001 0.17872124218750002 0.9004592656250001 0.176634659375 0.8979638812499999 0.176362390625 0.8927686781249999 0.1781767046875 0.8900688578124999 0.176090121875 0.887573475 0.1752733140625 0.871987865625 0.1761804703125 0.8706379546875 0.18203181562499998 0.8703312984375 0.1841183984375 0.87282668125 0.18996974375 0.8725200265625 0.1926912140625 0.8684702953125001 0.19241894531249998 0.8632750921874999 0.19033236250000002 0.8607797078124999 0.1889710171875 0.8348036921875 0.186884434375 0.832308309375 0.185114684375 0.7985394875 0.183028103125 0.7960441046875 0.181530621875 0.7674704859375 0.1794440390625 0.764975103125 0.178218828125 0.7415966875 0.1761322453125 0.73910130625 0.1747709 0.7131252875 0.1726843171875 0.71062990625 0.17145910625 0.687251490625 0.1693725234375 0.6847561062499999 0.16787504375 0.6561824890625 0.1657884609375 0.65368710625 0.16456325 0.630308690625 0.1624766671875 0.627813309375 0.1613875921875 0.6070324953124999 0.159301009375 0.6045371125 0.1579396625 0.5785610953125 0.1558530796875 0.5760657124999999 0.1547640046875 0.5552848984375001 0.152677421875 0.5527895171874999 0.1517244796875 0.5346063046875 0.149637896875 0.5321109203125001 0.1485488203125 0.5113301078125 0.1464622375 0.5088347265625 0.1453731609375 0.48805391093750006 0.143286578125 0.48555852968749996 0.1419252328125 0.45958251250000004 0.13983865 0.4570871296875 0.13834117031249998 0.4285135109375 0.1362545875 0.42601812812500006 0.1348932421875 0.4000421109375 0.132806659375 0.39754672812499997 0.13171758281249998 0.376765915625 0.129631 0.37427053125 0.12854192343749998 0.35348971875 0.126455340625 0.350994334375 0.12495786093750001 0.3224207171875 0.12287127812500001 0.31992533437500004 0.12219060625 0.306937325 0.12114731406249998 0.305689634375 0.11919686562500001 0.305791853125 0.1171102828125 0.30329646875 0.1132093859375 0.30350090625 0.11139507343749999 0.306200728125 0.1074941765625 0.30640516562500003 0.10540759375 0.30390978125 0.101506696875 0.30411421875 0.09969238281250001 0.3068140390625 0.089940140625 0.3073251328125 0.0872186703125 0.3113748640625 0.089305253125 0.3138702453125 0.09053046406250001 0.3372486609375 0.092617046875 0.3397440453125 0.0941145265625 0.3683176640625 0.09620110937500001 0.3708130453125 0.09810699375000001 0.40717946875 0.10019357656250001 0.40967485156250005 0.101554921875 0.43565086875 0.1036415046875 0.43814625156250003 0.10473058125000001 0.458927065625 0.1068171640625 0.46142244843749997 0.10777010468749999 0.47960565937500005 0.1098566875 0.48210104375 0.11135416875 0.5106746625 0.1134407515625 0.51317004375 0.11452982656249999 0.5339508562499999 0.116616409375 0.536446240625 0.1179777546875 0.56242225625 0.1200643375 0.5649176406249999 0.12088114531250001 0.58050325 0.12296772812500001 0.5829986328125 0.12392067031250001 0.6011818453125 0.126007253125 0.603677228125 0.1276408671875 0.6348484484375 0.12972745000000002 0.6373438296875 0.1308165265625 0.65812464375 0.132903109375 0.6606200265625 0.13426445468749998 0.6865960421875 0.1363510375 0.6890914265625 0.1375762484375 0.7124698421875 0.13966283125 0.7149652234375 0.1407519078125 0.7357460375 0.142838490625 0.7382414203125001 0.14419983593750002 0.7642174374999999 0.14628641874999998 0.7667128203125 0.1477838984375 0.7952864390625 0.14987048125 0.797781821875 0.1512318265625 0.8237578375 0.15331840937500002 0.8262532218749999 0.1545436203125 0.8496316374999999 0.156630203125 0.8521270187500001 0.1577192796875 0.8729078328125001 0.1598058625 0.875403215625 0.16089493906250002 0.8961840296875 0.16298152187499998 0.8986794124999999 0.163798328125 0.9142650218749999 0.1648416203125 0.9155127140625 0.16679206875000002 0.9154104953125 0.16887865156249998 0.9179058781249999 0.18448223749999998 0.9170881281250001 0.18538939375000002 0.9157382187499999 0.1862965515625 0.914388309375 0.1901974484375 0.9141838718749999 0.19654754531250002 0.9047345 0.1961391421875 0.8969416953125 0.19405255937500002 0.8944463125000001 0.193916425 0.8918487109375001 0.1957307390625 0.8891488890625 0.1955946046875 0.8865512890625
0 0.23056653906250002 0.88211375 0.22847995625 0.8796183687499999 0.227799284375 0.866630359375 0.2257127015625 0.8641349765624999 0.2238068171875 0.8277685531250001 0.221720234375 0.8252731687500001 0.2195420828125 0.78371154375 0.21745549999999997 0.7812161609375 0.21595801875 0.7526425421875 0.21387143593750002 0.750147159375 0.2121016875 0.7163783375 0.2100151046875 0.7138829546875 0.20851762499999998 0.6853093359375 0.20643104218750002 0.6828139515625 0.20520583124999997 0.6594355390625 0.2031192484375 0.6569401546875 0.20162176875 0.6283665359375 0.1995351859375 0.6258711546875 0.197901571875 0.594699934375 0.1958149890625 0.59220455 0.19445364375000002 0.566228534375 0.192367059375 0.56373315 0.19114185 0.5403547375 0.18905526718750001 0.537859353125 0.1875577859375 0.509285734375 0.185471203125 0.506790353125 0.18424599375 0.4834119375 0.182159409375 0.480916553125 0.1807980640625 0.4549405375 0.17871148125 0.4524451546875 0.1774862703125 0.4290667390625 0.1753996890625 0.42657135625000003 0.174174478125 0.40319294218749996 0.1720878953125 0.4006975578125 0.1705904140625 0.3721239390625 0.16850383124999999 0.3696285578125 0.1671424859375 0.3436525390625 0.16505590312500001 0.3411571578125 0.1641029625 0.3229739453125 0.16501011875 0.3216240359375 0.176712809375 0.32101072343750003 0.178527121875 0.318310903125 0.1882793640625 0.31779980937499996 0.1891865203125 0.3164499 0.1886419828125 0.30605949374999997 0.18655539999999998 0.303564109375 0.1860108625 0.293173703125 0.183924278125 0.29067831875 0.18378814375000002 0.28808071874999996 0.1817015609375 0.285585334375 0.18142929218749998 0.28039013125 0.17934270937500002 0.27789475 0.17920657499999998 0.275297146875 0.1760767015625 0.27155407187499997 0.17412625312500002 0.271656290625 0.1720396703125 0.269160909375 0.170089221875 0.26926312812500003 0.1680026390625 0.26676774375 0.166052190625 0.2668699625 0.1639656078125 0.2643745796875 0.1483620203125 0.2651923296875 0.1462754375 0.2626969453125 0.14042409375 0.2630036015625 0.1386097796875 0.26570342343750003 0.1230061921875 0.266521171875 0.12028472187499999 0.2705709015625 0.12042085625000001 0.2731685046875 0.11860654374999999 0.27586832499999997 0.1206931265625 0.27836370781249997 0.1217822015625 0.2991445203125 0.123868784375 0.301639903125 0.125638534375 0.335408725 0.1277251171875 0.33790410937500004 0.12881419375 0.358684921875 0.13090077656250002 0.3611803046875 0.1321259859375 0.38455871875000003 0.13421256875 0.387054103125 0.1353016453125 0.40783491562499996 0.137388228125 0.41033030000000004 0.13902184374999998 0.44150151875 0.1411084265625 0.44399690156249993 0.142469771875 0.46997291875 0.1445563546875 0.47246830156249997 0.14591769999999998 0.49844431718750004 0.1480042828125 0.5009397015625 0.1490933578125 0.5217205140625001 0.1511799421875 0.5242158984375 0.1524051515625 0.5475943125 0.154491734375 0.5500896953125001 0.1557169453125 0.5734681109374999 0.157803528125 0.57596349375 0.1588926046875 0.5967443078125 0.1609791875 0.5992396906249999 0.1620682640625 0.620020503125 0.16415484687499998 0.6225158859375 0.1656523265625 0.6510895046875 0.167738909375 0.6535848875 0.16896412031250002 0.676963303125 0.17105070312499998 0.679458684375 0.1722759140625 0.7028371 0.174362496875 0.705332484375 0.1755877078125 0.7287108984375 0.177674290625 0.73120628125 0.1791717703125 0.7597799000000001 0.181258353125 0.7622752828125 0.1826196984375 0.7882513 0.18470628125 0.7907466828125 0.1857953578125 0.8115274953125 0.18788194062500002 0.8140228796875 0.1892432859375 0.8399988953124999 0.19132986875 0.8424942796874999 0.1929634828125 0.8736654984375001 0.195050065625 0.8761608828125 0.1964114109375 0.9021368984375 0.19849799375 0.90463228125 0.198634128125 0.9072298828124999 0.2038505859375 0.9134683406249999 0.22530551718749997 0.9123439359375001 0.22621267500000003 0.9109940249999999 0.22711983125000001 0.9096441140625 0.2290702796875 0.909541896875 0.23179175000000002 0.905492165625 0.231383346875 0.8976993609375 0.2331976609375 0.894999540625 0.232925390625 0.8898043375 0.22875222499999998 0.8848135718749999 0.23056653906250002 0.88211375
0 0.25333703125 0.887432240625 0.2560585015625 0.8833825093750001 0.2559223671875 0.8807849078125001 0.253835784375 0.8782895249999999 0.25342738125 0.8704967203124999 0.2543345375 0.869146809375 0.2601858828125 0.8688401546875 0.2624086 0.8739331390625 0.2643590484375 0.8738309203125001 0.26708051875 0.8697811890624999 0.2649939359375 0.86728580625 0.263632590625 0.8413097890625 0.2615460078125 0.8388144078125 0.260320796875 0.8154359921875001 0.25823421406249997 0.8129406078124999 0.256736734375 0.7843669906249999 0.25465015156250004 0.7818716078125 0.2530165375 0.7507003875 0.2509299546875 0.7482050046875 0.25274426875 0.745505184375 0.2506576859375 0.7430098015625 0.24916020625000002 0.7144361828125 0.24707362187499998 0.7119408 0.2458484125 0.6885623843750001 0.24376182968750001 0.686067003125 0.2422643484375 0.657493384375 0.240177765625 0.654998 0.2388164203125 0.629021984375 0.23672983749999998 0.6265265999999999 0.23550462656249999 0.6031481859375 0.23341804375000003 0.600652803125 0.23219283281249997 0.5772743874999999 0.23010625 0.5747790046875 0.2287449046875 0.5488029890624999 0.226658321875 0.5463076046875 0.225569246875 0.5255267921875 0.2234826640625 0.5230314078125 0.22225745312499998 0.49965299375 0.2201708703125 0.49715761093750005 0.21908179374999998 0.47637679843749997 0.21699521093750002 0.4738814140625 0.215633865625 0.4479053984375 0.21354728281250002 0.4454100140625 0.212322071875 0.42203160000000006 0.2102354890625 0.4195362171875 0.20887414375 0.39356019999999997 0.2067875609375 0.3910648171875 0.205698484375 0.370284003125 0.20361190156250003 0.367788621875 0.202114421875 0.33921500312499997 0.20002783906250002 0.33671961875 0.199347165625 0.3237316109375 0.1962172921875 0.3199885375 0.16696056718750002 0.3215218171875 0.16605341093749998 0.32287172656249996 0.16618954531250002 0.32546932812499996 0.16437523125 0.3281691484375 0.1664618140625 0.3306645328125 0.167687025 0.35404294531249997 0.1697736078125 0.3565383296875 0.17099881875 0.37991674531249997 0.17308540156250002 0.3824121265625 0.174719015625 0.41358334843750005 0.1768055984375 0.41607872968750004 0.17816694375 0.44205474687499996 0.1802535265625 0.4445501296875 0.18175100625 0.4731237484375 0.1838375890625 0.47561913125000005 0.1850628 0.498997546875 0.1871493828125 0.5014929296874999 0.18837459375 0.52487134375 0.1904611765625 0.527366728125 0.19182252187499998 0.55334274375 0.1939091046875 0.555838128125 0.195406584375 0.5844117453125001 0.1974931671875 0.586907128125 0.198990646875 0.615480746875 0.2010772296875 0.6179761296875 0.202438575 0.643952146875 0.20452515781249997 0.6464475296875001 0.2060226390625 0.6750211484374999 0.20810922187499997 0.6775165296875 0.20947056718749998 0.7034925484375 0.21155715000000003 0.7059879296875 0.2127823609375 0.7293663453125 0.21486894374999999 0.7318617296875 0.2163664234375 0.760435346875 0.21845300625 0.7629307296875 0.2198143515625 0.7889067468750001 0.22190093437499997 0.7914021296875 0.22217320312500002 0.7965973328125 0.22035888906249998 0.799297153125 0.22063115781249998 0.8044923562499999 0.222717740625 0.8069877406250001 0.22285387499999998 0.8095853406250001 0.22103956249999998 0.8122851624999999 0.2215841 0.82267556875 0.2236706828125 0.8251709515625001 0.224487490625 0.8407565625 0.2265740734375 0.84325194375 0.2275270140625 0.86143515625 0.229613596875 0.8639305390625 0.23056653906250002 0.88211375 0.232653121875 0.884609134375 0.2336060640625 0.9027923453125 0.23569264687499997 0.905287728125 0.23610104999999998 0.9130805328125 0.2371443421875 0.914328225 0.24494613437499999 0.9139193499999999 0.24703271718750003 0.9164147343750001 0.2548345109375 0.916005859375 0.25574166875 0.9146559484375001 0.25755598125 0.911956128125 0.257419846875 0.9093585265625 0.25637655625 0.908110834375 0.244673865625 0.9087241468749999 0.2415439921875 0.9049810718750001 0.24086331875 0.8919930640624999 0.24358478906249997 0.887943334375 0.25333703125 0.887432240625
0 0.32368808437499996 0.83034820625 0.3216015015625 0.8278528234375001 0.3206485609375 0.8096696109374999 0.318561978125 0.8071742296875 0.3174729015625 0.7863934140625 0.31538631875 0.7838980328125 0.31511405 0.7787028296875 0.3169283625 0.7760030078125 0.3148417796875 0.7735076265624999 0.31361656875 0.7501292109375 0.3115299859375 0.7476338265625 0.310304775 0.7242554125 0.3082181921875 0.7217600296875 0.306312309375 0.68539360625 0.3042257265625 0.6828982234375001 0.3025921125 0.651727003125 0.3005055296875 0.64923161875 0.29900804999999997 0.620658003125 0.2969214671875 0.61816261875 0.2950155828125 0.5817961953124999 0.292929 0.5793008125 0.2915676546875 0.5533247953125 0.289481071875 0.5508294125 0.2881197265625 0.5248533953125001 0.28603314375 0.5223580140624999 0.28453566406249997 0.4937843953125 0.28244908125 0.4912890109375 0.2809516015625 0.4627153921875 0.27886501875 0.4602200109375 0.2773675390625 0.4316463921875 0.27528095625 0.42915100937500006 0.27351120624999997 0.3953821875 0.2714246234375 0.3928868046875 0.26992714375000004 0.3643131859375 0.26784056093749997 0.361817803125 0.26634308125 0.333244184375 0.2642564984375 0.330748803125 0.263439690625 0.315163190625 0.2603098171875 0.31142011875 0.25835936875 0.31152233749999997 0.25627278593749997 0.309026953125 0.254458471875 0.3117267734375 0.22130085156249998 0.31346449062500004 0.2194865375 0.31616431093749997 0.20193250156250003 0.317084278125 0.19921103125 0.32113400937500003 0.1996194359375 0.328926815625 0.20170601718749998 0.331422196875 0.20320349843750002 0.359995815625 0.20529008124999998 0.3624912 0.206243021875 0.38067440937499997 0.2083296046875 0.38316979375 0.209554815625 0.406548209375 0.2116413984375 0.40904359062499995 0.212730475 0.42982440468750005 0.2148170578125 0.4323197875 0.21604226875000002 0.455698203125 0.2181288515625 0.45819358593750004 0.21962633125000003 0.48676720468749995 0.2217129140625 0.4892625875 0.222938125 0.5126410015625 0.2250247078125 0.5151363859375 0.226113784375 0.5359171984375 0.2282003671875 0.5384125828124999 0.229697846875 0.5669862 0.23178442968750002 0.5694815828124999 0.23273737187500002 0.5876647953125 0.2348239546875 0.5901601765625 0.23591303125000002 0.610940990625 0.23799961406249998 0.6134363734375 0.23895255468749999 0.6316195859375 0.24103913906250002 0.63411496875 0.24253661875 0.6626885875 0.2446232015625 0.66518396875 0.24612068125 0.6937575875 0.24820726406250002 0.696252971875 0.24956860937499997 0.7222289875000001 0.2516551921875 0.724724371875 0.2530165375 0.7507003875 0.2551031203125 0.7531957703125001 0.256464465625 0.7791717874999999 0.2585510484375 0.7816671703125 0.25977625937500004 0.8050455859375001 0.2618628421875 0.8075409671875 0.263632590625 0.8413097890625 0.2657191734375 0.8438051734375 0.26680825 0.8645859859374999 0.2688948328125 0.8670813703125001 0.270528446875 0.8982525890625 0.2726150296875 0.900747971875 0.2734318375 0.9163335828125 0.2765617109375 0.92007665625 0.28241305625 0.9197700015624999 0.2844996390625 0.9222653828125 0.31375636406249996 0.920732103125 0.3146635203125 0.91938219375 0.315570678125 0.918032284375 0.32922381562499997 0.9173167531249999 0.3319452859375 0.9132670218750001 0.3311284796875 0.8976814125000001 0.329041896875 0.8951860296874999 0.3274082828125 0.864014809375 0.3253217 0.8615194265625 0.32368808437499996 0.83034820625
0 0.358432315625 0.7842468234375 0.35634573281250004 0.781751440625 0.354575984375 0.7479826187499999 0.3524894015625 0.7454872359375 0.350991921875 0.7169136171875 0.3489053390625 0.714418234375 0.3461826484375 0.6624662015625 0.34409606406250004 0.6599708171875001 0.3432792578125 0.6443852078125001 0.341192675 0.641889825 0.3399674640625 0.6185114109375001 0.33788088125 0.6160160265625 0.3365195359375 0.5900400109375 0.334432953125 0.5875446265625001 0.3326632046875 0.55377580625 0.3305766203125 0.551280421875 0.329079140625 0.522706803125 0.32699255781250003 0.520211421875 0.32535894375 0.4890402 0.3232723609375 0.48654481875 0.3210942078125 0.4449831921875 0.319007625 0.44248780937500004 0.3171017421875 0.4061213859375 0.315015159375 0.40362600156250006 0.3135176796875 0.3750523828125 0.311431096875 0.3725570015625 0.3099336171875 0.34398338281249996 0.307847034375 0.3414879984375 0.30607728437500004 0.307719178125 0.3078915984375 0.3050193578125 0.3076193296875 0.2998241546875 0.305532746875 0.2973287703125 0.3073470609375 0.2946289515625 0.3072109265625 0.29203134999999997 0.30512434375 0.289535965625 0.3047159390625 0.28174316093749996 0.30262935625 0.279247778125 0.302220953125 0.27145497343749997 0.3011776609375 0.27020728125 0.2719209375 0.2717405609375 0.27010662343749997 0.2744403828125 0.264255278125 0.27474703749999996 0.2615338078125 0.27879676875000003 0.2616699421875 0.28139437031250003 0.259855628125 0.28409419062499996 0.260127896875 0.28928939374999996 0.2622144796875 0.2917847765625 0.263575825 0.31776079375 0.2656624078125 0.3202561765625 0.26661535000000003 0.3384393875 0.2687019328125 0.340934771875 0.2704716828125 0.37470359375 0.27255826562499996 0.377198975 0.2746002828125 0.41616300156249997 0.276686865625 0.418658384375 0.2780482109375 0.4446344015625 0.28013479375 0.44712978281250004 0.28163227343749997 0.4757034015625 0.28371885625000004 0.4781987859375 0.2852163359375 0.506772403125 0.28730291874999997 0.5092677859375 0.288936534375 0.54043900625 0.2910231171875 0.5429343890625 0.292520596875 0.5715080078125 0.2946071796875 0.5740033906249999 0.29624079375 0.605174609375 0.29832737656249997 0.60766999375 0.29982485625 0.6362436125 0.3019114390625 0.63873899375 0.303272784375 0.6647150125 0.3053593671875 0.66721039375 0.30685684687500003 0.6957840125 0.3089434296875 0.6982793968750001 0.31057704531249997 0.729450615625 0.31266362812500004 0.7319459984375001 0.3140249734375 0.757922015625 0.31611155625 0.7604173984375 0.31788130468750003 0.7941862203125 0.3199678875 0.7966816031249999 0.3210569640625 0.8174624171874999 0.323143546875 0.8199577984375 0.3247771609375 0.8511290203125 0.32686374375 0.8536244015625 0.3283612234375 0.8821980203124999 0.33044780625 0.8846934031250001 0.3318091515625 0.9106694203125001 0.33389573437500003 0.913164803125 0.33403186875 0.91576240625 0.33716174374999996 0.9195054796875001 0.3683689171875 0.91786998125 0.3692760734375 0.9165200703125 0.3710903875 0.9138202515625 0.3694567734375 0.88264903125 0.367370190625 0.880153646875 0.365600440625 0.846384825 0.3635138578125 0.84388944375 0.36242478125 0.8231086281250001 0.3603381984375 0.820613246875 0.358432315625 0.7842468234375
0 0.396808834375 0.9007510906249999 0.4026601796875 0.900444434375 0.40538165 0.8963947046875 0.40329506718749997 0.893899321875 0.4030227984375 0.88870411875 0.40574426875 0.8846543875 0.4076947171875 0.88455216875 0.4086018734375 0.8832022593750001 0.4084657390625 0.8806046578125001 0.40637915625 0.8781092734374999 0.404201003125 0.8365476484375 0.4060153171875 0.8338478265625 0.40560691406249993 0.8260550234374999 0.40352033125000003 0.8235596390625 0.40188671718749996 0.79238841875 0.399800134375 0.7898930359375 0.39830265468750004 0.7613194187500001 0.3962160703125 0.758824034375 0.3943101875 0.7224576125 0.3922236046875 0.719962228125 0.3900454515625 0.678400603125 0.38795886875 0.67590521875 0.387822734375 0.6733076171875 0.3896370484375 0.6706077968749999 0.3895009140625 0.6680101953124999 0.38741433125 0.6655148125 0.38605298593750004 0.6395387953125 0.38396640312499997 0.6370434125 0.3823327890625 0.6058721921875 0.38024620625 0.603376809375 0.3791571296875 0.5825959953125001 0.377070546875 0.5801006140625 0.3759814703125 0.5593198 0.3738948875 0.5568244171875001 0.37171673437499997 0.5152627890625 0.3696301515625 0.5127674078125 0.3679965375 0.4815961875 0.3659099546875 0.47910080468749994 0.3657738203125 0.47650320312499994 0.367588134375 0.4738033828125 0.367452 0.47120578125 0.3653654171875 0.46871039843749995 0.3638679375 0.44013677968750003 0.3617813546875 0.437641396875 0.36164521875 0.43504379374999996 0.3634595328125 0.43234397500000005 0.36137294999999997 0.42984859062499997 0.35973933593749996 0.39867737187499996 0.357652753125 0.3961819875 0.35465779375 0.33903475156249996 0.3525712109375 0.33653936875 0.351209865625 0.31056335156250003 0.348079990625 0.306820278125 0.34612954218750003 0.306922496875 0.34404295937499996 0.3044271125 0.33429071875 0.30493820625 0.3324764046875 0.307638028125 0.309071025 0.3088646515625 0.3063495546875 0.31291438125000004 0.30675795781250004 0.32070718593750003 0.308844540625 0.3232025703125 0.3106142890625 0.3569713921875 0.312700871875 0.3594667734375 0.31460675625 0.395833196875 0.3166933390625 0.3983285796875 0.31791855 0.4217069953125 0.3200051328125 0.42420237812500006 0.321911015625 0.46056880156249996 0.3239975984375 0.463064184375 0.322183284375 0.46576400468749996 0.3224555546875 0.470959209375 0.3245421375 0.473454590625 0.3261757515625 0.5046258124999999 0.328262334375 0.50712119375 0.3297598140625 0.5356948125 0.331846396875 0.5381901953125 0.3336161453125 0.5719590171875 0.335702728125 0.5744544 0.3373363421875 0.6056256203125 0.339422925 0.6081210031250001 0.340784271875 0.6340970203125 0.3428708546875 0.636592403125 0.3439599296875 0.6573732171875 0.34604651249999996 0.6598685984375 0.3478162625 0.6936374203125 0.34990284531250004 0.6961328046874999 0.351808728125 0.7324992265625 0.3538953109375 0.7349946109375 0.355392790625 0.763568228125 0.3574793734375 0.7660636125 0.35924912343750004 0.7998324343750001 0.36133570625 0.8023278156250001 0.3629693203125 0.8334990375 0.36505590312499997 0.83599441875 0.3665533828125 0.8645680375 0.368639965625 0.8670634203124999 0.3705458484375 0.90342984375 0.3726324328125 0.9059252265625 0.37317697031249997 0.9163156328125 0.37630684375 0.9200587078125 0.40361312031249996 0.918627646875 0.404520278125 0.9172777375000001 0.40542743437500006 0.9159278265624999 0.4073778828125 0.9158256078125 0.410099353125 0.911775878125 0.40905606250000004 0.9105281859375 0.3993038203125 0.9110392781250001 0.39617394687499996 0.9072962046875 0.39590167656249997 0.902101 0.396808834375 0.9007510906249999
0 0.43980904687500005 0.8815667609375 0.44162336093750004 0.8788669406249999 0.44107882187499997 0.8684765328124999 0.4389922390625 0.86598115 0.43858383593749994 0.8581883453125 0.43649725312500004 0.8556929625 0.4348636390625 0.8245217421875 0.43277705624999996 0.8220263593749999 0.43264092187500003 0.81942875625 0.434455234375 0.8167289375 0.43391069687500006 0.80633853125 0.4318241140625 0.803843146875 0.43087117187499996 0.7856599359375 0.42878458906250005 0.783164553125 0.42633416718749995 0.7364077234375 0.42424758437500004 0.733912340625 0.4224778359375 0.7001435171875 0.42039125312500003 0.6976481359375 0.41467360312499996 0.588548865625 0.41258702031250005 0.5860534828125 0.4105450015625 0.5470894562499999 0.40845841875 0.544594075 0.40682480468750004 0.513422853125 0.404738221875 0.510927471875 0.40310460781249996 0.47975625156249996 0.40101802500000006 0.47726086875 0.39938440937499997 0.4460896484375 0.3972978265625 0.443594265625 0.39539194375000003 0.40722784218749997 0.3933053609375 0.4047324578125 0.391671746875 0.3735612390625 0.3895851640625 0.3710658546875 0.3879515484375 0.3398946359375 0.385864965625 0.33739925312499996 0.38450362031249996 0.3114232359375 0.381373746875 0.3076801609375 0.3794232984375 0.3077823796875 0.377336715625 0.3052869984375 0.3753862671875 0.3053892171875 0.373571953125 0.30808903593750003 0.35601791875 0.3090090046875 0.3551107625 0.3103589140625 0.355246896875 0.3129565171875 0.3534325828125 0.31565633593750003 0.35551916562499997 0.3181517203125 0.3572889140625 0.351920540625 0.359375496875 0.35441592499999997 0.36128138125000003 0.390782346875 0.3633679640625 0.39327773125 0.365273846875 0.42964415312500004 0.3673604296875 0.4321395375 0.3695385828125 0.4737011640625 0.371625165625 0.47619654687499996 0.3733949140625 0.5099653671875 0.375481496875 0.5124607515624999 0.3771151109375 0.5436319703125 0.37920169375 0.5461273546875 0.38097144374999997 0.5798961765625 0.3830580265625 0.5823915578125 0.38510004375 0.621355584375 0.3871866265625 0.6238509671875 0.3895009140625 0.6680101953124999 0.391587496875 0.670505578125 0.3930849765625 0.699079196875 0.395171559375 0.701574578125 0.397485846875 0.7457338078125 0.3995724296875 0.748229190625 0.4020228515625 0.7949860203125 0.404109434375 0.7974814046875001 0.4058791828125 0.8312502265624999 0.40796576562500003 0.8337456078125 0.410007784375 0.8727096328125 0.4120943671875 0.8752050171875 0.41400024999999996 0.911571440625 0.417130125 0.9153145140625 0.42298146875000003 0.9150078578124999 0.42506805156249994 0.9175032421875 0.42597520937500005 0.91615333125 0.42688236562500004 0.9148034203125001 0.43858505625 0.914190109375 0.44130652656249997 0.9101403796875 0.44048971875 0.89455476875 0.4423040328125 0.8918549484374999 0.44216789843750004 0.8892573468749999 0.44008131562499997 0.8867619640625 0.43980904687500005 0.8815667609375
0 0.46457333125 0.7943126265625 0.461986775 0.7449581937499999 0.4599001921875 0.7424628109375 0.458811115625 0.721681996875 0.4567245328125 0.7191866140625 0.45468251562499995 0.680222590625 0.45259593281250005 0.6777272062499999 0.451098453125 0.6491535875000001 0.4490118703125 0.6466582062499999 0.44887573593749996 0.644060603125 0.45069004843749993 0.6413607828125001 0.44860346562500003 0.6388654 0.4465614484375 0.599901375 0.444474865625 0.5974059921875 0.4432496546875 0.5740275765625 0.441163071875 0.57153219375 0.43912105312499994 0.5325681703125 0.43703447031250003 0.5300727859375 0.43512858750000005 0.4937063640625 0.4330420046875 0.4912109796875 0.43086385156249996 0.449649353125 0.42877726875000005 0.4471539703125 0.426054578125 0.3952019375 0.42968320625 0.389802296875 0.42564617499999996 0.38740913125 0.42551004062500003 0.38481153125 0.4273243546875 0.382111709375 0.42487393281249997 0.3353548796875 0.42278735 0.332859496875 0.422651215625 0.3302618953125 0.4244655296875 0.327562075 0.4223789453125 0.3250666921875 0.4218344078125 0.314676284375 0.42079111718749995 0.31342859375 0.39153439218749997 0.31496187343750004 0.389720078125 0.31766169375 0.3877696296875 0.31776391249999997 0.3868624734375 0.3191138234375 0.38876835625 0.3554802453125 0.3908549390625 0.35797562968749996 0.39248855312500003 0.38914684843749997 0.3945751359375 0.3916422328125 0.3963448859375 0.4254110546875 0.39843146875 0.4279064359375 0.4000650828125 0.45907765625 0.40215166562500004 0.4615730390625 0.4039214140625 0.4953418625 0.406007996875 0.49783724375 0.40791388125 0.53420366875 0.4100004640625 0.53669905 0.41163407812499997 0.5678702703125 0.41372066093750004 0.570365653125 0.41562654375 0.6067320765625001 0.41771312656250004 0.609227459375 0.41961901093750004 0.6455938828125001 0.42170559374999994 0.6480892671875 0.42388374687499997 0.6896508921875 0.42597032968750004 0.6921462765624999 0.427740078125 0.7259150984375 0.4298266609375 0.7284104796875 0.431324140625 0.7569840984375 0.4334107234375 0.75947948125 0.43504433750000004 0.7906507015625001 0.43713092031249995 0.793146084375 0.4386284 0.8217197031250001 0.4407149828125 0.8242150875 0.4426208671875 0.860581509375 0.44470745 0.86307689375 0.44538812187500004 0.8760649 0.44643141406250003 0.8773125921875 0.44838186249999995 0.877210375 0.45046844531249997 0.8797057562499999 0.4719233765625 0.8785813515625 0.4728305328125 0.877231440625 0.47269439843749994 0.8746338390625 0.47450871250000004 0.87193401875 0.47423644375 0.866738815625 0.4721498609375 0.8642434328125 0.47010784218749996 0.8252794078125 0.46802125937500005 0.822784025 0.4666599140625 0.7968080078125 0.46457333125 0.7943126265625
0 0.5207279296875 0.7835554796875 0.518641346875 0.7810600953125 0.5167354625 0.7446936734375 0.5146488796875001 0.7421982890625001 0.5121984578125 0.695441459375 0.510111875 0.6929460765625 0.5082059921875001 0.656579653125 0.506119409375 0.6540842703124999 0.5038051218749999 0.6099250421875 0.5017185390625001 0.6074296593749999 0.49913198281250004 0.558075228125 0.4970454 0.55557984375 0.49459497812500003 0.5088230140625 0.4925083953125 0.50632763125 0.490466378125 0.46736360625 0.4883797953125 0.4648682234375 0.4863377765625 0.4259041984375 0.48425119375000003 0.4234088140625 0.4824814453125 0.38963999375 0.4803948625 0.38714461093749997 0.47780830625000004 0.337790178125 0.4757217234375 0.335294796875 0.4735435703125 0.29373316875 0.4714569875 0.29123778749999996 0.4702317765625 0.26785937187500003 0.46814519375 0.2653639875 0.46800905937500004 0.26276638750000003 0.46696576875 0.2615186953125 0.43380814687499997 0.2632564125 0.4319938328125 0.26595623281249997 0.4222415921875 0.2664673265625 0.421334434375 0.2678172359375 0.42419325937499996 0.322366871875 0.4262798421875 0.3248622546875 0.4281857265625 0.361228678125 0.430272309375 0.3637240609375 0.43190592343749995 0.39489528125 0.43399250624999997 0.3973906625 0.4365790625 0.44674509531249995 0.4386656453125 0.449240478125 0.440299259375 0.4804116984375 0.4423858421875 0.48290708125000004 0.4444278609375 0.52187110625 0.44651444375000005 0.5243664890625 0.44869259531249994 0.5659281171874999 0.450779178125 0.5684234984375001 0.45268506249999996 0.6047899218749999 0.45477164531250003 0.6072853046875 0.45694979843750005 0.64884693125 0.45903638124999996 0.651342315625 0.46094226406249994 0.6877087375000001 0.463028846875 0.690204121875 0.46479859531249995 0.72397294375 0.46688517812499997 0.726468325 0.46919946562500003 0.7706275546875 0.4712860484375 0.7731229374999999 0.4736003359375 0.8172821656249999 0.47568691875 0.8197775484375001 0.4738726046875 0.8224773703125001 0.47428100781250004 0.8302701734375001 0.47636759062499995 0.8327655578125001 0.47827347500000006 0.8691319796875 0.48036005781249996 0.8716273640625 0.4811768640625 0.8872129734374999 0.483263446875 0.8897083562500001 0.4836718515625 0.8975011609375001 0.486801725 0.9012442359374999 0.49265307031249994 0.9009375796875 0.494739653125 0.9034329640625 0.523996378125 0.9018996828124999 0.524903534375 0.900549771875 0.5285321625 0.89515013125 0.528396028125 0.89255253125 0.5302103421875 0.8898527093749999 0.529665803125 0.879462303125 0.5275792203125 0.876966921875 0.5251287984374999 0.8302100906250001 0.5230422156250001 0.8277147078124999 0.5207279296875 0.7835554796875
0 0.5482594703125 0.711784734375 0.5461728875 0.709289353125 0.54358633125 0.6599349203125 0.5414997484375 0.6574395375 0.5389131921875 0.60808510625 0.536826609375 0.6055897234375001 0.5354652640625 0.5796137078125 0.53337868125 0.5771183234375 0.5314727968749999 0.5407519 0.5293862140625001 0.5382565171875 0.5292500796875 0.535658915625 0.53106439375 0.5329590953125 0.530928259375 0.53036149375 0.5288416765624999 0.5278661109375 0.5267996578125 0.4889020859375 0.524713075 0.486406703125 0.52158198125 0.42666186406250006 0.5194953984375 0.42416648125 0.5193592640625 0.421568878125 0.5211735765625 0.41886905937499996 0.51908699375 0.416373675 0.5159559 0.3566288375 0.5138693171875001 0.3541334546875 0.5110104921875 0.29958382031249997 0.508923909375 0.2970884359375 0.5064734875 0.25033160625 0.5033436140624999 0.2465885328125 0.485789578125 0.24750850156249998 0.4839752640625 0.2502083203125 0.47032212656250005 0.25092385156249997 0.4694149703125 0.2522737609375 0.4702317765625 0.26785937187500003 0.472318359375 0.2703547546875 0.474904915625 0.3197091859375 0.4769914984375 0.32220456875000003 0.48053099687499995 0.38974221249999996 0.48261757968749996 0.3922375953125 0.4827537140625 0.394835196875 0.4809394 0.3975350171875 0.48107553437500006 0.40013261875 0.48316211718749996 0.4026280015625 0.4832982515625 0.40522560468749996 0.4814839390625 0.4079254234375 0.48357052187500005 0.41042080781249995 0.4845234625 0.42860401875000004 0.4866100453125 0.4310994015625 0.48783525625 0.4544778171875 0.48992183906250003 0.4569731984375 0.49141931874999994 0.4855468171875 0.49350590156249996 0.4880422015625 0.49541178593749996 0.524408625 0.49749836875 0.5269040078125 0.500084925 0.5762584390625001 0.5021715078125 0.578753821875 0.5054387359375 0.6410962625 0.5075253187500001 0.6435916453125 0.509431203125 0.67995806875 0.5115177859375 0.6824534515625 0.5135598031249999 0.7214174765625 0.5156463859375 0.723912859375 0.5178245390625 0.7654744859375 0.519911121875 0.7679698703125 0.5222254093750001 0.8121290968749999 0.5243119921875 0.8146244796875 0.5262178750000001 0.850990903125 0.5283044578125 0.8534862875 0.5300742078125 0.887255109375 0.5352906640625 0.8934935656249999 0.5430924578125 0.8930846906250001 0.545179040625 0.895580075 0.5588321781250001 0.89486454375 0.5597393359375 0.8935146328125001 0.563504096875 0.8907125953125 0.5610536749999999 0.8439557640625001 0.5589670921875001 0.8414603812499999 0.556516671875 0.7947035515625 0.5544300890625 0.79220816875 0.5523880703125 0.75324414375 0.5503014875 0.750748759375 0.5482594703125 0.711784734375
0 0.6114930625 0.8361028765625 0.6094064796875001 0.8336074921875 0.6072283281249999 0.7920458671875 0.60514174375 0.7895504828125001 0.6030997265625 0.7505864578125 0.60101314375 0.7480910749999999 0.5984265875 0.69873664375 0.5963400046875 0.6962412609374999 0.5940257171875001 0.65208203125 0.591939134375 0.64958665 0.5894887125 0.60282981875 0.5874021296875 0.6003344359375 0.582909690625 0.5146135796875 0.5808231078125 0.5121181984375001 0.5776920140625 0.452373359375 0.57560543125 0.44987797656249995 0.570568453125 0.353766715625 0.5684818703125 0.35127133125 0.56793733125 0.340880925 0.5697516453125 0.33818110625000003 0.5676650624999999 0.335685721875 0.5633087578125 0.25256246875 0.5612221749999999 0.2500670859375 0.560813771875 0.2422742796875 0.5597704796875 0.2410265890625 0.51491016875 0.24337761875 0.5130958546875 0.24607743906250001 0.51114540625 0.2461796578125 0.5084239359375 0.2502293875 0.51209956875 0.3203646328125 0.5141861515625 0.3228600171875 0.5165004375 0.36701924375 0.5185870203125 0.3695146265625 0.5207651734375001 0.41107625312499996 0.52285175625 0.41357163750000003 0.5210374421874999 0.41627145624999995 0.5211735765625 0.41886905937499996 0.523260159375 0.4213644421875 0.5261189859375001 0.47591407812500003 0.52820556875 0.478409459375 0.5306559890625 0.525166290625 0.5327425734375 0.5276616734374999 0.5354652640625 0.5796137078125 0.537551846875 0.5821090890625 0.5397299984374999 0.6236707171875 0.54181658125 0.6261660984375 0.543994734375 0.667727725 0.5460813171875001 0.670223109375 0.5488040078124999 0.722175140625 0.550890590625 0.724670525 0.5526603390625 0.758439346875 0.554746921875 0.7609347296875 0.556925075 0.80249635625 0.5590116578125001 0.8049917390625 0.5610536749999999 0.8439557640625001 0.563140259375 0.8464511484375 0.5649100078125 0.8802199703125 0.566996590625 0.8827153515624999 0.5674049937500001 0.8905081578124999 0.5747080343750001 0.8992419984375 0.5805593796874999 0.8989353421875 0.5826459625 0.901430725 0.6021504453125 0.9004085375 0.6030576015625 0.8990586281249999 0.6039647593749999 0.89770871875 0.609816103125 0.8974020625 0.6143518875 0.8906525109375 0.614215753125 0.888054909375 0.6160300671875001 0.8853550890624999 0.6153493953125 0.87236708125 0.6132628125 0.869871696875 0.6114930625 0.8361028765625
0 0.660660234375 0.7293366859375 0.6585736515625 0.7268413046875 0.65489801875 0.656706059375 0.6528114359375 0.6542106750000001 0.6496803421874999 0.5944658375 0.6475937593750001 0.591970453125 0.6445987984375 0.5348232171875 0.6425122156249999 0.532327834375 0.6384281796875 0.45439978593749997 0.636341596875 0.4519044015625 0.6333466375000001 0.394757165625 0.6312600546875 0.39226178125 0.6279928265625 0.329919340625 0.62590624375 0.327423959375 0.6220944765625 0.2546911125 0.62000789375 0.25219572968750004 0.6198717593749999 0.249598128125 0.6188284671875001 0.2483504359375 0.5934726390625 0.249679278125 0.591658325 0.2523791 0.5721538421875 0.2534012859375 0.570339528125 0.2561011046875 0.5683890796875 0.25620332343749996 0.5656676093749999 0.26025305468750004 0.5668928203125 0.28363147031249997 0.568979403125 0.28612685312499997 0.5719743625 0.343274090625 0.5740609453125 0.345769471875 0.57446935 0.35356227812499996 0.5726550359375 0.3562620984375 0.5727911703124999 0.3588597 0.574877753125 0.3613550828125 0.5789617890625001 0.43928313281250003 0.5810483718749999 0.441778515625 0.583362659375 0.4859377453125 0.5854492421875 0.4884331265625 0.5880357984375 0.5377875578125 0.5901223812499999 0.5402829421875001 0.592845071875 0.592234975 0.5949316546875 0.5947303578125 0.599015690625 0.672658409375 0.6011022734375 0.675153790625 0.60300815625 0.7115202140625 0.6050947390625 0.714015596875 0.6067283546875 0.7451868171875 0.6088149375 0.7476822000000001 0.6128989734375 0.8256102515625001 0.61498555625 0.8281056328125 0.6181166499999999 0.887850471875 0.6202032328125 0.8903458546874999 0.6206116359375 0.898138659375 0.62269821875 0.90063404375 0.6228343546875 0.9032316437500001 0.625964228125 0.9069747187500001 0.6357164703125 0.9064636265624999 0.6378030531250001 0.9089590078124999 0.6456048453125 0.9085501328125 0.646512003125 0.9072002234375001 0.6474191593749999 0.9058503140624999 0.6708245390625 0.904623690625 0.6735460093750001 0.9005739593750001 0.6716401265624999 0.8642075359374999 0.66955354375 0.8617121531249999 0.6660140453125 0.794174509375 0.6639274625 0.7916791265625001 0.660660234375 0.7293366859375
0 0.7107852265625 0.8647607640625001 0.708607075 0.8231991375 0.7065204921875 0.8207037546875 0.7013473796875 0.721994890625 0.699260796875 0.7194995093750001 0.6958574328125 0.6545594671875 0.69377085 0.6520640828125 0.6890061421875 0.5611480249999999 0.6869195593749999 0.5586526421875 0.6813380437500001 0.452150975 0.679251459375 0.44965559062500005 0.6747590203125 0.3639347359375 0.676573334375 0.361234915625 0.6748035859375 0.32746609375 0.6766178984375 0.3247662734375 0.6759372265625 0.311778265625 0.67385064375 0.3092828828125 0.6696304734375 0.22875723125 0.6665005984375 0.22501415625 0.639194321875 0.2264452171875 0.6373800078125 0.2291450375 0.6237268703125001 0.22986056718749998 0.6219125562500001 0.2325603890625 0.618011659375 0.23276482656250003 0.613475875 0.2395143765625 0.6136120093749999 0.242111978125 0.6198717593749999 0.249598128125 0.62000789375 0.25219572968750004 0.6220944765625 0.2546911125 0.6250894359375 0.31183835000000004 0.62717601875 0.31433373124999997 0.629626440625 0.3610905625 0.6317130234375 0.36358594375000003 0.6352525203125 0.43112358906250003 0.637339103125 0.4336189703125 0.6407424671874999 0.4985590125 0.64282905 0.5010543953125 0.6469130859375001 0.578982446875 0.6489996687499999 0.5814778281249999 0.651586225 0.630832259375 0.6536728078125 0.6333276437500001 0.657620709375 0.7086580921875 0.6597072921875 0.7111534749999999 0.6628383859375 0.7708983140625 0.6649249687500001 0.7733936953125 0.6683283328125 0.8383337375 0.670414915625 0.8408291218749999 0.6723207984374999 0.8771955437500001 0.6744073828125 0.879690928125 0.6746796515625 0.88488613125 0.6757229421875001 0.8861338218749999 0.677673390625 0.886031603125 0.6797599734374999 0.8885269875 0.68561131875 0.88822033125 0.6876979015625 0.8907157124999999 0.7091528328125001 0.8895913078125 0.7100599890625 0.8882413984375 0.711874303125 0.8855415765625001 0.71173816875 0.8829439765625 0.7135524828124999 0.8802441546875001 0.7132802140625001 0.8750489515625001 0.71119363125 0.8725535703125 0.711057496875 0.8699559671875001 0.7128718093749999 0.8672561484375001 0.7107852265625 0.8647607640625001
0 0.7675289281250001 0.8279253828125 0.7671205234375 0.8201325765625 0.7689348375 0.8174327578125 0.7678457609375 0.7966519437499999 0.7657591781249999 0.7941565609375 0.7675734921874999 0.7914567406249999 0.7674373578125 0.7888591390624999 0.765350775 0.78636375625 0.765214640625 0.7837661546875 0.7670289546875 0.781066334375 0.7652592046875 0.7472975125 0.763172621875 0.7448021296875 0.762628084375 0.734411721875 0.7644423984375 0.731711903125 0.7641701296875001 0.7265167 0.762083546875 0.724021315625 0.744249921875 0.3837354984375 0.7421633390625 0.3812401140625 0.7390322453125 0.3214952765625 0.737988953125 0.32024758593749997 0.7360385046875 0.3203498046875 0.7339519218749999 0.3178544203125 0.7321376093749999 0.3205542421875 0.7028808843750001 0.322087521875 0.7010665703125001 0.32478734062500003 0.6971656734375 0.324991778125 0.695079090625 0.322496396875 0.69117819375 0.3227008328125 0.6893638796875 0.325400653125 0.6815620874999999 0.325809528125 0.6797477734374999 0.3285093484375 0.677797325 0.3286115671875 0.67689016875 0.32996147656249997 0.6815187421875 0.41827993281250003 0.683605325 0.4207753171875 0.6910927250000001 0.5636434078125 0.6931793078124999 0.5661387906249999 0.6963104015625 0.6258836296875 0.698396984375 0.6283790125000001 0.7008474062500001 0.6751358421875 0.7029339890624999 0.6776312265625 0.7060650828124999 0.7373760640625 0.708151665625 0.739871446875 0.7137331828125 0.8463731156250001 0.7158197656249999 0.8488684984375 0.7159559 0.8514661 0.7141415859375 0.8541659203125 0.7162281687500001 0.856661303125 0.7182701859375 0.8956253296875 0.7224433515625 0.9006160953125001 0.7225794875 0.9032136953125001 0.723622778125 0.9044613874999999 0.7255732265625 0.9043591687499999 0.72661651875 0.9056068609375 0.7267526531249999 0.9082044609375 0.731969109375 0.9144429203125 0.7417213515625 0.9139318265625 0.743807934375 0.916427209375 0.7691637625000001 0.915098365625 0.77007091875 0.9137484562499999 0.7718852328125 0.9110486359375001 0.7694348109375 0.86429180625 0.771249125 0.8615919859375 0.7707045859375 0.8512015796875 0.7686180031250001 0.8487061953125 0.7704323171875 0.8460063765625 0.7696155109375 0.830420765625 0.7675289281250001 0.8279253828125
0 0.8082160734375 0.8205835875 0.806129490625 0.8180882046875 0.8046320109374999 0.7895145859375 0.8064463234374999 0.786814765625 0.7975975796875 0.61797065625 0.795510996875 0.615475275 0.7869345203125 0.4518263703125 0.788748834375 0.4491265484375 0.78834043125 0.44133374375 0.7862538484375 0.43883836093750006 0.7857093093749999 0.42844795468749997 0.7875236234375 0.42574813437500003 0.7801723593750001 0.28547764375 0.7780857765625 0.2829822609375 0.77781350625 0.2777870578125 0.776770215625 0.27653936562500003 0.7611666296874999 0.277357115625 0.7590800468750001 0.27486173125 0.751278253125 0.27527060625 0.7494639390625 0.277970428125 0.74361259375 0.278277084375 0.7417982796875 0.280976903125 0.7359469359374999 0.281283559375 0.734132621875 0.2839833796875 0.730231725 0.28418781718749997 0.726603096875 0.2895874578125 0.72465265 0.2896896765625 0.7228383359375 0.2923894984375 0.7208878875 0.2924917171875 0.7190735734375 0.2951915359375 0.713222228125 0.2954981921875 0.712315071875 0.2968481015625 0.71245120625 0.2994457046875 0.713494496875 0.3006933953125 0.7271476359375 0.29997786406250004 0.7281909265625 0.3012255578125 0.7288716 0.3142135640625 0.7320014734375 0.3179566390625 0.73785281875 0.3176499828125 0.74098269375 0.3213930578125 0.7506482453125 0.5058227750000001 0.752734828125 0.508318159375 0.753007096875 0.5135133625 0.7511927828125 0.5162131828125001 0.753279365625 0.518708565625 0.7585886125 0.6200150296875 0.7567743 0.6227148515625001 0.757863375 0.6434956640625 0.7599499578125 0.6459910468750001 0.773699546875 0.908348815625 0.7747428375000001 0.9095965078124999 0.778643734375 0.9093920703125 0.7807303171875 0.9118874531250001 0.80803659375 0.9104563921875 0.8089437500000001 0.90910648125 0.812572378125 0.9037068406250001 0.81243624375 0.9011092390625001 0.8103496609375 0.8986138562500001 0.8102135265625 0.8960162546875001 0.812027840625 0.8933164343750001 0.8084883421875 0.825778790625 0.806401759375 0.8232834078125 0.8082160734375 0.8205835875
0 0.8186837921875 0.3485777484375 0.82049810625 0.3458779296875 0.8203619703125 0.3432803265625 0.8182753875 0.3407849453125 0.8200897015624999 0.3380851234375 0.8150527234375 0.2419738625 0.8129661406249999 0.23947848125 0.8128300062499999 0.23688087812499997 0.811786715625 0.2356331875 0.790331784375 0.23675759218749998 0.7885174703125 0.23945741250000002 0.7768147796875 0.2400707234375 0.7750004671874999 0.24277054531250003 0.7691491218750001 0.2430772015625 0.7673348078125 0.24577702031249998 0.7634339109375 0.2459814578125 0.7616195968749999 0.248681278125 0.7577187015625 0.248885715625 0.7559043875 0.2515855359375 0.752003490625 0.2517899734375 0.7501891765625001 0.25448979375 0.748238728125 0.25459201249999996 0.7464244140625 0.2572918328125 0.744473965625 0.2573940515625 0.742659653125 0.260093871875 0.73875875625 0.260298309375 0.7360372859375001 0.26434803906250004 0.7367179578124999 0.2773360484375 0.7377612499999999 0.2785837390625 0.7455630421875 0.278174865625 0.74737735625 0.27547504375 0.751278253125 0.27527060625 0.7530925671875 0.27257078749999997 0.755043015625 0.27246856875000003 0.7571295984375 0.27496394999999996 0.7688322875 0.2743506390625 0.7709188703125001 0.276846021875 0.77286931875 0.276743803125 0.7746836328125 0.2740439828125 0.7799000890625 0.280282440625 0.8087606109375001 0.83097399375 0.8108471937499999 0.833469378125 0.810983328125 0.836066978125 0.8091690140625 0.8387667999999999 0.8112555968749999 0.84126218125 0.8120724046875001 0.8568477906249999 0.8102580906249999 0.8595476124999999 0.8103942249999999 0.8621452140624999 0.8124808078125 0.8646405968750001 0.8126169437499999 0.8672382000000001 0.8108026296874999 0.8699380187499999 0.81243624375 0.9011092390625001 0.8155661171874999 0.9048523124999999 0.8214174625 0.90454565625 0.8235040453125 0.907041040625 0.82545449375 0.906938821875 0.8272688078125 0.9042389999999999 0.82921925625 0.9041367828125001 0.8313058390625001 0.906632165625 0.8332562875 0.906529946875 0.83416344375 0.9051800374999999 0.8350706015625 0.9038301265625 0.8428723937499999 0.9034212515625001 0.8437795515625 0.9020713421875 0.8416013984375 0.860509715625 0.8434157125 0.8578098953125 0.828032509375 0.5642809078125001 0.8298468234374999 0.5615810859375 0.8186837921875 0.3485777484375
0 0.8993896109374999 0.8809237890625001 0.9012039234375001 0.8782239687500001 0.9010677890625001 0.8756263671875001 0.89898120625 0.8731309843749999 0.9007955203125 0.8704311640625001 0.8986173687499999 0.8288695374999999 0.9004316812500001 0.8261697171875 0.89702831875 0.7612296749999999 0.8988426328125 0.7585298546875 0.8969367484375 0.72216343125 0.8987510625 0.7194636109375 0.8966644796875001 0.716968228125 0.8984787937500001 0.7142684078125 0.8950754296874999 0.649328365625 0.8968897437500001 0.6466285453125 0.8933502453125 0.5790909015625 0.895164559375 0.5763910828125 0.8906721203125001 0.49067022812500005 0.8924864343750001 0.48797040625 0.889899878125 0.438615975 0.891714190625 0.4359161546875 0.88871923125 0.3787689171875 0.8905335453125 0.3760690984375 0.8884469625 0.3735737140625 0.888310828125 0.3709761140625 0.8901251421874999 0.3682762921875 0.8865856437499999 0.30073865 0.8883999578124999 0.2980388296875 0.8879915546875001 0.29024602499999996 0.8859049718750001 0.287750640625 0.884407490625 0.25917702187499997 0.8862218046875 0.256477203125 0.8828184421874999 0.1915371609375 0.8796885671875 0.18779408749999998 0.846530946875 0.1895318046875 0.8447166328125 0.1922316234375 0.8193608046874999 0.1935604671875 0.817546490625 0.1962602875 0.8116951453125001 0.19656694375 0.8107879890625 0.19791685312500001 0.8126938718750001 0.23428327499999999 0.8147804546874999 0.236778659375 0.8192728953125 0.3224995140625 0.81745858125 0.3251993359375 0.8195451640625 0.3276947171875 0.8198174328125001 0.33288992031250003 0.8180031187499999 0.3355897421875 0.8272602671874999 0.5122266546875001 0.8254459531249999 0.514926475 0.8385148687499999 0.7642962343749999 0.8367005546874999 0.76699605625 0.8387871375 0.7694914374999999 0.8389232734375 0.772089040625 0.837108959375 0.7747888609375 0.83724509375 0.7773864625 0.8393316765625001 0.7798818453125 0.8394678109375 0.782479446875 0.837653496875 0.7851792671875 0.83778963125 0.78777686875 0.8398762140624999 0.7902722515625 0.8400123484375 0.792869853125 0.8381980359375 0.7955696734375 0.8383341703125 0.7981672750000001 0.840420753125 0.8006626578124999 0.8405568875 0.8032602609374999 0.8387425734375 0.8059600796874999 0.8388787078125001 0.8085576828125 0.840965290625 0.8110530640625001 0.841101425 0.8136506671875001 0.8392871109375 0.8163504859374999 0.8394232453124999 0.8189480890624999 0.841509828125 0.8214434718750001 0.839695515625 0.8241432921875 0.8432350124999999 0.8916809359375 0.8484514703125001 0.8979193921874999 0.85040191875 0.8978171734375 0.8524885015624999 0.9003125578125 0.8680920875 0.8994948078125 0.8701786703125001 0.9019901906250001 0.8779804640625001 0.9015813156249999 0.8788876203125 0.90023140625 0.8797947781250001 0.8988814953125001 0.8875965703125 0.898472621875 0.889410884375 0.8957727999999999 0.8952622296875001 0.89546614375 0.8970765437500001 0.892766325 0.8990269921875 0.89266410625 0.8999341484375 0.891314196875 0.8993896109374999 0.8809237890625001
0 0.9555863328124999 0.7216944734374999 0.9574006468749999 0.718994653125 0.9544056859375001 0.6618474156249999 0.9562200000000001 0.659147596875 0.9533611750000001 0.6045979609375001 0.9551754890625 0.601898140625 0.9532696046875 0.5655317171875 0.95508391875 0.562831896875 0.9522250937500001 0.5082822609375001 0.9540394078125001 0.5055824421875 0.95240579375 0.47441122187499996 0.9542201078125 0.4717114015625 0.9521335234375 0.46921601874999996 0.9539478375 0.4665161984375 0.9512251468749999 0.414564165625 0.9530394609374999 0.41186434375000003 0.9504529046875 0.36250991250000003 0.95226721875 0.3598100921875 0.9496806624999999 0.3104556609375 0.9514949765624999 0.30775583906250004 0.948227746875 0.24541339999999998 0.9500420609375 0.24271357968750001 0.9499059265625001 0.24011597812500002 0.94781934375 0.2376205953125 0.947683209375 0.23502299375 0.9466399171875001 0.233775303125 0.9173831937499999 0.23530858281249997 0.9155688796874999 0.2380084015625 0.8941139484375 0.2391328078125 0.892299634375 0.241832628125 0.8903491859375 0.241934846875 0.887627715625 0.245984578125 0.8902142718749999 0.295339009375 0.8883999578124999 0.2980388296875 0.892620128125 0.3785644796875 0.8908058140625 0.3812643015625 0.8943453124999999 0.44880194375000004 0.8925309984375 0.45150176562500005 0.8964789 0.5268322125 0.8946645859375 0.5295320328125 0.8991570265625001 0.6152528890625 0.8973427125000001 0.6179527078125 0.8997931343750001 0.6647095390625 0.8979788203125001 0.667409359375 0.8983872234374999 0.6752021640625 0.90047380625 0.677697546875 0.900609940625 0.68029515 0.8987956265625 0.68299496875 0.9005653765625 0.7167637906250001 0.8987510625 0.7194636109375 0.9024266953125 0.78959885625 0.90061238125 0.7922986765625 0.9040157437499999 0.85723871875 0.90220143125 0.8599385390625001 0.9036989109375 0.88851215625 0.91100195 0.897245996875 0.914902846875 0.897041559375 0.9169894296875001 0.8995369421875001 0.9384443609374999 0.8984125374999999 0.94053094375 0.9009079203124999 0.95613453125 0.9000901718750001 0.9570416875 0.8987402609374999 0.9588560015625 0.896040440625 0.9584475984375 0.8882476359375 0.9602619109375 0.885547815625 0.9582198937499999 0.846583790625 0.9600342078124999 0.8438839703125 0.9560863062499999 0.768553521875 0.9579006203124999 0.7658537015625 0.9555863328124999 0.7216944734374999
0 0.991511209375 0.735440146875 0.9933255234375 0.732740328125 0.99005829375 0.6703978859374999 0.9918726078125 0.6676980671875 0.9896944546875 0.6261364390625 0.9915087687499999 0.6234366203125 0.988241540625 0.5610941796875 0.9900558546875 0.558394359375 0.9889667781249999 0.5376135468750001 0.9907810921875001 0.534913725 0.987377728125 0.46997368437500003 0.9891920421875 0.4672738640625 0.9876945625 0.43870024531249996 0.9895088765625 0.436000425 0.9866500500000001 0.38145078906249996 0.9884643640625 0.3787509703125 0.9858778078125001 0.3293965375 0.9876921218750001 0.32669671875 0.9853778343749999 0.2825374890625 0.9871921484374999 0.27983766875 0.9866476109375 0.2694472625 0.9835177359375 0.2657041875 0.9581619078125 0.26703303125 0.9563475953125 0.26973284999999997 0.954397146875 0.26983506875 0.951675675 0.2738848 0.9545345015625 0.3284344359375 0.9527201875 0.3311342546875 0.9553067437499999 0.3804886875 0.9534924296874999 0.3831885078125 0.9536285640625 0.385786109375 0.955715146875 0.3882814921875 0.9539008328125 0.3909813125 0.9559428515624999 0.42994533749999997 0.9541285374999999 0.43264515625 0.9564428250000001 0.4768043859375 0.9546285109375001 0.47950420625 0.9580318734375 0.5444442484375001 0.9562175609375 0.5471440671875001 0.9579873093750001 0.5809128890624999 0.9561729953125001 0.5836127109375 0.9586234171875001 0.6303695406250001 0.9568091031250001 0.6330693593750001 0.9598040624999999 0.690216596875 0.95798975 0.6929164171875 0.9596233640625 0.7240876375 0.95780905 0.7267874578125 0.9631182968750001 0.8280939234375 0.9613039828125001 0.8307937437499999 0.9633460015624999 0.8697577687500001 0.9615316875 0.8724575874999999 0.9624846296875 0.8906408000000001 0.9645712124999999 0.8931361843750001 0.9647073468749999 0.8957337843750001 0.9657506375 0.8969814749999999 0.9677010859375 0.8968792562499999 0.9697876687500001 0.899374640625 0.9892921515624999 0.8983524546874999 0.9901993093750001 0.89700254375 0.9938279359375001 0.891602903125 0.9919220531249999 0.8552364796875 0.9937363671874999 0.8525366609375 0.9923750218749999 0.8265606421875 0.9941893359374999 0.8238608234375 0.9921473171875 0.784896796875 0.99396163125 0.782196978125 0.991511209375 0.735440146875