0 0.40303229375000005 0 0.400431128125 0.001953125 0.371818296875 0.001953125 0.3692171296875 0.00390625 0.3380031328125 0.00390625 0.335401965625 0.005859375 0.2937833015625 0.005859375 0.29118213593750003 0.0078125 0.2365576390625 0.0078125 0.2339564734375 0.009765625 0.1975401421875 0.009765625 0.1949389765625 0.01171875 0.142915646875 0.01171875 0.1403144796875 0.013671875 0.10389815 0.013671875 0.10129698281249999 0.015625 0.08829115 0.015625 0.085689984375 0.013671875 0.077886484375 0.013671875 0.07528531875 0.015625 0.0726841515625 0.015625 0.07138356875 0.0166015625 0.07138356875 0.0185546875 0.0687824015625 0.0205078125 0.0687824015625 0.0224609375 0.0661812359375 0.0244140625 0.0661812359375 0.0361328125 0.06358006875 0.0380859375 0.06358006875 0.0751953125 0.06488065312499999 0.076171875 0.0661812359375 0.0771484375 0.0661812359375 0.0849609375 0.0726841515625 0.08984375 0.09609465 0.08984375 0.0986958171875 0.087890625 0.14551681249999998 0.087890625 0.1481179796875 0.0859375 0.20534364218749998 0.0859375 0.2079448078125 0.083984375 0.2599681375 0.083984375 0.2625693046875 0.08203125 0.3249973 0.08203125 0.327598465625 0.080078125 0.384824128125 0.080078125 0.38742529531250003 0.078125 0.449853290625 0.078125 0.4524544578125 0.076171875 0.499275453125 0.076171875 0.5018766203125 0.07421875 0.57470928125 0.07421875 0.5773104484375 0.072265625 0.6319349437499999 0.072265625 0.6345361109375001 0.0703125 0.7177734375 0.0703125 0.7203746046874999 0.068359375 0.81141543125 0.068359375 0.8127160140624999 0.0693359375 0.8127160140624999 0.1064453125 0.814016596875 0.107421875 0.8452305953125 0.107421875 0.8478317609375001 0.10546875 0.889450425 0.10546875 0.892051590625 0.103515625 0.8946527578125 0.103515625 0.895953340625 0.1025390625 0.8933521750000001 0.1005859375 0.8933521750000001 0.0986328125 0.895953340625 0.0966796875 0.895953340625 0.0888671875 0.8998550906249999 0.0859375 0.9024562578124999 0.0859375 0.90635800625 0.0830078125 0.90635800625 0.0810546875 0.91025975625 0.078125 0.9128609234375 0.078125 0.9271673390625 0.0673828125 0.9271673390625 0.0615234375 0.9297685046874999 0.0595703125 0.9297685046874999 0.0576171875 0.932369671875 0.0556640625 0.932369671875 0.0458984375 0.9349708375000001 0.0439453125 0.9349708375000001 0.0009765625 0.9336702546875 0 0.40303229375000005 0
0 0.1559214796875 0.150390625 0.1585226453125 0.1484375 0.2339564734375 0.1484375 0.2365576390625 0.146484375 0.31459263437499996 0.146484375 0.31719379999999997 0.14453125 0.3770206296875 0.14453125 0.3796217953125 0.142578125 0.45765679062500003 0.142578125 0.46025795625 0.140625 0.535691784375 0.140625 0.53829295 0.138671875 0.6215302781250001 0.138671875 0.62413144375 0.13671875 0.7073687718749999 0.13671875 0.7099699375 0.134765625 0.7828026 0.134765625 0.785403765625 0.13671875 0.7880049328125 0.13671875 0.79190668125 0.1396484375 0.79190668125 0.1591796875 0.793207265625 0.16015625 0.79580843125 0.16015625 0.797109015625 0.1591796875 0.797109015625 0.1572265625 0.79971018125 0.1552734375 0.79971018125 0.1533203125 0.8023113484375 0.1513671875 0.8023113484375 0.1474609375 0.8049125140625 0.1455078125 0.8049125140625 0.1416015625 0.80751368125 0.1396484375 0.80751368125 0.1298828125 0.8101148468750001 0.1279296875 0.8101148468750001 0.0791015625 0.8127160140624999 0.0771484375 0.8101148468750001 0.0751953125 0.8101148468750001 0.0712890625 0.8062130968749999 0.068359375 0.7802014328125 0.068359375 0.7776002671875 0.0703125 0.7047676046875 0.0703125 0.7021664390625 0.072265625 0.6319349437499999 0.072265625 0.629333778125 0.07421875 0.5591022828125001 0.07421875 0.5565011156249999 0.076171875 0.4966742875 0.076171875 0.4940731203125 0.078125 0.4368474578125 0.078125 0.4342462921875 0.080078125 0.3770206296875 0.080078125 0.3744194625 0.08203125 0.3093903015625 0.08203125 0.306789134375 0.083984375 0.2443611390625 0.083984375 0.241759971875 0.0859375 0.1871354765625 0.0859375 0.1845343109375 0.087890625 0.135112146875 0.087890625 0.13251098125 0.08984375 0.09609465 0.08984375 0.0934934828125 0.091796875 0.0700829859375 0.091796875 0.06748181875 0.09375 0.06488065312499999 0.09375 0.06358006875 0.0947265625 0.06358006875 0.1005859375 0.060978903125 0.1025390625 0.060978903125 0.1396484375 0.062279485937500004 0.140625 0.06358006875 0.1416015625 0.06358006875 0.1455078125 0.06488065312499999 0.146484375 0.0700829859375 0.146484375 0.0726841515625 0.14453125 0.07528531875 0.14453125 0.0804876515625 0.1484375 0.0830888171875 0.1484375 0.085689984375 0.150390625 0.1559214796875 0.150390625
0 0.07528531875 0.208984375 0.077886484375 0.2109375 0.114302815625 0.2109375 0.11690398125000001 0.208984375 0.1195051484375 0.208984375 0.12210631406250001 0.2109375 0.12470748125 0.2109375 0.1273086484375 0.208984375 0.218349475 0.208984375 0.220950640625 0.20703125 0.31199146718750004 0.20703125 0.31459263437499996 0.205078125 0.384824128125 0.205078125 0.38742529531250003 0.203125 0.39002646093750004 0.203125 0.39262762812499996 0.205078125 0.40563346093749997 0.205078125 0.4082346265625 0.203125 0.49147195468750005 0.203125 0.4940731203125 0.201171875 0.585113946875 0.201171875 0.5877151140625 0.19921875 0.68135710625 0.19921875 0.6839582734375 0.197265625 0.7099699375 0.197265625 0.7125711046875 0.1953125 0.7151722703125001 0.1953125 0.7177734375 0.197265625 0.74638626875 0.197265625 0.7489874359375001 0.1953125 0.7515886015625 0.197265625 0.75418976875 0.197265625 0.756790934375 0.1953125 0.7776002671875 0.1953125 0.7841031828125 0.1904296875 0.7841031828125 0.1884765625 0.7867043484375 0.1865234375 0.7867043484375 0.1826171875 0.789305515625 0.1806640625 0.789305515625 0.1669921875 0.79190668125 0.1650390625 0.79190668125 0.1396484375 0.7880049328125 0.13671875 0.650143109375 0.13671875 0.6475419421875 0.138671875 0.5695069484374999 0.138671875 0.56690578125 0.140625 0.486269621875 0.140625 0.4836684546875 0.142578125 0.4082346265625 0.142578125 0.40563346093749997 0.14453125 0.343205465625 0.14453125 0.3406042984375 0.146484375 0.249563471875 0.146484375 0.24696230625 0.1484375 0.1871354765625 0.1484375 0.1845343109375 0.150390625 0.0986958171875 0.150390625 0.09609465 0.15234375 0.08829115 0.15234375 0.085689984375 0.150390625 0.0830888171875 0.150390625 0.0804876515625 0.15234375 0.05967831875 0.15234375 0.057077153125 0.154296875 0.0466724875 0.154296875 0.045371903125 0.1552734375 0.045371903125 0.1572265625 0.0427707375 0.1591796875 0.0427707375 0.1884765625 0.0440713203125 0.189453125 0.045371903125 0.1904296875 0.045371903125 0.1923828125 0.0479730703125 0.1943359375 0.0479730703125 0.1962890625 0.057077153125 0.203125 0.05967831875 0.203125 0.06488065312499999 0.20703125 0.06748181875 0.20703125 0.0700829859375 0.208984375 0.07528531875 0.208984375
0 0.46806145624999995 0.23046875 0.470662621875 0.228515625 0.5721081156250001 0.228515625 0.57470928125 0.2265625 0.7255769375 0.2265625 0.7281781031250001 0.224609375 0.8088142640625 0.224609375 0.8101148468750001 0.2255859375 0.8101148468750001 0.2607421875 0.814016596875 0.263671875 0.834825928125 0.263671875 0.8374270953125 0.26171875 0.8400282625 0.26171875 0.846531178125 0.2568359375 0.846531178125 0.2548828125 0.854334678125 0.2490234375 0.854334678125 0.2470703125 0.8595370109375 0.2431640625 0.8595370109375 0.2412109375 0.86473934375 0.2373046875 0.86473934375 0.2333984375 0.8673405093750001 0.2314453125 0.8673405093750001 0.1982421875 0.863438759375 0.1953125 0.8088142640625 0.1953125 0.8062130968749999 0.197265625 0.735981603125 0.197265625 0.7333804359375 0.19921875 0.652744275 0.19921875 0.650143109375 0.201171875 0.5434952843749999 0.201171875 0.5408941171875 0.203125 0.53829295 0.203125 0.535691784375 0.201171875 0.5330906171875001 0.201171875 0.5304894515624999 0.203125 0.46025795625 0.203125 0.45765679062500003 0.205078125 0.364014796875 0.205078125 0.36141363125 0.20703125 0.3093903015625 0.20703125 0.306789134375 0.208984375 0.30418796875 0.208984375 0.3015868015625 0.20703125 0.29898563437500003 0.20703125 0.29638446875 0.208984375 0.2937833015625 0.20703125 0.278176303125 0.20703125 0.2755751375 0.208984375 0.192337809375 0.208984375 0.18973664375 0.2109375 0.1117016484375 0.2109375 0.1091004828125 0.212890625 0.106499315625 0.212890625 0.10389815 0.2109375 0.10129698281249999 0.2109375 0.0986958171875 0.212890625 0.0804876515625 0.212890625 0.0765859015625 0.2158203125 0.0765859015625 0.2177734375 0.073984734375 0.2197265625 0.073984734375 0.2314453125 0.07528531875 0.232421875 0.077886484375 0.234375 0.218349475 0.234375 0.220950640625 0.232421875 0.3328008 0.232421875 0.335401965625 0.23046875 0.3380031328125 0.23046875 0.3406042984375 0.232421875 0.343205465625 0.232421875 0.34580663125 0.23046875 0.46806145624999995 0.23046875
0 0.4368474578125 0.271484375 0.439448625 0.26953125 0.470662621875 0.26953125 0.4732637890625 0.271484375 0.47586495468749995 0.26953125 0.600720946875 0.26953125 0.6033221125 0.267578125 0.6917617734375 0.267578125 0.6943629390625 0.265625 0.7177734375 0.265625 0.7203746046874999 0.263671875 0.8062130968749999 0.263671875 0.80751368125 0.2626953125 0.80751368125 0.2509765625 0.8101148468750001 0.2490234375 0.8101148468750001 0.2294921875 0.8036119312500001 0.224609375 0.7619932671874999 0.224609375 0.7593921015625 0.2265625 0.613726778125 0.2265625 0.6111256125 0.228515625 0.527888284375 0.228515625 0.52528711875 0.23046875 0.5200847859375 0.23046875 0.51748361875 0.228515625 0.514882453125 0.228515625 0.5122812859375 0.23046875 0.384824128125 0.23046875 0.3822229625 0.232421875 0.257366971875 0.232421875 0.2547658046875 0.234375 0.171528478125 0.234375 0.1689273109375 0.236328125 0.085689984375 0.236328125 0.0830888171875 0.23828125 0.057077153125 0.23828125 0.054475985937500006 0.240234375 0.0518748203125 0.240234375 0.0479730703125 0.2431640625 0.0479730703125 0.2568359375 0.045371903125 0.2587890625 0.045371903125 0.2607421875 0.0479730703125 0.2626953125 0.0479730703125 0.2646484375 0.045371903125 0.2666015625 0.0466724875 0.267578125 0.0479730703125 0.2685546875 0.0479730703125 0.2724609375 0.049273653125 0.2734375 0.285979803125 0.2734375 0.28858096875 0.271484375 0.3978299609375 0.271484375 0.400431128125 0.26953125 0.42904395937500006 0.26953125 0.431645125 0.271484375 0.4368474578125 0.271484375
0 0.2755751375 0.337890625 0.278176303125 0.33984375 0.2807774703125 0.337890625 0.29118213593750003 0.337890625 0.2937833015625 0.33984375 0.343205465625 0.33984375 0.34580663125 0.337890625 0.356211296875 0.337890625 0.3588124640625 0.33984375 0.364014796875 0.33984375 0.3666159640625 0.337890625 0.3770206296875 0.337890625 0.3796217953125 0.33984375 0.384824128125 0.33984375 0.38742529531250003 0.337890625 0.6735536078125001 0.337890625 0.6761547734375 0.3359375 0.678755940625 0.337890625 0.68135710625 0.337890625 0.6839582734375 0.3359375 0.6943629390625 0.3359375 0.69696410625 0.337890625 0.8816469250000001 0.337890625 0.8868492578125 0.341796875 0.889450425 0.341796875 0.892051590625 0.33984375 0.8946527578125 0.33984375 0.895953340625 0.3388671875 0.895953340625 0.3369140625 0.9011556734375 0.3330078125 0.9011556734375 0.3310546875 0.903756840625 0.3291015625 0.903756840625 0.3271484375 0.90635800625 0.3251953125 0.90635800625 0.2998046875 0.9089591734375 0.2978515625 0.9089591734375 0.2685546875 0.9024562578124999 0.263671875 0.8998550906249999 0.263671875 0.897253925 0.265625 0.793207265625 0.265625 0.7906060984375001 0.263671875 0.7880049328125 0.263671875 0.785403765625 0.265625 0.7828026 0.263671875 0.7723979328125 0.263671875 0.7697967671875 0.265625 0.7021664390625 0.265625 0.699565271875 0.267578125 0.6943629390625 0.267578125 0.6917617734375 0.26953125 0.68916060625 0.26953125 0.6865594390624999 0.267578125 0.6761547734375 0.267578125 0.6735536078125001 0.26953125 0.670952440625 0.267578125 0.668351275 0.267578125 0.6657501078125 0.26953125 0.5408941171875 0.26953125 0.53829295 0.271484375 0.5200847859375 0.271484375 0.51748361875 0.26953125 0.514882453125 0.271484375 0.5122812859375 0.26953125 0.48887078749999996 0.26953125 0.486269621875 0.271484375 0.4836684546875 0.26953125 0.48106728906249996 0.271484375 0.470662621875 0.271484375 0.46806145624999995 0.26953125 0.46025795625 0.26953125 0.45765679062500003 0.271484375 0.3197949671875 0.271484375 0.31719379999999997 0.2734375 0.31459263437499996 0.2734375 0.31199146718750004 0.271484375 0.3015868015625 0.271484375 0.29898563437500003 0.2734375 0.1533203125 0.2734375 0.1507191453125 0.275390625 0.1481179796875 0.275390625 0.14551681249999998 0.2734375 0.142915646875 0.2734375 0.1403144796875 0.275390625 0.1377133140625 0.275390625 0.135112146875 0.2734375 0.13251098125 0.275390625 0.11690398125000001 0.275390625 0.114302815625 0.2734375 0.1117016484375 0.2734375 0.1091004828125 0.275390625 0.106499315625 0.275390625 0.10389815 0.2734375 0.0700829859375 0.2734375 0.06748181875 0.275390625 0.06488065312499999 0.2734375 0.057077153125 0.2734375 0.054475985937500006 0.275390625 0.0518748203125 0.2734375 0.049273653125 0.275390625 0.0466724875 0.275390625 0.0440713203125 0.27734375 0.0388689875 0.27734375 0.0349672375 0.2802734375 0.0349672375 0.2861328125 0.032366071875 0.2880859375 0.032366071875 0.3310546875 0.0336666546875 0.33203125 0.0414701546875 0.337890625 0.0440713203125 0.337890625 0.0466724875 0.33984375 0.0700829859375 0.33984375 0.0726841515625 0.341796875 0.10389815 0.341796875 0.106499315625 0.33984375 0.270372803125 0.33984375 0.2729739703125 0.337890625 0.2755751375 0.337890625
0 0.1845343109375 0.392578125 0.1871354765625 0.39453125 0.8322247624999999 0.39453125 0.834825928125 0.396484375 0.8764445921874999 0.396484375 0.8803463421875 0.3935546875 0.8803463421875 0.3916015625 0.882947509375 0.3896484375 0.882947509375 0.3427734375 0.8790457593750001 0.33984375 0.8764445921874999 0.33984375 0.8738434265624999 0.337890625 0.8660399265625 0.337890625 0.863438759375 0.33984375 0.3301996328125 0.33984375 0.327598465625 0.341796875 0.3249973 0.33984375 0.31719379999999997 0.33984375 0.31459263437499996 0.341796875 0.0440713203125 0.341796875 0.0414701546875 0.34375 0.0388689875 0.34375 0.0349672375 0.3466796875 0.0349672375 0.3896484375 0.036267821875 0.390625 0.0388689875 0.392578125 0.1481179796875 0.392578125 0.1507191453125 0.39453125 0.1533203125 0.39453125 0.1559214796875 0.392578125 0.163724978125 0.392578125 0.1663261453125 0.39453125 0.1767308109375 0.39453125 0.1793319765625 0.392578125 0.1845343109375 0.392578125
0 0.0908923171875 0.501953125 0.0934934828125 0.5 0.10129698281249999 0.5 0.10389815 0.501953125 0.11690398125000001 0.501953125 0.1195051484375 0.5 0.12210631406250001 0.501953125 0.18973664375 0.501953125 0.192337809375 0.50390625 0.1975401421875 0.50390625 0.20014130937500002 0.501953125 0.20534364218749998 0.501953125 0.2079448078125 0.50390625 0.218349475 0.50390625 0.220950640625 0.501953125 0.2235518078125 0.501953125 0.2261529734375 0.50390625 0.3015868015625 0.50390625 0.30418796875 0.501953125 0.306789134375 0.501953125 0.3093903015625 0.50390625 0.39262762812499996 0.50390625 0.3952287953125 0.505859375 0.45505562343749995 0.505859375 0.45765679062500003 0.5078125 0.5200847859375 0.5078125 0.5226859515625 0.509765625 0.5617034484375 0.509765625 0.564304615625 0.51171875 0.6865594390624999 0.51171875 0.68916060625 0.513671875 0.6917617734375 0.513671875 0.6943629390625 0.51171875 0.69696410625 0.51171875 0.699565271875 0.513671875 0.7021664390625 0.51171875 0.7047676046875 0.51171875 0.7073687718749999 0.513671875 0.7697967671875 0.513671875 0.7723979328125 0.515625 0.7802014328125 0.515625 0.7828026 0.513671875 0.7984095984375 0.513671875 0.8010107640624999 0.515625 0.8946527578125 0.515625 0.897253925 0.517578125 0.9024562578124999 0.517578125 0.9050574234375001 0.515625 0.91025975625 0.515625 0.9167626734375001 0.5107421875 0.9167626734375001 0.4697265625 0.9193638390625001 0.4677734375 0.9193638390625001 0.4013671875 0.91806325625 0.400390625 0.86083759375 0.400390625 0.8582364265625 0.3984375 0.8556352609375001 0.3984375 0.85303409375 0.400390625 0.8504329281249999 0.400390625 0.8478317609375001 0.3984375 0.439448625 0.3984375 0.4368474578125 0.396484375 0.4342462921875 0.396484375 0.431645125 0.3984375 0.35361013125 0.3984375 0.3510089640625 0.396484375 0.34840779843749997 0.3984375 0.335401965625 0.3984375 0.3328008 0.396484375 0.3301996328125 0.396484375 0.327598465625 0.3984375 0.2729739703125 0.3984375 0.270372803125 0.396484375 0.1481179796875 0.396484375 0.14551681249999998 0.39453125 0.135112146875 0.39453125 0.13251098125 0.396484375 0.1273086484375 0.396484375 0.12470748125 0.39453125 0.0726841515625 0.39453125 0.0700829859375 0.396484375 0.06748181875 0.39453125 0.012857323437500002 0.39453125 0.010256156249999999 0.396484375 0.007654990624999999 0.396484375 0.003753240625 0.3994140625 0.003753240625 0.4951171875 0.0050538234375 0.49609375 0.007654990624999999 0.498046875 0.020660821875 0.498046875 0.0232619890625 0.5 0.0310654875 0.5 0.0336666546875 0.498046875 0.0388689875 0.498046875 0.0414701546875 0.5 0.085689984375 0.5 0.08829115 0.501953125 0.0908923171875 0.501953125
0 0.36141363125 0.5546875 0.449853290625 0.5546875 0.4524544578125 0.556640625 0.5617034484375 0.556640625 0.564304615625 0.55859375 0.6345361109375001 0.55859375 0.6371372765625 0.560546875 0.7177734375 0.560546875 0.7203746046874999 0.5625 0.7984095984375 0.5625 0.8010107640624999 0.564453125 0.8660399265625 0.564453125 0.86864109375 0.56640625 0.91806325625 0.56640625 0.9193638390625001 0.5654296875 0.9193638390625001 0.5634765625 0.92196500625 0.5615234375 0.92196500625 0.5244140625 0.9154620890625 0.51953125 0.85303409375 0.51953125 0.8504329281249999 0.517578125 0.735981603125 0.517578125 0.7333804359375 0.515625 0.6189291109374999 0.515625 0.6163279453125 0.513671875 0.51748361875 0.513671875 0.514882453125 0.51171875 0.4264427921875 0.51171875 0.4238416265625 0.509765625 0.3093903015625 0.509765625 0.306789134375 0.5078125 0.1975401421875 0.5078125 0.1949389765625 0.505859375 0.09609465 0.505859375 0.0934934828125 0.50390625 0.0050538234375 0.50390625 0.0011520734375 0.5068359375 0.0011520734375 0.5439453125 0.00245265625 0.544921875 0.0050538234375 0.544921875 0.007654990624999999 0.546875 0.1117016484375 0.546875 0.114302815625 0.548828125 0.18973664375 0.548828125 0.192337809375 0.55078125 0.29118213593750003 0.55078125 0.2937833015625 0.552734375 0.3588124640625 0.552734375 0.36141363125 0.5546875
0 0.257366971875 0.615234375 0.2599681375 0.6171875 0.31719379999999997 0.6171875 0.3197949671875 0.619140625 0.39262762812499996 0.619140625 0.3952287953125 0.62109375 0.4472521234375 0.62109375 0.449853290625 0.623046875 0.507078953125 0.623046875 0.50968011875 0.625 0.5617034484375 0.625 0.564304615625 0.626953125 0.6163279453125 0.626953125 0.6189291109374999 0.62890625 0.6735536078125001 0.62890625 0.6761547734375 0.630859375 0.7489874359375001 0.630859375 0.7515886015625 0.6328125 0.8010107640624999 0.6328125 0.8036119312500001 0.634765625 0.871242259375 0.634765625 0.8738434265624999 0.63671875 0.8764445921874999 0.63671875 0.8790457593750001 0.634765625 0.8816469250000001 0.634765625 0.882947509375 0.6337890625 0.882947509375 0.6064453125 0.8855486750000001 0.6044921875 0.8855486750000001 0.5810546875 0.882947509375 0.5791015625 0.882947509375 0.5751953125 0.8764445921874999 0.5703125 0.8738434265624999 0.5703125 0.871242259375 0.568359375 0.86864109375 0.568359375 0.8660399265625 0.56640625 0.8088142640625 0.56640625 0.8062130968749999 0.564453125 0.7047676046875 0.564453125 0.7021664390625 0.5625 0.6189291109374999 0.5625 0.6163279453125 0.560546875 0.5565011156249999 0.560546875 0.55389995 0.55859375 0.3952287953125 0.55859375 0.39262762812499996 0.556640625 0.327598465625 0.556640625 0.3249973 0.5546875 0.24696230625 0.5546875 0.2443611390625 0.552734375 0.1403144796875 0.552734375 0.1377133140625 0.55078125 0.0726841515625 0.55078125 0.0700829859375 0.548828125 0.06748181875 0.548828125 0.06488065312499999 0.55078125 0.062279485937500004 0.55078125 0.05967831875 0.548828125 0.0232619890625 0.548828125 0.020660821875 0.55078125 0.0050538234375 0.55078125 0.003753240625 0.5517578125 0.003753240625 0.5537109375 0.0011520734375 0.5556640625 0.0011520734375 0.6044921875 0.00245265625 0.60546875 0.0050538234375 0.607421875 0.028464321874999997 0.607421875 0.0310654875 0.609375 0.0830888171875 0.609375 0.085689984375 0.611328125 0.1273086484375 0.611328125 0.1299098140625 0.61328125 0.18193314375 0.61328125 0.1845343109375 0.615234375 0.257366971875 0.615234375
0 0.4186392921875 0.650390625 0.421240459375 0.65234375 0.5512987828125 0.65234375 0.55389995 0.654296875 0.699565271875 0.654296875 0.7021664390625 0.65625 0.785403765625 0.65625 0.789305515625 0.6533203125 0.789305515625 0.6357421875 0.7880049328125 0.634765625 0.7776002671875 0.634765625 0.7749990999999999 0.6328125 0.7229757703125 0.6328125 0.7203746046874999 0.630859375 0.668351275 0.630859375 0.6657501078125 0.62890625 0.6033221125 0.62890625 0.600720946875 0.626953125 0.5512987828125 0.626953125 0.5486976171875 0.625 0.4966742875 0.625 0.4940731203125 0.623046875 0.439448625 0.623046875 0.4368474578125 0.62109375 0.3770206296875 0.62109375 0.3744194625 0.619140625 0.306789134375 0.619140625 0.30418796875 0.6171875 0.23915880625 0.6171875 0.2365576390625 0.615234375 0.1481179796875 0.615234375 0.14551681249999998 0.61328125 0.10129698281249999 0.61328125 0.0986958171875 0.611328125 0.0518748203125 0.611328125 0.049273653125 0.61328125 0.0466724875 0.61328125 0.045371903125 0.6142578125 0.045371903125 0.6162109375 0.0427707375 0.6181640625 0.0427707375 0.6396484375 0.0440713203125 0.640625 0.049273653125 0.64453125 0.09609465 0.64453125 0.0986958171875 0.646484375 0.1871354765625 0.646484375 0.18973664375 0.6484375 0.30418796875 0.6484375 0.306789134375 0.650390625 0.3093903015625 0.6484375 0.31199146718750004 0.650390625 0.4186392921875 0.650390625
0 0.20274247500000003 0.703125 0.20534364218749998 0.705078125 0.3328008 0.705078125 0.335401965625 0.70703125 0.45765679062500003 0.70703125 0.46025795625 0.708984375 0.585113946875 0.708984375 0.5877151140625 0.7109375 0.6943629390625 0.7109375 0.69696410625 0.712890625 0.821820096875 0.712890625 0.8244212624999999 0.71484375 0.9050574234375001 0.71484375 0.9089591734375 0.7119140625 0.9089591734375 0.6787109375 0.90635800625 0.6767578125 0.90635800625 0.6748046875 0.892051590625 0.6640625 0.889450425 0.6640625 0.8816469250000001 0.658203125 0.8790457593750001 0.658203125 0.8764445921874999 0.65625 0.8738434265624999 0.65625 0.86864109375 0.65234375 0.8660399265625 0.65234375 0.86083759375 0.6484375 0.8582364265625 0.6484375 0.85303409375 0.64453125 0.8504329281249999 0.64453125 0.8478317609375001 0.642578125 0.8452305953125 0.642578125 0.8400282625 0.638671875 0.8270224296875 0.638671875 0.8244212624999999 0.63671875 0.7984095984375 0.63671875 0.79580843125 0.638671875 0.793207265625 0.638671875 0.79190668125 0.6396484375 0.7945078484375 0.6416015625 0.79190668125 0.6435546875 0.79190668125 0.6552734375 0.7880049328125 0.658203125 0.678755940625 0.658203125 0.6761547734375 0.65625 0.57470928125 0.65625 0.5721081156250001 0.654296875 0.470662621875 0.654296875 0.46806145624999995 0.65234375 0.4628591234375 0.65234375 0.46025795625 0.654296875 0.4524544578125 0.654296875 0.449853290625 0.65234375 0.34580663125 0.65234375 0.343205465625 0.650390625 0.3406042984375 0.650390625 0.3380031328125 0.65234375 0.30418796875 0.65234375 0.3015868015625 0.650390625 0.28858096875 0.650390625 0.285979803125 0.65234375 0.2833786359375 0.650390625 0.1793319765625 0.650390625 0.1767308109375 0.6484375 0.163724978125 0.6484375 0.16112381250000002 0.650390625 0.054475985937500006 0.650390625 0.0518748203125 0.65234375 0.0388689875 0.65234375 0.036267821875 0.654296875 0.0258631546875 0.654296875 0.0232619890625 0.65625 0.0154584890625 0.65625 0.003753240625 0.6650390625 0.003753240625 0.6943359375 0.0050538234375 0.6953125 0.007654990624999999 0.69921875 0.012857323437500002 0.69921875 0.0154584890625 0.701171875 0.08829115 0.701171875 0.0908923171875 0.703125 0.0934934828125 0.703125 0.09609465 0.701171875 0.0986958171875 0.701171875 0.10129698281249999 0.703125 0.20274247500000003 0.703125
0 0.20014130937500002 0.748046875 0.20534364218749998 0.748046875 0.2079448078125 0.75 0.29118213593750003 0.75 0.2937833015625 0.751953125 0.371818296875 0.751953125 0.3744194625 0.75390625 0.3770206296875 0.751953125 0.3796217953125 0.75390625 0.4472521234375 0.75390625 0.449853290625 0.755859375 0.5304894515624999 0.755859375 0.5330906171875001 0.7578125 0.6111256125 0.7578125 0.613726778125 0.759765625 0.699565271875 0.759765625 0.7021664390625 0.76171875 0.7880049328125 0.76171875 0.7906060984375001 0.763671875 0.793207265625 0.76171875 0.79580843125 0.763671875 0.86864109375 0.763671875 0.8699416765624999 0.7626953125 0.8699416765624999 0.7197265625 0.863438759375 0.71484375 0.7411839359375 0.71484375 0.73858276875 0.712890625 0.642339609375 0.712890625 0.63973844375 0.7109375 0.5330906171875001 0.7109375 0.5304894515624999 0.708984375 0.41603812656250005 0.708984375 0.41343695937499997 0.70703125 0.2833786359375 0.70703125 0.2807774703125 0.705078125 0.270372803125 0.705078125 0.2677716375 0.70703125 0.2625693046875 0.70703125 0.2599681375 0.705078125 0.1481179796875 0.705078125 0.14551681249999998 0.703125 0.054475985937500006 0.703125 0.0518748203125 0.701171875 0.020660821875 0.701171875 0.01805965625 0.703125 0.0154584890625 0.703125 0.0115567390625 0.7060546875 0.0115567390625 0.7080078125 0.0089555734375 0.7099609375 0.0089555734375 0.7177734375 0.00635440625 0.7197265625 0.00635440625 0.7353515625 0.007654990624999999 0.736328125 0.0089555734375 0.7373046875 0.0089555734375 0.7412109375 0.012857323437500002 0.744140625 0.0414701546875 0.744140625 0.0440713203125 0.74609375 0.1195051484375 0.74609375 0.12210631406250001 0.748046875 0.1949389765625 0.748046875 0.1975401421875 0.75 0.20014130937500002 0.748046875
0 0.3328008 0.783203125 0.335401965625 0.78515625 0.44204979062499994 0.78515625 0.4446509578125 0.787109375 0.5200847859375 0.787109375 0.5226859515625 0.7890625 0.5903162796875 0.7890625 0.592917446875 0.791015625 0.678755940625 0.791015625 0.68135710625 0.79296875 0.7749990999999999 0.79296875 0.7776002671875 0.794921875 0.863438759375 0.794921875 0.8660399265625 0.796875 0.86864109375 0.794921875 0.871242259375 0.794921875 0.8725428421875 0.7939453125 0.8725428421875 0.7919921875 0.875144009375 0.7900390625 0.875144009375 0.7783203125 0.8725428421875 0.7763671875 0.8725428421875 0.7724609375 0.8660399265625 0.767578125 0.8270224296875 0.767578125 0.8244212624999999 0.765625 0.699565271875 0.765625 0.69696410625 0.763671875 0.5773104484375 0.763671875 0.57470928125 0.76171875 0.4940731203125 0.76171875 0.49147195468750005 0.759765625 0.41083579375 0.759765625 0.4082346265625 0.7578125 0.306789134375 0.7578125 0.30418796875 0.755859375 0.218349475 0.755859375 0.21574830781249998 0.75390625 0.1533203125 0.75390625 0.1507191453125 0.751953125 0.1117016484375 0.751953125 0.1091004828125 0.75 0.036267821875 0.75 0.0336666546875 0.751953125 0.010256156249999999 0.751953125 0.003753240625 0.7568359375 0.003753240625 0.7626953125 0.0011520734375 0.7646484375 0.0011520734375 0.7705078125 0.00245265625 0.771484375 0.007654990624999999 0.775390625 0.0466724875 0.775390625 0.049273653125 0.77734375 0.11690398125000001 0.77734375 0.1195051484375 0.779296875 0.17412964375 0.779296875 0.1767308109375 0.78125 0.2547658046875 0.78125 0.257366971875 0.783203125 0.3328008 0.783203125
0 0.18973664375 0.84375 0.192337809375 0.845703125 0.24696230625 0.845703125 0.249563471875 0.84765625 0.3015868015625 0.84765625 0.30418796875 0.849609375 0.35361013125 0.849609375 0.356211296875 0.8515625 0.400431128125 0.8515625 0.40303229375000005 0.853515625 0.47846612187500004 0.853515625 0.48106728906249996 0.85546875 0.57470928125 0.85546875 0.5773104484375 0.857421875 0.678755940625 0.857421875 0.68135710625 0.859375 0.8010107640624999 0.859375 0.8036119312500001 0.861328125 0.871242259375 0.861328125 0.875144009375 0.8583984375 0.875144009375 0.8447265625 0.877745175 0.8427734375 0.877745175 0.8095703125 0.875144009375 0.8076171875 0.875144009375 0.8056640625 0.8725428421875 0.8037109375 0.8725428421875 0.8017578125 0.86864109375 0.798828125 0.793207265625 0.798828125 0.7906060984375001 0.796875 0.756790934375 0.796875 0.75418976875 0.794921875 0.7021664390625 0.794921875 0.699565271875 0.79296875 0.6631489421875 0.79296875 0.6605477750000001 0.794921875 0.6579466078125 0.79296875 0.5773104484375 0.79296875 0.57470928125 0.791015625 0.4446509578125 0.791015625 0.44204979062499994 0.7890625 0.4368474578125 0.7890625 0.4342462921875 0.791015625 0.431645125 0.7890625 0.42904395937500006 0.791015625 0.41343695937499997 0.791015625 0.41083579375 0.79296875 0.39002646093750004 0.79296875 0.38742529531250003 0.791015625 0.3197949671875 0.791015625 0.31719379999999997 0.7890625 0.31459263437499996 0.791015625 0.30418796875 0.791015625 0.3015868015625 0.7890625 0.2937833015625 0.7890625 0.29118213593750003 0.791015625 0.285979803125 0.791015625 0.2807774703125 0.787109375 0.2755751375 0.787109375 0.2729739703125 0.7890625 0.2651704703125 0.7890625 0.2625693046875 0.787109375 0.20014130937500002 0.787109375 0.1975401421875 0.78515625 0.1767308109375 0.78515625 0.17412964375 0.783203125 0.142915646875 0.783203125 0.1403144796875 0.78125 0.1195051484375 0.78125 0.11690398125000001 0.779296875 0.07528531875 0.779296875 0.0726841515625 0.77734375 0.020660821875 0.77734375 0.0154584890625 0.78125 0.012857323437500002 0.78125 0.00635440625 0.7861328125 0.00635440625 0.7880859375 0.003753240625 0.7900390625 0.003753240625 0.8291015625 0.0050538234375 0.830078125 0.00635440625 0.8310546875 0.00635440625 0.8349609375 0.010256156249999999 0.837890625 0.020660821875 0.837890625 0.0232619890625 0.83984375 0.0726841515625 0.83984375 0.07528531875 0.841796875 0.13251098125 0.841796875 0.135112146875 0.84375 0.18973664375 0.84375
0 0.1793319765625 0.900390625 0.18193314375 0.90234375 0.220950640625 0.90234375 0.2235518078125 0.904296875 0.2651704703125 0.904296875 0.2677716375 0.90625 0.3015868015625 0.90625 0.30418796875 0.908203125 0.343205465625 0.908203125 0.34580663125 0.91015625 0.39002646093750004 0.91015625 0.39262762812499996 0.912109375 0.4238416265625 0.912109375 0.4264427921875 0.9140625 0.42904395937500006 0.912109375 0.431645125 0.912109375 0.4342462921875 0.9140625 0.47586495468749995 0.9140625 0.47846612187500004 0.916015625 0.51748361875 0.916015625 0.5200847859375 0.91796875 0.5721081156250001 0.91796875 0.57470928125 0.919921875 0.613726778125 0.919921875 0.6163279453125 0.921875 0.6657501078125 0.921875 0.668351275 0.923828125 0.7177734375 0.923828125 0.7203746046874999 0.92578125 0.7671956 0.92578125 0.7697967671875 0.927734375 0.8192189296875 0.927734375 0.821820096875 0.9296875 0.86083759375 0.9296875 0.8621381765624999 0.9287109375 0.8621381765624999 0.9248046875 0.86473934375 0.9228515625 0.86473934375 0.8701171875 0.8621381765624999 0.8681640625 0.8621381765624999 0.8662109375 0.8582364265625 0.86328125 0.7697967671875 0.86328125 0.7671956 0.861328125 0.7619932671874999 0.861328125 0.7593921015625 0.86328125 0.75418976875 0.86328125 0.7515886015625 0.861328125 0.699565271875 0.861328125 0.69696410625 0.86328125 0.68916060625 0.86328125 0.6865594390624999 0.861328125 0.678755940625 0.861328125 0.6761547734375 0.86328125 0.668351275 0.86328125 0.6657501078125 0.861328125 0.5877151140625 0.861328125 0.585113946875 0.859375 0.5408941171875 0.859375 0.53829295 0.857421875 0.470662621875 0.857421875 0.46806145624999995 0.85546875 0.41343695937499997 0.85546875 0.41083579375 0.853515625 0.3692171296875 0.853515625 0.3666159640625 0.8515625 0.3249973 0.8515625 0.3223961328125 0.849609375 0.270372803125 0.849609375 0.2677716375 0.84765625 0.210545975 0.84765625 0.2079448078125 0.845703125 0.16112381250000002 0.845703125 0.1585226453125 0.84375 0.1559214796875 0.845703125 0.1533203125 0.84375 0.0986958171875 0.84375 0.09609465 0.841796875 0.0440713203125 0.841796875 0.0414701546875 0.83984375 0.0154584890625 0.83984375 0.0115567390625 0.8427734375 0.0115567390625 0.8818359375 0.012857323437500002 0.8828125 0.01415790625 0.8837890625 0.01415790625 0.8916015625 0.01805965625 0.89453125 0.062279485937500004 0.89453125 0.06488065312499999 0.896484375 0.0986958171875 0.896484375 0.10129698281249999 0.8984375 0.142915646875 0.8984375 0.14551681249999998 0.900390625 0.1793319765625 0.900390625
0 0.20534364218749998 0.94140625 0.2079448078125 0.943359375 0.23915880625 0.943359375 0.241759971875 0.9453125 0.270372803125 0.9453125 0.2729739703125 0.947265625 0.3093903015625 0.947265625 0.31199146718750004 0.94921875 0.356211296875 0.94921875 0.3588124640625 0.951171875 0.400431128125 0.951171875 0.40303229375000005 0.953125 0.439448625 0.953125 0.44204979062499994 0.955078125 0.4836684546875 0.955078125 0.486269621875 0.95703125 0.5226859515625 0.95703125 0.52528711875 0.958984375 0.5721081156250001 0.958984375 0.57470928125 0.9609375 0.6033221125 0.9609375 0.6059232796875 0.962890625 0.6449407765624999 0.962890625 0.6475419421875 0.96484375 0.678755940625 0.96484375 0.68135710625 0.966796875 0.7125711046875 0.966796875 0.7151722703125001 0.96875 0.7437851015625 0.96875 0.74638626875 0.970703125 0.7906060984375001 0.970703125 0.793207265625 0.97265625 0.8270224296875 0.97265625 0.8296235953125001 0.974609375 0.8556352609375001 0.974609375 0.85693584375 0.9736328125 0.85693584375 0.9365234375 0.8504329281249999 0.931640625 0.8166177640625 0.931640625 0.814016596875 0.9296875 0.7697967671875 0.9296875 0.7671956 0.927734375 0.7255769375 0.927734375 0.7229757703125 0.92578125 0.668351275 0.92578125 0.6657501078125 0.923828125 0.629333778125 0.923828125 0.6267326109375 0.921875 0.5877151140625 0.921875 0.585113946875 0.919921875 0.5330906171875001 0.919921875 0.5304894515624999 0.91796875 0.47846612187500004 0.91796875 0.47586495468749995 0.916015625 0.4446509578125 0.916015625 0.44204979062499994 0.9140625 0.41343695937499997 0.9140625 0.41083579375 0.912109375 0.371818296875 0.912109375 0.3692171296875 0.91015625 0.3301996328125 0.91015625 0.327598465625 0.908203125 0.28858096875 0.908203125 0.285979803125 0.90625 0.249563471875 0.90625 0.24696230625 0.904296875 0.20274247500000003 0.904296875 0.20014130937500002 0.90234375 0.16112381250000002 0.90234375 0.1585226453125 0.900390625 0.12210631406250001 0.900390625 0.1195051484375 0.8984375 0.0830888171875 0.8984375 0.0804876515625 0.896484375 0.0336666546875 0.896484375 0.0310654875 0.89453125 0.0154584890625 0.89453125 0.01415790625 0.8955078125 0.01415790625 0.8974609375 0.0115567390625 0.8994140625 0.0115567390625 0.9052734375 0.0089555734375 0.9072265625 0.0089555734375 0.9169921875 0.010256156249999999 0.91796875 0.0115567390625 0.9189453125 0.0115567390625 0.9326171875 0.0154584890625 0.935546875 0.028464321874999997 0.935546875 0.0310654875 0.9375 0.12210631406250001 0.9375 0.12470748125 0.939453125 0.1481179796875 0.939453125 0.1507191453125 0.94140625 0.20534364218749998 0.94140625
0 0.7515886015625 1 0.7528891843750001 0.9990234375 0.7528891843750001 0.9716796875 0.7515886015625 0.970703125 0.7307792703125 0.970703125 0.7281781031250001 0.96875 0.7047676046875 0.96875 0.7021664390625 0.966796875 0.670952440625 0.966796875 0.668351275 0.96484375 0.6319349437499999 0.96484375 0.629333778125 0.962890625 0.600720946875 0.962890625 0.5981197796875 0.9609375 0.564304615625 0.9609375 0.5617034484375 0.958984375 0.51748361875 0.958984375 0.514882453125 0.95703125 0.47586495468749995 0.95703125 0.4732637890625 0.955078125 0.4238416265625 0.955078125 0.421240459375 0.953125 0.3796217953125 0.953125 0.3770206296875 0.951171875 0.335401965625 0.951171875 0.3328008 0.94921875 0.3015868015625 0.94921875 0.29898563437500003 0.947265625 0.2677716375 0.947265625 0.2651704703125 0.9453125 0.2339564734375 0.9453125 0.23135530625 0.943359375 0.1975401421875 0.943359375 0.1949389765625 0.94140625 0.135112146875 0.94140625 0.13251098125 0.939453125 0.10129698281249999 0.939453125 0.0986958171875 0.9375 0.0934934828125 0.9375 0.0908923171875 0.939453125 0.077886484375 0.939453125 0.07528531875 0.9375 0.0336666546875 0.9375 0.032366071875 0.9384765625 0.032366071875 0.9404296875 0.0297649046875 0.9423828125 0.0297649046875 0.9560546875 0.0310654875 0.95703125 0.032366071875 0.9580078125 0.032366071875 0.9638671875 0.036267821875 0.966796875 0.0466724875 0.966796875 0.049273653125 0.96875 0.085689984375 0.96875 0.08829115 0.970703125 0.1195051484375 0.970703125 0.12210631406250001 0.97265625 0.1507191453125 0.97265625 0.1533203125 0.974609375 0.18193314375 0.974609375 0.1845343109375 0.9765625 0.2235518078125 0.9765625 0.2261529734375 0.978515625 0.2547658046875 0.978515625 0.257366971875 0.98046875 0.28858096875 0.98046875 0.29118213593750003 0.982421875 0.31719379999999997 0.982421875 0.3197949671875 0.984375 0.3588124640625 0.984375 0.36141363125 0.986328125 0.40563346093749997 0.986328125 0.4082346265625 0.98828125 0.4368474578125 0.98828125 0.439448625 0.990234375 0.4732637890625 0.990234375 0.47586495468749995 0.9921875 0.5044777859375 0.9921875 0.507078953125 0.994140625 0.5434952843749999 0.994140625 0.5460964500000001 0.99609375 0.5721081156250001 0.99609375 0.57470928125 0.998046875 0.6085244453125 0.998046875 0.6111256125 1 0.7515886015625 1