0 0.20817803750000002 0 0.20808688125 0.0007424125 0.2104306328125 0.00299798125 0.20995458125000002 0.0068751140625 0.21229833125000003 0.009130684375 0.21206030625 0.01106925 0.21557593437499997 0.0144526046875 0.37564615625000003 0.034106756249999995 0.378465959375 0.0324851921875 0.388793071875 0.0337532015625 0.391136821875 0.0360087703125 0.3937186015625 0.0363257734375 0.3965384046875 0.034704209375 0.40944729375 0.036289221875 0.41179104375 0.038544790625000006 0.41437282187499996 0.0388617921875 0.4171926265625 0.037240228125000004 0.43268329375 0.03914224375 0.43502704375 0.0413978125 0.43784684843750005 0.0397762484375 0.5436997375 0.0527733484375 0.5465195421875 0.051151784374999995 0.5542648734375 0.052102792187500004 0.5584945796875 0.0496704453125 0.5589706328124999 0.0457933125 0.5632003375 0.043360965625 0.6174176703125 0.0500180171875 0.6202374749999999 0.048396453125 0.7906348078125001 0.06931861406249999 0.7934546109375 0.06769705000000001 0.7957983640624999 0.06995261875 0.798380140625 0.070269621875 0.8011999453125 0.0686480578125 0.9096346125 0.0819621609375 0.912454415625 0.080340596875 0.91503619375 0.0806575984375 0.9192659000000001 0.078225253125 0.9195039265625 0.0762866859375 0.9223237281250001 0.07466512187499999 0.9242279375000001 0.0591565875 0.9270477421875001 0.0575350234375 0.9279998453125 0.04978075625 0.9268279703125 0.048652971875 0.530581309375 0 0.20817803750000002 0
0 0.32000066562499996 0.0390811046875 0.325164221875 0.039715109375 0.32750797343750004 0.041970678125 0.3300897515625 0.04228768125 0.3329095546875 0.0406661171875 0.4697437765625 0.057467246875 0.4725635796875 0.0558456828125 0.596488915625 0.0710618 0.5993087171875 0.0694402359375 0.6870891625 0.08021831874999999 0.689908965625 0.0785967546875 0.7802711875 0.08969184062499999 0.7830909921875 0.08807027656250001 0.7959998796875001 0.0896552890625 0.7974097828125 0.08884450625 0.7978858359375 0.08496737343750001 0.7967139578125 0.0838395890625 0.7528237359375 0.078450546875 0.750003934375 0.0800721109375 0.7422586 0.0791211046875 0.739914846875 0.076865534375 0.732169515625 0.075914528125 0.7293497109375 0.0775360921875 0.7190226 0.07626808125 0.7166788484375 0.0740125125 0.7138590437500001 0.0756340765625 0.4685901546875 0.045518843749999996 0.4657703515625 0.0471404078125 0.45286146250000003 0.045555396875 0.45051771250000006 0.0432998265625 0.4479359328125 0.042982825 0.44511612968750003 0.0446043890625 0.44253435156250004 0.0442873859375 0.44019060000000004 0.0420318171875 0.43760882343749996 0.041714815625 0.43478901875 0.043336379687499996 0.21275613125 0.01607416875 0.208526425 0.0185065140625 0.2075743203125 0.026260781249999997 0.2087461953125 0.027388565625 0.2110899484375 0.0296441359375 0.2139097515625 0.0280225703125 0.2164915296875 0.028339573437499998 0.21883528124999999 0.0305951421875 0.221417059375 0.0309121453125 0.22423686250000002 0.029290581249999996 0.3171808625 0.04070266875 0.32000066562499996 0.0390811046875
0 0.1872866234375 0.0847713375 0.19197412656249999 0.089282475 0.19173610000000002 0.0912210421875 0.1975954796875 0.096859965625 0.8611123671875 0.1783295953125 0.8646279953124999 0.18171294843750002 0.86438996875 0.18365151562499998 0.8655618453124999 0.1847793 0.8681436234375 0.1850963015625 0.8808327406249999 0.1777992625 0.8810707656250001 0.175860696875 0.889530178125 0.17099600312500002 0.8897682046875 0.1690574375 0.8925880078124999 0.167435871875 0.8928260328125001 0.16549730625 0.8956458375 0.1638757421875 0.8961218890625 0.1599986078125 0.89894169375 0.15837704375 0.8996557718749999 0.15256134375 0.9024755750000001 0.1509397796875 0.90366570625 0.141246946875 0.9064855109375 0.13962538124999999 0.9074376140625 0.131871115625 0.9102574171875 0.1302495515625 0.9128757046875 0.10892531718750001 0.910531953125 0.10666974843749999 0.91100800625 0.1027926140625 0.909836128125 0.10166482968749999 0.9072543515625 0.10134782812500001 0.9049105984375 0.0990922578125 0.89974704375 0.09845825312499999 0.8969272406250001 0.1000798171875 0.8556187953125001 0.095007778125 0.852798990625 0.0966293421875 0.7830909921875 0.08807027656250001 0.7802711875 0.08969184062499999 0.6821636343749999 0.0776457484375 0.6793438296875001 0.07926731249999999 0.5812362734375001 0.06722121875 0.5784164703125 0.0688427828125 0.46481824843749997 0.054894675000000004 0.46199844375000004 0.056516239062499994 0.3329095546875 0.0406661171875 0.3300897515625 0.04228768125 0.2294004171875 0.029924585937499998 0.22658061406250002 0.03154615 0.1878539484375 0.0267911140625 0.1836242421875 0.029223459375 0.1802918765625 0.056363393750000004 0.18146375312500002 0.057491178125 0.182635628125 0.0586189625 0.18192155000000002 0.06443466249999999 0.184265303125 0.06669023125 0.1833131984375 0.07444449843749999 0.1856569484375 0.0767000671875 0.1854189234375 0.078638634375 0.187762675 0.080894203125 0.1872866234375 0.0847713375
0 0.360137953125 0.181754828125 0.3629577578125 0.18013326406250002 0.365539534375 0.180450265625 0.36788328593749997 0.1827058359375 0.43500950781250003 0.19094789843749999 0.4378293125 0.189326334375 0.463647090625 0.192496359375 0.46599084218750003 0.194751928125 0.6441335078125 0.216625096875 0.6469533125 0.2150035328125 0.6521168671875001 0.2156375375 0.6544606187500001 0.21789310781250001 0.6596241734375 0.21852711249999998 0.662443978125 0.21690554843749998 0.6727710890624999 0.2181735578125 0.6751148421875001 0.22042912656250002 0.70093261875 0.2235991515625 0.7037524234375 0.2219775875 0.73473375625 0.2257816171875 0.7370775078125 0.22803718593750003 0.749986396875 0.22962219843749998 0.7511582734375 0.2307499828125 0.7499681421875 0.24044281562499997 0.75231189375 0.242698384375 0.7508837374999999 0.2543297859375 0.748063934375 0.25595135 0.7463977515625 0.2695213171875 0.743577946875 0.27114288124999997 0.743339921875 0.27308144687499997 0.7456836734375 0.2753370171875 0.74286386875 0.27695858125 0.74262584375 0.278897146875 0.739806040625 0.2805187125 0.7395680140625001 0.282457278125 0.736748209375 0.2840788421875 0.7355580796875001 0.2937716765625 0.7327382765625 0.295393240625 0.7322622234375 0.2992703734375 0.7334341 0.3003981578125 0.7360158765625 0.3007151609375 0.7383596296875 0.3029707296875 0.7461049625 0.3039217375 0.748924765625 0.30230017343750004 0.7515065437499999 0.302617175 0.7613758578125001 0.2969417015625 0.761613884375 0.29500313437500003 0.77853270625 0.2852737484375 0.7787707328125 0.28333518125 0.784410340625 0.280092053125 0.7846483656250001 0.2781534875 0.79592758125 0.2716672296875 0.7961656078125 0.2697286625 0.8187240375 0.2567561484375 0.8189620640624999 0.2548175828125 0.8387006906250001 0.2434666328125 0.8389387171875 0.241528065625 0.8473981281249999 0.23666337343750002 0.8476361546875 0.23472480624999997 0.8504559578125 0.23310324218749998 0.8506939843750001 0.231164675 0.8535137890625 0.2295431109375 0.8539898406249999 0.22566597812500003 0.8568096437499999 0.22404441406250003 0.8618081906249999 0.1833345125 0.8582925640625 0.179951159375 0.19993923125 0.09911553437500001 0.195709525 0.10154788125 0.19071097812499999 0.14225778125 0.191882853125 0.143385565625 0.19305473125 0.14451335 0.192578678125 0.148390484375 0.19726618125 0.152901621875 0.19702815625 0.15484018906250002 0.20288753437499998 0.1604791109375 0.3448853125 0.177914246875 0.3472290640625 0.180169815625 0.360137953125 0.181754828125
0 0.281421471875 0.2252200609375 0.2837652234375 0.22747562968750001 0.2966741109375 0.22906064218750002 0.299493915625 0.22743907812500003 0.3018376671875 0.229694646875 0.31474655625 0.231279659375 0.3175663609375 0.22965809531249998 0.32014813750000004 0.229975096875 0.322491890625 0.232230665625 0.61681455625 0.2683689453125 0.619634359375 0.26674738124999997 0.6222161374999999 0.267064384375 0.6245598890624999 0.269319953125 0.6323052234375 0.27027096093749997 0.6351250281249999 0.2686493953125 0.6609428046875 0.2718194203125 0.66328655625 0.2740749890625 0.6684501125 0.27470899531250004 0.6719657406249999 0.2780923484375 0.668633375 0.3052322828125 0.66980525 0.30636006718750003 0.672387028125 0.30667706875 0.6747307796875 0.3089326390625 0.6902214468750001 0.310834653125 0.6930412515625 0.3092130890625 0.6982048062499999 0.30984709375 0.705254315625 0.3057931828125 0.705492340625 0.303854615625 0.7224111640624999 0.29412523125 0.722649190625 0.2921866640625 0.7311086015625 0.287321971875 0.7313466281250001 0.2853834046875 0.7369862359375 0.28214027656249996 0.7372242625000001 0.280201709375 0.740044065625 0.27858014531249997 0.7402820921875 0.276641578125 0.7431018953125 0.2750200140625 0.74548215625 0.25563434687500003 0.7483019609375 0.2540127828125 0.7506822203125 0.234627115625 0.744822840625 0.22898819218750002 0.20523128750000003 0.16273468124999999 0.20100158124999998 0.16516702656249999 0.19647908593750002 0.20199979531249998 0.1976509609375 0.2031275796875 0.1988228359375 0.2042553640625 0.1985848109375 0.2061939296875 0.20913169375 0.21634399218749997 0.26076725 0.222684040625 0.263111 0.22493960937500002 0.276019890625 0.22652462187500003 0.27883969531249997 0.22490305781250003 0.281421471875 0.2252200609375
0 0.367023171875 0.2750864796875 0.3698429765625 0.273464915625 0.3801700875 0.274732925 0.38251383906249997 0.2769884953125 0.3850956171875 0.277305496875 0.387915421875 0.2756839328125 0.6590020875 0.308969190625 0.6632317921875 0.30653684375 0.66346981875 0.3045982765625 0.6662896234375 0.30297671249999997 0.6691459359375 0.2797139125 0.6656303078125 0.276330559375 0.655303196875 0.2750625484375 0.65295944375 0.2728069796875 0.6039056671874999 0.2667839328125 0.6010858640625 0.268405496875 0.5778498640625 0.265552475 0.5755061125 0.26329690625 0.572686309375 0.2649184703125 0.20865564218750002 0.220221125 0.20724574062499998 0.22103190781249998 0.20700771406250001 0.22297047343749998 0.204187909375 0.22459203749999998 0.2015696234375 0.245916271875 0.2027414984375 0.24704405624999998 0.203913375 0.24817184062500003 0.20367535 0.2501104078125 0.209534728125 0.25574933125 0.348950728125 0.2728674625 0.3517705328125 0.2712458984375 0.354352309375 0.27156290156249996 0.3566960609375 0.2738184703125 0.367023171875 0.2750864796875
0 0.73590635 0.36563887031250003 0.7373162515625 0.3648280875 0.737554278125 0.3628895203125 0.7403740828125 0.36126795624999997 0.744896578125 0.3244351890625 0.739037196875 0.31879626562499996 0.73621739375 0.32041783125 0.7338736421875 0.3181622609375 0.6022029765625 0.3019951359375 0.599383171875 0.30361669999999996 0.359277840625 0.2741354734375 0.3564580359375 0.27575703749999997 0.299658925 0.2687829828125 0.297315171875 0.26652741406249997 0.2714973953125 0.2633573890625 0.26867759062499996 0.264978953125 0.204133146875 0.25705389218749997 0.2027232453125 0.257864675 0.1977246984375 0.298574575 0.1988965734375 0.299702359375 0.20124032500000003 0.3019579296875 0.203822103125 0.30227493125 0.20616585468749998 0.3045305 0.565032965625 0.348593840625 0.5678527703125 0.34697227656249996 0.7201776578125 0.365675421875 0.7229974609375 0.3640538578125 0.73590635 0.36563887031250003
0 0.356348509375 0.3406807453125 0.3586922609375 0.3429363140625 0.619451815625 0.3749535625 0.6222716203124999 0.3733319984375 0.6661618421875 0.3787210390625 0.6685055921874999 0.380976609375 0.7330500375 0.3889016703125 0.7358698421875001 0.38728010625 0.73845161875 0.3875971078125 0.7398615203125 0.3867863265625 0.740099546875 0.38484775937500004 0.7429193515625 0.3832261953125 0.7436334296875 0.37741049531250004 0.7412896765625 0.37515492500000003 0.7420037546875 0.369339225 0.7408318796875 0.368211440625 0.588506990625 0.34950829687499996 0.5856871859375 0.3511298609375 0.5727782984374999 0.3495448484375 0.570434546875 0.3472892796875 0.56761474375 0.34891084375000003 0.198420521875 0.30357949375 0.194190815625 0.3060118390625 0.1937147625 0.3098889734375 0.1908949609375 0.3115105375 0.1920668359375 0.312638321875 0.1932387109375 0.31376610625 0.1925246328125 0.31958180625 0.1936965078125 0.32070959062500004 0.2014418421875 0.3216605984375 0.20378559531249998 0.3239161671875 0.350946928125 0.34198530781250003 0.35376673125 0.34036374375 0.356348509375 0.3406807453125
0 0.1934584828125 0.3226481578125 0.19204858125 0.323458940625 0.1918105546875 0.32539750624999997 0.1889907515625 0.3270190703125 0.186372465625 0.3483433046875 0.187544340625 0.3494710890625 0.18871621562500002 0.35059887343749996 0.18847819062499999 0.35253744062500003 0.1919938171875 0.35592079375 0.73416715 0.42249130937499996 0.7355770515625 0.4216805265625 0.73938546875 0.390663459375 0.7382135937500001 0.38953567499999997 0.1934584828125 0.3226481578125
0 0.54324409375 0.46201826874999996 0.5455878453125 0.4642738390625 0.623041178125 0.47378391249999996 0.6258609828125 0.4721623484375 0.64135165 0.47406436249999995 0.6436954015625 0.47631993125000005 0.6488589578124999 0.4769539359375 0.6516787609375 0.475332371875 0.731713871875 0.48515944843750003 0.7331237734375 0.48434866562499995 0.7381223203125 0.443638765625 0.740942125 0.4420172015625 0.7421322546875 0.4323243671875 0.739788503125 0.4300687984375 0.7402645546875 0.42619166562500005 0.7390926796875 0.42506387968750003 0.6693846796875 0.4165048140625 0.667040928125 0.41424924531249996 0.66445915 0.41393224218749997 0.661639346875 0.41555380625 0.6564757906249999 0.4149198015625 0.6541320390625 0.41266423281250003 0.6513122359375 0.41428579687499995 0.6280762359375001 0.41143277500000003 0.6257324828125 0.40917720625 0.62315070625 0.408860203125 0.6203309015625 0.41048176718749996 0.6125855687499999 0.4095307609375 0.6102418171874999 0.40727519062499995 0.6076600390625 0.4069581890625 0.6048402359375 0.408579753125 0.4421882359375 0.3886085984375 0.439844484375 0.3863530296875 0.26170181875 0.3644798609375 0.2588820140625 0.366101425 0.2565382609375 0.36384585468749997 0.248792928125 0.3628948484375 0.245973125 0.3645164125 0.2436293734375 0.36226084375 0.24104759531250003 0.361943840625 0.2382277921875 0.3635654046875 0.23588403906250002 0.3613098359375 0.22297514999999998 0.3597248234375 0.220155346875 0.3613463875 0.21499179218750003 0.3607123828125 0.2126480390625 0.3584568140625 0.2100662625 0.35813981093749997 0.2072464578125 0.359761375 0.20466468125 0.3594443734375 0.20232092812500002 0.3571888046875 0.199501125 0.35881036875 0.19433756875 0.35817636406250003 0.1919938171875 0.35592079375 0.1868302625 0.3552867890625 0.1840104578125 0.356908353125 0.18142868125 0.3565913515625 0.180018778125 0.3574021328125 0.179542725 0.3612792671875 0.1767229234375 0.36290083125 0.170772271875 0.41136499843749996 0.17194414687499998 0.4124927828125 0.17663165 0.417003921875 0.207612984375 0.4208079515625 0.2104327875 0.4191863859375 0.2127765390625 0.42144195624999997 0.5329169828125 0.46075025937499997 0.535260734375 0.463005828125 0.5380805375 0.4613842640625 0.54324409375 0.46201826874999996
0 0.15066783749999998 0.5003988421875001 0.1530115890625 0.5026544109375 0.2407920328125 0.51343249375 0.24361183749999998 0.5118109296875 0.2513571703125 0.5127619375 0.25417697499999997 0.5111403734375 0.300648975 0.5168464171875 0.303468778125 0.515224853125 0.3058125296875 0.517480421875 0.32130319687500003 0.5193824359375 0.324123 0.517760871875 0.32928655625 0.5183948765624999 0.33163030781249997 0.5206504468750001 0.33937564062500003 0.521601453125 0.34219544375 0.5199798890625 0.5151745562500001 0.5412190531250001 0.5175183062500001 0.5434746234375 0.5459178625 0.54696165 0.5487376671875001 0.5453400859374999 0.582300778125 0.5494611171875 0.584644528125 0.5517166859375 0.58722630625 0.5520336890624999 0.590046109375 0.550412125 0.6158638890625 0.55358215 0.6182076390625 0.55583771875 0.6930791953125001 0.5650307890625 0.695899 0.563409225 0.7449527765624999 0.569432271875 0.74777258125 0.5678107078125 0.796826359375 0.5738337546875 0.799170109375 0.5760893234375 0.8456421093750001 0.5817953671875 0.8470520125000001 0.5809845859375 0.8472900390625 0.57904601875 0.8501098421875 0.5774244546875 0.8508239203124999 0.5716087546875 0.8536437250000001 0.569987190625 0.8595943765625 0.521523021875 0.8572506234375 0.519267453125 0.8579647015624999 0.513451753125 0.8556209515625 0.5111961843749999 0.8560970031249999 0.50731905 0.8502376234375 0.5016801281250001 0.8450740671875 0.5010461234375 0.8427303171875 0.498790553125 0.8169125375 0.4956205296875 0.8140927343750001 0.49724209375 0.7856931796875 0.4937550671875 0.782873375 0.49537663125 0.622803153125 0.47572247812499996 0.61998335 0.47734404374999995 0.5167122375 0.4646639453125 0.513892434375 0.466285509375 0.40545776875 0.45297140625 0.40263796406249996 0.4545929703125 0.2399859640625 0.434621815625 0.237166159375 0.4362433796875 0.15971282656250002 0.42673330624999994 0.15266331875 0.4307872171875 0.15194924062499998 0.4366029171875 0.1491294359375 0.43822448124999996 0.14722522656249998 0.453733015625 0.1444054234375 0.45535457968750004 0.14202516406250001 0.474740246875 0.1431970390625 0.47586803125 0.14436891406250002 0.47699581562500004 0.14270273125 0.4905657828125 0.145046484375 0.4928213515625 0.1448084578125 0.49475991874999997 0.147152209375 0.4970154875 0.1469141828125 0.49895405468750004 0.1480860578125 0.5000818390624999 0.15066783749999998 0.5003988421875001
0 0.3437521 0.57133363125 0.34657190312499997 0.5697120671875 0.35173546093749997 0.570346071875 0.3540792109375 0.5726016406250001 0.3773152109375 0.5754546625 0.3801350140625 0.5738330984375 0.38247876718749996 0.5760886671875001 0.385298571875 0.574467103125 0.630567459375 0.6045823359375 0.6333872640625 0.6029607718750001 0.736658375 0.6156408703125 0.7408880796874999 0.6132085234375 0.7416021578125 0.6073928234375 0.7444219624999999 0.605771259375 0.7463261703125 0.5902627265625 0.7439824171875 0.58800715625 0.74422044375 0.5860685906249999 0.7348454375 0.5770463140625 0.7350834640625 0.575107746875 0.7315678359375 0.5717243921875 0.6205513921875 0.5580932875 0.6177315875 0.5597148515625 0.6099862546875 0.55876384375 0.607642503125 0.556508275 0.5998971703125 0.55555726875 0.5970773656249999 0.5571788328125 0.45507958750000005 0.539743696875 0.4527358375 0.537488128125 0.4294998375 0.53463510625 0.4266800328125 0.5362566703125 0.26919158906249996 0.5169195203125 0.26637178437500003 0.518541084375 0.19408200625 0.5096650171875 0.191262203125 0.51128658125 0.1783533140625 0.50970156875 0.175533509375 0.5113231328125 0.16004284375 0.50942111875 0.157223040625 0.5110426828125 0.15464126250000002 0.5107256796875 0.147591753125 0.514779590625 0.1473537265625 0.5167181578125 0.144533921875 0.518339721875 0.1419156359375 0.5396639546875 0.1430875109375 0.5407917390625 0.147775015625 0.545302878125 0.1787563484375 0.5491069078125 0.1811001015625 0.5513624765625 0.3024436546875 0.5662615921875 0.305263459375 0.564640028125 0.3078452375 0.5649570296875 0.3101889890625 0.5672126 0.3437521 0.57133363125
0 0.2764798421875 0.6496565125 0.27882359375 0.65191208125 0.281405371875 0.6522290843749999 0.2842251765625 0.6506075203125 0.3203700640625 0.655045553125 0.32271381718750003 0.6573011234374999 0.3255336203125 0.655679559375 0.34102428749999997 0.6575815734375 0.3433680390625 0.6598371421875 0.374349371875 0.6636411718749999 0.377169175 0.6620196078125 0.4830220640625 0.6750167078125 0.485365815625 0.6772722765625 0.48818561875000005 0.6756507125 0.49593095312499996 0.6766017203125 0.49827470468749996 0.6788572890625 0.5010945078125 0.677235725 0.516585175 0.679137740625 0.5189289265625 0.681393309375 0.5240924828125 0.6820273140625 0.5269122875 0.68040575 0.5837113984375 0.687379803125 0.5860551484375 0.6896353734375 0.588874953125 0.688013809375 0.6276016203125 0.6927688453124999 0.6299453703125 0.6950244140625 0.6327651750000001 0.69340285 0.6869825078125 0.7000599015625 0.6893262609375 0.7023154703125 0.694489815625 0.7029494749999999 0.6973096203125 0.7013279109375 0.7179638421875 0.70386393125 0.7203075921875 0.7061195 0.7512889265625 0.7099235296875 0.75410873125 0.708301965625 0.7564524828125 0.710557534375 0.8235787046875 0.7187995984375 0.8306282140624999 0.7147456875 0.8311042671875001 0.7108685546875 0.8339240703125 0.709246990625 0.8348761734375 0.7014927234375 0.837695978125 0.699871159375 0.841742421875 0.6669155250000001 0.83939866875 0.66465995625 0.839874721875 0.660782821875 0.8375309703125 0.658527253125 0.838007021875 0.6546501203124999 0.8356632703125 0.65239455 0.8359012968749999 0.650455984375 0.8253544140625 0.6403059234375 0.8227726359374999 0.6399889203125 0.8204288828124999 0.6377333515625 0.815265328125 0.637099346875 0.8129215765625 0.6348437765625 0.807758021875 0.6342097718749999 0.8054142687500001 0.6319542031250001 0.8002507140624999 0.6313201984375 0.7979069625 0.6290646296875 0.795325184375 0.6287476265625 0.7929814328125 0.6264920578125001 0.7903996546875 0.6261750546875 0.7857121515625 0.6216639171875 0.775385040625 0.62039590625 0.7725652359375 0.622017471875 0.7648199046874999 0.6210664640625 0.7620001000000001 0.622688028125 0.7573125968750001 0.6181768890625 0.7495672625 0.6172258828125 0.746747459375 0.618847446875 0.7441656812499999 0.61853044375 0.741345878125 0.6201520078125 0.7390021250000001 0.6178964390624999 0.695111903125 0.6125073984375 0.6922920984375 0.6141289624999999 0.6690560984375 0.6112759390625 0.6662362953125001 0.6128975046875 0.5371474078125 0.59704738125 0.534327603125 0.5986689453125 0.423311159375 0.585037840625 0.4204913546875 0.5866594046875 0.40500068906250003 0.584757390625 0.402180884375 0.5863789546875 0.2885826625 0.572430846875 0.285762859375 0.5740524109375 0.1540921921875 0.5578852859375 0.1512723890625 0.55950685 0.1409452765625 0.558238840625 0.13812547343749998 0.5598604046875 0.1355436953125 0.5595434015625 0.1327238921875 0.561164965625 0.1301421140625 0.5608479640625 0.117452996875 0.5681450031249999 0.11721497031250001 0.5700835703125 0.11439516718750001 0.5717051343749999 0.1136810890625 0.577520834375 0.1108612859375 0.5791423984375 0.106338790625 0.615975165625 0.107510665625 0.61710295 0.108682540625 0.618230734375 0.1079684625 0.6240464343750001 0.110312215625 0.6263020046875 0.1100741890625 0.6282405703125 0.11358981718750001 0.631623925 0.26075115000000004 0.6496930640625 0.263570953125 0.6480715 0.2764798421875 0.6496565125
0 0.68178244375 0.7210671328125 0.684602246875 0.71944556875 0.6923475812500001 0.7203965765625 0.6937574828125 0.71958579375 0.6956616906249999 0.7040772609375 0.694489815625 0.7029494749999999 0.31238670625 0.6560331125000001 0.310042953125 0.65377754375 0.2971340640625 0.65219253125 0.2943142609375 0.6538140953125 0.160061815625 0.63732996875 0.1558321109375 0.639762315625 0.15345185 0.6591479812500001 0.1546237265625 0.6602757671874999 0.2604766140625 0.6732728671875 0.26329641875 0.671651303125 0.26845997499999996 0.6722853078125001 0.270803725 0.6745408765625001 0.2736235296875 0.6729193125 0.4982381953125 0.700498525 0.501058 0.6988769609375 0.68178244375 0.7210671328125
0 0.36343668125 0.7311740046875 0.5312522359375 0.7517791625 0.534072040625 0.7501575984375 0.6863969296875 0.76886074375 0.6906266359375001 0.7664283968750001 0.694673078125 0.7334727640625001 0.6923293265625 0.7312171937499999 0.692805378125 0.7273400609375 0.690461628125 0.7250844921875 0.690699653125 0.7231459250000001 0.6895277765625 0.722018140625 0.6869460000000001 0.7217011375 0.684602246875 0.71944556875 0.6820204703125 0.7191285656249999 0.679200665625 0.72075013125 0.5268757765625 0.7020469859375 0.524055975 0.70366855 0.307186640625 0.67704034375 0.30436683593749997 0.6786619078125 0.301785059375 0.67834490625 0.29944130625 0.6760893375 0.29685952968749996 0.6757723343750001 0.29403972500000003 0.6773938984375001 0.1649508375 0.6615437765625 0.162131034375 0.663165340625 0.1569674765625 0.6625313359375 0.15273777187499998 0.6649636828125 0.15202369375 0.6707793828125 0.14920388906249998 0.6724009468750001 0.145157446875 0.7053565796875 0.146329321875 0.7064843656249999 0.148673075 0.7087399343749999 0.192563296875 0.714128975 0.1953831015625 0.7125074109375 0.350289765625 0.7315275578125 0.3531095703125 0.72990599375 0.3582731265625 0.7305399984375 0.3606168765625 0.7327955687500001 0.36343668125 0.7311740046875
0 0.19102561406250002 0.790684084375 0.1933693640625 0.792939653125 0.1985329203125 0.7935736578125 0.201352725 0.79195209375 0.20369647500000002 0.7942076640625 0.20651627968750003 0.7925860984375 0.21942516875 0.7941711109375 0.2217689203125 0.79642668125 0.257913809375 0.800864715625 0.2607336125 0.79924315 0.291714946875 0.8030471796875001 0.2940586984375 0.8053027500000001 0.3999115875 0.81829985 0.4022553390625 0.82055541875 0.40507514218749996 0.8189338546875 0.490273809375 0.8293949359375 0.4926175609375 0.8316505046874999 0.49519933906249997 0.8319675078125 0.49801914218750004 0.8303459421875001 0.5006009203125 0.8306629453125 0.5029446734375 0.8329185140625001 0.50552645 0.8332355171874999 0.5083462546875 0.831613953125 0.51092803125 0.8319309546874999 0.5132717828125 0.834186525 0.5158535609375 0.8345035265625 0.518673365625 0.8328819624999999 0.6632529203125 0.8506341000000001 0.666072725 0.8490125359375 0.7151265015625 0.8550355812499999 0.724995815625 0.84936010625 0.725233840625 0.847421540625 0.7280536453125 0.8457999765625 0.7335282453125 0.8012129421875 0.7311844921875 0.7989573734375 0.7318985703124999 0.7931416718750001 0.7295548203125 0.790886103125 0.730030871875 0.7870089703125001 0.7276871203125 0.7847534015625001 0.7279251453125 0.782814834375 0.7232376421875 0.7783036953125 0.72347566875 0.7763651296875 0.7164444125 0.7695984218749999 0.7166824390625 0.7676598546875 0.7073074328125 0.758637578125 0.7075454578125 0.7566990125 0.6993423265625001 0.7488045203125 0.694178771875 0.7481705140625 0.6927688703125 0.748981296875 0.6906266359375001 0.7664283968750001 0.6863969296875 0.76886074375 0.62959781875 0.7618866890625 0.6267780140625 0.763508253125 0.4279811265625 0.7390990656249999 0.425161321875 0.7407206296875 0.4199977671875 0.740086625 0.41765401406249997 0.7378310546875 0.4047451265625 0.73624604375 0.401925321875 0.7378676078125 0.3967617671875 0.737233603125 0.394418015625 0.7349780328125 0.39159821093749997 0.7365995984375 0.2883271 0.7239194999999999 0.285507296875 0.7255410640625 0.1538366296875 0.7093739390625 0.14114751406249998 0.716670978125 0.1409094875 0.7186095453125 0.1380896828125 0.720231109375 0.13761363124999998 0.7241082421875 0.1347938265625 0.72572980625 0.13407974843749998 0.73154550625 0.13125994531250001 0.733167071875 0.13102191875 0.7351056375 0.12820211406249998 0.7367272015624999 0.12605987968750001 0.7541743015625 0.12723175625 0.7553020874999999 0.1284036328125 0.756429871875 0.12578534531250002 0.7777541046875001 0.12812909687500001 0.780009675 0.1278910703125 0.781948240625 0.1314066984375 0.7853315953125 0.1856240328125 0.7919886468749999 0.1884438359375 0.79036708125 0.19102561406250002 0.790684084375
0 0.181742596875 0.8662881859375 0.1840863484375 0.8685437546875001 0.19183168281250002 0.8694947624999999 0.19465148593749998 0.8678731984375 0.22563281875 0.871677228125 0.22797657187499998 0.873932796875 0.2305583484375 0.8742497984375 0.23337815312500002 0.872628234375 0.39861192968750003 0.8929163921875001 0.401431734375 0.8912948281249999 0.4091770671875 0.8922458343749999 0.41152081875 0.8945014046875001 0.4166843734375 0.895135409375 0.41950417812499996 0.8935138453125001 0.424667734375 0.8941478500000001 0.427011484375 0.89640341875 0.579336375 0.9151065640624999 0.582156178125 0.9134849984375 0.786116621875 0.9385281921875 0.7889364265625 0.9369066281249999 0.791518203125 0.93722363125 0.795747909375 0.934791284375 0.7959859359375 0.9328527171875001 0.7988057390625001 0.9312311531249999 0.7995198171875 0.9254154531250001 0.802339621875 0.9237938890624999 0.8042438296875 0.9082853546875 0.801900078125 0.9060297859374999 0.8030902078125 0.8963369531250001 0.8007464578124999 0.894081384375 0.8012225093750001 0.89020425 0.7988787562499999 0.8879486812499999 0.799354809375 0.884071546875 0.791151678125 0.8761770562500001 0.762752121875 0.872690028125 0.760408371875 0.870434459375 0.7474994828125 0.8688494468749999 0.74515573125 0.866593878125 0.7399921765624999 0.8659598734375 0.7376484234375 0.8637043046875 0.6111413125 0.848171184375 0.608321509375 0.8497927484375 0.3165806203125 0.813971471875 0.31376081718750004 0.8155930359375001 0.3060154828125 0.814642028125 0.30367173125 0.812386459375 0.283017509375 0.8098504390624999 0.2806737578125 0.8075948703125 0.2626013125 0.805375853125 0.2602575609375 0.803120284375 0.1957131171875 0.7951952234374999 0.1928933125 0.7968167875 0.1670755359375 0.7936467625 0.16425573124999998 0.7952683265625 0.159092175 0.794634321875 0.156272371875 0.7962558859375 0.13045459375 0.7930858609375 0.117765478125 0.8003829015624999 0.1175274515625 0.8023214671875 0.11470764687499999 0.80394303125 0.1144696203125 0.8058815984375001 0.1116498171875 0.8075031625 0.111173765625 0.8113802968750001 0.10835396093750001 0.8130018609375 0.10740185625000001 0.8207561265625 0.10458205312499999 0.8223776921875 0.10124968906250001 0.849517625 0.1024215640625 0.850645409375 0.103593440625 0.85177319375 0.1033554140625 0.8537117609375 0.10687104218750001 0.8570951140625 0.1094528203125 0.8574121171875 0.11179657031250001 0.8596676859375 0.12212368124999999 0.8609356968749999 0.1249434859375 0.85931413125 0.181742596875 0.8662881859375
0 0.559048678125 0.97361711875 0.56186848125 0.9719955546874999 0.5670320359375001 0.9726295593750001 0.5693757890625 0.974885128125 0.71395534375 0.9926372656250001 0.7167751484375 0.9910157015625 0.7191189 0.9932712703125001 0.7733362328125 0.9999283218749999 0.7761560359375 0.9983067578125 0.7787378140625 0.9986237609374999 0.7829675203125 0.9961914140625 0.7836815984375 0.9903757140625 0.7865014015625 0.9887541499999999 0.78769153125 0.979061315625 0.7905113359375 0.9774397515625 0.79217751875 0.963869784375 0.7898337671875 0.9616142156249999 0.7912619234375 0.9499828156250001 0.787746296875 0.9465994625 0.7800009625000001 0.9456484546875 0.7776572109375001 0.9433928859374999 0.7748374078125 0.9450144500000001 0.7619285171875 0.9434294375000001 0.7595847671875 0.94117386875 0.7570029890625001 0.940856865625 0.754183184375 0.9424784296875 0.749019628125 0.941844425 0.746675878125 0.93958885625 0.72602165625 0.9370528359374999 0.7232018515624999 0.9386744 0.7208580984374999 0.9364188312499999 0.6227505453125 0.9243727390625001 0.619930740625 0.925994303125 0.6173489640625001 0.9256773 0.6150052109375 0.92342173125 0.612423434375 0.923104728125 0.6096036296875 0.9247262921875 0.596694740625 0.9231412796875 0.5943509890625001 0.9208857109374999 0.5917692109375 0.9205687093750001 0.5889494078124999 0.9221902734375 0.3023720734375 0.8870030015625 0.2995522703125 0.888624565625 0.29720851875 0.886368996875 0.11132051875 0.8635448203125 0.104271009375 0.86759873125 0.10284285312500001 0.8792301312499999 0.10002304843750001 0.8808516953125001 0.0971667359375 0.9041144953125 0.0983386109375 0.9052422796874999 0.0995104890625 0.9063700640624999 0.098558384375 0.91412433125 0.1020740125 0.9175076843750001 0.10465578906249999 0.9178246874999999 0.1069995421875 0.92008025625 0.13281731875 0.92325028125 0.1356371234375 0.9216287171875001 0.559048678125 0.97361711875