0 0.63618299375 0 0.63197104375 0.0002207390625 0.6294756625 0.0023073218749999997 0.6086948484375 0.0033963984375 0.6061994656249999 0.0054829812499999995 0.58022345 0.0068443265625 0.577728065625 0.008930909375 0.54395924375 0.0107006578125 0.5414638609375 0.012787240624999998 0.5128902421875 0.014284720312499999 0.5103948593750001 0.016371303125 0.4766260390625 0.018141053125 0.47413065468750004 0.0202276359375 0.44815463906249997 0.02158898125 0.4456592546875 0.0236755640625 0.4118904328125 0.0254453125 0.4093950515625 0.0275318953125 0.383419034375 0.028893240625 0.38092365156249997 0.030979823437499998 0.3471548296875 0.0327495734375 0.344659446875 0.03483615625 0.31608582812499997 0.0363336359375 0.3135904453125 0.03842021875 0.29021203125 0.0396454296875 0.287716646875 0.0417320125 0.25654542812500003 0.043365626562499995 0.25405004375 0.045452209375000004 0.22028122187500002 0.0472219578125 0.2177858390625 0.049308540625 0.181419415625 0.051214424999999994 0.1789240328125 0.0533010078125 0.1425576109375 0.055206890625000005 0.1400622265625 0.0572934734375 0.1140862109375 0.058654818750000004 0.1078477515625 0.0638712765625 0.1092788140625 0.091177553125 0.11062872500000001 0.09208470937499999 0.111978634375 0.092991865625 0.11218307187500001 0.0968927625 0.11353298125 0.0977999203125 0.12392338750000001 0.09725538125 0.126623209375 0.0990696953125 0.129220809375 0.0989335609375 0.13171619375000002 0.09684697812500001 0.175875421875 0.094532690625 0.1783708046875 0.0924461078125 0.2303228390625 0.0897234171875 0.2328182203125 0.087636834375 0.2717822453125 0.0855948171875 0.27427762968749997 0.083508234375 0.3132416546875 0.081466215625 0.31573703750000004 0.0793796328125 0.352103459375 0.07747375 0.35459884375 0.0753871671875 0.39616046875 0.0732090140625 0.398655853125 0.07112243124999999 0.4402174796875 0.06894427812500001 0.44271286249999997 0.06685769531249999 0.47388408281250005 0.06522408125 0.476379465625 0.0631374984375 0.5075506859375001 0.061503884375 0.51004606875 0.059417301562500004 0.5412172890625 0.057783685937499996 0.5437126703125 0.055697103125 0.582676696875 0.0536550859375 0.5851720796875 0.051568503125 0.6111480968749999 0.0502071578125 0.6136434796875 0.048120575 0.6292290890625 0.0473037671875 0.6317244718749999 0.045217184375000004 0.649907684375 0.04426424375 0.653650759375 0.04113436875 0.653548540625 0.039183920312499995 0.6560439234375 0.0370973375 0.6543062046875 0.003939715625 0.6516063859375001 0.002125403125 0.6515041671875 0.0001749546875 0.6512438234375 0 0.63618299375 0
0 0.24016001562499997 0.1283239796875 0.2426554 0.126237396875 0.286814628125 0.12392310937499999 0.28931001093750003 0.12183652656249999 0.33866444218749997 0.1192499703125 0.3411598265625 0.1171633875 0.3801238515625 0.1151213703125 0.3826192328125 0.1130347875 0.4241808609375 0.110856634375 0.4266762421875 0.1087700515625 0.46823786875 0.1065919 0.470733253125 0.1045053171875 0.51749008125 0.1020548953125 0.519985465625 0.0999683125 0.5537542875 0.0981985625 0.5562496703125 0.0961119796875 0.587420890625 0.094478365625 0.5899162734375001 0.0923917828125 0.6340755015624999 0.0900774953125 0.636570884375 0.08799091249999999 0.6729373078124999 0.08608502968750001 0.6754326921875 0.083998446875 0.6780302921875 0.08386231250000001 0.6792779828125 0.0828190203125 0.6791757640625 0.08086857187499999 0.6816711484375 0.0787819890625 0.6801378687499999 0.049525265624999995 0.6760881375000001 0.04680379375 0.650112121875 0.0481651390625 0.6476167375 0.050251721875 0.59826230625 0.052838278125000006 0.5957669234375 0.0549248609375 0.5568028984375 0.056966879687500006 0.5543075156249999 0.0590534625 0.5231362953125 0.0606870765625 0.5206409140625 0.062773659375 0.48427448906250004 0.06467954375 0.48177910625000003 0.0667661265625 0.44281508125 0.06880814375 0.44031969843749996 0.0708947265625 0.39616046875 0.0732090140625 0.3936650875 0.07529559687500001 0.3572986625 0.07720147968749999 0.35480328125 0.0792880625 0.3132416546875 0.081466215625 0.310746271875 0.08355279843749999 0.2717822453125 0.0855948171875 0.2692868640625 0.08768139999999999 0.21993243125 0.09026795625 0.21743704843749997 0.09235453906249999 0.17068021875 0.094804959375 0.1681848359375 0.0968915421875 0.11623280312499999 0.09961423281250001 0.11373741875000001 0.101700815625 0.11113981718749999 0.10183695156250001 0.10739674375 0.10496682500000001 0.1079078359375 0.1147190671875 0.105412453125 0.11680565000000001 0.105821328125 0.1246074421875 0.10717123906249999 0.1255146 0.1085211484375 0.12642175625000002 0.10913446093750001 0.138124446875 0.1104843703125 0.13903160312500001 0.1494483953125 0.1369895859375 0.15194377812499998 0.134903003125 0.190907803125 0.132860984375 0.19340318750000002 0.1307744015625 0.24016001562499997 0.1283239796875
0 0.07828784375 0.2453545390625 0.09313685625 0.2553332640625 0.095734459375 0.2551971296875 0.10113409843750001 0.2588257578125 0.10373170000000001 0.2586896234375 0.109131340625 0.26231825 0.1117289421875 0.262182115625 0.1225282234375 0.2694393703125 0.1251258265625 0.2693032359375 0.1278256453125 0.27111755 0.1538016640625 0.2697562046875 0.1562970453125 0.267669621875 0.25240830625 0.26263264375 0.254903690625 0.2605460609375 0.37958857031250004 0.25401160312500004 0.3820839546875 0.25192502031249997 0.449621596875 0.2483855234375 0.45211697968750003 0.24629894062500002 0.5430330375 0.24153423125 0.5455284218750001 0.23944764843750002 0.6416396828125001 0.2344106703125 0.644135065625 0.23232408750000003 0.7428439296875 0.22715097499999998 0.7441938390625 0.22805813281249998 0.74644265 0.27096799531250004 0.7491424703125 0.27278230937500003 0.7494491265625001 0.2786336546875 0.7534988578124999 0.28135512500000004 0.7560964578125 0.281218990625 0.7610872234375 0.27704582499999997 0.7636848265625 0.27690969062500004 0.7699232828125 0.2716932328125 0.7698210640625 0.269742784375 0.779802596875 0.26139645312500004 0.779700378125 0.2594460046875 0.7871865265625 0.25318625625 0.7870843078124999 0.2512358078125 0.7945704578125 0.24497605937500003 0.7944682390625 0.24302561093750003 0.804449771875 0.2346792796875 0.804347553125 0.23272883125 0.8118337015625 0.2264690828125 0.8117314828125 0.224518634375 0.81672225 0.22034546875 0.8166200312499999 0.21839502031250002 0.821610796875 0.21422185468750002 0.821508578125 0.21227140625000002 0.828994725 0.20601165781250003 0.8288925078125 0.204061209375 0.8338832734375 0.19988804375 0.8337810546875 0.1979375953125 0.8387718218750001 0.19376442968750002 0.838669603125 0.19181398125 0.8411649859375 0.1897273984375 0.8410627671875 0.18777695 0.8460535328125 0.183603784375 0.8459513140625001 0.1816533359375 0.8484466968750001 0.17956675312499998 0.848242259375 0.1756658578125 0.8507376421874999 0.173579275 0.8474666453124999 0.111164928125 0.844766825 0.10935061406249999 0.8428246703125 0.072292096875 0.841474759375 0.071384940625 0.8388771593750001 0.071521075 0.8361773375 0.0697067609375 0.82578693125 0.0702512984375 0.8232915500000001 0.07233788125 0.8077059375 0.0731546890625 0.8052105562499999 0.075241271875 0.8026129531249999 0.07537740625 0.799913134375 0.0735630921875 0.7974177499999999 0.075649675 0.7376729125 0.07878076875 0.7351775296875 0.080867353125 0.6962135046875 0.0829093703125 0.6937181203125 0.084995953125 0.6547540953125 0.087037971875 0.6522587140625 0.0891245546875 0.6132946890625 0.091166571875 0.6107993046875 0.09325315468749999 0.569237678125 0.0954313078125 0.5667422953125001 0.097517890625 0.535571075 0.0991515046875 0.5330756937500001 0.1012380875 0.4889164640625 0.103552375 0.48642108124999994 0.10563895781249999 0.44226185312500005 0.10795324531249999 0.4397664703125 0.11003982812499999 0.3956072421875 0.1123541140625 0.3931118578125 0.114440696875 0.3567454359375 0.11634658125 0.3542500515625 0.1184331640625 0.3126884265625 0.120611315625 0.3101930421875 0.12269789843750001 0.2608386109375 0.1252844546875 0.258343228125 0.1273710375 0.20379359375 0.13022986406249998 0.20129820937499998 0.132316446875 0.1675293875 0.1340861953125 0.16503400625 0.136172778125 0.1260699796875 0.138214796875 0.12357459687500001 0.1403013796875 0.11837939374999999 0.1405736484375 0.11567957343749999 0.13875933437500002 0.113184190625 0.1408459171875 0.0820129703125 0.14247953124999999 0.0795175890625 0.1445661140625 0.0717247828125 0.1449745171875 0.0679817078125 0.1481043921875 0.0683905828125 0.1559061859375 0.0658952 0.15799276874999998 0.06701960625 0.17944770000000002 0.064524221875 0.1815342828125 0.0659552828125 0.208840559375 0.06730519375 0.209747715625 0.0686551046875 0.210654871875 0.069472853125 0.22625845937500003 0.0721726734375 0.22807277343750001 0.0726837671875 0.2378250140625 0.0753835875 0.239639328125 0.07548580625 0.2415897765625 0.07818562500000001 0.24340409062499999 0.07828784375 0.2453545390625
0 0.5369358156249999 0.3239975984375 0.5394311984375 0.321911015625 0.5420288 0.32177488125 0.5447286203124999 0.32358919531249997 0.547326221875 0.32345306093750004 0.5498216046875 0.32136647812499997 0.742044128125 0.311292521875 0.745787203125 0.3081626484375 0.745582765625 0.3042617515625 0.7480781484375 0.30217516875 0.7479759296874999 0.3002247203125 0.745276109375 0.29841040625000004 0.7445605796875 0.28475726875 0.7470559609375 0.2826706859375 0.7469537421875 0.2807202375 0.7442539234375001 0.2789059234375 0.7441517046875 0.276955475 0.7466470859375 0.2748688921875 0.7461359937500001 0.26511665 0.7434361734375 0.2633023359375 0.7433339546875 0.2613518890625 0.7458293375 0.25926530625 0.7443982765625 0.23195902968749998 0.737648725 0.22742324531250002 0.7194655140624999 0.22837618593750003 0.71697013125 0.23046276875 0.6312492765625 0.23495520937499997 0.6287538921875 0.23704179218750002 0.53264263125 0.24207877031249997 0.5301472484375 0.244165353125 0.449621596875 0.2483855234375 0.44712621406249997 0.25047210625 0.3614053578125 0.2549645453125 0.3589099765625 0.257051128125 0.26799391875 0.26181583750000004 0.265498534375 0.2639024203125 0.16159446718749998 0.26934780156250004 0.1590990859375 0.271434384375 0.1175374578125 0.2736125359375 0.11379438281250001 0.27674241093749996 0.1139988203125 0.2806433078125 0.1115034390625 0.282729890625 0.11221896875 0.296383028125 0.1097235859375 0.2984696109375 0.111052428125 0.3238254390625 0.11240233749999999 0.324732596875 0.11375224843750001 0.32563975312500004 0.1144677796875 0.339292890625 0.11716759843749999 0.3411072046875 0.1172698171875 0.343057653125 0.12401937031250002 0.3475934375 0.274680265625 0.339697634375 0.27717565 0.33761105156250004 0.5369358156249999 0.3239975984375
0 0.128414771875 0.43146271562500005 0.1311145921875 0.43327702968750004 0.13371219375 0.43314089375 0.1364120140625 0.43495520781249997 0.16238803125 0.4335938625 0.16508784999999998 0.43540817656249997 0.24041830000000003 0.43146027499999995 0.24291368281249998 0.42937369218750004 0.24551128437499997 0.4292375578125 0.24821110468750002 0.431051871875 0.2586015109375 0.43050733281250003 0.26109689375 0.42842075 0.266292096875 0.42814848124999993 0.26899191718750004 0.42996279531250003 0.2715895203125 0.4298266609375 0.2740849015625 0.427740078125 0.411757790625 0.42052494687499997 0.41445761093750005 0.42233926093749996 0.41705521250000005 0.4222031265625 0.419550596875 0.42011654375 0.422148196875 0.41998040937500003 0.42484801875 0.4217947234375 0.42744561875000003 0.4216585890625 0.429941003125 0.41957200625 0.432538603125 0.41943587187500003 0.435238425 0.421250184375 0.5443376953125 0.41553253437500004 0.5468330765625 0.4134459515625 0.5495328984375 0.415260265625 0.5625209046874999 0.4145795921875 0.5650162890625 0.412493009375 0.567613890625 0.41235687499999996 0.5703137109374999 0.41417118906250006 0.5833017203125 0.4134905171875 0.5857971015625 0.411403934375 0.5883947046875 0.41126779999999996 0.5910945234375 0.4130821125 0.62226574375 0.41144849843750003 0.626315475 0.41416996875 0.6238200921875 0.4162565515625 0.624331184375 0.42600879375 0.62703100625 0.4278231078125 0.6273376625 0.43367445312499997 0.6340872125 0.4382102375 0.6964296515624999 0.43494300781249995 0.7014204171875 0.43076984218750003 0.7040180203124999 0.4306337078125 0.7164949359375 0.42020079375 0.7190925359375 0.42006465937500004 0.724083303125 0.41589149374999995 0.7266809046875 0.415755359375 0.7291762875 0.4136687765625 0.7317738890625 0.413532640625 0.7367646546875 0.40935947500000003 0.7419598578125 0.40908720625 0.7444552421874999 0.4070006234375 0.7470528421875 0.40686448906250006 0.7532913 0.40164803281249994 0.7513491453125 0.3645895140625 0.7538445296875 0.36250293125 0.7514935 0.3176426203125 0.7447439499999999 0.3131068359375 0.5447286203124999 0.32358919531249997 0.5422332375 0.32567577812500004 0.3474131125 0.33588586875000004 0.3449177296875 0.3379724515625 0.3423201265625 0.33810858593750004 0.3396203078125 0.336294271875 0.3370227046875 0.33643040625 0.3345273234375 0.3385169890625 0.1604880109375 0.34763800312500004 0.15799262812499998 0.3497245859375 0.1216262046875 0.35163046875 0.11538774843749999 0.3568469265625 0.115489965625 0.35879737500000003 0.11299458281250001 0.3608839578125 0.1133012390625 0.3667353015625 0.11080585624999999 0.368821884375 0.11254357343750002 0.40197950625 0.1138934828125 0.4028866640625 0.11524339374999999 0.4037938203125 0.1158567046875 0.41549650937499993 0.1185565265625 0.41731082343750003 0.11896540156249999 0.4251126171875 0.1216652203125 0.42692693125 0.12176743906250001 0.42887737968749995 0.1258171703125 0.43159885 0.128414771875 0.43146271562500005
0 0.550963959375 0.4425665421875 0.553663778125 0.44438085625 0.569249390625 0.44356404843749997 0.5719492093749999 0.44537836249999996 0.5771444125 0.44510609375000004 0.579844234375 0.44692040625 0.5850394375 0.4466481375 0.58773925625 0.4484624515625 0.590336859375 0.44832631718749993 0.593036678125 0.45014063125000003 0.600829484375 0.4497322265625 0.6035293046875 0.451546540625 0.611322109375 0.4511381375 0.62005595 0.443835096875 0.6199537312500001 0.44188465 0.624944496875 0.43771148281250005 0.6237178734375 0.41430610312500005 0.6196681421875 0.4115846328125 0.5651185078125 0.41444345781249997 0.5626231234375 0.416530040625 0.5574279203125 0.41680231093750003 0.5547281015625 0.414987996875 0.5522327171875 0.4170745796875 0.1547996625 0.43790316249999994 0.15230428125 0.4399897453125 0.1263282625 0.441351090625 0.1225851890625 0.44448096562500006 0.1234029375 0.4600845515625 0.12475284843750001 0.460991709375 0.12745266875 0.4628060234375 0.1300502703125 0.4626698875 0.132750090625 0.4644842015625 0.345753428125 0.45332117031249997 0.34824880937499997 0.4512345875 0.5067025109375 0.44293038124999995 0.5094023328125 0.44474469375 0.550963959375 0.4425665421875
0 0.3365896453125 0.47727108749999997 0.339085028125 0.4751845046875 0.50013633125 0.4667441640625 0.5063747875 0.46152770624999995 0.5059659140625 0.4537259140625 0.508461296875 0.45163933125 0.508256859375 0.447738434375 0.5055570390625 0.4459241203125 0.5054548203125 0.443973671875 0.5041049109375 0.443066515625 0.4963121046875 0.44347491874999995 0.49381672343750005 0.44556150156249996 0.33016781875 0.4541379765625 0.32767243437500004 0.4562245609375 0.2003899515625 0.462895153125 0.1978945703125 0.4649817359375 0.1251617234375 0.46879350156250005 0.12141864843750001 0.4719233765625 0.1221341796875 0.4855765140625 0.1234840890625 0.486483671875 0.1262861296875 0.49024843437500004 0.24577580625 0.4839862453125 0.24827118750000002 0.48189966249999994 0.3236016359375 0.47795176093749997 0.32609701874999997 0.475865178125 0.33129222343750003 0.475592909375 0.3339920421875 0.47740722187499995 0.3365896453125 0.47727108749999997
0 0.5834218875 0.5151860984375001 0.5871649624999999 0.5120562234375 0.5864494312499999 0.49840308593750005 0.583749609375 0.49658877187500006 0.5820118921875 0.46343115 0.5752623421874999 0.458895365625 0.53889591875 0.46080125 0.536400534375 0.4628878328125 0.5078269171875001 0.4643853125 0.505331534375 0.4664718953125 0.40142746718750005 0.47191727656250004 0.39893208593749996 0.47400385937499995 0.29762561875000004 0.47931310624999995 0.2951302375 0.48139968906249997 0.20940938125000003 0.485892128125 0.2069139984375 0.4879787109375 0.204316396875 0.48811484531250005 0.20161657656249998 0.4863005328125 0.1912261703125 0.4868450703125 0.1887307875 0.48893165312500003 0.1575595671875 0.4905652671875 0.1538164921875 0.49369514218750005 0.15626974062500001 0.5405059015625 0.1576196515625 0.5414130578125 0.1603194703125 0.543227371875 0.2044786984375 0.540913084375 0.20697408281250002 0.5388265015625 0.347244571875 0.5314752375 0.34973995625 0.5293886546875 0.4432536140625 0.5244878109375 0.4457489984375 0.522401228125 0.5834218875 0.5151860984375001
0 0.5813954625 0.5759222640624999 0.5851385359375 0.572792390625 0.5843207859375 0.5571888031250001 0.5816209671875 0.555374490625 0.5811098734375 0.5456222484375 0.58360525625 0.543535665625 0.58340081875 0.5396347687499999 0.5807009984375 0.5378204546875 0.5795765937499999 0.5163655234375 0.578226684375 0.5154583671874999 0.5106890390625 0.5189978640625 0.50819365625 0.521084446875 0.3887039796875 0.5273466359375 0.38620859687500003 0.52943321875 0.2615237171875 0.5359676765625 0.259028334375 0.5380542593750001 0.16551467343749998 0.542955103125 0.1630192921875 0.5450416859375 0.1578240890625 0.5453139546875 0.1565763953125 0.546357246875 0.1581096765625 0.5756139703125001 0.15561429375 0.577700553125 0.15684091718749998 0.6011059328125 0.15819082812500002 0.6020130906250001 0.1608906484375 0.6038274046875001 0.24920910468750002 0.5991988296875 0.25170448749999996 0.597112246875 0.3711941640625 0.5908500578125 0.373689546875 0.588763475 0.5243504437500001 0.580867671875 0.5268458265625 0.5787810890625 0.5813954625 0.5759222640624999
0 0.6949322687499999 0.6051765484375 0.69867534375 0.602046675 0.6972442828125 0.5747403984375 0.6945444625 0.5729260843749999 0.694340025 0.5690251875000001 0.6916402046875 0.567210875 0.6915379859375 0.5652604265625001 0.6807387046875 0.5580031703125 0.6806364859375 0.556052721875 0.6549881921875 0.5388167421875 0.6160241671875 0.540858759375 0.6135287859375 0.5429453421875 0.6005407765624999 0.543626015625 0.5943023203125 0.548842471875 0.5944045375 0.5507929203125 0.589413771875 0.5549660859375 0.589618209375 0.5588669828125 0.5871228265624999 0.560953565625 0.58783835625 0.5746067046875 0.586590665625 0.5756499953125 0.5787978593750001 0.5760583984375 0.576302478125 0.57814498125 0.48019121406250004 0.583181959375 0.47769583281249994 0.5852685421875 0.4647078234375 0.585949215625 0.4620080046875 0.5841349015625 0.42304397812500005 0.58617691875 0.4205485953125 0.5882635015625 0.2776805046875 0.5957509015625 0.27518512031250003 0.5978374843750001 0.16348825 0.6036912703125 0.1609928671875 0.6057778515625001 0.158395265625 0.6059139874999999 0.154652190625 0.6090438609375 0.1559810328125 0.6343996890625 0.1573309421875 0.635306846875 0.1601329828125 0.6390716078125 0.2926106671875 0.632128746875 0.29510605 0.6300421640625 0.43797414218749997 0.6225547640625 0.440469525 0.6204681812499999 0.6482776578125 0.60957741875 0.6507730421875 0.6074908359375 0.6949322687499999 0.6051765484375
0 0.29633267343749997 0.65344754375 0.2990324953125 0.6552618578125 0.3068252984375 0.6548534546875 0.3093206828125 0.652766871875 0.3638703171875 0.6499080453125 0.3665701375 0.651722359375 0.369167740625 0.651586225 0.371663121875 0.6494996421875 0.5872640609374999 0.6382004765625 0.58975944375 0.6361138937499999 0.6157354609375 0.6347525484375 0.61843528125 0.6365668609374999 0.6288256875 0.6360223234375 0.6313210703125 0.633935740625 0.7534083484375 0.6275374171875 0.7596468062499999 0.6223209609375 0.75903349375 0.6106182703125 0.756333675 0.60880395625 0.75623145625 0.6068535078124999 0.753531634375 0.6050391953124999 0.753429415625 0.6030887468749999 0.73723049375 0.5922028640625 0.737128275 0.590252415625 0.7249790843749999 0.582088003125 0.7223814828124999 0.5822241375 0.7169818421875 0.5785955109375001 0.7143842390625 0.5787316453125 0.7089845984375 0.5751030171875 0.7037893953125 0.5753752859375 0.7025417046875 0.576418578125 0.7027461421875 0.580319475 0.7002507578125 0.5824060578125 0.7013751640625 0.6038609890625 0.700127471875 0.6049042796874999 0.6819442609374999 0.605857221875 0.679448878125 0.6079438046875 0.562556803125 0.614069859375 0.5600614203125 0.6161564421875 0.5548662171875 0.6164287109375 0.552166396875 0.614614396875 0.5496710140625 0.6167009796875 0.28471564374999997 0.6305867015625 0.2822202609375 0.632673284375 0.279622659375 0.6328094203125 0.2769228375 0.63099510625 0.26393483125 0.631675778125 0.261439446875 0.6337623609375 0.16273058437500001 0.6389354734375 0.15399674375 0.6462385140625 0.15461005625 0.657941203125 0.155959965625 0.6588483609375 0.16135960625 0.6624769875000001 0.174347615625 0.661796315625 0.17704743437499998 0.6636106296875 0.1822426375 0.663338359375 0.184738021875 0.6612517765625 0.29123968906250003 0.6556702609375 0.2937350734375 0.653583678125 0.29633267343749997 0.65344754375
0 0.49248164218749996 0.66859328125 0.7418514015625 0.655524365625 0.7455944765625 0.6523944921875 0.7454922578125001 0.65044404375 0.747987640625 0.6483574609375 0.7475787671874999 0.6405556671875 0.7500741484375 0.6384690843749999 0.7473743296875 0.6366547703125 0.7469654546875 0.6288529781250001 0.7456155437499999 0.6279458203125 0.6443090781249999 0.6332550671875 0.641813696875 0.63534165 0.41582235 0.6471853546874999 0.41332696875 0.6492719375 0.3353989171875 0.6533559734375001 0.332699096875 0.6515416609375 0.3249062921875 0.6519500640625 0.322410909375 0.6540366468750001 0.187335621875 0.6611156421875 0.18484024062499999 0.663202225 0.17704743437499998 0.6636106296875 0.173304359375 0.666740503125 0.174224328125 0.6842945375 0.1755742390625 0.6852016953125 0.1809738796875 0.688830321875 0.32384197187499997 0.6813429234374999 0.326337353125 0.6792563406250001 0.4821934546875 0.6710882687499999 0.4846888359375 0.6690016859375 0.48728643906249997 0.66886555 0.489986259375 0.6706798640625 0.49248164218749996 0.66859328125
0 0.40299664531249996 0.7006642671875001 0.182200503125 0.7122357015625 0.178457428125 0.7153655765625 0.179172959375 0.7290187140625 0.18052286875 0.729925871875 0.18322269062500002 0.7317401859375 0.18841789375 0.731467915625 0.190913275 0.7293813328125001 0.398721409375 0.7184905703125 0.402464484375 0.715360696875 0.40205560937499996 0.707558903125 0.407046375 0.7033857375 0.40299664531249996 0.7006642671875001
0 0.655883975 0.7050132515625 0.65837935625 0.70292666875 0.69474578125 0.7010207859375 0.69848885625 0.6978909109375 0.6979777625 0.68813866875 0.695277940625 0.68632435625 0.695175721875 0.6843739078125 0.6938258125 0.68346675 0.6055073546874999 0.688095325 0.6030119734375 0.6901819078125 0.5952191671875 0.6905903109375 0.5925193484375 0.688775996875 0.5873241453125 0.6890482671875 0.5848287609375 0.69113485 0.5821289421875 0.6893205359375 0.5796335578125 0.69140711875 0.434167865625 0.6990306515625 0.43042479062499994 0.7021605265625 0.430731446875 0.7080118718749999 0.43208135625 0.708919028125 0.433431265625 0.7098261859375 0.43363570312500005 0.71372708125 0.43768543437499996 0.716448553125 0.6195175500000001 0.7069191359375 0.622012934375 0.7048325515625 0.6246105359375 0.7046964171875 0.62731035625 0.7065107312500001 0.655883975 0.7050132515625
0 0.7140323296875 0.7459714468749999 0.7126012687500001 0.7186651703125 0.7099014484375 0.71685085625 0.7096970109375 0.712949959375 0.70159755 0.70750701875 0.7014953312500001 0.7055565703125 0.69474578125 0.7010207859375 0.689550578125 0.7012930546875 0.68705519375 0.7033796375 0.43768543437499996 0.716448553125 0.4351900515625 0.7185351359375 0.43249023124999997 0.716720821875 0.40911181562500004 0.7179460328125 0.40661643437499995 0.720032615625 0.4014212296875 0.7203048843750001 0.398721409375 0.7184905703125 0.2844269359375 0.724480490625 0.2819315515625 0.7265670734375 0.2741387484375 0.7269754765625 0.2714389265625 0.7251611625 0.22727970000000003 0.72747545 0.2247843171875 0.7295620328125 0.21179630781249997 0.7302427046875 0.2090964875 0.7284283921875 0.20649888593750002 0.7285645265625 0.20400350312499999 0.730651109375 0.1806250875 0.7318763203125 0.17812970625 0.733962903125 0.17033689999999999 0.73437130625 0.1678415171875 0.7364578890625 0.16524391562500002 0.7365940234374999 0.16274853125 0.73868060625 0.16015093125 0.738816740625 0.151417090625 0.74611978125 0.151519309375 0.7480702296875 0.149023925 0.7501568125 0.1501483296875 0.7716117437500001 0.15149824218750002 0.7725189 0.1540958421875 0.772382765625 0.1567956640625 0.7741970796875 0.268492534375 0.7683432953125 0.27119235625 0.7701576078125 0.43743886249999997 0.7614449984375 0.4401386828125 0.7632593125 0.7102892562500001 0.7491013203125 0.7140323296875 0.7459714468749999
0 0.1936310453125 0.8309407796875 0.19612642656249998 0.828854196875 0.21950484218750002 0.8276289859375 0.2222046640625 0.8294433 0.32870633125 0.8238617843749999 0.331406153125 0.8256760984374999 0.33660135625 0.8254038296875 0.33909673749999997 0.8233172468750001 0.34688954375000003 0.8229088421874999 0.34958936406249996 0.8247231562499999 0.38076058281249997 0.8230895421875 0.3832559671875 0.8210029593750001 0.391048771875 0.8205945546875 0.3937485921875 0.82240886875 0.3989437953125 0.8221366 0.40143917812499996 0.8200500171874999 0.4326103984375 0.8184164031250001 0.4353102171875 0.8202307171875001 0.440505421875 0.8199584468750001 0.44300080468749997 0.8178718640625 0.4507936109375 0.8174634609375 0.4534934296875 0.819277775 0.6223375390625 0.8104290296875 0.625037359375 0.81224334375 0.6328301640625 0.811834940625 0.635325546875 0.8097483578125001 0.6379231484375001 0.8096122234375001 0.64062296875 0.8114265375 0.822455084375 0.80189711875 0.8261981593750001 0.7987672453125 0.8242560046875 0.7617087265625 0.8215561859375 0.7598944140625 0.8213517484375 0.7559935171875 0.8186519265625 0.754179203125 0.8185497078124999 0.7522287546875 0.8131500671874999 0.7486001265625 0.8129456312500001 0.7446992296875 0.8102458109375 0.7428849171875 0.8101435921875 0.74093446875 0.80474395 0.737305840625 0.8046417312499999 0.7353553921875 0.8019419125 0.733541078125 0.8018396937500001 0.7315906296875 0.796440053125 0.727962003125 0.7963378343749999 0.7260115546875 0.79093819375 0.7223829265624999 0.790835975 0.720432478125 0.785436334375 0.7168038515624999 0.785334115625 0.714853403125 0.7826342953125 0.7130390890625 0.7825320765625 0.711088640625 0.7771324359375 0.7074600125 0.7770302171875 0.705509565625 0.774330396875 0.7036952515625 0.7742281796875 0.701744803125 0.7688285375 0.698116175 0.76872631875 0.6961657265625 0.7660264984375 0.6943514125 0.7659242796875 0.692400965625 0.75107526875 0.6824222390625 0.717306446875 0.6841919875 0.7148110625 0.6862785703125 0.709615859375 0.686550840625 0.705872784375 0.6896807140625001 0.7061794406249999 0.695532059375 0.703684059375 0.6976186421875 0.703888496875 0.7015195390625 0.706588315625 0.703333853125 0.7066905343750001 0.7052843 0.7107402656249999 0.708005771875 0.7133378671874999 0.7078696375 0.7146877765624999 0.70877679375 0.7149944328125 0.7146281390625 0.7203940734375001 0.718256765625 0.7178986921875 0.7203433484375 0.718103128125 0.7242442453125 0.7208029484375 0.726058559375 0.7214162609375 0.7377612499999999 0.7189208781249999 0.7398478328125 0.719023096875 0.7417982796875 0.72037300625 0.7427054375 0.7229706078125 0.742569303125 0.725670428125 0.7443836171875 0.73086563125 0.744111346875 0.733565453125 0.7459256609375 0.7413582562500001 0.7455172578125 0.7427081671875 0.7464244140625 0.741460475 0.7474677062499999 0.73107006875 0.7480122437500001 0.7285746859375 0.7500988265624999 0.41946008749999997 0.7662988359375 0.4167602671875 0.7644845234375001 0.414264884375 0.76657110625 0.4116672828125 0.766707240625 0.4089674625 0.7648929265625 0.266099371875 0.7723803265625 0.26339955000000004 0.7705660125 0.26080195 0.7707021468749999 0.258306565625 0.7727887296875 0.2557089625 0.7729248640625 0.25300914375 0.7711105500000001 0.247813940625 0.77138281875 0.24531855624999999 0.7734694015625 0.1933665234375 0.7761920921875001 0.190666703125 0.7743777796875 0.1568978828125 0.776147528125 0.1406778921875 0.7897103171875 0.1408823296875 0.7936112125 0.138386946875 0.7956977953125 0.13951135312500001 0.8171527281250001 0.1408612625 0.818059884375 0.14221117187500001 0.818967040625 0.142722265625 0.8287192828125001 0.1494718171875 0.8332550671875 0.1728502328125 0.8320298562499999 0.1753456140625 0.8299432734375 0.1779432171875 0.8298071390624999 0.1806430359375 0.8316214531250001 0.1936310453125 0.8309407796875
0 0.7545686515625001 0.8484826140624999 0.7558163421875 0.8474393234375001 0.75377196875 0.80843035625 0.752422059375 0.8075232 0.7498244578125 0.807659334375 0.7471246375 0.8058450203125 0.7315390265625 0.806661828125 0.7290436437500001 0.8087484109374999 0.7264460421875001 0.8088845453125 0.723746221875 0.80707023125 0.6873797984375 0.808976115625 0.6848844171875 0.8110626984374999 0.6822868140625 0.8111988328124999 0.6795869953125 0.80938451875 0.6042565453125001 0.8133324203125 0.601556725 0.81151810625 0.21970927968749998 0.8315298828125 0.2170094609375 0.82971556875 0.1598622234375 0.8327105296875 0.15611914843750002 0.835840403125 0.1568346796875 0.8494935421875001 0.15433929531249999 0.8515801250000001 0.15525926406249999 0.8691341593749999 0.156609175 0.8700413156250001 0.162008815625 0.8736699437500001 0.16980161875 0.8732615406249999 0.172501440625 0.875075853125 0.22705107500000002 0.8722170281249999 0.22975089531249998 0.8740313421874999 0.414180615625 0.8643657906250001 0.416880434375 0.8661801046875001 0.7545686515625001 0.8484826140624999
0 0.2619443015625 0.8919022109375 0.389226784375 0.88523161875 0.39192660468749996 0.8870459328125 0.51141628125 0.88078374375 0.5141161015625 0.8825980578125 0.6595817953124999 0.8749745234375 0.6622816140625 0.8767888375 0.6752696234375 0.8761081640624999 0.6790126984375 0.872978290625 0.6789104796875 0.8710278421875 0.6814058625 0.8689412593749999 0.68089476875 0.8591890171875001 0.67414521875 0.8546532328125 0.671547615625 0.85478936875 0.668847796875 0.8529750546875 0.66385703125 0.8571482203125 0.5599529640625 0.8625936015625 0.5572531421875 0.8607792875 0.388409034375 0.8696280328125001 0.385709215625 0.8678137187500001 0.20127949687500002 0.8774792703125 0.198579675 0.87566495625 0.17000605625 0.8771624359375 0.166262984375 0.8802923109374999 0.16687629531249998 0.891995 0.1682262046875 0.8929021578125 0.17082380625 0.8927660234375001 0.1735236265625 0.8945803375000001 0.1761212296875 0.8944442015625 0.1786166125 0.89235761875 0.18381181562499999 0.89208535 0.1865116359375 0.8938996640625 0.2592444828125 0.890087896875 0.2619443015625 0.8919022109375