0 0.2597961734375 0.1025294578125 0.2626159765625 0.1009078921875 0.28843375312499997 0.1040779171875 0.2912535578125 0.10245635312500001 0.32481666875 0.106577384375 0.3276364734375 0.10495582031249999 0.3482906953125 0.10749184062499999 0.3511105 0.1058702765625 0.36918294218750003 0.10808929375000001 0.372002746875 0.1064677296875 0.397820525 0.10963775312499999 0.40064032968749996 0.10801618906249999 0.4316216609375 0.11182021875 0.43444146562499997 0.11019865468750001 0.46025924375000005 0.113368678125 0.463079046875 0.1117471140625 0.48115149218750003 0.11396613124999999 0.4839712953125 0.11234456718750001 0.502043740625 0.114563584375 0.5048635453125 0.1129420203125 0.5280995453124999 0.1157950421875 0.5309193484375 0.114173478125 0.5541553484375 0.1170265 0.5569751515625 0.11540493593750001 0.5802111515624999 0.1182579578125 0.58303095625 0.11663639374999998 0.6036851765625 0.11917241406250001 0.60650498125 0.11755084843750001 0.627159203125 0.12008686875 0.6299790078124999 0.11846530468750001 0.6532150078125001 0.1213183265625 0.6560348109375 0.11969676250000001 0.689597921875 0.12381779374999999 0.6924177265625 0.12219622968749999 0.7208172828125 0.12568325625000001 0.723637084375 0.1240616921875 0.7494548640625001 0.12723171718749998 0.7522746671875 0.12561015312499998 0.76002 0.1265611609375 0.763535628125 0.12994451406250002 0.7604412890625001 0.15514588125 0.7627850406250001 0.15740145 0.7599652375 0.1590230140625 0.763480865625 0.16240636875 0.7712261984375 0.163357375 0.7740460015624999 0.1617358109375 0.781791334375 0.16268681875 0.786021040625 0.160254471875 0.78673511875 0.154438771875 0.7895549234375 0.15281720781250002 0.793363340625 0.121800140625 0.7910195875 0.119544571875 0.79220971875 0.10985173749999999 0.7910378421875001 0.10872395312500001 0.7626382875 0.10523692656250001 0.7598184828125001 0.106858490625 0.72883715 0.1030544609375 0.7260173453125 0.10467602499999999 0.7027813453125 0.10182300312499999 0.6999615421875001 0.10344456718749999 0.6741437640625 0.10027454375 0.6713239609375 0.1018961078125 0.6480879609375 0.0990430859375 0.64526815625 0.10066465 0.6194503796874999 0.097494625 0.6166305750000001 0.0991161890625 0.590812796875 0.095946165625 0.58799299375 0.09756772968750001 0.5621752156250001 0.0943977046875 0.5593554109375 0.09601926875 0.5309558578125 0.0925322421875 0.528136053125 0.09415380625 0.50748183125 0.0916177875 0.5046620265625 0.09323935156249999 0.4814260265625 0.090386328125 0.4786062234375 0.09200789375 0.4527884453125 0.08883786875 0.44996864218750005 0.09045943281249999 0.4215690859375 0.08697240625 0.41874928125000005 0.0885939703125 0.39293150468750004 0.0854239453125 0.3901117 0.087045509375 0.3642939234375 0.08387548593750001 0.36147411875 0.08549704999999999 0.33823811875 0.082644028125 0.335418315625 0.0842655921875 0.307018759375 0.08077856562499999 0.3041989546875 0.0824001296875 0.2809629546875 0.07954710781249999 0.2781431515625 0.081168671875 0.24716181874999998 0.0773646421875 0.24434201562500002 0.07898620625 0.21594245937499998 0.0754991796875 0.21312265468749997 0.07712074375 0.1847231 0.0736337171875 0.181903296875 0.07525528125 0.176739740625 0.0746212765625 0.1725100359375 0.077053621875 0.1703678 0.0945007234375 0.1715396765625 0.0956285078125 0.173883428125 0.0978840765625 0.179046984375 0.09851808125 0.18186678750000002 0.0968965171875 0.207684565625 0.1000665421875 0.21050436874999998 0.0984449765625 0.236322146875 0.1016150015625 0.23914195 0.0999934375 0.2597961734375 0.1025294578125
0 0.1721807359375 0.13309527968749998 0.17500054062499998 0.13147371562500001 0.1775823171875 0.1317907171875 0.17899221875 0.13097993593749999 0.1792302453125 0.12904136875 0.174304715625 0.12646879687499998 0.17712452031249998 0.12484723281250001 0.1759526453125 0.1237194484375 0.1656255328125 0.1224514390625 0.162567703125 0.12601157031250002 0.161395828125 0.124883784375 0.1616338546875 0.12294521875 0.16046197812500002 0.121817434375 0.1578802 0.12150043125000001 0.154364571875 0.11811707812500001 0.154840625 0.11423994374999999 0.1562505265625 0.11342916249999999 0.16141408125 0.11406316718750001 0.1642338859375 0.112441603125 0.1693974421875 0.11307560781249999 0.17174119375000002 0.1153311765625 0.17456099687499999 0.1137096125 0.1900516625 0.11561162656249999 0.191223540625 0.1167394125 0.1905094625 0.1225551125 0.1876896578125 0.1241766765625 0.1869755796875 0.1299923765625 0.1904912078125 0.1333757296875 0.1956547625 0.134009734375 0.1984745671875 0.1323881703125 0.22429234375 0.1355581953125 0.2271121484375 0.13393663125 0.260675259375 0.1380576625 0.2634950625 0.1364360984375 0.29189461875 0.13992312499999998 0.2947144234375 0.13830156093749998 0.3179504234375 0.14115458281249998 0.3207702265625 0.13953301875 0.3465880046875 0.14270304375 0.34940780781249997 0.1410814796875 0.3726438078125 0.1439345015625 0.37546361250000004 0.14231293750000001 0.4038631671875 0.1457999640625 0.4066829703125 0.14417839999999998 0.42991897031250004 0.147031421875 0.4327387734375 0.1454098578125 0.453392996875 0.1479458765625 0.45621280000000003 0.1463243125 0.482030578125 0.14949433750000002 0.48485038124999996 0.1478727734375 0.5055046046875 0.1504087921875 0.5083244078125 0.148787228125 0.526396853125 0.1510062453125 0.5292166578125 0.14938468124999998 0.549870878125 0.15192070156249998 0.55269068125 0.1502991359375 0.5733449046875 0.15283515625 0.5761647078125 0.1512135921875 0.6019824859375 0.1543836171875 0.6048022890625 0.1527620515625 0.6332018453125 0.1562490796875 0.63602165 0.154627515625 0.6618394265624999 0.1577975390625 0.66465923125 0.156175975 0.685313453125 0.1587119953125 0.6881332578125 0.15709043125 0.7087874796875 0.15962645 0.711607284375 0.1580048859375 0.7400068390625 0.1614919125 0.7428266421874999 0.1598703484375 0.75573553125 0.1614553609375 0.7571454328125 0.160644578125 0.757383459375 0.1587060125 0.7602032640624999 0.1570844484375 0.760679315625 0.15320731406250002 0.7583355625 0.1509517453125 0.758811615625 0.1470746125 0.7616314203125001 0.145453046875 0.762107471875 0.1415759140625 0.7597637203125001 0.13932034531249998 0.76095385 0.1296275109375 0.757438221875 0.1262441578125 0.75461841875 0.127865721875 0.73138241875 0.1250127 0.7285626140625 0.1266342640625 0.700163059375 0.1231472375 0.69734325625 0.1247688015625 0.6611983671874999 0.12033076718749999 0.6583785640625 0.12195233125 0.6325607843750001 0.11878230625 0.62974098125 0.12040387187499998 0.609086759375 0.11786785156249999 0.60626695625 0.119489415625 0.5881945109375 0.1172703984375 0.58537470625 0.1188919625 0.5569751515625 0.11540493593750001 0.5541553484375 0.1170265 0.5335011265625 0.11449048125000001 0.5306813218750001 0.1161120453125 0.5048635453125 0.1129420203125 0.502043740625 0.114563584375 0.4865530734375 0.11266157031249999 0.48373326875 0.114283134375 0.46566082499999994 0.1120641171875 0.462841021875 0.11368568125 0.4318596875 0.1098816515625 0.429039884375 0.11150321562500001 0.4083856625 0.108967196875 0.4055658578125 0.1105887609375 0.37974808125 0.1074187359375 0.3769282765625 0.1090403 0.3536922765625 0.10618727812499999 0.3508724734375 0.1078088421875 0.33021825 0.1052728234375 0.327398446875 0.1068943875 0.30158066875 0.10372436249999999 0.298760865625 0.1053459265625 0.2703613109375 0.1018589 0.26754150625 0.1034804640625 0.24172372812499998 0.10031044062500001 0.23890392343750003 0.10193200468750001 0.2156679234375 0.09907898281250001 0.21284812031250003 0.100700546875 0.1921938984375 0.09816452656249999 0.1893740953125 0.099786090625 0.16871987187499998 0.097250071875 0.16590006875000002 0.09887163593750001 0.150409403125 0.0969696203125 0.1489995 0.097780403125 0.14876147343749999 0.0997189703125 0.1459416703125 0.10134053437499999 0.1440374625 0.11684906718750002 0.1452093375 0.1179768515625 0.1463812125 0.1191046375 0.1459051609375 0.12298177031249999 0.1541082921875 0.1308762625 0.161853625 0.1318272703125 0.16467342812500002 0.13020570468749998 0.16725520625 0.1305227078125 0.169598959375 0.13277827656250002 0.1721807359375 0.13309527968749998
0 0.1704780453125 0.1683064828125 0.1732978484375 0.16668491875 0.1862067375 0.16826993125 0.189026540625 0.16664836562500002 0.22517143125 0.1710864 0.227991234375 0.1694648359375 0.269299678125 0.17453687499999998 0.2721194828125 0.1729153109375 0.3005190390625 0.1764023390625 0.303338840625 0.1747807734375 0.33690195312500004 0.17890180625000002 0.33972175625 0.1772802421875 0.3681213125 0.18076726875 0.3709411171875 0.1791457046875 0.394177115625 0.1819987265625 0.3969969203125 0.1803771625 0.425396475 0.1838641890625 0.428216278125 0.182242625 0.4591976125 0.18604665468749998 0.4620174171875 0.184425090625 0.48783519374999995 0.1875951140625 0.49065499843750005 0.18597355 0.5138909968750001 0.18882657187500002 0.5167108015624999 0.1872050078125 0.5451103578125001 0.19069203437499999 0.5479301609375 0.1890704703125 0.5711661609375 0.1919234921875 0.573985965625 0.190301928125 0.5998037421875 0.193471953125 0.6026235468750001 0.19185038906250002 0.625859546875 0.19470341093750002 0.62867935 0.19308184687500002 0.65191535 0.19593486875 0.6547351546875 0.19431330468750002 0.683134709375 0.19780033125000002 0.6859545125000001 0.1961787671875 0.7117722921875 0.19934879218749998 0.7145920953125 0.1977272265625 0.7326645390625 0.19994624375 0.733836415625 0.2010740296875 0.7324082578125 0.2127054296875 0.7347520109375 0.2149609984375 0.73356188125 0.22465383125 0.73473375625 0.2257816171875 0.7450608671875 0.2270496265625 0.747880671875 0.22542806249999997 0.7582077828125 0.22669607187500002 0.7610275875 0.2250745078125 0.7636093640625 0.225391509375 0.76642916875 0.2237699453125 0.7715927234375 0.22440395 0.7744125265624999 0.2227823859375 0.7769943046875001 0.22309938906250001 0.7812240109374999 0.22066704218750002 0.7814620375 0.2187284765625 0.7842818406250001 0.21710691093749998 0.784519865625 0.2151683453125 0.7873396703125 0.21354678124999998 0.787577696875 0.21160821406250002 0.7903975 0.20998665 0.7923017078125 0.194478115625 0.7951215125 0.19285655156249998 0.795835590625 0.1870408515625 0.7934918390625 0.1847852828125 0.795396046875 0.1692767484375 0.7918804203125 0.1658933953125 0.7892986421875 0.1655763921875 0.786954890625 0.1633208234375 0.7841350874999999 0.1649423875 0.763480865625 0.16240636875 0.7606610609375 0.1640279328125 0.72709795 0.15990690000000002 0.7242781453125 0.16152846406250002 0.7036239234375 0.1589924453125 0.70080411875 0.160614009375 0.6775681203125 0.1577609875 0.674748315625 0.1593825515625 0.65409409375 0.1568465328125 0.6512742890625 0.15846809687500002 0.6202929578124999 0.1546640671875 0.617473153125 0.15628563125 0.591655375 0.15311560625 0.588835571875 0.1547371703125 0.56301779375 0.151567146875 0.5601979890625 0.1531887109375 0.5395437671875001 0.150652690625 0.5367239640625 0.1522742546875 0.5134879625 0.1494212328125 0.5106681609375 0.151042796875 0.48743215937500006 0.148189775 0.48461235625 0.1498113390625 0.463958134375 0.14727532031249999 0.4611383296875 0.14889688437499998 0.4404841078125 0.14636086406249998 0.43766430468750006 0.1479824296875 0.4092647484375 0.14449540156250001 0.40644494531250003 0.146116965625 0.38320894375000003 0.14326394375 0.3803891421875 0.144885509375 0.35715314062500003 0.1420324859375 0.3543333375 0.14365405 0.3310973359375 0.140801028125 0.328277534375 0.14242259375 0.299877978125 0.138935565625 0.2970581734375 0.1405571296875 0.271240396875 0.13738710625 0.2684205921875 0.1390086703125 0.2477663703125 0.13647265 0.244946565625 0.1380942140625 0.2191287890625 0.134924190625 0.21630898437499999 0.13654575468750002 0.1853276515625 0.132741725 0.182507846875 0.1343632890625 0.15669007031249998 0.1311932640625 0.153870265625 0.1328148296875 0.1512884890625 0.1324978265625 0.144238978125 0.1365517375 0.141620690625 0.1578759703125 0.14279256875 0.15900375625000002 0.14396444375 0.16013154062499999 0.1437264171875 0.16207010625 0.14724204531250001 0.1654534609375 0.15498737812500002 0.1664044671875 0.15733112968750002 0.1686600375 0.1624946859375 0.1692940421875 0.16813429375 0.1660509140625 0.1704780453125 0.1683064828125
0 0.1612863 0.18980749375 0.164801928125 0.19319084687500002 0.16738370625000001 0.19350784999999998 0.170203509375 0.19188628593749998 0.17794884375 0.1928372921875 0.17912071875 0.1939650765625 0.178406640625 0.199780778125 0.173005059375 0.20108533906249998 0.1727670328125 0.20302390625000002 0.1762826609375 0.206407259375 0.17910246406250002 0.20478569531250002 0.20492024375 0.20795572031249998 0.2077400453125 0.20633415624999998 0.230976046875 0.209187178125 0.23379585 0.20756561406250001 0.26219540625 0.211052640625 0.265015209375 0.20943107656249998 0.29599654375 0.21323510625000003 0.29881634687499997 0.211613540625 0.30116009843749997 0.2138691109375 0.3039799015625 0.21224754687499997 0.3323794578125 0.21573457343750002 0.3351992625 0.21411300937500002 0.3584352625 0.21696603125 0.361255065625 0.2153444671875 0.38965462031250003 0.21883149375 0.39247442499999996 0.2172099296875 0.4182922015625 0.220379953125 0.42111200625 0.2187583890625 0.44434800625 0.2216114125 0.44716780937499995 0.21998984687499998 0.47040380937500004 0.22284286875 0.4732236140625 0.2212213046875 0.4990413921875 0.22439132968750003 0.5018611953125001 0.222769765625 0.5225154171875 0.225305784375 0.525335221875 0.22368422031250002 0.548571221875 0.22653724375 0.551391025 0.224915678125 0.5720452468749999 0.2274516984375 0.5748650515625 0.225830134375 0.600682828125 0.2290001578125 0.6035026328125 0.22737859375 0.6267386328125 0.230231615625 0.6295584359374999 0.22861005156249997 0.6553762140625 0.2317800765625 0.6581960171875 0.2301585125 0.678850240625 0.23269453125 0.68167004375 0.23107296718749998 0.7100696 0.2345599953125 0.7128894046875 0.23293842968749998 0.7257982937499999 0.2345234421875 0.7300279984375 0.23209109687499999 0.7335983890625 0.20301259531250002 0.7324265140625 0.2018848109375 0.7298447359375 0.20156780937500002 0.727500984375 0.1993122390625 0.7246811796875 0.200933803125 0.70144518125 0.19808078125 0.6986253765625 0.1997023453125 0.6753893765625001 0.1968493234375 0.6725695734375 0.19847088906250002 0.6415882390625 0.194666859375 0.6387684359375 0.1962884234375 0.6129506578125 0.1931183984375 0.6101308546875 0.1947399625 0.5817312984375 0.19125293593749998 0.57891149375 0.1928745 0.55567549375 0.190021478125 0.5528556906250001 0.1916430421875 0.5296196906249999 0.1887900203125 0.5267998859375 0.190411584375 0.500982109375 0.187241559375 0.4981623046875 0.188863125 0.46976275 0.185376096875 0.466942946875 0.1869976609375 0.43854339062500003 0.18351063437499998 0.4357235859375 0.1851321984375 0.409905809375 0.181962175 0.40708600468749995 0.1835837390625 0.37868645 0.1800967109375 0.375866646875 0.1817182765625 0.3500488671875 0.1785482515625 0.3472290640625 0.180169815625 0.3239930640625 0.17731679375 0.32117325937499996 0.1789383578125 0.29277370468749997 0.17545133125 0.2899539015625 0.17707289531249998 0.26413612343750004 0.1739028703125 0.2613163203125 0.175524434375 0.2561527640625 0.1748904296875 0.2538090125 0.1726348609375 0.24864545625 0.17200085625 0.2458256515625 0.1736224203125 0.24324387500000003 0.1733054171875 0.24090012343749997 0.17104984843749999 0.2305730125 0.1697818390625 0.22775320937500002 0.171403403125 0.212262540625 0.1695013890625 0.2094427375 0.171122953125 0.19137029375 0.1689039359375 0.1885504890625 0.1705255 0.1704780453125 0.1683064828125 0.167658240625 0.16992804687500002 0.149585796875 0.1677090296875 0.14676599375 0.16933059374999998 0.13902065937500002 0.1683795859375 0.1376107578125 0.16919036875 0.136658653125 0.1769446359375 0.13383885 0.1785662 0.1328867453125 0.1863204671875 0.134058621875 0.1874482515625 0.1364023734375 0.1897038203125 0.1389841515625 0.19002082343749999 0.140394053125 0.189210040625 0.141822209375 0.177578640625 0.146051915625 0.17514629375 0.158960803125 0.17673130625 0.16247643125 0.18011465937499999 0.1612863 0.18980749375
0 0.2052867671875 0.26900229531250003 0.208106571875 0.26738073125 0.2261790171875 0.2695997484375 0.22899882031250002 0.267978184375 0.2496530421875 0.27051420312499996 0.25247284531249997 0.2688926390625 0.2576364015625 0.26952664375 0.259980153125 0.2717822125 0.26279995624999997 0.2701606484375 0.28603595625 0.2730136703125 0.2888557609375 0.27139210625 0.3120917609375 0.274245128125 0.3149115640625 0.2726235640625 0.3510564546875 0.2770615984375 0.35387625625 0.275440034375 0.38485759062499997 0.2792440640625 0.3876773953125 0.2776225 0.41607695 0.2811095265625 0.41889675468750004 0.2794879625 0.45504164375 0.283925996875 0.45786144687499997 0.2823044328125 0.48367922500000005 0.28547445625 0.486499028125 0.2838528921875 0.51231680625 0.2870229171875 0.515136609375 0.28540135312500003 0.543536165625 0.28888837968750003 0.5463559703125 0.287266815625 0.5747555249999999 0.2907538421875 0.577575328125 0.289132278125 0.6059748843749999 0.29261930468749997 0.6087946890625 0.290997740625 0.6423578 0.2951187734375 0.6451776031249999 0.2934972078125 0.6735771578125 0.2969842359375 0.6763969624999999 0.295362671875 0.70479651875 0.29884969843750003 0.7076163203125 0.297228134375 0.7231069890625 0.2991301484375 0.72733669375 0.29669780156250003 0.72757471875 0.29475923593750003 0.7303945234375 0.293137671875 0.728050771875 0.2908821015625 0.7320972140625 0.25792646874999997 0.7297534640625 0.2556708984375 0.7318956984375 0.23822379843750002 0.7283800703125001 0.2348404453125 0.7206347359375 0.23388943750000002 0.7178149328125001 0.23551100156250002 0.689415378125 0.232023975 0.6865955734375 0.2336455390625 0.6685231296875 0.231426521875 0.665703325 0.2330480859375 0.6424673249999999 0.23019506406249998 0.639647521875 0.23181662812499998 0.6189933 0.229280609375 0.616173496875 0.2309021734375 0.5929374968750001 0.2280491515625 0.5901176921875 0.22967071562500002 0.5617181359375001 0.22618368906250003 0.5588983328125 0.22780525312500002 0.5356623328125 0.22495223125 0.532842528125 0.2265737953125 0.51218830625 0.224037775 0.5093685015625 0.2256593390625 0.480968946875 0.2221723125 0.47814914374999995 0.2237938765625 0.46007669843750004 0.221574859375 0.45725689531249997 0.22319642343749999 0.4366026734375 0.22066040468749998 0.4337828703125 0.22228196875 0.415710425 0.22006295156250003 0.4128906203125 0.22168451562499997 0.384491065625 0.21819748906249997 0.3816712625 0.219819053125 0.35327170625000004 0.2163320265625 0.3504519015625 0.217953590625 0.324634125 0.21478356562499998 0.3218143203125 0.21640512968749998 0.29599654375 0.21323510625000003 0.2931767390625 0.21485667031250003 0.2673589609375 0.2116866453125 0.2645391578125 0.213308209375 0.24130315625 0.21045518749999997 0.23848335468749998 0.2120767515625 0.20492024375 0.20795572031249998 0.2021004390625 0.20957728437499998 0.1814462171875 0.20704126406249998 0.1786264125 0.20866282812499998 0.1476450796875 0.2048588 0.144825275 0.2064803640625 0.12933460937500002 0.20457834843749997 0.125104903125 0.2070106953125 0.12439082500000001 0.21282639531249997 0.12157102187499999 0.214447959375 0.11800063125 0.2435264609375 0.11917250625 0.24465424531250002 0.12034438125 0.24578202968750001 0.1186782 0.259351996875 0.1221938265625 0.26273535 0.13768449375 0.2646373640625 0.1405042984375 0.2630158 0.1714856296875 0.2668198296875 0.17430543437499998 0.265198265625 0.2052867671875 0.26900229531250003
0 0.2446544953125 0.3112241046875 0.24747429843750002 0.3096025390625 0.281037409375 0.313723571875 0.28385721406250003 0.31210200781249997 0.3122567703125 0.31558903437499997 0.31507657187500004 0.3139674703125 0.366712128125 0.32030751875 0.3695319328125 0.3186859546875 0.38502259843750003 0.32058797031249997 0.38784240312499996 0.3189664046875 0.4110784015625 0.3218194265625 0.41389820625 0.32019786250000004 0.439715984375 0.3233678875 0.4425357890625 0.3217463234375 0.47609890000000005 0.3258673546875 0.478918703125 0.324245790625 0.5073182593750001 0.32773281875000004 0.5101380625 0.326111253125 0.541119396875 0.3299152828125 0.5439392 0.32829371875 0.58524764375 0.3333657578125 0.588067446875 0.33174419374999997 0.6242123375 0.336182228125 0.627032140625 0.33456066406249996 0.655431696875 0.338047690625 0.6582515 0.33642612656250004 0.6866510546875 0.33991315312500003 0.689470859375 0.3382915890625 0.7230339703124999 0.342412621875 0.7253777218749999 0.344668190625 0.7305412765625 0.3453021953125 0.73336108125 0.34368063125 0.7357048328125 0.3459362 0.7382866109374999 0.34625320312499996 0.741106415625 0.3446316390625 0.7488517484375 0.3455826453125 0.751671553125 0.34396108124999997 0.759416884375 0.34491208906250004 0.7608267875 0.34410130625 0.7643971781250001 0.31502280625 0.7620534265625001 0.3127672375 0.7627675046875 0.3069515375 0.7592518765625 0.3035681828125 0.7566701 0.30325118125 0.754326346875 0.3009956109375 0.7491627921874999 0.30036160624999997 0.7463429890625 0.3019831703125 0.7205252109375 0.298813146875 0.7177054078125 0.30043471093749996 0.6996329625000001 0.29821569375 0.6968131578125 0.29983725781250004 0.663250046875 0.295716225 0.66043024375 0.297337790625 0.6217035765625 0.292582753125 0.6188837734375 0.2942043171875 0.5930659953124999 0.2910342921875 0.5902461921875 0.2926558578125 0.5618466359375 0.2891688296875 0.55902683125 0.29079039375 0.5306272765625 0.2873033671875 0.5278074734375 0.28892493125 0.4968261390625 0.285120903125 0.49400633593750004 0.28674246718749996 0.46560677968749997 0.2832554390625 0.4627869765625 0.2848770046875 0.43180564375 0.281072975 0.4289858390625 0.2826945390625 0.4005862828125 0.27920751250000003 0.3977664796875 0.2808290765625 0.3719487015625 0.27765905156250004 0.36912889843749996 0.279280615625 0.34072934374999997 0.2757935890625 0.3379095390625 0.277415153125 0.30692820625 0.2736111234375 0.3041084015625 0.2752326875 0.278290625 0.2720626640625 0.2754708203125 0.273684228125 0.241907709375 0.2695631953125 0.23908790624999998 0.2711847609375 0.21843368281250003 0.268648740625 0.2156138796875 0.2702703046875 0.1846325453125 0.26646627500000003 0.18181274218750001 0.2680878390625 0.1534131875 0.2646008125 0.1505933828125 0.2662223765625 0.12477560624999999 0.263052353125 0.12195580156250001 0.2646739171875 0.11937402187499999 0.2643569140625 0.11514431875 0.2667892609375 0.11133590156249999 0.29780632812499996 0.1125077765625 0.2989341125 0.11485152812499999 0.30118968125 0.1458328609375 0.3049937109375 0.14865266562499999 0.303372146875 0.18221577656250001 0.307493178125 0.1850355796875 0.3058716140625 0.205689803125 0.308407634375 0.20850960624999998 0.3067860703125 0.2446544953125 0.3112241046875
0 0.12325617656250001 0.32878684375 0.1225420984375 0.33460254375 0.1260577265625 0.33798589687499997 0.1288775296875 0.3363643328125 0.134041084375 0.33699833749999997 0.13755671249999998 0.340381690625 0.13731868593750002 0.34232025781250003 0.1384905625 0.3434480421875 0.14107234062500001 0.34376504531249996 0.1438921453125 0.34214348125 0.18520058749999999 0.34721552031249997 0.187544340625 0.3494710890625 0.1952896734375 0.350422096875 0.198109478125 0.3488005328125 0.2290908109375 0.3526045625 0.23191061406250002 0.350982996875 0.26031017031250003 0.354470025 0.263129975 0.3528484609375 0.2992748625 0.35728649375 0.3020946671875 0.35566492968749996 0.3434031109375 0.36073696875 0.3462229140625 0.3591154046875 0.34880469375 0.3594324078125 0.35114844375 0.36168797656249996 0.353730221875 0.3620049796875 0.356550025 0.360383415625 0.3823678046875 0.36355343906250004 0.3851876078125 0.361931875 0.416168940625 0.3657359046875 0.41898874375000006 0.364114340625 0.43964296718749996 0.366650359375 0.44246277031250003 0.3650287953125 0.4631169921875 0.367564815625 0.465936796875 0.36594325156249996 0.5072452421875 0.371015290625 0.51006504375 0.36939372656249997 0.541046378125 0.37319775625 0.5438661812500001 0.371576190625 0.546447959375 0.37189319374999996 0.5487917109375 0.3741487625 0.5513734890624999 0.374465765625 0.5541932921875 0.37284420156250003 0.5825928484375 0.37633122812500003 0.585412653125 0.3747096640625 0.5879944312500001 0.375026665625 0.59033818125 0.3772822359375 0.5931579859375 0.375660671875 0.62413931875 0.3794647 0.6269591234375 0.37784313593749996 0.683758234375 0.384817190625 0.6865780375 0.3831956265625 0.712395815625 0.38636565 0.7166255203125 0.38393330312499996 0.716863546875 0.3819947375 0.7196833515625001 0.3803731734375 0.7208734812500001 0.37068033906250003 0.7185297296875001 0.3684247703125 0.7213860421875 0.3451619703125 0.717870415625 0.341778615625 0.71012508125 0.340827609375 0.7073052765625001 0.34244917343750003 0.673742165625 0.338328140625 0.6709223625 0.33994970625 0.6347774734375 0.33551167187500003 0.6319576703124999 0.3371332359375 0.6087216703125 0.33428021406249997 0.605901865625 0.335901778125 0.569756978125 0.33146374375 0.5669371734374999 0.3330853078125 0.564593421875 0.3308297390625 0.5594298656250001 0.3301957328125 0.5566100625 0.33181729843749996 0.5256287281249999 0.32801326875000003 0.522808925 0.3296348328125 0.4944093703125 0.32614780625 0.491589565625 0.32776937031250003 0.45802645468750003 0.3236483375 0.45520665156250006 0.32526990312500004 0.4242253171875 0.3214658734375 0.4214055140625 0.3230874375 0.3955877359375 0.3199174125 0.3927679328125 0.32153897656249997 0.372113709375 0.3190029578125 0.36929390624999997 0.320624521875 0.3357307953125 0.3165034890625 0.33291099062499996 0.31812505468749996 0.296766103125 0.3136870203125 0.2939462984375 0.315308584375 0.26554674375 0.31182155625 0.2627269390625 0.313443121875 0.229163828125 0.3093220890625 0.226344025 0.310943653125 0.195362690625 0.3071396234375 0.19254288749999998 0.3087611890625 0.1641433328125 0.3052741609375 0.161323528125 0.306895725 0.125178640625 0.3024576921875 0.12235883593750001 0.30407925625 0.112031725 0.3028112453125 0.10780201874999999 0.30524359218749997 0.104469653125 0.33238352656250003 0.1056415296875 0.33351131093749997 0.10681340624999999 0.33463909531249997 0.1065753796875 0.3365776625 0.11009100624999998 0.33996101562500003 0.11150090937499998 0.339150234375 0.1126910390625 0.3294574 0.1169207453125 0.32702505312499996 0.12208430156250001 0.327659059375 0.12325617656250001 0.32878684375
0 0.1346821453125 0.374465109375 0.137025896875 0.3767206796875 0.1473530078125 0.3779886890625 0.1501728125 0.37636712499999997 0.15791814531249998 0.37731813125 0.16073795 0.3756965671875 0.19171928124999998 0.379500596875 0.1945390859375 0.3778790328125 0.197120865625 0.3781960359375 0.199464615625 0.3804516046875 0.2097917265625 0.3817196140625 0.21261153125 0.38009805 0.2306839765625 0.38231706718749997 0.2335037796875 0.380695503125 0.2799757796875 0.386401546875 0.2827955828125 0.3847799828125 0.3163586953125 0.3889010140625 0.3191784984375 0.38727944999999997 0.42761316406249994 0.40059355312499995 0.4304329671875 0.3989719890625 0.4691596359375 0.4037270265625 0.4719794390625 0.4021054609375 0.502960771875 0.40590949062500004 0.505780575 0.4042879265625 0.536761909375 0.40809195625 0.5395817125 0.40647039218750003 0.570563046875 0.41027442187499996 0.57338285 0.40865285625 0.6095277390625 0.41309089062500004 0.61234754375 0.4114693265625 0.6433288765625 0.41527335625 0.6461486796875 0.4136517921875 0.6771300124999999 0.41745582187499997 0.6799498171875 0.41583425781249994 0.70576759375 0.41900428125 0.7099973 0.4165719359375 0.7102353265625 0.41463336875 0.7130551296875 0.41301180468750004 0.71329315625 0.4110732375 0.7109494046875 0.40881766875 0.7130916390625 0.39137056875 0.7119197640625 0.390242784375 0.7093379859375 0.38992578125 0.706994234375 0.3876702125 0.7041744296875 0.3892917765625 0.67061131875 0.3851707453125 0.6677915140625 0.386792309375 0.6316466265625 0.382354275 0.6288268218749999 0.3839758390625 0.592681934375 0.3795378046875 0.5898621296875 0.38115936875 0.5485536843750001 0.37608732968749997 0.54573388125 0.37770889375 0.5121707703125 0.3735878625 0.509350965625 0.3752094265625 0.478369634375 0.371405396875 0.47554982968750004 0.3730269609375 0.44198671875000006 0.3689059296875 0.439166915625 0.37052749375 0.400440246875 0.36577245625 0.39762044375 0.3673940203125 0.353730221875 0.3620049796875 0.35091041875 0.36362654375000003 0.3225108625 0.36013951718750004 0.31969105937500003 0.36176108125 0.27580083593750004 0.3563720390625 0.2729810328125 0.357993603125 0.22650903281249998 0.352287559375 0.22368922812499997 0.3539091234375 0.1901261171875 0.3497880921875 0.1873063140625 0.35140965625 0.1485796484375 0.34665461875000003 0.14575984375 0.3482761828125 0.1096149546875 0.3438381484375 0.10538525000000001 0.3462704953125 0.104671171875 0.35208619531249996 0.10185136718750001 0.353707759375 0.1030232421875 0.35483554375000004 0.10419511875000001 0.3559633296875 0.10276696249999999 0.3675947296875 0.10628258906250002 0.3709780828125 0.1217732578125 0.3728800984375 0.12411700781249999 0.3751356671875 0.1266987859375 0.37545266875 0.1295185890625 0.37383110468749997 0.1346821453125 0.374465109375
0 0.2163104203125 0.414004690625 0.2653642 0.4200277375 0.2681840015625 0.4184061734375 0.288838225 0.42094219375 0.29165802812499997 0.4193206296875 0.3303846953125 0.42407566562500004 0.3332045 0.4224541015625 0.3616040546875 0.425941128125 0.3644238578125 0.42431956406250004 0.3670056359375 0.4246365671875 0.36934938906250003 0.4268921359375 0.3721691921875 0.42527057187499995 0.4108958578125 0.4300256078125 0.4137156625 0.42840404374999996 0.4369516625 0.431257065625 0.43977146562499997 0.4296355015625 0.47849813281250003 0.4343905390625 0.48131793749999996 0.432768975 0.517462825 0.4372070078125 0.5202826296875 0.43558544374999997 0.5615910734375 0.44065748437499996 0.5644108765625 0.43903591875 0.6160464328125 0.44537596874999996 0.6207339359375 0.44988710625 0.6237917671875 0.446326975 0.62637354375 0.446643978125 0.6287172953125 0.448899546875 0.675189296875 0.4546055921875 0.6780090984375 0.45298402656250003 0.6805908781250001 0.4533010296875 0.682934628125 0.45555659843749996 0.6857544328125 0.453935034375 0.69608154375 0.45520304375 0.6974914453125 0.45439226250000003 0.7010618359375 0.4253137609375 0.6987180859375 0.4230581921875 0.6989561109375 0.4211196265625 0.697784234375 0.419991840625 0.661639346875 0.41555380625 0.6588195421874999 0.41717537031249996 0.627838209375 0.4133713421875 0.6250184046875 0.41499290625 0.5914552937499999 0.4108718734375 0.588635490625 0.41249343906249997 0.5576541578125 0.408689409375 0.5548343546875001 0.4103109734375 0.5212712421875 0.406189940625 0.5184514390625 0.40781150625 0.48230654843750004 0.403373471875 0.479486746875 0.40499503593749997 0.4485054125 0.40119100625000004 0.445685609375 0.4028125703125 0.4095407203125 0.3983745359375 0.4067209171875 0.39999609999999997 0.3705760265625 0.395558065625 0.3677562234375 0.3971796296875 0.3264477796875 0.392107590625 0.323627975 0.3937291546875 0.2900648640625 0.3896081234375 0.2872450609375 0.3912296875 0.2588455046875 0.3877426609375 0.2560257015625 0.389364225 0.22504436874999997 0.38556019531249996 0.22222456406250002 0.387181759375 0.1938250078125 0.3836947328125 0.191005203125 0.385316296875 0.154860315625 0.3808782625 0.15204051093749998 0.38249982656250003 0.13913162343750002 0.380914815625 0.13772172031250002 0.381725596875 0.13748369375 0.3836641640625 0.1346638921875 0.385285728125 0.13204560468749998 0.4066099625 0.1332174796875 0.407737746875 0.13579925937499998 0.4080547484375 0.138143009375 0.41031031718750005 0.143306565625 0.4109443234375 0.1461263703125 0.409322759375 0.1848530359375 0.4140777953125 0.1876728390625 0.41245623125 0.2134906171875 0.41562625625000005 0.2163104203125 0.414004690625
0 0.21715299843750002 0.4711741328125 0.21997280312499998 0.46955256875 0.256117690625 0.473990603125 0.2589374953125 0.47236903906250005 0.3054094953125 0.4780750828125 0.3082292984375 0.47645351874999997 0.3443741890625 0.48089155312500004 0.347193990625 0.4792699890625 0.3910842125 0.4846590296875 0.3939040171875 0.483037465625 0.4429577953125 0.48906051250000004 0.4457776 0.4874389484375 0.49224959999999995 0.4931449921875 0.49506940312500003 0.491523428125 0.53379606875 0.496278465625 0.5366158734375001 0.49465690156250003 0.575342540625 0.4994119375 0.5781623437500001 0.49779037343750004 0.6117254546875001 0.5019114046875 0.6145452578125 0.500289840625 0.6635990375 0.5063128875 0.666418840625 0.5046913234375 0.707727284375 0.5097633625 0.7105470875 0.5081417984375001 0.7337830875 0.5109948203125 0.7366028921875001 0.50937325625 0.7391846703125 0.5096902578125 0.740594571875 0.5088794765625 0.744641015625 0.47592384218749995 0.7422972624999999 0.4736682734375 0.74348739375 0.4639754390625 0.74231551875 0.46284765468750005 0.688098184375 0.45619060312500004 0.6852783812500001 0.45781216718750006 0.6491334921874999 0.4533741328125 0.6463136890625 0.4549956984375 0.6153323546875 0.45119166875000005 0.6125125515625001 0.4528132328125 0.5634587734375 0.4467901859375 0.5606389703125 0.44841175 0.5296576359375 0.4446077203125 0.5268378328125001 0.4462292859375 0.488111165625 0.4414742484375 0.48529136250000005 0.4430958125 0.4439829171875 0.4380237734375 0.44116311406250003 0.4396453375 0.40501822499999995 0.435207303125 0.402198421875 0.43682886718749997 0.3608899765625 0.431756828125 0.358070171875 0.43337839218749996 0.321925284375 0.42894035781250006 0.3191054796875 0.43056192343750005 0.28554236875 0.426440890625 0.282722565625 0.4280624546875 0.2388323421875 0.42267341406250003 0.2360125390625 0.424294978125 0.1921223171875 0.41890593593750003 0.18930251250000002 0.42052750000000005 0.1869587609375 0.41827193124999995 0.17921342812500002 0.41732092343750005 0.1763936234375 0.4189424875 0.1402487359375 0.414504453125 0.13742893125 0.41612601875 0.12193826562500001 0.414224003125 0.1191184609375 0.4158455671875 0.111373128125 0.4148945609375 0.10714342187499999 0.41732690625 0.10642934374999999 0.42314260625 0.10360953906249999 0.42476417031249997 0.10003914843749999 0.45384267187500005 0.10121102500000001 0.45497045625 0.105898528125 0.45948159375 0.10848030625 0.45979859687499997 0.1108240578125 0.462054165625 0.12115116875000001 0.46332217656249997 0.12397097187499999 0.4617006109375 0.170442971875 0.46740665625 0.1732627765625 0.4657850921875 0.21715299843750002 0.4711741328125
0 0.2830525828125 0.5107502671875 0.285872384375 0.5091287015625 0.3349261640625 0.5151517484375 0.3377459671875 0.513530184375 0.38679974375000004 0.51955323125 0.3896195484375 0.5179316671875 0.41543732499999997 0.521101690625 0.41825712968750006 0.5194801265625 0.4544020203125 0.5239181609375 0.457221821875 0.522296596875 0.45980360156250005 0.5226136 0.46214735156250003 0.52486916875 0.4647291296875 0.5251861718749999 0.4675489328125 0.52356460625 0.5062756 0.52831964375 0.5090954046875 0.5266980796875 0.5684762937500001 0.5339891359375 0.571296096875 0.532367571875 0.573877875 0.5326845734375001 0.5762216265625 0.53494014375 0.5790414312500001 0.533318578125 0.63842231875 0.5406096359375 0.6412421234375 0.5389880703125 0.6954594562499999 0.545645121875 0.6982792609375 0.5440235578125 0.7447512609375 0.5497296031250001 0.748980965625 0.54729725625 0.7511232 0.52985015625 0.7487794484375 0.5275945859375 0.7504456312500001 0.5140246203125 0.74927375625 0.512896834375 0.7337830875 0.5109948203125 0.730963284375 0.512616384375 0.68190950625 0.5065933375 0.679089703125 0.5082149015625 0.61196348125 0.4999728390625 0.6091436765625 0.501594403125 0.6065619 0.5012774 0.604218146875 0.49902183125 0.6016363703125001 0.498704828125 0.598816565625 0.5003263921875 0.5962347875 0.500009390625 0.5938910374999999 0.49775382187500006 0.5910712328125001 0.4993753859375 0.5729987890625 0.49715636874999997 0.570178984375 0.4987779328125 0.546942984375 0.4959249109375 0.54412318125 0.49754647500000004 0.5157236265625 0.49405944843749994 0.5129038218749999 0.49568101249999996 0.47675893125 0.491242978125 0.47393912812499994 0.49286454218750003 0.4248853515625 0.4868414953125 0.42206554687500003 0.488463059375 0.36010288125 0.48085500156250005 0.3572830765625 0.482476565625 0.3211381875 0.47803853125 0.31831838437500004 0.4796600953125 0.27959171718750003 0.4749050578125 0.2767719140625 0.47652662343749996 0.23546346875 0.47145458281249997 0.232643665625 0.4730761484375 0.18875344375 0.46768710625 0.185933640625 0.4693086703125 0.14978875 0.4648706359375 0.146968946875 0.46649219999999997 0.1134058359375 0.46237116875 0.1063563265625 0.46642507968749997 0.10540422187500001 0.4741793453125 0.1025844171875 0.475800909375 0.100918234375 0.4893708765625 0.1020901125 0.49049866093750005 0.1041958359375 0.494692796875 0.15066783749999998 0.5003988421875001 0.1534876421875 0.49877727812500006 0.199959640625 0.504483321875 0.20277944531249997 0.5028617578125 0.2415061109375 0.50761679375 0.244325915625 0.5059952296875 0.2830525828125 0.5107502671875
0 0.14964271406250002 0.55143558125 0.15246251875 0.5498140171875 0.1937709625 0.55488605625 0.1965907671875 0.5532644921875 0.2353174328125 0.558019528125 0.23813723750000002 0.5563979640625 0.287191015625 0.5624210109375001 0.29001081875 0.560799446875 0.3339010421875 0.5661884875000001 0.3367208453125 0.5645669234375 0.38319284531250003 0.5702729671875 0.38601264999999996 0.568651403125 0.471211315625 0.579112484375 0.47403111875 0.5774909203124999 0.533412009375 0.5847819765625 0.5362318109374999 0.5831604125000001 0.6317575890625 0.594889503125 0.63457739375 0.5932679390625 0.6449045046874999 0.5945359484375 0.6472482546875 0.5967915171875 0.650068059375 0.595169953125 0.7326849484375 0.60531403125 0.7355047531250001 0.6036924671875 0.7432500859375 0.604643475 0.7446599875000001 0.6038326921875 0.7501345875000001 0.5592456578125 0.747790834375 0.5569900890625 0.7480288609375 0.5550515218750001 0.744513234375 0.55166816875 0.6748052343750001 0.543109103125 0.6719854296875 0.5447306671875001 0.6280952078125 0.5393416249999999 0.6252754046875 0.5409631890625 0.583966959375 0.53589115 0.58114715625 0.5375127140625 0.5788034046874999 0.5352571453125 0.5762216265625 0.53494014375 0.5734018234375 0.5365617078125 0.5191844890625 0.52990465625 0.5163646859375 0.5315262203125 0.4698926859375 0.5258201765625 0.46707288125 0.527441740625 0.41543732499999997 0.521101690625 0.412617521875 0.52272325625 0.371309078125 0.517651215625 0.368489275 0.51927278125 0.3271808296875 0.514200740625 0.324361025 0.51582230625 0.27272547187499996 0.50948225625 0.26990566718750003 0.5111038203125 0.23634255624999997 0.5069827890624999 0.23352275156250002 0.508604353125 0.19221430781249998 0.5035323140625 0.189394503125 0.505153878125 0.15066783749999998 0.5003988421875001 0.1478480328125 0.50202040625 0.11428492187499999 0.4978993734375 0.11146511875000001 0.4995209375 0.103719784375 0.49856993125000004 0.0938504703125 0.50424540625 0.0931363921875 0.51006110625 0.0903165890625 0.5116826703124999 0.08793632968750001 0.5310683375 0.0891082046875 0.532196121875 0.0902800796875 0.5333239062499999 0.0895660015625 0.53913960625 0.0954253828125 0.5447785296875 0.098007159375 0.54509553125 0.1003509109375 0.5473511015625 0.1132598 0.5489361125000001 0.11607960312500001 0.5473145484375 0.14964271406250002 0.55143558125
0 0.24624909687500002 0.618395546875 0.2490689 0.6167739828125 0.3187769 0.6253330484374999 0.3215967046875 0.623711484375 0.3809775921875 0.631002540625 0.38379739687500003 0.6293809765625 0.4405965078125 0.6363550296875 0.44341631093749995 0.634733465625 0.52086964375 0.6442435390625 0.5236894484375 0.642621975 0.580488559375 0.6495960296875001 0.5833083640625001 0.6479744640625 0.6452710296874999 0.6555825234375 0.6480908328125 0.653960959375 0.7203806109374999 0.662837028125 0.723200415625 0.6612154640625 0.7257821921875001 0.661532465625 0.7271920953125 0.660721684375 0.730286434375 0.6355203171875 0.72794268125 0.6332647484375 0.7303229421874999 0.61387908125 0.7279791906249999 0.6116235109375 0.7282172171875 0.6096849453125001 0.7247015890624999 0.606301590625 0.7014655890625 0.60344856875 0.698645784375 0.6050701328125 0.6418466734375 0.5980960796875 0.6390268703124999 0.59971764375 0.6312815374999999 0.5987666359375 0.6289377859374999 0.5965110671875 0.6263560078125 0.5961940640625001 0.6235362046875 0.5978156296875 0.5460828703125 0.5883055546875 0.5432630671875 0.5899271203125 0.49937284374999996 0.584538078125 0.496553040625 0.5861596421875 0.44749926406249996 0.5801365953125 0.444679459375 0.581758159375 0.39304390312500004 0.5754181109375 0.3902241 0.577039675 0.312770765625 0.5675296015625 0.3099509640625 0.569151165625 0.27380607343749996 0.56471313125 0.2709862703125 0.5663346953125 0.24000493750000002 0.5625306671875 0.237185134375 0.56415223125 0.1597318 0.5546421578125 0.156911996875 0.556263721875 0.09753110625 0.548972665625 0.0947113046875 0.5505942296875 0.0869659703125 0.549643221875 0.084146165625 0.5512647859375 0.08156438906249999 0.550947784375 0.0773346828125 0.5533801296874999 0.0761445515625 0.5630729640625 0.07332475000000001 0.564694528125 0.0723726453125 0.5724487953125 0.0735445203125 0.5735765796875001 0.07471639531249999 0.5747043640625 0.0718600828125 0.5979671640625 0.07537571093749999 0.60135051875 0.1115206 0.605788553125 0.114340403125 0.6041669875 0.181466625 0.6124090515625 0.1842864296875 0.6107874875 0.24624909687500002 0.618395546875
0 0.10417829999999999 0.644242884375 0.1454867453125 0.6493149234375 0.1483065484375 0.647693359375 0.2464141046875 0.6597394515625 0.24923390781250002 0.6581178875 0.313778353125 0.6660429484375 0.3165981578125 0.664421384375 0.4069603796875 0.6755164703125 0.4097801828125 0.6738949062499999 0.5156330703124999 0.68689200625 0.518452875 0.6852704421875 0.6036515421875001 0.6957315234375 0.60599529375 0.6979870921875 0.6395584046875 0.702108125 0.64190215625 0.70436369375 0.6548110453125 0.70594870625 0.6576308484375 0.7043271421874999 0.737665959375 0.7141542171874999 0.741895665625 0.711721871875 0.7452280296875 0.6845819375 0.7428842796875 0.68232636875 0.7445504625 0.6687564015625 0.742206709375 0.6665008328125 0.7426827609375 0.6626236984375 0.7368233828124999 0.6569847765625 0.7342416046875 0.6566677734375 0.7257821921875001 0.661532465625 0.723200415625 0.6612154640625 0.7203806109374999 0.662837028125 0.6635815 0.6558629734375 0.6607616968750001 0.6574845390624999 0.614289696875 0.65177849375 0.61146989375 0.6534000578125 0.5443436703125 0.6451579953125 0.5415238671875 0.646779559375 0.47697942187500003 0.638854496875 0.47415961875 0.6404760625 0.396706284375 0.6309659890625 0.39388648125 0.632587553125 0.3448327046875 0.62656450625 0.3420129 0.6281860703125 0.26714134375 0.618993 0.264321540625 0.6206145640625 0.2049406515625 0.6133235078125 0.20212084843749997 0.614945071875 0.137576403125 0.6070200109375 0.1347565984375 0.6086415749999999 0.0986117109375 0.604203540625 0.09579190625 0.6058251046875001 0.0906283515625 0.6051911 0.08921845 0.60600188125 0.0889804234375 0.6079404484375 0.08616061875 0.6095620125 0.085446540625 0.6153777125000001 0.0826267375 0.6169992765625001 0.0800084515625 0.6383235109375 0.0811803265625 0.6394512953125 0.0835240796875 0.6417068640625 0.08610585625 0.6420238671875 0.0884496078125 0.6442794359375 0.0936131640625 0.644913440625 0.0964329671875 0.6432918765625 0.0990147453125 0.6436088796874999 0.10135849687500001 0.6458644484375 0.10417829999999999 0.644242884375
0 0.1306006296875 0.7065209171875 0.1383459640625 0.707471925 0.1406897140625 0.70972749375 0.1613439375 0.7122635125000001 0.164163740625 0.7106419484375001 0.16650749375 0.71289751875 0.1690892703125 0.7132145203125 0.171909075 0.71159295625 0.1744908515625 0.7119099578125 0.1768346046875 0.714165528125 0.210397715625 0.718286559375 0.21321751875 0.7166649953124999 0.22354462968750002 0.7179330046875 0.22588838125000002 0.720188575 0.2310519359375 0.7208225796875001 0.233871740625 0.719201015625 0.5720846296875 0.7607283359375 0.5749044343749999 0.759106771875 0.634285321875 0.766397828125 0.6356952234375 0.7655870453125 0.63593325 0.7636484796875 0.6387530546875 0.762026915625 0.6364093015625001 0.7597713453125 0.6399796921875 0.7306928453125 0.6376359421875 0.7284372765625 0.63811199375 0.7245601421875 0.640931796875 0.7229385781250001 0.6414078484375 0.7190614453124999 0.6390640984375 0.7168058765625 0.6400162015624999 0.709051609375 0.63767245 0.706796040625 0.6379104765625 0.7048574734375 0.6367385999999999 0.7037296890625 0.54895815625 0.6929516046875001 0.5461383515625 0.6945731703125 0.404140575 0.677138034375 0.40132077187500004 0.6787595984375 0.34193988124999997 0.6714685421875 0.3391200796875 0.6730901078125 0.292648078125 0.6673840625 0.2898282734375 0.6690056265625001 0.23044738593749997 0.6617145703125 0.22762758125000002 0.6633361343749999 0.12177469375000001 0.650339034375 0.1189548890625 0.6519605984375 0.1163731125 0.651643596875 0.114029359375 0.6493880265625 0.11120955625 0.6510095921875 0.0724828890625 0.6462545546875 0.06684328125 0.6494976828125 0.0642615046875 0.6491806812500001 0.062851603125 0.6499914625 0.0626135765625 0.6519300296874999 0.061203673437499995 0.6527408109375 0.058621896875 0.652423809375 0.0515723859375 0.6564777203125 0.05038225625 0.666170553125 0.047562453125 0.6677921171875 0.0444681140625 0.692993484375 0.045639989062500004 0.69412126875 0.0479837421875 0.6963768390625 0.09445574062499999 0.7020828828125001 0.0967994921875 0.7043384515625 0.107126603125 0.7056064609375 0.10994640781250001 0.703984896875 0.112290159375 0.7062404671875 0.1277808265625 0.70814248125 0.1306006296875 0.7065209171875
0 0.1307656375 0.747864821875 0.1335854421875 0.7462432578125 0.1619849984375 0.7497302859375 0.1643287484375 0.7519858546875 0.3321443046875 0.7725910140625001 0.33496410781249997 0.7709694500000001 0.4976161078125 0.7909406031249999 0.499959859375 0.7931961734375 0.50770519375 0.7941471796874999 0.510524996875 0.792525615625 0.5208521078125 0.7937936265625 0.5231958609375 0.7960491953125 0.662611859375 0.8131673265625 0.6654316640625 0.8115457625 0.67059521875 0.8121797687500001 0.6720051203125 0.8113689859375001 0.6739093296875 0.7958604515625 0.676729134375 0.7942388874999999 0.6776812375000001 0.786484621875 0.6753374859375 0.7842290515625 0.6760515640625 0.7784133515625 0.6737078125 0.7761577828124999 0.674421890625 0.7703420828125 0.6720781390624999 0.7680865140625001 0.672554190625 0.7642093796875 0.6678666875 0.7596982421875 0.6681047140625 0.757759675 0.6657609609375 0.75550410625 0.6659989875 0.7535655390625 0.6636552359375 0.7513099703125 0.6643693140625 0.7454942703125 0.6631974390625001 0.7443664859375 0.6606156609375 0.7440494828124999 0.659205759375 0.7448602656250001 0.6575395765625001 0.7584302328125 0.6561296734375001 0.7592410140625 0.6432207859375 0.7576560015625 0.6389910796875 0.7600883484375001 0.6382770015625 0.7659040484374999 0.6340472953125 0.7683363953125 0.450741075 0.7458292203125 0.44792127031250006 0.747450784375 0.4427577140625 0.7468167796875 0.4404139625 0.7445612109375 0.437594159375 0.7461827750000001 0.3369048265625 0.7338196796875 0.3345610734375 0.7315641109375 0.313906853125 0.729028090625 0.3110870484375 0.7306496546875 0.0503274921875 0.6986324078124999 0.048917590625 0.6994431890625 0.0484415390625 0.7033203234375 0.045621734375 0.7049418875 0.042289370312500005 0.732081821875 0.043461246875 0.73320960625 0.048148750000000004 0.73772074375 0.0507305265625 0.738037746875 0.053550331250000006 0.7364161828125 0.0561321078125 0.736733184375 0.0584758609375 0.7389887546875 0.12560208281250002 0.7472308171875001 0.1284218875 0.745609253125 0.1307656375 0.747864821875
0 0.593782946875 0.8401364671874999 0.5961266984375 0.8423920359375 0.5987084765625 0.8427090390625 0.6015282796875 0.8410874734375 0.60387203125 0.84334304375 0.699397809375 0.8550721343750001 0.7022176124999999 0.8534505703124999 0.7047993906250001 0.853767571875 0.7062092921875001 0.852956790625 0.708827578125 0.83163255625 0.706483828125 0.8293769875000001 0.707911984375 0.8177455874999999 0.70556823125 0.8154900171874999 0.7062823093749999 0.8096743171874999 0.7039385593749999 0.8074187484375001 0.7044146109375 0.8035416156249999 0.702070859375 0.8012860453125 0.7025469109375 0.7974089125 0.700203159375 0.79515334375 0.7006792125 0.791276209375 0.698335459375 0.789020640625 0.6985734859375 0.7870820734375 0.6962297328125 0.7848265046875 0.696467759375 0.7828879375 0.6941240093750001 0.78063236875 0.6946000609375 0.7767552359375001 0.6910844328125 0.77337188125 0.67817554375 0.7717868703125 0.6767656421875 0.7725976515624999 0.6758135375000001 0.78035191875 0.678157290625 0.7826074875 0.6776812375000001 0.786484621875 0.6800249890625001 0.788740190625 0.6797869624999999 0.79067875625 0.676967159375 0.792300321875 0.675539003125 0.803931721875 0.6727191984374999 0.8055532859375001 0.6724811734375 0.807491853125 0.674824925 0.8097474218749999 0.667775415625 0.8138013328125 0.12043852656250001 0.7465968125 0.117618721875 0.7482183765625 0.1150369453125 0.747901375 0.11269319375 0.7456458046875001 0.10987339062499998 0.7472673703125 0.09438272343750001 0.7453653546875 0.092038971875 0.7431097859375 0.08945719375 0.7427927828125 0.086637390625 0.744414346875 0.0840556109375 0.7440973453125 0.0817118609375 0.7418417765624999 0.0507305265625 0.738037746875 0.046500821875 0.7404700937500001 0.04578674375 0.74628579375 0.0429669390625 0.7479073578125 0.0427289140625 0.7498459234375 0.045072665625 0.75210149375 0.044834640625 0.7540400593750001 0.0420148359375 0.7556616234375 0.041776809375 0.7576001906250001 0.042948684375000004 0.758727975 0.0441205609375 0.7598557593749999 0.0431684578125 0.7676100265625 0.0443403328125 0.7687378109375 0.0856487765625 0.77380985 0.087992528125 0.7760654203125 0.37973341562499996 0.811886696875 0.38207716875000003 0.814142265625 0.593782946875 0.8401364671874999
0 0.055510021875 0.8271752625 0.0578537734375 0.8294308328125 0.0604355515625 0.8297478343750001 0.0632553546875 0.8281262703125 0.06559910625000001 0.8303818390625001 0.10690755 0.8354538781249999 0.1092513015625 0.8377094484375001 0.173795746875 0.8456345093750001 0.17613949843750001 0.847890078125 0.2122843875 0.8523281125000001 0.2146281390625 0.85458368125 0.21744794375 0.8529621171875 0.21979169375000002 0.8552176859375 0.2843361390625 0.8631427484374999 0.286679890625 0.8653983171874999 0.3538061125 0.8736403812500001 0.3561498640625 0.87589595 0.44134853124999995 0.88635703125 0.44369228281249995 0.8886126000000001 0.4927460609375 0.8946356468750001 0.4950898125 0.896891215625 0.5518889234375 0.9038652703125001 0.554232675 0.9061208390625 0.5570524796874999 0.904499275 0.5596342562500001 0.9048162765625 0.5619780078125001 0.9070718453125 0.62910423125 0.9153139093749999 0.63144798125 0.917569478125 0.639193315625 0.9185204859375 0.6420131203125 0.9168989218749999 0.670412675 0.9203859484375 0.6727564265625 0.9226415187500001 0.737300871875 0.9305665796874999 0.741530575 0.9281342328125 0.7455770187499999 0.8951785984375 0.7432332671874999 0.8929230296874999 0.74632760625 0.8677216624999999 0.7439838546875001 0.8654660937499999 0.7446979328125 0.85965039375 0.74352605625 0.858522609375 0.70738116875 0.8540845750000001 0.7045613640624999 0.8557061390625 0.6193626984375 0.8452450578124999 0.6170189453125 0.8429894890625 0.6141991421874999 0.844611053125 0.6090355875 0.8439770484375 0.6066918343750001 0.8417214796874999 0.4311309453125 0.8201653125 0.42878719531250004 0.8179097437499999 0.18093652968750001 0.7874775078125 0.1785927765625 0.7852219390624999 0.1757729734375 0.786843503125 0.1731911953125 0.7865265 0.1708474421875 0.78427093125 0.168265665625 0.7839539296875 0.1654458609375 0.78557549375 0.162864084375 0.785258490625 0.16052033125 0.783002921875 0.1579385546875 0.78268591875 0.15511875 0.7843074828125001 0.1525369734375 0.78399048125 0.150193221875 0.7817349124999999 0.14761144375 0.781417909375 0.1447916390625 0.7830394734375 0.14220986093750002 0.782722471875 0.1398661109375 0.7804669015625 0.13728433125 0.7801499 0.134464528125 0.7817714640625 0.13188275 0.7814544609375 0.12953900000000002 0.7791988921875 0.1269572203125 0.7788818890625 0.12413741874999999 0.7805034546875 0.121793665625 0.778247884375 0.05466744375 0.770005821875 0.047617934375 0.77405973125 0.047379909375 0.7759982984375 0.044560104687500005 0.7776198625 0.0426558953125 0.793128396875 0.0398360921875 0.7947499609374999 0.0388839890625 0.802504228125 0.0400558640625 0.8036320124999999 0.041227739062500005 0.8047597968750001 0.040275634375 0.8125140640625 0.0426193875 0.8147696328125 0.041905309375 0.8205853328125 0.044249059375 0.8228409015624999 0.044011034375 0.8247794687500001 0.045182909375000004 0.825907253125 0.055510021875 0.8271752625
0 0.2025618265625 0.9101681109375 0.20490557968749998 0.9124236796874999 0.261704690625 0.9193977343749999 0.2640484421875 0.921653303125 0.3182657765625 0.9283103546874999 0.3206095265625 0.9305659234375 0.356754415625 0.9350039578124999 0.3590981671875 0.9372595265625 0.4133155015625 0.9439165781250001 0.41565925156250005 0.9461721484375 0.44664058593749995 0.9499761781249999 0.44898433750000005 0.952231746875 0.4518041421875 0.9506101828125001 0.4541478921875 0.9528657515625 0.5057834484375 0.9592058 0.5081272 0.9614613703125 0.557180978125 0.967484415625 0.5595247296875 0.9697399859375 0.6085785078125 0.97576303125 0.610922259375 0.9780186015625001 0.6728849265625 0.985626659375 0.6752286765625 0.9878822296875001 0.67781045625 0.98819923125 0.6806302578125 0.9865776671875001 0.6832120374999999 0.9868946703124999 0.6846219390625 0.9860838875000001 0.6881923296875 0.9570053875 0.685848578125 0.9547498171875001 0.6884668656249999 0.933425584375 0.6861231125 0.931170015625 0.6863611390625 0.9292314484374999 0.6828455109375 0.92584809375 0.633791734375 0.9198250484375 0.63144798125 0.917569478125 0.551412871875 0.9077424031250001 0.5490691187500001 0.905486834375 0.48194289687499997 0.8972447703125 0.4795991453125 0.8949892015625001 0.404727590625 0.8857961296875001 0.40238383750000006 0.8835405609375 0.317185171875 0.8730794796874999 0.3148414203125 0.8708239109375 0.2683694203125 0.8651178671875 0.26602566875 0.8628622968749999 0.2582803359375 0.861911290625 0.25546053125 0.8635328546875 0.25287875312499997 0.8632158515624999 0.25053500156249997 0.8609602828125 0.216971890625 0.8568392515625 0.2146281390625 0.85458368125 0.1449201390625 0.846024615625 0.14257638749999998 0.8437690468750001 0.07803194218750001 0.8358439843750001 0.075688190625 0.833588415625 0.047288635937500004 0.8301013890625001 0.037419321875 0.8357768640625001 0.0369432703125 0.839653996875 0.0341234671875 0.8412755609375001 0.0315051796875 0.8625997953125 0.028685376562499997 0.864221359375 0.0267811671875 0.8797298937500001 0.0279530421875 0.880857678125 0.030296795312500003 0.883113246875 0.038042128125000005 0.8840642546874999 0.0403858796875 0.8863198234375 0.079112546875 0.891074859375 0.08145629843749999 0.8933304296875001 0.156327853125 0.9025235 0.15867160625 0.9047790687499999 0.2025618265625 0.9101681109375
0 0.64884414375 1 0.649868696875 0.9916556890624999 0.6475249468750001 0.9894001203125 0.647762971875 0.9874615531250001 0.6442473453125 0.9840782000000001 0.5900300109375001 0.9774211484374999 0.5876862593750001 0.9751655796875 0.53863248125 0.9691425328125 0.5362887296875 0.9668869640625 0.5337069515625 0.9665699609375 0.5308871484375 0.9681915249999999 0.5285433953124999 0.9659359562500001 0.4898167296875 0.96118091875 0.487472978125 0.95892535 0.4435827546875 0.9535363078125 0.4412390046875 0.9512807390625 0.376694559375 0.9433556781249999 0.374350809375 0.941100109375 0.3407876984375 0.9369790765625 0.3384439453125 0.9347235078124999 0.2919719453125 0.9290174640625001 0.28962819375 0.9267618953125 0.2328290828125 0.919787840625 0.23048533125 0.917532271875 0.1995039984375 0.9137282421874999 0.1971602453125 0.9114726734374999 0.09647091249999999 0.8991095781249999 0.0941271609375 0.8968540078125 0.05540049375 0.8920989718750001 0.05305674375 0.889843403125 0.0349842984375 0.8876243859375 0.03216449375 0.88924595 0.029582717187500003 0.888928946875 0.028172815624999997 0.8897397296875 0.0279347890625 0.8916782953125001 0.025114984375 0.893299859375 0.022734725 0.9126855265625 0.0239066 0.9138133109375 0.028594103125 0.9183244500000001 0.0647389921875 0.922762484375 0.06708274374999999 0.9250180531250001 0.092900521875 0.928188078125 0.0952442734375 0.9304436468749999 0.13397094062499998 0.935198684375 0.1363146921875 0.9374542531250001 0.18278669218750002 0.9431602968749999 0.18513044218750002 0.945415865625 0.2470931109375 0.9530239249999999 0.2494368609375 0.95527949375 0.29074530625 0.9603515328125001 0.2930890578125 0.962607103125 0.3550517234375 0.9702151609375 0.3573954765625 0.9724707312499999 0.3780496984375 0.97500675 0.38039345 0.97726231875 0.44493789375 0.9851873796874999 0.44728164687499994 0.9874429499999999 0.4756812015625 0.9909299765625 0.478024953125 0.9931855453124999 0.5322422875 0.999842596875 0.53240584375 1 0.64884414375 1