0 0.0947265625 0.8479802703124999 0.09765625 0.8440785203125 0.09765625 0.8258703562499999 0.095703125 0.8232691890625 0.095703125 0.799858690625 0.09375 0.797257525 0.09375 0.758240028125 0.091796875 0.7556388609375 0.091796875 0.71141903125 0.08984375 0.7088178640625 0.08984375 0.6880085328125001 0.087890625 0.6854073656249999 0.087890625 0.6099735390625 0.0859375 0.607372371875 0.0859375 0.4799152140625 0.087890625 0.4773140484375 0.087890625 0.4304930515625 0.08984375 0.427891884375 0.08984375 0.3940767203125 0.091796875 0.3914755546875 0.091796875 0.3810708890625 0.09375 0.378469721875 0.09375 0.36806505624999997 0.095703125 0.3654638890625 0.095703125 0.36026155625 0.0947265625 0.3589609734375 0.0908203125 0.3589609734375 0.0888671875 0.35635980625 0.0517578125 0.35635980625 0.0498046875 0.353758640625 0.0361328125 0.353758640625 0.0341796875 0.35635980625 0.0302734375 0.35635980625 0.0283203125 0.353758640625 0.0263671875 0.353758640625 0.0244140625 0.35635980625 0.0224609375 0.35635980625 0.01953125 0.36026155625 0.01953125 0.3732673890625 0.021484375 0.37586855625000004 0.021484375 0.42268955156250004 0.0234375 0.42529071875 0.0234375 0.46170704999999995 0.025390625 0.464308215625 0.025390625 0.5059268796875 0.02734375 0.5085280453125 0.02734375 0.5553490421875 0.029296875 0.5579502093750001 0.029296875 0.6021700390625 0.03125 0.6047712046875 0.03125 0.643788703125 0.033203125 0.64638986875 0.033203125 0.6750027000000001 0.03515625 0.6776038671875 0.03515625 0.7322283625 0.037109375 0.7348295296875 0.037109375 0.7946563578125 0.0390625 0.797257525 0.0390625 0.8440785203125 0.041015625 0.8466796875 0.041015625 0.8518820203124999 0.0419921875 0.853182603125 0.0810546875 0.853182603125 0.08203125 0.8518820203124999 0.0830078125 0.8505814375 0.0888671875 0.8505814375 0.0908203125 0.8479802703124999 0.0947265625 0.8479802703124999
0 0.26953125 0.44870121718749995 0.2724609375 0.44479946718749996 0.2744140625 0.44479946718749996 0.2763671875 0.4421983 0.2802734375 0.4421983 0.28125 0.4408977171875 0.28125 0.4382965515625 0.283203125 0.43569538437500005 0.283203125 0.40708255312499997 0.2861328125 0.403180803125 0.2998046875 0.403180803125 0.3017578125 0.40057963750000003 0.3037109375 0.40057963750000003 0.3056640625 0.403180803125 0.3076171875 0.403180803125 0.314453125 0.3940767203125 0.3095703125 0.3875738046875 0.3076171875 0.3875738046875 0.3037109375 0.382371471875 0.2998046875 0.382371471875 0.2978515625 0.3797703046875 0.2783203125 0.3797703046875 0.2763671875 0.3771691390625 0.2392578125 0.3771691390625 0.23828125 0.378469721875 0.23828125 0.4304930515625 0.240234375 0.43309421875 0.240234375 0.8466796875 0.2431640625 0.8505814375 0.2529296875 0.8505814375 0.25390625 0.8492808546875 0.2548828125 0.8479802703124999 0.2646484375 0.8479802703124999 0.26953125 0.8414773546875001 0.26953125 0.44870121718749995
0 0.28515625 0.6854073656249999 0.28515625 0.6776038671875 0.287109375 0.6750027000000001 0.287109375 0.6724015343749999 0.28515625 0.6698003671875 0.28515625 0.6671992 0.287109375 0.664598034375 0.287109375 0.6203782046875 0.28515625 0.6177770375 0.287109375 0.615175871875 0.287109375 0.53974204375 0.28515625 0.5371408765625 0.28515625 0.53193854375 0.287109375 0.5293373781249999 0.287109375 0.5059268796875 0.28515625 0.5033257125 0.28515625 0.500724546875 0.287109375 0.49812337968750003 0.287109375 0.485117546875 0.28515625 0.48251638124999996 0.28515625 0.44610004999999997 0.2822265625 0.4421983 0.2802734375 0.4421983 0.2783203125 0.44479946718749996 0.2744140625 0.44479946718749996 0.2724609375 0.447400634375 0.2705078125 0.447400634375 0.26953125 0.44870121718749995 0.26953125 0.5163315453124999 0.271484375 0.5189327109375 0.271484375 0.5241350453125 0.26953125 0.5267362109375 0.26953125 0.7348295296875 0.271484375 0.7374306953125 0.271484375 0.7660435265625 0.26953125 0.76864469375 0.271484375 0.771245859375 0.271484375 0.828471521875 0.2724609375 0.8297721046875 0.2841796875 0.8297721046875 0.28515625 0.828471521875 0.28515625 0.7764481921875 0.287109375 0.7738470265624999 0.287109375 0.6880085328125001 0.28515625 0.6854073656249999
0 0.326171875 0.70361553125 0.328125 0.7010143656250001 0.328125 0.6984131984374999 0.326171875 0.69581203125 0.326171875 0.693210865625 0.328125 0.6906096984375 0.326171875 0.6880085328125001 0.326171875 0.6828062 0.328125 0.6802050328125 0.328125 0.6724015343749999 0.326171875 0.6698003671875 0.326171875 0.6593957015624999 0.328125 0.656794534375 0.328125 0.6489910359375 0.326171875 0.64638986875 0.328125 0.643788703125 0.326171875 0.6411875359375 0.326171875 0.6255805375 0.328125 0.6229793703125 0.328125 0.5995688718750001 0.326171875 0.59696770625 0.328125 0.5943665390625 0.328125 0.5345397109375 0.326171875 0.53193854375 0.328125 0.5293373781249999 0.326171875 0.5267362109375 0.326171875 0.521533878125 0.328125 0.5189327109375 0.328125 0.5163315453124999 0.326171875 0.513730378125 0.326171875 0.5085280453125 0.328125 0.5059268796875 0.328125 0.47471288125 0.326171875 0.472111715625 0.326171875 0.40708255312499997 0.3251953125 0.4057819703125 0.3134765625 0.4057819703125 0.3115234375 0.403180803125 0.2880859375 0.403180803125 0.28515625 0.40708255312499997 0.28515625 0.4513023828125 0.287109375 0.45390355 0.287109375 0.8258703562499999 0.28515625 0.828471521875 0.28515625 0.8310726890625 0.287109375 0.8336738546875001 0.287109375 0.8440785203125 0.2880859375 0.8453791046875001 0.2900390625 0.8453791046875001 0.2919921875 0.8479802703124999 0.3154296875 0.8479802703124999 0.31640625 0.8466796875 0.3173828125 0.8453791046875001 0.3232421875 0.8453791046875001 0.326171875 0.8414773546875001 0.326171875 0.70361553125
0 0.35546875 0.8388761875 0.357421875 0.8362750218749999 0.357421875 0.464308215625 0.359375 0.46170704999999995 0.359375 0.4408977171875 0.361328125 0.4382965515625 0.361328125 0.4304930515625 0.36328125 0.427891884375 0.36328125 0.4200883859375 0.369140625 0.4122848859375 0.369140625 0.40708255312499997 0.3662109375 0.403180803125 0.3583984375 0.403180803125 0.3564453125 0.4057819703125 0.3291015625 0.4057819703125 0.328125 0.40708255312499997 0.328125 0.8336738546875001 0.326171875 0.8362750218749999 0.326171875 0.8414773546875001 0.3291015625 0.8453791046875001 0.3505859375 0.8453791046875001 0.3515625 0.8440785203125 0.3525390625 0.8427779375 0.3544921875 0.8427779375 0.35546875 0.8414773546875001 0.35546875 0.8388761875
0 0.3828125 0.721823696875 0.384765625 0.7192225296875 0.384765625 0.550146709375 0.38671875 0.5475455421875 0.384765625 0.5449443765625 0.384765625 0.5241350453125 0.38671875 0.521533878125 0.38671875 0.4773140484375 0.384765625 0.47471288125 0.384765625 0.472111715625 0.3818359375 0.468209965625 0.3779296875 0.468209965625 0.3759765625 0.47081113124999996 0.3662109375 0.47081113124999996 0.3642578125 0.468209965625 0.3623046875 0.468209965625 0.357421875 0.47471288125 0.357421875 0.721823696875 0.3603515625 0.7257254468750001 0.3681640625 0.7257254468750001 0.3701171875 0.7231242796874999 0.3740234375 0.7231242796874999 0.3759765625 0.7257254468750001 0.3779296875 0.7257254468750001 0.37890625 0.7270260296875 0.3740234375 0.7335289453125 0.3720703125 0.7335289453125 0.3701171875 0.7309277796875 0.3681640625 0.7309277796875 0.3662109375 0.7283266125 0.3603515625 0.7283266125 0.359375 0.729627196875 0.359375 0.7738470265624999 0.361328125 0.7764481921875 0.359375 0.779049359375 0.359375 0.8336738546875001 0.3603515625 0.8349744390625 0.3818359375 0.8349744390625 0.3828125 0.8336738546875001 0.3828125 0.729627196875 0.380859375 0.7270260296875 0.3828125 0.7244248625 0.3828125 0.721823696875
0 0.4248046875 0.840176771875 0.427734375 0.8362750218749999 0.427734375 0.8050610234375 0.4296875 0.8024598578125 0.4296875 0.586563040625 0.431640625 0.5839618734375 0.431640625 0.568354875 0.4296875 0.5657537078125 0.4296875 0.5631525421875 0.431640625 0.560551375 0.431640625 0.42268955156250004 0.4287109375 0.418787803125 0.4267578125 0.418787803125 0.4248046875 0.4161866359375 0.3896484375 0.4161866359375 0.38671875 0.4200883859375 0.38671875 0.492921046875 0.388671875 0.49552221406249997 0.388671875 0.49812337968750003 0.38671875 0.500724546875 0.38671875 0.8388761875 0.3916015625 0.8453791046875001 0.4013671875 0.8453791046875001 0.40234375 0.8440785203125 0.4033203125 0.8427779375 0.4189453125 0.8427779375 0.4208984375 0.840176771875 0.4248046875 0.840176771875
0 0.46484375 0.8232691890625 0.466796875 0.8206680234375 0.466796875 0.7088178640625 0.46875 0.7062166984375 0.46875 0.6619968671875001 0.466796875 0.6593957015624999 0.466796875 0.656794534375 0.46875 0.65419336875 0.46875 0.5735572078125 0.470703125 0.5709560406249999 0.470703125 0.568354875 0.46875 0.5657537078125 0.46875 0.5631525421875 0.470703125 0.560551375 0.470703125 0.4382965515625 0.47265625 0.43569538437500005 0.47265625 0.4304930515625 0.470703125 0.427891884375 0.470703125 0.42529071875 0.4697265625 0.42399013593749996 0.4677734375 0.42399013593749996 0.4658203125 0.42138896875 0.4638671875 0.42138896875 0.4619140625 0.418787803125 0.4365234375 0.418787803125 0.43359375 0.42268955156250004 0.43359375 0.5735572078125 0.431640625 0.5761583734375 0.431640625 0.5813607078125 0.43359375 0.5839618734375 0.43359375 0.586563040625 0.431640625 0.58916420625 0.431640625 0.7452341953125 0.4296875 0.7478353609374999 0.4296875 0.76864469375 0.431640625 0.771245859375 0.4296875 0.7738470265624999 0.4296875 0.8336738546875001 0.4345703125 0.840176771875 0.4560546875 0.840176771875 0.45703125 0.8388761875 0.4580078125 0.8375756046875 0.4638671875 0.8375756046875 0.46484375 0.8362750218749999 0.46484375 0.8232691890625
0 0.5390625 0.7608411937499999 0.541015625 0.758240028125 0.541015625 0.607372371875 0.54296875 0.6047712046875 0.54296875 0.49812337968750003 0.5380859375 0.4916204640625 0.5361328125 0.4916204640625 0.5341796875 0.489019296875 0.5302734375 0.489019296875 0.5283203125 0.48641813125000005 0.5244140625 0.48641813125000005 0.521484375 0.49031988125000003 0.521484375 0.49552221406249997 0.51953125 0.49812337968750003 0.51953125 0.607372371875 0.517578125 0.6099735390625 0.517578125 0.7478353609374999 0.515625 0.7504365281250001 0.515625 0.8128645234375 0.5185546875 0.8167662734375 0.5263671875 0.8167662734375 0.52734375 0.8154656890625 0.5283203125 0.8141651062499999 0.5361328125 0.8141651062499999 0.5390625 0.8102633562499999 0.5390625 0.7608411937499999
0 0.513671875 0.8310726890625 0.515625 0.828471521875 0.513671875 0.8258703562499999 0.513671875 0.7920551921875 0.515625 0.7894540250000001 0.515625 0.7244248625 0.517578125 0.721823696875 0.517578125 0.65419336875 0.515625 0.6515922015625 0.515625 0.64638986875 0.517578125 0.643788703125 0.517578125 0.586563040625 0.51953125 0.5839618734375 0.51953125 0.5709560406249999 0.517578125 0.568354875 0.51953125 0.5657537078125 0.51953125 0.443498884375 0.521484375 0.4408977171875 0.521484375 0.4304930515625 0.5166015625 0.42399013593749996 0.5146484375 0.42399013593749996 0.5126953125 0.42138896875 0.5048828125 0.42138896875 0.5029296875 0.418787803125 0.4775390625 0.418787803125 0.4755859375 0.42138896875 0.4736328125 0.42138896875 0.47265625 0.42268955156250004 0.47265625 0.5059268796875 0.470703125 0.5085280453125 0.470703125 0.64638986875 0.46875 0.6489910359375 0.46875 0.65419336875 0.470703125 0.656794534375 0.470703125 0.664598034375 0.46875 0.6671992 0.46875 0.6750027000000001 0.470703125 0.6776038671875 0.470703125 0.6802050328125 0.46875 0.6828062 0.46875 0.71141903125 0.470703125 0.714020196875 0.470703125 0.7166213640625 0.46875 0.7192225296875 0.46875 0.8336738546875001 0.4736328125 0.840176771875 0.4951171875 0.840176771875 0.49609375 0.8388761875 0.4970703125 0.8375756046875 0.5107421875 0.8375756046875 0.513671875 0.8336738546875001 0.513671875 0.8310726890625
0 0.58203125 0.7010143656250001 0.58203125 0.6724015343749999 0.580078125 0.6698003671875 0.580078125 0.643788703125 0.58203125 0.6411875359375 0.58203125 0.513730378125 0.583984375 0.5111292125 0.583984375 0.45650471562500006 0.5859375 0.45390355 0.5859375 0.4408977171875 0.5830078125 0.4369959671875 0.5810546875 0.4369959671875 0.5791015625 0.4343948015625 0.5751953125 0.4343948015625 0.5732421875 0.43179363437499996 0.5673828125 0.43179363437499996 0.5654296875 0.42919246875 0.5244140625 0.42919246875 0.5234375 0.4304930515625 0.5234375 0.43309421875 0.521484375 0.43569538437500005 0.521484375 0.44610004999999997 0.5234375 0.44870121718749995 0.5234375 0.472111715625 0.5283203125 0.47861463125 0.5302734375 0.47861463125 0.5361328125 0.48641813125000005 0.5380859375 0.48641813125000005 0.54296875 0.492921046875 0.54296875 0.500724546875 0.544921875 0.5033257125 0.544921875 0.5059268796875 0.54296875 0.5085280453125 0.54296875 0.7400318625 0.541015625 0.742633028125 0.54296875 0.7452341953125 0.54296875 0.7504365281250001 0.541015625 0.75303769375 0.541015625 0.81806685625 0.54296875 0.8206680234375 0.54296875 0.8258703562499999 0.5458984375 0.8297721046875 0.5771484375 0.8297721046875 0.578125 0.828471521875 0.578125 0.8232691890625 0.580078125 0.8206680234375 0.580078125 0.70361553125 0.58203125 0.7010143656250001
0 0.60546875 0.6619968671875001 0.607421875 0.6593957015624999 0.607421875 0.656794534375 0.60546875 0.65419336875 0.60546875 0.63858636875 0.607421875 0.635985203125 0.60546875 0.6333840359375 0.60546875 0.6307828703125 0.607421875 0.628181703125 0.607421875 0.6255805375 0.60546875 0.6229793703125 0.607421875 0.6203782046875 0.607421875 0.46170704999999995 0.6044921875 0.45780529999999997 0.6025390625 0.45780529999999997 0.6005859375 0.4552041328125 0.5986328125 0.4552041328125 0.5966796875 0.45260296718750004 0.5908203125 0.45260296718750004 0.5888671875 0.4500018 0.5869140625 0.4500018 0.5859375 0.4513023828125 0.5859375 0.4773140484375 0.583984375 0.4799152140625 0.583984375 0.48251638124999996 0.5859375 0.485117546875 0.5859375 0.5059268796875 0.583984375 0.5085280453125 0.583984375 0.5631525421875 0.58203125 0.5657537078125 0.583984375 0.568354875 0.58203125 0.5709560406249999 0.58203125 0.7842516921875 0.580078125 0.7868528578125 0.580078125 0.828471521875 0.5830078125 0.832373271875 0.6005859375 0.832373271875 0.6015625 0.8310726890625 0.603515625 0.828471521875 0.603515625 0.781650525 0.60546875 0.779049359375 0.60546875 0.6619968671875001
0 0.6328125 0.7738470265624999 0.634765625 0.771245859375 0.634765625 0.64638986875 0.63671875 0.643788703125 0.63671875 0.49031988125000003 0.638671875 0.4877187140625 0.638671875 0.464308215625 0.63671875 0.46170704999999995 0.63671875 0.4591058828125 0.6357421875 0.45780529999999997 0.6337890625 0.45780529999999997 0.6318359375 0.4552041328125 0.6259765625 0.4552041328125 0.6240234375 0.45260296718750004 0.6201171875 0.45260296718750004 0.6181640625 0.4500018 0.6142578125 0.4500018 0.6123046875 0.447400634375 0.6083984375 0.447400634375 0.6064453125 0.44479946718749996 0.5927734375 0.44479946718749996 0.591796875 0.44610004999999997 0.591796875 0.44870121718749995 0.5927734375 0.4500018 0.5966796875 0.4500018 0.6005859375 0.4552041328125 0.6044921875 0.4552041328125 0.609375 0.46170704999999995 0.609375 0.4877187140625 0.607421875 0.49031988125000003 0.607421875 0.492921046875 0.609375 0.49552221406249997 0.609375 0.49812337968750003 0.607421875 0.500724546875 0.607421875 0.65419336875 0.60546875 0.656794534375 0.60546875 0.8310726890625 0.6083984375 0.8349744390625 0.6103515625 0.8349744390625 0.6123046875 0.8375756046875 0.6220703125 0.8375756046875 0.623046875 0.8362750218749999 0.6240234375 0.8349744390625 0.6298828125 0.8349744390625 0.6328125 0.8310726890625 0.6328125 0.7738470265624999
0 0.66796875 0.550146709375 0.66796875 0.4408977171875 0.6669921875 0.43959713437500003 0.6650390625 0.43959713437500003 0.6630859375 0.4369959671875 0.6572265625 0.4369959671875 0.6552734375 0.4343948015625 0.6494140625 0.4343948015625 0.6474609375 0.43179363437499996 0.6357421875 0.43179363437499996 0.6337890625 0.42919246875 0.6123046875 0.42919246875 0.6103515625 0.43179363437499996 0.6005859375 0.43179363437499996 0.599609375 0.43309421875 0.599609375 0.4408977171875 0.6005859375 0.4421983 0.6025390625 0.4421983 0.6044921875 0.44479946718749996 0.6083984375 0.44479946718749996 0.6103515625 0.447400634375 0.6142578125 0.447400634375 0.6162109375 0.4500018 0.6220703125 0.4500018 0.6240234375 0.45260296718750004 0.6279296875 0.45260296718750004 0.6298828125 0.4552041328125 0.6337890625 0.4552041328125 0.638671875 0.46170704999999995 0.638671875 0.5033257125 0.63671875 0.5059268796875 0.63671875 0.6724015343749999 0.634765625 0.6750027000000001 0.634765625 0.8232691890625 0.6328125 0.8258703562499999 0.6328125 0.8310726890625 0.6357421875 0.8349744390625 0.6630859375 0.8349744390625 0.6640625 0.8336738546875001 0.6640625 0.7348295296875 0.666015625 0.7322283625 0.666015625 0.5527478765625 0.66796875 0.550146709375
0 0.703125 0.8232691890625 0.705078125 0.8206680234375 0.705078125 0.7504365281250001 0.70703125 0.7478353609374999 0.70703125 0.6724015343749999 0.708984375 0.6698003671875 0.708984375 0.5943665390625 0.7109375 0.5917653734375 0.7109375 0.5085280453125 0.712890625 0.5059268796875 0.712890625 0.5033257125 0.7109375 0.500724546875 0.7109375 0.49812337968750003 0.7099609375 0.496822796875 0.7060546875 0.496822796875 0.7041015625 0.49422162968750005 0.6982421875 0.49422162968750005 0.6962890625 0.4916204640625 0.6923828125 0.4916204640625 0.6904296875 0.489019296875 0.6845703125 0.489019296875 0.6826171875 0.48641813125000005 0.6767578125 0.48641813125000005 0.6748046875 0.48381696406249997 0.6708984375 0.48381696406249997 0.669921875 0.485117546875 0.669921875 0.49031988125000003 0.66796875 0.492921046875 0.66796875 0.8206680234375 0.666015625 0.8232691890625 0.666015625 0.8310726890625 0.6689453125 0.8349744390625 0.7021484375 0.8349744390625 0.703125 0.8336738546875001 0.703125 0.8310726890625 0.705078125 0.828471521875 0.703125 0.8258703562499999 0.703125 0.8232691890625
0 0.748046875 0.8076621906250001 0.75 0.8050610234375 0.75 0.714020196875 0.751953125 0.71141903125 0.751953125 0.615175871875 0.75390625 0.6125747046875001 0.75390625 0.53193854375 0.755859375 0.5293373781249999 0.755859375 0.443498884375 0.7529296875 0.43959713437500003 0.7431640625 0.43959713437500003 0.7412109375 0.4369959671875 0.7275390625 0.4369959671875 0.7255859375 0.4343948015625 0.7080078125 0.4343948015625 0.7060546875 0.43179363437499996 0.6630859375 0.43179363437499996 0.662109375 0.43309421875 0.662109375 0.43569538437500005 0.6630859375 0.4369959671875 0.6650390625 0.4369959671875 0.669921875 0.443498884375 0.669921875 0.4773140484375 0.6748046875 0.48381696406249997 0.6806640625 0.48381696406249997 0.6826171875 0.48641813125000005 0.6865234375 0.48641813125000005 0.6884765625 0.489019296875 0.6923828125 0.489019296875 0.6943359375 0.4916204640625 0.7001953125 0.4916204640625 0.7021484375 0.49422162968750005 0.7080078125 0.49422162968750005 0.712890625 0.500724546875 0.712890625 0.5449443765625 0.7109375 0.5475455421875 0.7109375 0.6411875359375 0.708984375 0.643788703125 0.708984375 0.7374306953125 0.70703125 0.7400318625 0.70703125 0.8310726890625 0.7119140625 0.8375756046875 0.7294921875 0.8375756046875 0.7314453125 0.840176771875 0.7333984375 0.840176771875 0.734375 0.8388761875 0.7353515625 0.8375756046875 0.7470703125 0.8375756046875 0.748046875 0.8362750218749999 0.748046875 0.8076621906250001
0 0.8037109375 0.8635872703125 0.806640625 0.8596855203124999 0.806640625 0.8492808546875 0.810546875 0.8440785203125 0.80859375 0.8414773546875001 0.80859375 0.7738470265624999 0.810546875 0.771245859375 0.810546875 0.7504365281250001 0.80859375 0.7478353609374999 0.80859375 0.7452341953125 0.810546875 0.742633028125 0.810546875 0.6854073656249999 0.8125 0.6828062 0.8125 0.6307828703125 0.814453125 0.628181703125 0.814453125 0.6255805375 0.8125 0.6229793703125 0.8125 0.6203782046875 0.814453125 0.6177770375 0.814453125 0.615175871875 0.8125 0.6125747046875001 0.814453125 0.6099735390625 0.814453125 0.5735572078125 0.8125 0.5709560406249999 0.8125 0.568354875 0.814453125 0.5657537078125 0.814453125 0.53974204375 0.8134765625 0.5384414609375 0.8125 0.53974204375 0.8125 0.560551375 0.8115234375 0.5618519578125001 0.80859375 0.5579502093750001 0.80859375 0.5527478765625 0.810546875 0.550146709375 0.810546875 0.5475455421875 0.80859375 0.5449443765625 0.80859375 0.5293373781249999 0.810546875 0.5267362109375 0.80859375 0.5241350453125 0.80859375 0.513730378125 0.810546875 0.5111292125 0.810546875 0.49031988125000003 0.8115234375 0.489019296875 0.8134765625 0.4916204640625 0.814453125 0.49031988125000003 0.814453125 0.472111715625 0.81640625 0.46951054843750006 0.81640625 0.44610004999999997 0.818359375 0.443498884375 0.818359375 0.386273221875 0.8203125 0.3836720546875 0.8203125 0.36286272343750003 0.8173828125 0.3589609734375 0.7783203125 0.3589609734375 0.7763671875 0.361562140625 0.7548828125 0.361562140625 0.7529296875 0.36416330625 0.7294921875 0.36416330625 0.7275390625 0.3667644734375 0.7255859375 0.36416330625 0.7236328125 0.36416330625 0.7216796875 0.3667644734375 0.7001953125 0.3667644734375 0.6982421875 0.36936563906250003 0.6962890625 0.36936563906250003 0.693359375 0.3732673890625 0.693359375 0.40708255312499997 0.6953125 0.4096837203125 0.6953125 0.42268955156250004 0.6982421875 0.4265913015625 0.7001953125 0.4265913015625 0.7021484375 0.42919246875 0.7041015625 0.42919246875 0.7060546875 0.43179363437499996 0.7294921875 0.43179363437499996 0.7314453125 0.4343948015625 0.7431640625 0.4343948015625 0.7451171875 0.4369959671875 0.7509765625 0.4369959671875 0.7529296875 0.43959713437500003 0.7568359375 0.43959713437500003 0.7578125 0.4408977171875 0.7578125 0.464308215625 0.755859375 0.4669093828125 0.755859375 0.5709560406249999 0.75390625 0.5735572078125 0.75390625 0.6698003671875 0.751953125 0.6724015343749999 0.751953125 0.7452341953125 0.75 0.7478353609374999 0.75 0.8362750218749999 0.751953125 0.8388761875 0.751953125 0.8414773546875001 0.7646484375 0.8583849359375 0.7666015625 0.8583849359375 0.7705078125 0.8635872703125 0.7744140625 0.8635872703125 0.7763671875 0.8661884359375 0.7802734375 0.8661884359375 0.7822265625 0.868789603125 0.7939453125 0.868789603125 0.794921875 0.8674890187500001 0.7958984375 0.8661884359375 0.7998046875 0.8661884359375 0.8017578125 0.8635872703125 0.8037109375 0.8635872703125
0 0.833984375 0.7946563578125 0.8359375 0.7920551921875 0.8359375 0.75303769375 0.837890625 0.7504365281250001 0.837890625 0.6802050328125 0.83984375 0.6776038671875 0.83984375 0.6307828703125 0.841796875 0.628181703125 0.841796875 0.578759540625 0.84375 0.5761583734375 0.84375 0.53974204375 0.845703125 0.5371408765625 0.845703125 0.5033257125 0.84765625 0.500724546875 0.84765625 0.464308215625 0.849609375 0.46170704999999995 0.849609375 0.4382965515625 0.8466796875 0.4343948015625 0.8388671875 0.4343948015625 0.8369140625 0.43179363437499996 0.8349609375 0.43179363437499996 0.8310546875 0.4265913015625 0.8291015625 0.4265913015625 0.8271484375 0.42919246875 0.8251953125 0.42919246875 0.8232421875 0.4265913015625 0.8203125 0.4304930515625 0.822265625 0.43309421875 0.8203125 0.43569538437500005 0.8203125 0.443498884375 0.818359375 0.44610004999999997 0.818359375 0.521533878125 0.81640625 0.5241350453125 0.81640625 0.59696770625 0.814453125 0.5995688718750001 0.814453125 0.63858636875 0.8125 0.6411875359375 0.8125 0.69581203125 0.810546875 0.6984131984374999 0.810546875 0.7894540250000001 0.80859375 0.7920551921875 0.80859375 0.7946563578125 0.810546875 0.797257525 0.80859375 0.799858690625 0.80859375 0.8492808546875 0.8095703125 0.8505814375 0.8232421875 0.8505814375 0.82421875 0.8492808546875 0.8251953125 0.8479802703124999 0.8310546875 0.8479802703124999 0.833984375 0.8440785203125 0.833984375 0.7946563578125
0 0.853515625 0.7504365281250001 0.85546875 0.7478353609374999 0.85546875 0.693210865625 0.857421875 0.6906096984375 0.857421875 0.6489910359375 0.859375 0.64638986875 0.859375 0.59696770625 0.861328125 0.5943665390625 0.861328125 0.5527478765625 0.86328125 0.550146709375 0.86328125 0.500724546875 0.865234375 0.49812337968750003 0.865234375 0.4591058828125 0.8671875 0.45650471562500006 0.8671875 0.42268955156250004 0.8642578125 0.418787803125 0.8525390625 0.418787803125 0.8505859375 0.4161866359375 0.8427734375 0.4161866359375 0.8408203125 0.41358546875 0.8212890625 0.41358546875 0.8203125 0.41488605312500004 0.8203125 0.4200883859375 0.8232421875 0.42399013593749996 0.8271484375 0.42399013593749996 0.8291015625 0.4265913015625 0.8330078125 0.4265913015625 0.8369140625 0.43179363437499996 0.8388671875 0.43179363437499996 0.8408203125 0.4343948015625 0.8466796875 0.4343948015625 0.849609375 0.4382965515625 0.849609375 0.4669093828125 0.84765625 0.46951054843750006 0.84765625 0.5059268796875 0.845703125 0.5085280453125 0.845703125 0.542343209375 0.84375 0.5449443765625 0.84375 0.5813607078125 0.841796875 0.5839618734375 0.841796875 0.6307828703125 0.83984375 0.6333840359375 0.83984375 0.693210865625 0.837890625 0.69581203125 0.837890625 0.7634423609375001 0.8359375 0.7660435265625 0.8359375 0.8076621906250001 0.833984375 0.8102633562499999 0.833984375 0.8414773546875001 0.8349609375 0.8427779375 0.8486328125 0.8427779375 0.849609375 0.8414773546875001 0.8515625 0.8388761875 0.8515625 0.7946563578125 0.853515625 0.7920551921875 0.853515625 0.7504365281250001
0 0.88671875 0.8102633562499999 0.888671875 0.8076621906250001 0.888671875 0.7608411937499999 0.890625 0.758240028125 0.890625 0.7166213640625 0.892578125 0.714020196875 0.892578125 0.6802050328125 0.89453125 0.6776038671875 0.89453125 0.6411875359375 0.896484375 0.63858636875 0.89453125 0.635985203125 0.89453125 0.628181703125 0.896484375 0.6255805375 0.896484375 0.5839618734375 0.8984375 0.5813607078125 0.8984375 0.5553490421875 0.900390625 0.5527478765625 0.900390625 0.49552221406249997 0.90234375 0.492921046875 0.90234375 0.45390355 0.904296875 0.4513023828125 0.90234375 0.44870121718749995 0.90234375 0.44610004999999997 0.8994140625 0.4421983 0.8759765625 0.4421983 0.8740234375 0.43959713437500003 0.8701171875 0.43959713437500003 0.8671875 0.443498884375 0.8671875 0.45650471562500006 0.865234375 0.4591058828125 0.865234375 0.5033257125 0.86328125 0.5059268796875 0.86328125 0.550146709375 0.861328125 0.5527478765625 0.861328125 0.5917653734375 0.859375 0.5943665390625 0.859375 0.6489910359375 0.857421875 0.6515922015625 0.857421875 0.6984131984374999 0.85546875 0.7010143656250001 0.85546875 0.75303769375 0.853515625 0.7556388609375 0.853515625 0.799858690625 0.8515625 0.8024598578125 0.8515625 0.8414773546875001 0.8544921875 0.8453791046875001 0.8583984375 0.8453791046875001 0.8603515625 0.8479802703124999 0.8798828125 0.8479802703124999 0.880859375 0.8466796875 0.8818359375 0.8453791046875001 0.8857421875 0.8453791046875001 0.88671875 0.8440785203125 0.88671875 0.8102633562499999
0 0.919921875 0.7894540250000001 0.921875 0.7868528578125 0.921875 0.7504365281250001 0.923828125 0.7478353609374999 0.923828125 0.714020196875 0.92578125 0.71141903125 0.92578125 0.6802050328125 0.927734375 0.6776038671875 0.927734375 0.643788703125 0.9296875 0.6411875359375 0.9296875 0.6047712046875 0.931640625 0.6021700390625 0.931640625 0.560551375 0.93359375 0.5579502093750001 0.93359375 0.5189327109375 0.935546875 0.5163315453124999 0.935546875 0.4773140484375 0.9375 0.47471288125 0.9375 0.44870121718749995 0.939453125 0.44610004999999997 0.939453125 0.42529071875 0.9375 0.42268955156250004 0.9375 0.4200883859375 0.9345703125 0.4161866359375 0.9150390625 0.4161866359375 0.9130859375 0.41358546875 0.9072265625 0.41358546875 0.9052734375 0.4161866359375 0.9033203125 0.4161866359375 0.9013671875 0.41358546875 0.8994140625 0.41358546875 0.8974609375 0.4161866359375 0.8955078125 0.41358546875 0.8603515625 0.41358546875 0.859375 0.41488605312500004 0.8603515625 0.4161866359375 0.8662109375 0.4161866359375 0.8671875 0.41748721875 0.8671875 0.43309421875 0.8701171875 0.4369959671875 0.8740234375 0.4369959671875 0.8759765625 0.43959713437500003 0.8994140625 0.43959713437500003 0.904296875 0.44610004999999997 0.904296875 0.464308215625 0.90234375 0.4669093828125 0.90234375 0.5059268796875 0.900390625 0.5085280453125 0.900390625 0.5527478765625 0.8984375 0.5553490421875 0.8984375 0.6021700390625 0.896484375 0.6047712046875 0.896484375 0.6411875359375 0.89453125 0.643788703125 0.89453125 0.6880085328125001 0.892578125 0.6906096984375 0.892578125 0.729627196875 0.890625 0.7322283625 0.890625 0.76864469375 0.888671875 0.771245859375 0.888671875 0.8154656890625 0.88671875 0.81806685625 0.88671875 0.828471521875 0.888671875 0.8310726890625 0.888671875 0.8414773546875001 0.8916015625 0.8453791046875001 0.8935546875 0.8453791046875001 0.8955078125 0.8479802703124999 0.9033203125 0.8479802703124999 0.9052734375 0.8505814375 0.9130859375 0.8505814375 0.9140625 0.8492808546875 0.91796875 0.8440785203125 0.91796875 0.828471521875 0.919921875 0.8258703562499999 0.919921875 0.7894540250000001
0 1 0.3914755546875 0.9990234375 0.390174971875 0.9931640625 0.390174971875 0.9912109375 0.3875738046875 0.8974609375 0.3875738046875 0.8955078125 0.390174971875 0.8916015625 0.390174971875 0.888671875 0.3940767203125 0.888671875 0.40708255312499997 0.8935546875 0.41358546875 0.9306640625 0.41358546875 0.9326171875 0.4161866359375 0.9384765625 0.4161866359375 0.94140625 0.4200883859375 0.94140625 0.4408977171875 0.939453125 0.443498884375 0.939453125 0.4513023828125 0.94140625 0.45390355 0.939453125 0.45650471562500006 0.939453125 0.485117546875 0.9375 0.4877187140625 0.9375 0.5111292125 0.935546875 0.513730378125 0.935546875 0.5345397109375 0.93359375 0.5371408765625 0.93359375 0.59696770625 0.931640625 0.5995688718750001 0.931640625 0.6307828703125 0.9296875 0.6333840359375 0.9296875 0.6671992 0.927734375 0.6698003671875 0.927734375 0.6984131984374999 0.92578125 0.7010143656250001 0.92578125 0.758240028125 0.923828125 0.7608411937499999 0.923828125 0.7894540250000001 0.921875 0.7920551921875 0.921875 0.8128645234375 0.919921875 0.8154656890625 0.919921875 0.8440785203125 0.9228515625 0.8479802703124999 0.9248046875 0.8479802703124999 0.9287109375 0.853182603125 0.9306640625 0.853182603125 0.9326171875 0.8557837703125 0.9345703125 0.8557837703125 0.9365234375 0.8583849359375 0.9404296875 0.8583849359375 0.9423828125 0.860986103125 0.9619140625 0.860986103125 0.962890625 0.8596855203124999 0.9638671875 0.8583849359375 0.9716796875 0.8583849359375 0.9736328125 0.8557837703125 0.9755859375 0.8557837703125 0.978515625 0.8518820203124999 0.978515625 0.8336738546875001 0.98046875 0.8310726890625 0.98046875 0.8050610234375 0.982421875 0.8024598578125 0.982421875 0.7764481921875 0.984375 0.7738470265624999 0.984375 0.771245859375 0.982421875 0.76864469375 0.982421875 0.7660435265625 0.984375 0.7634423609375001 0.984375 0.7374306953125 0.986328125 0.7348295296875 0.986328125 0.7062166984375 0.98828125 0.70361553125 0.98828125 0.6802050328125 0.990234375 0.6776038671875 0.990234375 0.6619968671875001 0.9921875 0.6593957015624999 0.9921875 0.6203782046875 0.994140625 0.6177770375 0.994140625 0.6125747046875001 0.9921875 0.6099735390625 0.994140625 0.607372371875 0.994140625 0.5839618734375 0.99609375 0.5813607078125 0.99609375 0.5527478765625 0.998046875 0.550146709375 0.998046875 0.5293373781249999 1 0.5267362109375 1 0.3914755546875