0 0.0670222265625 0.8357751796875 0.070343709375 0.8322010390625 0.0760535234375 0.7778757828125 0.07438299375 0.7750847078125 0.087162103125 0.6534996078125 0.0854915734375 0.650708534375 0.0936484515625 0.5731010234375 0.09197792187500001 0.5703099484374999 0.098231528125 0.5108108578125 0.0965609984375 0.508019784375 0.1055335640625 0.42265152187500005 0.103863034375 0.41986044843750003 0.1041349296875 0.41727353125000005 0.1063492515625 0.41489077031250005 0.10770873125 0.4019561859375 0.10603820156249999 0.39916511250000003 0.124527125 0.22325475468749997 0.12563428593749998 0.222063375 0.15865552031250002 0.225534046875 0.16032605 0.2283251203125 0.1622684765625 0.22852927812499998 0.16393900625 0.23132035312500002 0.166153328125 0.2289375921875 0.170038178125 0.22934590625 0.1717087078125 0.23213698124999999 0.173651134375 0.23234113750000002 0.1753216640625 0.2351322125 0.2510762609375 0.24309434218749998 0.2532905828125 0.24071158124999997 0.259117859375 0.241324053125 0.2602250203125 0.2401326734375 0.2607688125 0.2349588390625 0.25659248749999997 0.227981153125 0.2546500625 0.2277769953125 0.2529795328125 0.2249859234375 0.25103710625 0.22478176562500002 0.2493665765625 0.221990690625 0.24742415156250003 0.2217865328125 0.2440830921875 0.21620438593750002 0.2421406671875 0.21600022812500003 0.2387996078125 0.2104180796875 0.23685718125 0.2102139234375 0.23518665312499998 0.20742284843749997 0.23324422656250002 0.20721869062499998 0.231573696875 0.2044276171875 0.229631271875 0.2042234609375 0.2279607421875 0.2014323859375 0.22601831562500002 0.20122822812500002 0.2243477859375 0.1984371546875 0.2224053609375 0.1982329984375 0.22073483125 0.1954419234375 0.21879240625000002 0.195237765625 0.21712187656249998 0.1924466921875 0.21517945 0.19224253593750001 0.211838390625 0.1866603875 0.20795354062500002 0.1862520734375 0.2062830109375 0.1834609984375 0.204340584375 0.183256840625 0.2026700546875 0.18046576718750001 0.20072762968750002 0.18026161093749998 0.19905710000000001 0.1774705359375 0.197114675 0.17726637812499998 0.1954441453125 0.1744753046875 0.19350171875 0.1742711484375 0.19183118906250002 0.1714800734375 0.1898887640625 0.171275915625 0.18821823437500002 0.168484840625 0.186275809375 0.168280684375 0.1846052796875 0.1654896109375 0.182662853125 0.165285453125 0.1809923234375 0.162494378125 0.17904989843750002 0.162290221875 0.17737936875 0.1594991484375 0.17543694375000002 0.15929499062500002 0.17376641406249999 0.156503915625 0.1718239875 0.156299759375 0.1701534578125 0.1535086859375 0.1682110328125 0.153304528125 0.166540503125 0.150513453125 0.164598078125 0.150309296875 0.16292754843749999 0.1475182234375 0.160985121875 0.147314065625 0.1593145921875 0.14452299062500001 0.1573721671875 0.14431883437499998 0.1557016375 0.1415277609375 0.1537592125 0.141323603125 0.15208868281250001 0.138532528125 0.15014625625 0.138328371875 0.14847572656250002 0.135537296875 0.1465333015625 0.1353331390625 0.14486277187500002 0.13254206562499998 0.142920346875 0.132337909375 0.14124981718750002 0.129546834375 0.139307390625 0.1293426765625 0.1376368609375 0.126551603125 0.1337520109375 0.1261432890625 0.13208148125000002 0.1233522140625 0.126254203125 0.12273974218749999 0.12458367343750001 0.11994866875000001 0.11875639687499999 0.11933619843750001 0.1170858671875 0.11654512343750001 0.10154646249999999 0.114911865625 0.0998759328125 0.1121207921875 0.0765668265625 0.10967090625 0.07324534375 0.11324504531249999 0.0629132984375 0.21154789218749998 0.06458382812499999 0.2143389671875 0.0561550546875 0.2945333953125 0.057825584375 0.2973244671875 0.0466778515625 0.403388065625 0.04834838125 0.4061791390625 0.046134059375 0.4085618984375 0.045046475 0.41890956875 0.0467170046875 0.42170064218750003 0.046445109375 0.424287559375 0.0442307875 0.42667031875 0.0439588921875 0.4292572359375 0.045629421875 0.432048309375 0.039647710937500004 0.4889604828125 0.041318240625 0.4917515578125 0.0331613625 0.5693590687500001 0.034831892187500005 0.57215014375 0.0345599953125 0.5747370593750001 0.032345675000000004 0.5771198203125001 0.0340162046875 0.5799108937499999 0.0250436390625 0.6652791546875 0.0267141671875 0.6680702296875001 0.025626584375 0.678417896875 0.0234122625 0.6808006578125 0.0231403671875 0.6833875734375 0.024810896875 0.6861786484375 0.01665401875 0.763786159375 0.018324548437499998 0.7665772328125 0.0180526515625 0.76916415 0.0158383296875 0.7715469109375 0.014750746875000002 0.781894578125 0.0164212765625 0.7846856515625 0.012886629687500002 0.8183155734374999 0.0106723078125 0.8206983328125 0.010400412500000001 0.82328525 0.0120709421875 0.8260763250000001 0.011799045312500001 0.8286632421875 0.009584723437500001 0.8310460015625001 0.011255253125 0.8338370765625 0.010711462500000001 0.839010909375 0.0115467265625 0.8404064468750001 0.013489151562500001 0.8406106031249999 0.015159681250000001 0.843401678125 0.042353640625 0.8462598781249999 0.0434608 0.845068496875 0.0445679609375 0.84387711875 0.0503952375 0.8444895890625 0.052609559375 0.8421068296875 0.054551985937500005 0.8423109859375 0.056766306249999995 0.8399282265625001 0.0587087328125 0.8401323843749999 0.0609230546875 0.8377496234375 0.0628654796875 0.8379537812500001 0.0650798015625 0.835571021875 0.0670222265625 0.8357751796875
0 0.132148940625 0.6739208828125001 0.1332561015625 0.6727295015625 0.1351985265625 0.6729336578125 0.13741284843749998 0.6705508984375 0.1412977 0.6709592140625 0.1424048609375 0.669767834375 0.14267675625 0.667180915625 0.144891078125 0.6647981578125 0.1506008921875 0.6104728984375 0.1489303625 0.607681825 0.149202259375 0.6050949078125 0.15141658125 0.602712146875 0.1497460515625 0.5999210734375 0.150833634375 0.58957340625 0.1491631046875 0.58678233125 0.14997879218750002 0.5790215812499999 0.1483082625 0.57623050625 0.1488520546875 0.5710566734375 0.1510663765625 0.5686739125 0.15242585625 0.555739328125 0.154640178125 0.5533565671875 0.1584467203125 0.5171397296875 0.15677619062499998 0.5143486562499999 0.15704808750000002 0.5117617375 0.1592624078125 0.509378978125 0.15953430468750002 0.5067920609375001 0.15786377499999998 0.5040009875 0.1586794625 0.4962402359375 0.160893784375 0.4938574765625 0.1614375765625 0.48868364375000006 0.159767046875 0.48589256875000003 0.1692834046875 0.3953504734375 0.167612875 0.3925593984375 0.1687004578125 0.3822117296875 0.1709147796875 0.379828971875 0.16924425 0.377037896875 0.1760416484375 0.312364971875 0.17437111875 0.30957389687500003 0.17658544062499998 0.3071911375 0.1749149109375 0.30440006249999996 0.175458703125 0.2992262296875 0.1776730234375 0.29684346875 0.1779449203125 0.294256553125 0.176274390625 0.291465478125 0.180896621875 0.2474878890625 0.17922609218750002 0.24469681406250002 0.17949798749999998 0.2421098984375 0.1753216640625 0.2351322125 0.1733792375 0.23492805625000002 0.1717087078125 0.23213698124999999 0.1678238578125 0.2317286671875 0.166153328125 0.2289375921875 0.13701694375 0.22587523437499998 0.1353464140625 0.2230841609375 0.1331320921875 0.2254669203125 0.127304815625 0.2248544484375 0.123983334375 0.22842858906250002 0.11908920625 0.2749930953125 0.1207597359375 0.2777841703125 0.10689304375 0.4097169359375 0.1085635734375 0.4125080109375 0.0960563609375 0.5315061937500001 0.09772689062499999 0.5342972671874999 0.0912013875 0.596383275 0.0928719171875 0.59917435 0.09260002187500001 0.60176126875 0.0903857 0.6041440265625 0.090113803125 0.6067309453124999 0.091784334375 0.60952201875 0.0803647046875 0.7181725328125 0.082035234375 0.7209636078125 0.07279077187500001 0.8089187859375 0.0744613015625 0.8117098609375001 0.0720142390625 0.8349921140625 0.072849503125 0.83638765 0.07479192812499999 0.8365918078125001 0.0764624578125 0.83938288125 0.08811701250000001 0.8406078234375001 0.0903313328125 0.8382250656249999 0.0920018625 0.8410161374999999 0.101713990625 0.8420369234375 0.1028211515625 0.8408455437500001 0.10392831250000001 0.839654165625 0.1058707375 0.839858321875 0.10808505937499999 0.8374755609375001 0.1100274859375 0.8376797187499999 0.11556328906249999 0.8317228203125 0.12154499999999999 0.7748106453125 0.11987447031250001 0.7720195703125 0.12966272343750002 0.678890559375 0.1318770453125 0.6765077984375 0.132148940625 0.6739208828125001
0 0.20052319375 0.73341719375 0.1988526640625 0.7306261203125 0.20021214375000002 0.717691534375 0.20242646562500002 0.715308775 0.20269836093750002 0.7127218578125001 0.20102783125 0.709930784375 0.2244108828125 0.4874559203125 0.22274035312499998 0.4846648453125 0.239869796875 0.321689075 0.2381992671875 0.3188980015625 0.2455404578125 0.249051240625 0.2447051921875 0.2476557046875 0.24276276718749998 0.24745154687499998 0.24109223750000003 0.244660471875 0.1867043203125 0.238944071875 0.1833828390625 0.2425182125 0.1825671515625 0.2502789640625 0.1803528296875 0.25266172343750004 0.18008093281249998 0.25524864062499997 0.18175146250000002 0.25803971406250004 0.1741383765625 0.33047339062500003 0.17580890625 0.3332644640625 0.166836340625 0.41863272656249995 0.1685068703125 0.4214238 0.16629254843750002 0.423806559375 0.166020653125 0.42639347812499995 0.1676911828125 0.4291845515625 0.1559996578125 0.5404219828125 0.1576701875 0.54321305625 0.1443472859375 0.669971990625 0.146017815625 0.6727630640625 0.1457459203125 0.6753499828125 0.146581184375 0.67674551875 0.1524084609375 0.677357990625 0.15324372656250002 0.6787535265625 0.1513404546875 0.696861946875 0.153010984375 0.699653021875 0.15079666249999998 0.7020357796875001 0.148077703125 0.7279049515625 0.1497482328125 0.7306960250000001 0.1494763375 0.7332829421875 0.14726201562500002 0.7356657015625 0.1469901203125 0.73825261875 0.14866065 0.7410436921875 0.148388753125 0.743630609375 0.1461744328125 0.74601336875 0.1459025359375 0.7486002875 0.147573065625 0.751391359375 0.1399599796875 0.8238250375 0.1424657734375 0.82801165 0.16383245468750002 0.830257378125 0.16493961562499998 0.829065996875 0.1660467765625 0.8278746171875 0.1835286078125 0.82971203125 0.18574292812499998 0.8273292718749999 0.1876853546875 0.827533428125 0.1910068359375 0.8239592890624999 0.19861992343749998 0.7515256124999999 0.19694939218750002 0.7487345390625 0.1980369765625 0.738386871875 0.2002512984375 0.7360041109375 0.20052319375 0.73341719375
0 0.254985053125 0.5142088453125 0.25580074218750004 0.50644809375 0.2580150625 0.504065334375 0.2585588546875 0.49889150156250006 0.256888325 0.49610042656250003 0.277552415625 0.29949473437499996 0.27588188593749996 0.296703659375 0.2805041171875 0.2527260703125 0.279668853125 0.2513305328125 0.2777264265625 0.2511263765625 0.276055896875 0.2483353015625 0.272171046875 0.2479269875 0.269956725 0.250309746875 0.25053246875 0.24826817656250003 0.2472109875 0.2518423140625 0.2466671953125 0.25701615 0.2444528734375 0.259398909375 0.246123403125 0.262189984375 0.230625334375 0.409644253125 0.2322958640625 0.41243532656250004 0.23202396875 0.4150222453125 0.229809646875 0.417405003125 0.22953775156249998 0.419991921875 0.23120828124999998 0.4227829953125 0.2089128140625 0.634910190625 0.21058334374999998 0.6377012640624999 0.1956290671875 0.7799817 0.197299596875 0.782772775 0.1943087421875 0.8112288609375 0.19209442031249999 0.8136116203125001 0.191550628125 0.81878545625 0.1932211578125 0.8215765296875001 0.1929492625 0.824163446875 0.19712558593750001 0.8311411312500001 0.22237711875000002 0.833795175 0.2234842796875 0.8326037953125001 0.2262032390625 0.806734625 0.2284175609375 0.804351865625 0.23140841562499997 0.775895778125 0.22973788593750002 0.773104703125 0.23218495 0.74982245 0.23439927031250002 0.747439690625 0.23494306250000002 0.7422658578125 0.2332725328125 0.7394747828125 0.2566555828125 0.5169999187500001 0.254985053125 0.5142088453125
0 0.3217322953125 0.8507765609375 0.3239466171875 0.8483938015625 0.33726951875 0.7216348671875 0.3355989890625 0.71884379375 0.33831794843749996 0.6929746234375 0.34053226875 0.6905918640625 0.3413479578125 0.6828311125 0.339677428125 0.6800400375 0.3524565359375 0.5584549390625 0.3546708578125 0.556072178125 0.35494275468750003 0.5534852625 0.353272225 0.5506941875 0.3554865453125 0.548311428125 0.3592930890625 0.5120945890625 0.357622559375 0.509303515625 0.3578944546875 0.5067165984375 0.3601087765625 0.5043338375 0.36146825625 0.491399253125 0.3597977265625 0.48860817812499996 0.3600696234375 0.4860212625 0.36228394375 0.4836385015625 0.362555840625 0.4810515859375 0.3608853109375 0.4782605109375 0.3774709625 0.3204585734375 0.37580043281250003 0.3176674984375 0.376072328125 0.3150805828125 0.37828665 0.312697821875 0.378558546875 0.31011090625 0.3768880171875 0.30731983125 0.3883076453125 0.198669315625 0.3905219671875 0.19628655625 0.394872303125 0.154895884375 0.393201771875 0.1521048109375 0.39347366875 0.14951789375 0.3945808296875 0.1483265140625 0.3965232546875 0.1485306703125 0.397630415625 0.147339290625 0.3979023109375 0.1447523734375 0.39428935625 0.1417571421875 0.3948331484375 0.1365833078125 0.39316261875 0.133792234375 0.39397830625 0.1260314828125 0.3923077765625 0.123240409375 0.3925796734375 0.12065349218750002 0.3850622890625 0.108093659375 0.3772925875 0.1072770296875 0.3756220578125 0.1044859546875 0.3018098859375 0.0967279828125 0.2995955640625 0.09911074375 0.2976531390625 0.0989065875 0.29433165625 0.10248072500000001 0.2929721765625 0.11541531093749999 0.29464270625 0.11820638593749999 0.2943708109375 0.12079330156250001 0.2921564890625 0.12317606249999999 0.2913408015625 0.1309368125 0.29301133125 0.1337278875 0.2832230765625 0.22685689843749998 0.28489360625 0.2296479734375 0.282679284375 0.23203073437500002 0.27805705468749997 0.27600832343750004 0.279727584375 0.278799396875 0.2789118953125 0.2865601484375 0.276697575 0.288942909375 0.27642567812499996 0.291529825 0.2780962078125 0.2943209 0.26368572343749996 0.4314275 0.265356253125 0.43421857499999994 0.2631810859375 0.4549139109375 0.2609667640625 0.457296671875 0.257160221875 0.4935135078125 0.2588307515625 0.4963045828125 0.24333268281249998 0.643758853125 0.24500321249999998 0.646549928125 0.24364373281249999 0.6594845125 0.2414294109375 0.661867271875 0.238982346875 0.685149525 0.2406528765625 0.6879405984375 0.24038098125000001 0.6905275171875 0.23816665937499998 0.692910275 0.23735097187499998 0.7006710265625 0.2390215015625 0.7034621015625 0.2227077453125 0.858677121875 0.224378275 0.861468196875 0.22410637968749997 0.8640551125 0.225776909375 0.8668461875 0.2255050125 0.8694331046875 0.226340278125 0.8708286421875 0.23022512968750003 0.87123695625 0.23189565937499998 0.8740280296874999 0.2513199140625 0.8760696015624999 0.25299044375 0.8788606765625 0.2549328703125 0.8790648328125 0.257147190625 0.8766820734375 0.2629744671875 0.87729454375 0.264644996875 0.8800856187500001 0.26658742343749997 0.8802897765625 0.267694584375 0.8790983953125 0.2688017453125 0.8779070156250001 0.2726865953125 0.8783153296874999 0.2749009171875 0.8759325718750001 0.2943251734375 0.8779741421875 0.2965394953125 0.8755913828124999 0.302366771875 0.876203853125 0.3167598609375 0.860715915625 0.31703175781250004 0.8581289968749999 0.3214604 0.8533634781250001 0.3217322953125 0.8507765609375
0 0.4074643703125 0.46484770624999994 0.405793840625 0.46205663281250003 0.4080081625 0.45967387187500003 0.40882385 0.451913121875 0.4071533203125 0.449122046875 0.4093676421875 0.44673928749999997 0.4076971125 0.44394821406249996 0.4082409046875 0.4387743796875 0.41045522500000003 0.43639161875 0.4183402078125 0.361371025 0.416669678125 0.3585799515625 0.418884 0.356197190625 0.42486571093750003 0.2992850171875 0.42319518125 0.29649394375 0.4254095015625 0.2941111828125 0.42595329375 0.28893735 0.42428276406250004 0.28614627656249997 0.42455466093750005 0.2835593578125 0.42676898124999996 0.2811765984375 0.42509845156250003 0.27838552499999997 0.42618603593750004 0.26803785625 0.42840035781249997 0.2656550953125 0.42948794062499995 0.25530742812499996 0.4278174109375 0.2525163546875 0.4280893078125 0.2499294375 0.422242453125 0.240160678125 0.39116364375 0.2368941625 0.38784216250000003 0.24046830312499998 0.387570265625 0.2430552203125 0.3853559453125 0.2454379796875 0.38290888125 0.2687202328125 0.3845794109375 0.2715113078125 0.3601087765625 0.5043338375 0.36177930625 0.5071249124999999 0.3560694921875 0.56145016875 0.3538551703125 0.5638329296875 0.353583275 0.566419846875 0.3552538046875 0.5692109203125 0.3549819078125 0.5717978390625 0.3527675859375 0.574180596875 0.35140810624999996 0.5871151828125 0.3530786359375 0.58990625625 0.3522629484375 0.5976670078125 0.3500486265625 0.60004976875 0.3492329390625 0.60781051875 0.35090346875 0.61060159375 0.3503596765625 0.6157754265625 0.34814535625 0.6181581859375 0.347057771875 0.62850585625 0.3487283015625 0.631296928125 0.34845640625 0.633883846875 0.346242084375 0.63626660625 0.344610709375 0.6517881078125 0.3462812375 0.6545791828125 0.34406691718750004 0.6569619421875 0.3427074375 0.6698965265625 0.34437796718749997 0.6726876015625 0.3253452515625 0.8537717921875 0.326180515625 0.8551673296875 0.3320077921875 0.8557798 0.333678321875 0.8585708750000001 0.34339045 0.8595916609375 0.34449761093750003 0.8584002796875 0.345604771875 0.8572089 0.357259325 0.85843384375 0.3605808078125 0.854859703125 0.360852703125 0.8522727874999999 0.363067025 0.8498900265625 0.3636108171875 0.8447161921875 0.36582513906249997 0.842333434375 0.36664082656249997 0.8345726828125001 0.3688551484375 0.832189921875 0.4074643703125 0.46484770624999994
0 0.5221849421875 0.5318307078125 0.5243992625 0.529447946875 0.5227287328125 0.5266568734375 0.5230006296874999 0.52406995625 0.5252149515625 0.5216871953125 0.525486846875 0.5191002796874999 0.5238163171875 0.5163092046875 0.5240882124999999 0.5137222890625 0.526302534375 0.5113395281249999 0.537178371875 0.4078628484375 0.53939269375 0.4054800875 0.54020838125 0.39771933593750003 0.5385378515625 0.3949282625 0.5388097468749999 0.3923413453125 0.54102406875 0.3899585859375 0.55026853125 0.3020034078125 0.5524828515625 0.2996206484375 0.5617273140625 0.21166546875 0.5639416359375 0.209282709375 0.5685638671875 0.1653051203125 0.5668933375 0.16251404687499998 0.5671652328125 0.159927128125 0.5646594375 0.15574051875 0.5627170125000001 0.1555363609375 0.5610464828125 0.1527452859375 0.55327678125 0.1519286578125 0.5516062515625 0.1491375828125 0.49916076093750006 0.1436253390625 0.4969464390625 0.1460081 0.4950040140625 0.14580394375 0.4905753703125 0.1505694625 0.48863294531249996 0.15036530625 0.487525784375 0.151556684375 0.4872538875 0.154143603125 0.48503956718749996 0.15652636250000002 0.4847676703125 0.1591132796875 0.4864382 0.1619043546875 0.4853506171875 0.172252021875 0.4798148125 0.17820892187499998 0.4778723875 0.17800476406250001 0.47676522656250003 0.17919614374999998 0.4834473453125 0.19036044218749998 0.4831754484375 0.1929473578125 0.48484597812499997 0.1957384328125 0.4843021875 0.20091226718750002 0.48208786562499994 0.203295025 0.48100028124999994 0.21364269375 0.48267081093749997 0.21643376875000003 0.482398915625 0.219020684375 0.48018459375000005 0.2214034453125 0.47882511406250006 0.23433803125 0.48049564375 0.23712910312500002 0.47967995625000004 0.24488985468750002 0.477465634375 0.24727261406249998 0.4771937390625 0.2498595328125 0.47886426875000004 0.25265060625 0.47696099687500004 0.270759025 0.474746675 0.2731417859375 0.4744747796875 0.27572870156249996 0.476145309375 0.2785197765625 0.41252166093750003 0.88385835625 0.416697984375 0.89083604375 0.4225252609375 0.891448515625 0.42419579062499996 0.8942395875000001 0.4416776203125 0.896077003125 0.44334815 0.898868078125 0.44529057656250004 0.8990722343750001 0.4463977375 0.897880853125 0.4475048984375 0.8966894734374999 0.4688715796875 0.898935203125 0.4710859 0.8965524437499999 0.4749707515625 0.8969607578125001 0.48050655625000005 0.8910038578125 0.48077845156250004 0.8884169406250001 0.48299277343749997 0.88603418125 0.4862555234375 0.8549911781249999 0.4884698453125 0.8526084171875 0.5221849421875 0.5318307078125
0 0.3697099890625 0.8427417484375 0.3705452546875 0.8441372843750001 0.37248767968749996 0.8443414421875 0.374158209375 0.847132515625 0.4110642953125 0.8510115015625 0.41217145625 0.8498201218749999 0.41438577812500005 0.8474373625 0.474746675 0.2731417859375 0.47224088125 0.26895517343750003 0.43339236875 0.26487203125000003 0.43117804687500005 0.267254790625 0.42923562187500003 0.267050634375 0.42812846093749996 0.26824201406250003 0.4183402078125 0.361371025 0.4200107375 0.36416210000000004 0.3697099890625 0.8427417484375
0 0.6212856171875 0.429780346875 0.621829409375 0.42460651406250005 0.6201588796874999 0.421815440625 0.6204307765625 0.41922852187500004 0.622645096875 0.4168457640625 0.63460851875 0.3030214140625 0.6329379890625 0.300230340625 0.63348178125 0.29505650625 0.6356961015625 0.2926737453125 0.6392307500000001 0.259043825 0.6414450703125001 0.256661065625 0.6417169671875 0.25407414687499996 0.639211171875 0.2498875359375 0.5673414265625001 0.242333721875 0.5618056218749999 0.248290621875 0.5604461421875 0.2612252078125 0.5621166718749999 0.26401628125 0.5428120609375 0.4476873890625 0.5405977390625 0.4500701484375 0.49437542968750003 0.8898460406250001 0.496881225 0.8940326531249999 0.56292369375 0.9009739968750001 0.5640308546874999 0.899782615625 0.5662451765625 0.8973998562500001 0.5771210140624999 0.793923175 0.5793353359375 0.7915404140625 0.5999994265625 0.594934721875 0.6022137484375001 0.5925519625 0.6182556078125 0.4399238578125 0.6204699296875 0.4375410984375 0.6207418265625 0.43495418125 0.619071296875 0.4321631078125 0.6212856171875 0.429780346875
0 0.6680212937500001 0.48961784843749995 0.6867821125 0.3111205734375 0.688996434375 0.30873781562499997 0.686490640625 0.304551203125 0.6826057890625 0.30414288906250003 0.680935259375 0.3013518140625 0.6420867484375 0.297268671875 0.6398724265625 0.29965143125 0.63793 0.299447275 0.63460851875 0.3030214140625 0.63379283125 0.31078216406250003 0.6354633609375 0.3135732390625 0.6332490390625 0.3159559984375 0.63491956875 0.31874707343750003 0.6343757765625 0.3239209078125 0.6321614546875 0.32630366875 0.631889559375 0.32889058437499996 0.6335600890624999 0.331681659375 0.6313457671875 0.33406441875000004 0.630801975 0.3392382515625 0.6324725046874999 0.34202932656249996 0.632200609375 0.34461624375 0.6299862875 0.346999003125 0.613944428125 0.49962710781249997 0.61173010625 0.5020098671875 0.591881703125 0.690854809375 0.58966738125 0.6932375687500001 0.5893954859375 0.6958244859375 0.5910660156249999 0.6986155609375 0.59079411875 0.7012024765625 0.5885797968750001 0.7035852375 0.5703627703125 0.8769086765624999 0.5728685640625 0.8810952875 0.617544353125 0.8857909015625 0.6186515140625 0.8845995234374999 0.620865834375 0.8822167625 0.6350044234375 0.7476970781250001 0.6372187453125 0.74531431875 0.635548215625 0.74252324375 0.6369076953125 0.7295886578124999 0.6391220171875001 0.7272059 0.6524449171875 0.600446965625 0.6546592390625 0.59806420625 0.665806971875 0.4920006078125 0.6680212937500001 0.48961784843749995
0 0.7248149374999999 0.32296446875 0.7270292578124999 0.3205817078125 0.7278449453125 0.31282095781249997 0.7261744171875 0.3100298828125 0.7267182078125 0.30485605 0.7242124140625 0.30066943749999997 0.7009033062500001 0.2982195515625 0.6986889859375001 0.3006023125 0.694804134375 0.3001939984375 0.6914826515625 0.3037681390625 0.6912107562500001 0.3063550546875 0.688996434375 0.30873781562499997 0.6732264703124999 0.4587790015625 0.6710121484375 0.4611617609375 0.670740253125 0.463748678125 0.6724107828125 0.466539753125 0.671866990625 0.4717135859375 0.66965266875 0.47409634531249994 0.6576892484375 0.58792069375 0.6554749265625001 0.5903034546875 0.6443271937499999 0.6963670515625 0.642112871875 0.6987498125 0.6225363640625 0.8850078375000001 0.62420689375 0.8877989109375 0.6239349984375 0.8903858281250001 0.628111321875 0.8973635124999999 0.6533628546875 0.9000175562500001 0.6544700156250001 0.8988261765625 0.6566843375 0.8964434171875 0.670822925 0.76192373125 0.673037246875 0.759540971875 0.68500066875 0.6457166234375 0.6872149890625 0.6433338640625 0.7010816828124999 0.511401096875 0.7032960046875 0.5090183359375 0.7122685703125 0.423650075 0.714482890625 0.4212673140625 0.7248149374999999 0.32296446875
0 0.7428035875 0.4320904234375 0.7450179078125 0.4297076640625 0.7523590984374999 0.3598609046875 0.7545734203125 0.35747814375 0.754845315625 0.35489122812499996 0.7531747875 0.352100153125 0.7534466828124999 0.3495132359375 0.7556610046875 0.34713047656249996 0.757020484375 0.334195890625 0.7553499546875 0.33140481718750003 0.757564275 0.32902205625000003 0.7616427140625001 0.2902183015625 0.7591369203125 0.286031690625 0.7319429625 0.28317349062499997 0.721978515625 0.2938959109375 0.7214347234375 0.29906974375 0.7222699890625 0.30046528125 0.7242124140625 0.30066943749999997 0.7267182078125 0.30485605 0.7261744171875 0.3100298828125 0.7278449453125 0.31282095781249997 0.7267573625 0.3231686265625 0.724543040625 0.32555138437500003 0.7177456421875 0.3902243109375 0.7155313203125 0.39260707031250003 0.715259425 0.3951939875 0.7169299546875 0.3979850625 0.716658059375 0.400571978125 0.7144437375 0.4029547390625 0.7032960046875 0.5090183359375 0.7010816828124999 0.511401096875 0.6978189312499999 0.5424441 0.6994894609375 0.545235175 0.6992175656249999 0.547822090625 0.69700324375 0.5502048515625 0.6872149890625 0.6433338640625 0.68500066875 0.6457166234375 0.6847287718749999 0.648303540625 0.6863993015625 0.651094615625 0.6841849812499999 0.6534773734375 0.6743967265624999 0.7466063875 0.6721824046875 0.7489891484375 0.657500025 0.888682665625 0.6583352890625 0.890078203125 0.662220140625 0.8904865171875 0.6638906703125 0.8932775921875 0.6813724999999999 0.89511500625 0.6824796609375 0.893923625 0.6869083046875 0.8891581046875 0.6934338062500001 0.827072096875 0.695648128125 0.8246893375000001 0.7005422546875 0.77812483125 0.7027565765625 0.7757420703125 0.7204298125 0.607592465625 0.7226441343750001 0.6052097062499999 0.7310729078125 0.5250152796875 0.7332872296875 0.5226325187499999 0.7428035875 0.4320904234375
0 0.7991361109375 0.56878593125 0.8013504328125001 0.566403171875 0.80814783125 0.501730246875 0.810362153125 0.4993474875 0.8166157593750001 0.4398483953125 0.81883008125 0.4374656359375 0.8250836874999999 0.37796654375 0.8272980078125001 0.375583784375 0.8319202390625 0.3316061953125 0.8302497093750001 0.328815121875 0.8318810859375001 0.31329361875 0.83409540625 0.31091085937499996 0.8359986781250001 0.29280243906250003 0.838213 0.29041968125 0.8384848953124999 0.2878327625 0.83764963125 0.28643722656250004 0.8337647796875001 0.2860289125 0.8320942499999999 0.2832378375 0.822382121875 0.2822170515625 0.8201678015624999 0.2845998125 0.7774344375 0.2801083546875 0.7752201171875 0.2824911140625 0.771335265625 0.2820827984375 0.7635851406249999 0.290422459375 0.7586910140625001 0.336986965625 0.7564766921875 0.33936972656250003 0.7464165421875 0.4350856546875 0.7442022203125 0.4374684140625 0.7327825921875 0.5461189296875 0.7305682703125 0.5485016890625001 0.7213238078125 0.6364568671875 0.7191094875 0.6388396281250001 0.711768296875 0.7086863859375 0.7095539750000001 0.711069146875 0.706019328125 0.7446990671875 0.7076898578125 0.747490140625 0.7030676265625 0.79146773125 0.7008533046875 0.793850490625 0.6959591781250001 0.840414996875 0.69374485625 0.8427977578125001 0.6880350421875 0.8971230140625 0.689705571875 0.8999140890625 0.6894336765625 0.9025010046874999 0.6927747359375 0.908083153125 0.6925028390625 0.910670071875 0.6933381046875 0.9120656078125 0.6952805296875 0.9122697656250001 0.696951059375 0.9150608390625001 0.7008359109375 0.9154691546875 0.702506440625 0.9182602281250001 0.7510670796875 0.9233641562500001 0.7521742406249999 0.9221727765625 0.7543885625 0.9197900156250001 0.756835625 0.8965077625 0.759049946875 0.8941250046875 0.7682944078125 0.8061698249999999 0.7705087296875 0.803787065625 0.7794812953125 0.7184188046875 0.7816956171875 0.71603604375 0.7890368078125001 0.6461892859375 0.7912511296875 0.643806525 0.7991361109375 0.56878593125
0 0.8529084750000001 0.935375865625 0.8551227953125 0.93299310625 0.8556665875 0.927819271875 0.857880909375 0.9254365109375 0.8625031406250001 0.8814589234374999 0.8647174625 0.8790761625 0.8704272765625 0.82475090625 0.8726415984375 0.8223681453125 0.879438996875 0.7576952203125 0.8816533171875 0.755312459375 0.88491606875 0.7242694562499999 0.8871303906250001 0.721886696875 0.8925683093749999 0.67014835625 0.89478263125 0.667765596875 0.89804538125 0.6367225921874999 0.9002597031249999 0.6343398328125 0.9032505578125001 0.6058837453125 0.9054648796875 0.603500984375 0.909815215625 0.5621103125 0.9120295359374999 0.559727553125 0.9169236640625 0.513163046875 0.9191379843749999 0.5107802875 0.9243040078125 0.46162886406250003 0.9265183296874999 0.4592461046875 0.9316843515625 0.4100946796875 0.9338986734375 0.407711921875 0.9341705687499999 0.40512500312500005 0.9325000390625 0.40233392968750004 0.9327719359375 0.3997470125 0.9349862578125 0.397364253125 0.9393365921875001 0.35597358125 0.9415509140625 0.3535908203125 0.945629353125 0.314787065625 0.9478436734375 0.31240430625000004 0.9527378015625001 0.2658398 0.954952121875 0.2634570390625 0.9590305609374999 0.22465328437499998 0.9612448828125 0.22227052500000002 0.96804228125 0.1575976 0.9655364875 0.15341098749999998 0.9597092109375 0.152798515625 0.9580386796875 0.1500074421875 0.9386144249999999 0.14796587187500002 0.9369438953125 0.14517479687499998 0.9347295734375001 0.1475575578125 0.9114204671874999 0.145107671875 0.9092061453125 0.14749042968749998 0.8878394640625 0.1452447015625 0.8856251421874999 0.1476274625 0.8778554406250001 0.14681083281250001 0.87564111875 0.1491935921875 0.8736986921875 0.1489894359375 0.8725915328125 0.15018081562500002 0.8668817171875001 0.2045060734375 0.8646673953124999 0.20688883281249998 0.8556948296875 0.2922570953125 0.853480509375 0.2946398546875 0.8472269015625 0.35413894687499997 0.84501258125 0.3565217046875 0.8466831109375 0.35931277968750003 0.8444687890625 0.36169553906249996 0.8316896796875 0.48328063906249996 0.8294753578125 0.48566339843749995 0.8210465843750001 0.5658578265624999 0.8188322625 0.5682405859374999 0.818016575 0.5760013359375 0.8196871046875 0.5787924109375 0.819415209375 0.5813793281249999 0.8172008875 0.5837620875 0.7987119640625 0.7596724453125 0.7964976421875 0.76205520625 0.796225746875 0.7646421218749999 0.7978962765625 0.767433196875 0.7976243796875 0.7700201125 0.7954100578125 0.7724028734374999 0.7848061171875 0.8732926359375 0.7825917953125 0.8756753953124999 0.77606629375 0.9377614046874999 0.7769015578125 0.9391569421874999 0.7788439828125 0.9393610984375 0.7821850421875001 0.9449432468750001 0.7880123203125 0.94555571875 0.7896828499999999 0.9483467921875001 0.7974525515625001 0.9491634203125001 0.79912308125 0.9519544953124999 0.832144315625 0.9554251671875 0.8332514765625 0.9542337875 0.8343586374999999 0.95304240625 0.8401859140625 0.9536548781249999 0.8424002359375 0.9512721187500001 0.8443426609375001 0.9514762765624999 0.84766414375 0.9479021359375001 0.8479360390625 0.9453152203125 0.8501503609375 0.9429324593749999 0.8504222562500001 0.9403455421875 0.852636578125 0.9379627828125001 0.8529084750000001 0.935375865625
0 0.9158795984375001 0.80337319375 0.9180939203125 0.8009904328124999 0.9232599421875 0.7518390109374999 0.9254742640625 0.7494562499999999 0.9306402874999999 0.7003048265625 0.9328546078125 0.697922065625 0.9391082140625 0.6384229765625 0.9413225359374999 0.636040215625 0.9437696000000001 0.6127579625 0.945983921875 0.610375203125 0.953868903125 0.535354609375 0.9560832250000001 0.5329718484375 0.96233683125 0.4734727578125 0.964551153125 0.4710899984375 0.977058365625 0.352091815625 0.9792726875 0.34970905625 0.9857981890625 0.28762304843750003 0.9880125109375 0.2852402875 0.9899157828125 0.2671318671875 0.985739459375 0.26015418281249997 0.97796975625 0.25933755468749997 0.9762992265625 0.25654648125 0.9646446734375 0.25532153750000003 0.9624303515625 0.25770429687499996 0.9585454999999999 0.2572959828125 0.9552240187500001 0.2608701234375 0.9527769546875 0.2841523765625 0.9505626328125001 0.2865351359375 0.9453966109374999 0.33568655937499997 0.9431822890625 0.33806931875 0.9399195375 0.3691123234375 0.9377052171875 0.3714950828125 0.9314516093749999 0.43099417500000003 0.9292372890625 0.4333769328125 0.9259745374999999 0.4644199390625 0.923760215625 0.466802696875 0.9234883203124999 0.46938961562500003 0.9251588500000001 0.47218068906250005 0.9246150578125001 0.47735452343749996 0.9224007359374999 0.4797372828125 0.9185941921874999 0.515954121875 0.916379871875 0.51833688125 0.9098543687499999 0.5804228890625 0.907640046875 0.58280565 0.9027459203125 0.62937015625 0.9005316000000001 0.631752915625 0.8959093687499999 0.6757305031249999 0.893695046875 0.6781132640624999 0.8896166078125001 0.71691701875 0.8874022859374999 0.7192997796875 0.8819643671874999 0.7710381203125001 0.879750046875 0.7734208796875001 0.8751278156250001 0.8173984687500001 0.8729134937499999 0.819781228125 0.8663879906249999 0.8818672375000001 0.8641736703125 0.8842499953124999 0.8600952312500001 0.923053753125 0.862601025 0.9272403625000001 0.8684283015625001 0.9278528343750001 0.87009883125 0.9306439093750001 0.8895230875 0.9326854796875 0.8906302484375 0.9314941015624999 0.891737409375 0.9303027203124999 0.8956222593750001 0.930711034375 0.8967294203125 0.9295196546875 0.8970013171875 0.9269327390625 0.8992156375 0.9245499781250001 0.9038378687499999 0.8805723890625 0.9060521906250001 0.8781896281250001 0.9079554625 0.8600812093749999 0.910169784375 0.85769845 0.9158795984375001 0.80337319375