0 0 0.6863752890625 0.000600184375 0.6850750453125001 0.0008322828125000001 0.67177810625 0.0028624765625 0.66737988125 0.0031719421875 0.6496506296875 0.0052021359375 0.64525240625 0.005434234375 0.6319554671875001 0.007464428125 0.6275572421875 0.007773893749999999 0.609827990625 0.0098040875 0.6054297656250001 0.0100361859375 0.5921328265625 0.0120663796875 0.5877346015625 0.014560771875 0.5567425 0.016590965625000002 0.552344275 0.016977796875 0.5301827109375 0.0211155515625 0.5169539484375 0.0214250171875 0.499224696875 0.023455210937500002 0.4948264703125 0.023687309375 0.4815295328125 0.025717503125000003 0.47713130625 0.02602696875 0.45940205624999997 0.0280571625 0.45500383125 0.028289260937499998 0.4417068921875 0.030319454687500004 0.437308665625 0.0305515546875 0.4240117296875 0.0325817484375 0.419613503125 0.032813846875000004 0.40631656562499996 0.034844040625 0.40191833906249996 0.0350761390625 0.38862140156249997 0.0371063328125 0.384223175 0.0373384328125 0.3709262390625 0.039368626562499995 0.3665280109375 0.041863017187500004 0.335535909375 0.043893210937499996 0.331137684375 0.0441253109375 0.3178407453125 0.0461555046875 0.313442521875 0.04646496875 0.2957132703125 0.0484951625 0.2913150453125 0.0487272625 0.27801810625 0.05075745625 0.27361988125000003 0.05098955468750001 0.2603229421875 0.0530197484375 0.2559247171875 0.0533292140625 0.238195465625 0.05754433437499999 0.220534390625 0.0577764328125 0.2072374515625 0.0598066265625 0.2028392265625 0.0600387265625 0.1895422875 0.0620689203125 0.1851440640625 0.062378384375 0.1674148125 0.0665935046875 0.149753734375 0.0668256046875 0.1364567984375 0.0621369515625 0.1252907984375 0.0582312953125 0.125222625 0.056355834375000004 0.1207562265625 0.0504973515625 0.120653965625 0.048621890625000004 0.11618756718750001 0.0427634078125 0.11608530624999999 0.040887946875 0.11161890781249999 0.0350294640625 0.111516646875 0.0319068078125 0.1225462984375 0.031442609375 0.1491401734375 0.029412415625 0.15353840000000002 0.0291803171875 0.16683533749999999 0.0271501234375 0.1712335640625 0.0269180234375 0.1845305015625 0.024887829687499998 0.18892872656249998 0.0223934390625 0.2199208296875 0.0203632453125 0.22431905468750002 0.0199764140625 0.24648061718749997 0.0179462203125 0.25087884374999997 0.015451828125 0.2818709453125 0.013421634375 0.2862691703125 0.01311216875 0.303998421875 0.011081974999999999 0.308396646875 0.0085875828125 0.33938875 0.0065573890625 0.343786975 0.0064026562499999995 0.3526516 0.0043724625 0.357049825 0.0041403640625000005 0.3703467640625 0.0021101703125 0.3747449890625 0 0.49563655625 0 0.6863752890625
0 0 0.8779289109375 0.03140923125 0.8784771609375 0.032424328125 0.8762780484375 0.036484715625000004 0.867481596875 0.0346092546875 0.8630151968750001 0.034841353125 0.8497182593750001 0.0368715484375 0.8453200328125 0.037103646875 0.832023096875 0.039133840625 0.8276248687500001 0.0392885734375 0.8187602437500001 0.0434263265625 0.8055314796875 0.0437357921875 0.7878022296875 0.045765985937499996 0.7834040046874999 0.0461528171875 0.761242440625 0.050290571875 0.7480136765625 0.0505226703125 0.7347167390625 0.0568453515625 0.7082251234375 0.057077449999999995 0.6949281843749999 0.05910764375000001 0.690529959375 0.059262376562499997 0.681665334375 0.063477496875 0.6640042578124999 0.0637095953125 0.65070731875 0.0657397890625 0.6463090953124999 0.0659718875 0.63301215625 0.0680020828125 0.62861393125 0.0683889140625 0.6064523671875001 0.0704191078125 0.602054140625 0.07072857187500001 0.584324890625 0.07275876718749999 0.5799266656250001 0.07306823125 0.5621974140625 0.0772833515625 0.5445363375000001 0.0775928171875 0.5268070875 0.0796230109375 0.5224088609375 0.079855109375 0.5091119234375 0.086177790625 0.48262030781250004 0.0864098890625 0.46932337031250004 0.0884400828125 0.46492514375000005 0.0888269140625 0.44276358125000004 0.0908571078125 0.43836535468750004 0.0911665734375 0.42063610625000003 0.09538169375 0.402975028125 0.095691159375 0.385245778125 0.097721353125 0.3808475515625 0.0983402828125 0.3453890515625 0.1024006703125 0.3365925984375 0.1026327703125 0.32329566249999997 0.1046629640625 0.318897434375 0.1048950625 0.305600496875 0.10692525625 0.301202271875 0.10723472187500001 0.2834730203125 0.11144984218750001 0.26581194531249996 0.11175930781250001 0.24808269374999997 0.1158970609375 0.23485393124999998 0.11612915937499999 0.22155699218749997 0.11815935468750001 0.2171587671875 0.11839145312499999 0.20386182812500003 0.12042164687500001 0.199463603125 0.12088584531249999 0.1728697265625 0.118072653125 0.166170128125 0.1065877859375 0.15266866875000001 0.10072930312499999 0.152566409375 0.0988538421875 0.148100009375 0.0910425328125 0.14796366249999998 0.089167071875 0.14349726406250002 0.08330858906250001 0.143395003125 0.081433128125 0.13892860468749998 0.067763334375 0.138689996875 0.0665935046875 0.149753734375 0.06456331093749999 0.1541519609375 0.0643312125 0.16744889999999998 0.060116092187500005 0.1851099765625 0.0598066265625 0.2028392265625 0.0577764328125 0.2072374515625 0.055282042187500005 0.238229553125 0.051066921875000004 0.2558906296875 0.0506800890625 0.27805219375 0.048649895312500004 0.28245041875 0.048417796875 0.2957473578125 0.046387603124999996 0.30014558281250003 0.0461555046875 0.313442521875 0.0441253109375 0.3178407453125 0.043893210937499996 0.331137684375 0.041863017187500004 0.335535909375 0.04163091875 0.3488328484375 0.039600724999999996 0.353231075 0.03921389375 0.37539263749999996 0.0371837 0.3797908625 0.0369516 0.3930878015625 0.034921406249999995 0.3974860265625 0.0325817484375 0.419613503125 0.0305515546875 0.4240117296875 0.030164721875 0.4461732921875 0.02602696875 0.45940205624999997 0.025794868749999998 0.47269899375 0.023764675 0.4770972203125 0.023532576562499997 0.4903941578125 0.021502382812500002 0.4947923828125 0.0211155515625 0.5169539484375 0.016977796875 0.5301827109375 0.0167456984375 0.5434796484375 0.0147155046875 0.547877875 0.0144060390625 0.565607125 0.0123758453125 0.57000535 0.011989014062500001 0.5921669140625 0.0099588203125 0.596565140625 0.009726721875 0.609862078125 0.005666334375 0.6186585296875 0.00535686875 0.6363877796875 0.003326675 0.6407860046875 0.0029398437499999997 0.66294756875 0.001924746875 0.66514668125 0 0.6605629093750001 0 0.8779289109375
0 0.1573866203125 0.767617696875 0.1594168140625 0.763219471875 0.1596489125 0.7499225328125 0.1616791078125 0.7455243078125 0.16191120625 0.7322273703125 0.1639414 0.72782914375 0.1640961328125 0.71896451875 0.168311253125 0.701303440625 0.17080564375 0.670311340625 0.1769735921875 0.65268435 0.179467984375 0.6216922484375 0.181498178125 0.617294021875 0.1816529109375 0.6084293984375 0.18586803125 0.5907683203125 0.1861001296875 0.5774713828125 0.1881303234375 0.57307315625 0.18828505625 0.56420853125 0.19031525 0.55981030625 0.1904699828125 0.55094568125 0.194685103125 0.533284603125 0.1949945671875 0.515555353125 0.19702476093750002 0.5111571265625 0.19717949375 0.502292503125 0.1992096875 0.497894275 0.19936442031249998 0.4890296515625 0.203579540625 0.47136857499999996 0.20388900625 0.45363932343749996 0.2059192 0.4492410984375 0.20825885937500002 0.42711362187499996 0.2123966125 0.41388485625 0.2127834453125 0.39172329375000003 0.21684383281250003 0.3829268421875 0.21699856562500003 0.3740622171875 0.219028759375 0.369663990625 0.219183490625 0.36079936562500003 0.2233986109375 0.343138290625 0.22363071093750003 0.3298413515625 0.22995339062500003 0.30334973593750003 0.23026285624999998 0.285620484375 0.234400609375 0.272391721875 0.23455534218750002 0.2635270953125 0.2386157296875 0.25473064375 0.2390025625 0.23256908125 0.24103275625 0.2281708546875 0.2411874890625 0.21930623124999998 0.23087245156249997 0.194741034375 0.2002461421875 0.1587371453125 0.18267069375 0.1584303640625 0.1807952328125 0.153963965625 0.167125440625 0.15372535781250002 0.165249978125 0.149258959375 0.15548584062499998 0.149088525 0.1536103796875 0.1446221265625 0.1457990703125 0.1444857796875 0.1439236078125 0.1400193796875 0.1361122984375 0.1398830328125 0.13423683749999998 0.1354166328125 0.1303311828125 0.135348459375 0.127208525 0.1463781109375 0.12486886562499999 0.1685055875 0.122838671875 0.1729038140625 0.1226065734375 0.1862007515625 0.12057637968749998 0.1905989765625 0.1201895484375 0.21276053906249998 0.115974428125 0.23042161718749998 0.115742328125 0.24371855468749998 0.11371213437500001 0.24811678124999997 0.1134026703125 0.26584603125 0.111372475 0.2702442578125 0.11121774375 0.2791088828125 0.10918755 0.2835071078125 0.10887808437499999 0.301236359375 0.1046629640625 0.318897434375 0.1043534984375 0.3366266859375 0.10232330468749999 0.3410249125 0.10193647343750001 0.3631864765625 0.0999062796875 0.3675847 0.09967418125000001 0.3808816390625 0.0976439859375 0.38527986406250003 0.097334521875 0.403009115625 0.095304328125 0.407407340625 0.095072228125 0.4207042796875 0.093042034375 0.4251025046875 0.092655203125 0.44726406875 0.08648725625 0.4648910578125 0.086177790625 0.48262030781250004 0.084147596875 0.48701853437500003 0.08399286406249999 0.49588315781250003 0.0819626703125 0.5002813859375 0.081730571875 0.5135783218750001 0.0775154515625 0.5312394 0.077051253125 0.557833275 0.075021059375 0.5622315015625 0.0748663265625 0.5710961250000001 0.07065120625 0.588757203125 0.07034174062500001 0.6064864546875001 0.06831154687499999 0.6108846796875 0.0680020828125 0.62861393125 0.0659718875 0.63301215625 0.06558505625 0.65517371875 0.0635548625 0.6595719453125 0.06332276406250001 0.6728688828125 0.0612925703125 0.677267109375 0.0611378375 0.686131734375 0.056922717187500006 0.7037928109375 0.05669061875 0.7170897484375 0.054660425 0.7214879734374999 0.054505692187499996 0.7303526 0.050290571875 0.7480136765625 0.050058473437499994 0.7613106140625 0.048028278125000004 0.765708840625 0.047718814062499997 0.783438090625 0.043581059374999995 0.7966668546875 0.0433489609375 0.80996379375 0.0413187671875 0.81436201875 0.040931935937500004 0.8365235828124999 0.0389017421875 0.8409218078125 0.038747009375 0.8497864328125001 0.0434356625 0.8609524296875 0.051246971875000005 0.8610887765624999 0.053122432812499995 0.865555178125 0.0667922265625 0.865793784375 0.06866768749999999 0.870260184375 0.086243134375 0.8705669640625 0.088118596875 0.8750333640625 0.0998355609375 0.8752378843749999 0.1017110234375 0.8797042828125001 0.13686191875 0.88031784375 0.13787701562500002 0.8781187312500001 0.1440449625 0.8604917421874999 0.14419969531250001 0.8516271156249999 0.1462298890625 0.8472288906250001 0.1464619875 0.833931953125 0.15067710781250002 0.8162708750000001 0.1509092078125 0.8029739390625 0.1572318875 0.776482321875 0.1573866203125 0.767617696875
0 0.19238278281250001 0.7770958828125 0.19253751562500002 0.7682312578125 0.194567709375 0.7638330328125 0.1947224421875 0.7549684078125 0.1967526359375 0.75057018125 0.19690736874999998 0.74170555625 0.2011224890625 0.724044478125 0.20135458750000002 0.7107475421875 0.20338478124999998 0.706349315625 0.20353951406249998 0.697484690625 0.2055697078125 0.6930864640625 0.205724440625 0.6842218390625 0.20993956093750002 0.6665607625 0.2101716609375 0.6532638234375 0.21220185468750002 0.6488655999999999 0.2123565859375 0.6400009734375 0.2143867796875 0.6356027484375 0.2145415125 0.6267381234375 0.21657170625000002 0.6223398953125 0.21672643906250003 0.613475271875 0.2187566328125 0.6090770453125 0.218911365625 0.6002124203125 0.220941559375 0.59581419375 0.22109629218750002 0.5869495687499999 0.2231264859375 0.58255134375 0.22546614531250003 0.5604238671874999 0.2274963390625 0.5560256421875 0.2277284375 0.542728703125 0.22975863125 0.5383304765625 0.22991336406250001 0.5294658531249999 0.23194355781249998 0.5250676249999999 0.23209829062499998 0.5162030015625 0.23631341093749997 0.4985419234375 0.23654550937500002 0.4852449859375 0.24068326406249999 0.47201622343749994 0.2409153625 0.458719284375 0.24505311718749997 0.44549051874999995 0.245285215625 0.43219358281250003 0.247315409375 0.42779535625 0.2474701421875 0.41893072968749995 0.2516852625 0.40126965468750003 0.2518399953125 0.392405028125 0.25387018906250003 0.388006803125 0.25417965468750003 0.3702775515625 0.2562098484375 0.365879328125 0.25636458125 0.3570147015625 0.258394775 0.3526164765625 0.2585495078125 0.3437518515625 0.262764628125 0.3260907734375 0.2629967265625 0.31279383437499997 0.26931940625 0.28630222031249997 0.26955150625 0.27300528281249997 0.2715817 0.2686070578125 0.27392135781250004 0.24647958124999997 0.2802440390625 0.21998796562499998 0.273757290625 0.1999232546875 0.2661007140625 0.1909222828125 0.26024223125 0.19082002343749999 0.2583667703125 0.186353621875 0.24860263124999998 0.1861831890625 0.245479975 0.197212840625 0.2452478765625 0.210509778125 0.2390025625 0.23256908125 0.238693096875 0.25029833125 0.236662903125 0.2546965578125 0.2365081703125 0.2635611828125 0.23229305 0.281222259375 0.2320609515625 0.2945191984375 0.227923196875 0.3077479609375 0.22769109843750002 0.3210448984375 0.2256609046875 0.3254431265625 0.225506171875 0.33430775 0.2212910515625 0.351968828125 0.2209815859375 0.36969807656250003 0.216766465625 0.38735915468750004 0.21653436718750002 0.40065609375 0.2123966125 0.41388485625 0.2122418796875 0.42274948281249997 0.2102116859375 0.42714770937499996 0.21005695468750002 0.43601233281249996 0.2080267609375 0.44041055937499995 0.207872028125 0.44927518437499997 0.20365690781249998 0.46693626093749996 0.20334744218749998 0.4846655125 0.1992096875 0.497894275 0.19897758906250002 0.5111912140625 0.1969473953125 0.5155894390625 0.1967926625 0.5244540640625 0.19476246875 0.5288522921875 0.1946077359375 0.537716915625 0.190392615625 0.55537799375 0.1901605171875 0.56867493125 0.1881303234375 0.57307315625 0.187975590625 0.5819377828125 0.1837604703125 0.599598859375 0.18352837187499998 0.612895796875 0.181498178125 0.617294021875 0.17915851875 0.6394214984375 0.1750207640625 0.6526502625 0.174788665625 0.6659472015625 0.17275847187499999 0.6703454265625 0.17260373906249998 0.679210053125 0.1705735453125 0.683608278125 0.1704188125 0.692472903125 0.1662036921875 0.71013398125 0.16597159374999998 0.7234309171875 0.1639414 0.72782914375 0.16378666718749998 0.73669376875 0.1617564734375 0.7410919953125 0.161601740625 0.7499566203125 0.1573866203125 0.767617696875 0.157154521875 0.780914634375 0.15512432812500002 0.7853128609375 0.1549695953125 0.7941774859375 0.15293940156250002 0.7985757109375 0.15278466875000002 0.8074403359375 0.1485695484375 0.8251014140624999 0.14833745 0.8383983515625 0.1441223296875 0.8560594281249999 0.1438902296875 0.8693563671875 0.14670342187500002 0.8760559656250001 0.1545147328125 0.8761923125 0.15639019375000002 0.8806587109375 0.1720128140625 0.8809314046875001 0.1730279109375 0.8787322921875 0.1770882984375 0.869935840625 0.1791958578125 0.861105303125 0.179350590625 0.8522406765625 0.1834883453125 0.8390119140625 0.1837978109375 0.8212826625 0.190120490625 0.794791046875 0.19035258906250002 0.7814941078125 0.19238278281250001 0.7770958828125
0 0.22393748906250002 0.7599120203124999 0.2259676828125 0.7555137953125 0.2283073421875 0.73338631875 0.2324450953125 0.7201575546875 0.23267719531250003 0.7068606171875 0.2347073890625 0.702462390625 0.234862121875 0.6935977656250001 0.23689231562500002 0.6891995390625001 0.2371244140625 0.6759026015625 0.241339534375 0.658241525 0.2415716328125 0.6449445859375 0.2436018265625 0.6405463609375001 0.24375655937500001 0.6316817359375 0.24578675312499998 0.6272835109375 0.24594148593749998 0.618418884375 0.25015660624999997 0.600757809375 0.2503887046875 0.5874608703125 0.25452645937499996 0.5742321046875001 0.25468119218749996 0.5653674796875 0.2588963125 0.5477064031250001 0.2591284109375 0.534409465625 0.26334353125 0.5167483890625 0.2635756296875 0.5034514515625 0.2656058234375 0.49905322500000004 0.26794548281249997 0.4769257484375 0.2720832375 0.463696984375 0.2722379703125 0.454832359375 0.276453090625 0.4371712828125 0.2766851890625 0.4238743453125 0.2787153828125 0.41947611875 0.2810550421875 0.39734864375 0.2830852359375 0.392950415625 0.283317334375 0.379653478125 0.285347528125 0.375255253125 0.28550226093750003 0.366390628125 0.2875324546875 0.3619924015625 0.2876871875 0.3531277765625 0.28971738125 0.3487295515625 0.2898721140625 0.339864925 0.2919023078125 0.3354667 0.292057040625 0.326602075 0.294087234375 0.32220384687500003 0.2942419671875 0.3133392234375 0.2962721609375 0.308940996875 0.2986118203125 0.2868135203125 0.3006420140625 0.2824152953125 0.30087411249999996 0.2691183578125 0.305011865625 0.25588959375 0.305243965625 0.2425926546875 0.307274159375 0.2381944296875 0.3074288921875 0.2293298046875 0.304693065625 0.2181978921875 0.2970364890625 0.2091969203125 0.29117800625 0.209094659375 0.2873497171875 0.2045941734375 0.28336669531249997 0.2089583125 0.2802440390625 0.21998796562499998 0.280011940625 0.23328490156249998 0.2758741859375 0.24651366718749998 0.275719453125 0.25537829218749997 0.273689259375 0.2597765171875 0.2735345265625 0.26864114375 0.2715043328125 0.27303936875 0.2713496 0.28190399374999997 0.26931940625 0.28630222031249997 0.2691646734375 0.2951668453125 0.26713447968750004 0.299565071875 0.2669797484375 0.308429696875 0.262764628125 0.3260907734375 0.262532528125 0.3393877109375 0.26050233437500003 0.34378593749999997 0.26034760156250003 0.3526505625 0.2583174078125 0.3570487875 0.258162675 0.3659134140625 0.25613248125 0.3703116390625 0.2559777484375 0.3791762640625 0.25394755468749997 0.383574490625 0.251607896875 0.40570196718749996 0.249577703125 0.41010019218749993 0.2494229703125 0.41896481718749995 0.2473927765625 0.42336304374999995 0.2471606765625 0.43665998124999994 0.2430229234375 0.44988874687499997 0.24279082343749997 0.46318568281249994 0.2386530703125 0.47641444687499995 0.23842097187500003 0.48971138593749997 0.236390778125 0.49410961093749994 0.2362360453125 0.5029742374999999 0.23420585156249998 0.5073724625 0.23405111875 0.5162370875 0.232020925 0.5206353140625 0.2318661921875 0.5294999390624999 0.227651071875 0.547161015625 0.2274189734375 0.560457953125 0.22109629218750002 0.5869495687499999 0.22086419375 0.6002465078125 0.21883400000000003 0.60464473125 0.21867926718750003 0.6135093578124999 0.2166490734375 0.6179075843749999 0.216494340625 0.626772209375 0.214464146875 0.6311704359375 0.2143094140625 0.6400350593749999 0.21009429375000002 0.6576961375 0.2098621953125 0.6709930749999999 0.2078320015625 0.6753913 0.20767726875 0.6842559265625 0.20564707499999998 0.6886541515625 0.20549234218749998 0.6975187765624999 0.201277221875 0.7151798546875 0.2010451234375 0.728476790625 0.1990149296875 0.7328750187499999 0.198860196875 0.7417396421875 0.196830003125 0.74613786875 0.1966752703125 0.7550024953125 0.19464507656250002 0.75940071875 0.19449034375000002 0.7682653453125 0.19246015 0.7726635703125 0.1923054171875 0.7815281953125 0.188090296875 0.7991892734375 0.1878581984375 0.8124862109375 0.183643078125 0.8301472875 0.183410978125 0.843444225 0.179273225 0.8566729890625 0.1791184921875 0.865537615625 0.1857599734375 0.8767377 0.1935712828125 0.876874046875 0.19544674374999998 0.8813404453125001 0.20427315156249998 0.8792776796874999 0.2083335390625 0.870481228125 0.21082792968750003 0.8394891281250001 0.21285812499999998 0.8350909015625 0.21519778281250002 0.8129634250000001 0.21933553749999998 0.7997346609375 0.2195676359375 0.7864377234375 0.223705390625 0.7732089578125 0.22393748906250002 0.7599120203124999
0 0.2468298546875 0.7913472500000001 0.2488600484375 0.786949025 0.24901478125 0.7780843984375 0.2532299015625 0.7604233203125 0.2534620015625 0.747126384375 0.2554921953125 0.7427281578125 0.255646928125 0.7338635328125 0.25767712187499997 0.7294653062500001 0.257831853125 0.72060068125 0.2598620484375 0.71620245625 0.26001677968750003 0.70733783125 0.2642319 0.6896767546875 0.264541365625 0.671947503125 0.2687564859375 0.654286425 0.268988584375 0.6409894890625 0.2731263390625 0.627760725 0.27546599843749997 0.605633246875 0.28178867812499997 0.5791416328125 0.2820207765625 0.5658446953125 0.284050971875 0.56144646875 0.284205703125 0.55258184375 0.286235896875 0.5481836171875 0.286467996875 0.5348866796875 0.28849819062500004 0.5304884546874999 0.28865292343750004 0.5216238296875 0.29286804375000003 0.5039627531249999 0.2931001421875 0.4906658140625 0.2973152625 0.4730047375 0.2975473609375 0.4597078 0.2995775546875 0.4553095734375 0.2997322875 0.44644494687499997 0.3039474078125 0.428783871875 0.30417950625 0.4154869328125 0.3062097015625 0.41108870781249995 0.30636443281250003 0.4022240828125 0.3083946265625 0.3978258578125 0.308549359375 0.38896123125000004 0.3127644796875 0.37130015312500003 0.3129965796875 0.3580032171875 0.31502677343749996 0.353604990625 0.31518150624999997 0.344740365625 0.319396625 0.3270792890625 0.319628725 0.31378235 0.32165891874999997 0.309384125 0.32181365156249997 0.3005195 0.326028771875 0.282858421875 0.3262608703125 0.2695614859375 0.32829106406249997 0.2651632578125 0.328445796875 0.256298634375 0.330475990625 0.2519004078125 0.3306307234375 0.24303578125 0.33484584375000004 0.22537470625 0.335232675 0.2032131421875 0.3267931 0.18311434531249998 0.3189817890625 0.1829779984375 0.3159364984375 0.1895753390625 0.3135968390625 0.2117028140625 0.3094590859375 0.224931578125 0.3092269859375 0.2382285171875 0.30719679218749996 0.242626740625 0.3070420609375 0.2514913671875 0.305011865625 0.25588959375 0.304857134375 0.26475421718750003 0.30282694062500004 0.2691524453125 0.30267220781250004 0.27801706875 0.3006420140625 0.2824152953125 0.30048728125 0.2912799203125 0.2984570875 0.295678146875 0.2983023546875 0.304542771875 0.2962721609375 0.308940996875 0.29611742812499997 0.3178056234375 0.294087234375 0.32220384687500003 0.291747575 0.344331325 0.28971738125 0.3487295515625 0.28948528281249997 0.3620264875 0.285347528125 0.375255253125 0.2851927953125 0.38411987812500004 0.28097767500000004 0.4017809546875 0.2807455765625 0.4150778921875 0.2787153828125 0.41947611875 0.27856065 0.42834074375000003 0.27653045625 0.4327389703125 0.2763757234375 0.44160359375 0.27434552968750003 0.4460018203125 0.27419079687500003 0.454866446875 0.272160603125 0.45926467187500003 0.2720058703125 0.46812929687500004 0.2699756765625 0.47252752343750004 0.26982094375 0.4813921484375 0.26779074999999997 0.48579037343750003 0.26763601875 0.49465499843750005 0.2656058234375 0.49905322500000004 0.2654510921875 0.50791785 0.2634208984375 0.5123160765625 0.2610812390625 0.534443553125 0.2590510453125 0.538841778125 0.2588189453125 0.5521387171875001 0.2567887515625 0.5565369421875 0.25663401874999997 0.5654015671875 0.254603825 0.5697997921875 0.25444909375 0.5786644187500001 0.2524188984375 0.5830626453125001 0.2522641671875 0.59192726875 0.2502339734375 0.5963254953125 0.250079240625 0.6051901187500001 0.2458641203125 0.622851196875 0.24563202031250003 0.6361481359375001 0.2436018265625 0.6405463609375001 0.24344709375 0.6494109875 0.2414169 0.6538092109375 0.24126216875 0.6626738375000001 0.23704704843750002 0.680334915625 0.2368149484375 0.6936318515625 0.2347847546875 0.6980300781250001 0.234630021875 0.7068947031249999 0.232599828125 0.7112929296875 0.2324450953125 0.7201575546875 0.228229975 0.7378186312499999 0.2279978765625 0.75111556875 0.2259676828125 0.7555137953125 0.22581294999999998 0.7643784203124999 0.22378275625000002 0.7687766453125 0.221443096875 0.7909041218749999 0.21730534375000002 0.8041328875 0.216995878125 0.8218621374999999 0.214965684375 0.8262603625 0.2147335859375 0.8395573015625001 0.21270339218749998 0.8439555265625 0.21254865937499998 0.8528201515625 0.2083335390625 0.870481228125 0.21114673125 0.877180828125 0.2248165234375 0.877419434375 0.2258316203125 0.8752203218749999 0.23075237187500003 0.8730893828124999 0.23785805 0.8576955906249999 0.2399656109375 0.848865053125 0.24012034375 0.840000428125 0.2443354640625 0.8223393515625 0.24456756249999997 0.8090424125 0.24659775625 0.8046441890624999 0.2468298546875 0.7913472500000001
0 0.3161072140625 0.739352534375 0.3165714125 0.712758659375 0.3228167265625 0.69069935625 0.323048825 0.6774024171875 0.32507901875 0.6730041921875001 0.32741867812500003 0.6508767171875001 0.333741359375 0.6243851 0.334128190625 0.6022235375 0.336158384375 0.5978253109375 0.338652775 0.566833209375 0.3428678953125 0.5491721328125 0.343254728125 0.52701056875 0.345284921875 0.5226123453125 0.3454396546875 0.51374771875 0.351762334375 0.487256103125 0.3519944328125 0.4739591671875 0.3540246265625 0.4695609390625 0.3543340921875 0.451831690625 0.35636428593749997 0.4474334625 0.3566737515625 0.4297042140625 0.3587039453125 0.4253059875 0.35893604375 0.41200905 0.3609662375 0.4076108234375 0.36135306875 0.3854492609375 0.3633832640625 0.381051034375 0.3636153625 0.3677540984375 0.36783048281249997 0.3500930203125 0.36806258125 0.33679608125 0.370092775 0.33239785624999996 0.3703248734375 0.31910091875 0.37235506875 0.3147026921875 0.37258716718749996 0.3014057546875 0.3746173609375 0.2970075296875 0.3750041921875 0.274845965625 0.3770343859375 0.270447740625 0.37718911875 0.2615831140625 0.36874954375 0.2414843171875 0.3649212546875 0.23698383125000003 0.35710994375 0.236847484375 0.34945336718750003 0.2278465125 0.34164205625 0.22771016562500002 0.33976659531250003 0.2232437671875 0.3378137671875 0.2232096796875 0.3327382828125 0.23420524375000001 0.332506184375 0.2475021828125 0.330475990625 0.2519004078125 0.3303212578125 0.2607650328125 0.32829106406249997 0.2651632578125 0.32813633124999997 0.27402788437500003 0.3239212109375 0.2916889609375 0.3236891125 0.3049858984375 0.32165891874999997 0.309384125 0.32150418593749996 0.3182487515625 0.3194739921875 0.322646975 0.319319259375 0.33151160156250004 0.317289065625 0.3359098265625 0.3171343328125 0.344774453125 0.3129192125 0.36243552968750004 0.310424821875 0.3934276296875 0.3062870671875 0.4066563953125 0.303792675 0.43764849687499996 0.30176248125 0.442046721875 0.3016077484375 0.45091134843749997 0.2995775546875 0.4553095734375 0.299422821875 0.46417419843749996 0.2952077015625 0.48183527656249997 0.29497560312500004 0.4951322125 0.292945409375 0.4995304390625 0.2927906765625 0.5083950640625 0.2907604828125 0.512793290625 0.29060575 0.5216579171875 0.2863906296875 0.5393189921875 0.286081165625 0.55704824375 0.28194341093749997 0.57027700625 0.28171131250000003 0.5835739453125 0.27968111875 0.587972171875 0.2795263859375 0.5968367953125 0.2774961921875 0.6012350234375 0.277341459375 0.610099646875 0.2731263390625 0.627760725 0.272894240625 0.6410576625 0.26867912031249996 0.6587187390625 0.2684470203125 0.6720156765625 0.2642319 0.6896767546875 0.26399980156249997 0.702973690625 0.2598620484375 0.71620245625 0.259707315625 0.72506708125 0.25767712187499997 0.7294653062500001 0.257445021875 0.7427622453125 0.255414828125 0.7471604703125 0.2551827296875 0.7604574078125 0.250967609375 0.778118484375 0.2507355109375 0.7914154234375 0.24659775625 0.8046441890624999 0.2464430234375 0.8135088125 0.24441282968750003 0.8179070390625001 0.24418073125 0.8312039765625 0.2421505375 0.8356022031249999 0.241841071875 0.8533314531249999 0.24465426406250002 0.8600310531250001 0.250512746875 0.8601333125 0.25238820781250004 0.8645997109374999 0.258246690625 0.8647019703125001 0.26012215156249996 0.8691683703124999 0.265980634375 0.86927063125 0.2678560953125 0.8737370296875 0.2815258875 0.8739756375000001 0.282540984375 0.8717765249999999 0.298627803125 0.8454553421875 0.30705804375 0.8101331875 0.307367509375 0.7924039390625001 0.30939770312500003 0.7880057125000001 0.3096298015625 0.774708775 0.3116599953125 0.7703105484375 0.3119694609375 0.7525812984375 0.3161072140625 0.739352534375
0 0.34634669375 0.7975179859375 0.3483768875 0.793119759375 0.34876371875 0.770958196875 0.3507939125 0.766559971875 0.35102601093749997 0.7532630328125001 0.3530562046875 0.7488648078125 0.3533656703125 0.73113555625 0.35758079062500003 0.7134744796875 0.35789025625000004 0.6957452296875 0.35992045 0.691347003125 0.3601525484375 0.678050065625 0.3621827421875 0.6736518390625 0.36241484062499996 0.660354903125 0.364445034375 0.655956675 0.364677134375 0.6426597390625 0.366707328125 0.6382615125 0.3669394265625 0.624964575 0.3689696203125 0.6205663484375 0.36920171874999996 0.607269409375 0.3712319125 0.6028711859375 0.3714640125 0.589574246875 0.37349420625 0.585176021875 0.3737263046875 0.5718790828125 0.37575649843750003 0.5674808578125 0.37606596406250004 0.54975160625 0.3780961578125 0.54535338125 0.37832825625 0.5320564437499999 0.3824660109375 0.5188276796875 0.3827754765625 0.5010984281249999 0.3848056703125 0.49670020312499996 0.3852698671875 0.47010632656249995 0.3915925484375 0.4436147109375 0.3921341125 0.41258852343749997 0.39416430625 0.4081902984375 0.39439640468750004 0.39489335937500003 0.3964265984375 0.390495134375 0.3967360640625 0.3727658828125 0.3987662578125 0.368367659375 0.40126065000000005 0.33737555625 0.40329084374999996 0.33297733125 0.4036003078125 0.3152480796875 0.407815428125 0.2975870046875 0.408047528125 0.284290065625 0.410077721875 0.2798918390625 0.41030982031249996 0.2665949015625 0.4123400140625 0.262196675 0.41257211250000003 0.2488997390625 0.41460230625000005 0.2445015109375 0.41483440624999995 0.23120457499999997 0.41202121406250003 0.2245049765625 0.408192925 0.2200044890625 0.4042872703125 0.219936315625 0.40241180937500004 0.2154699171875 0.3946004984375 0.21533357031249997 0.3927250375 0.21086717031250002 0.3868665546875 0.210764909375 0.3838212640625 0.21736224843750002 0.383589165625 0.2306591859375 0.381558971875 0.2350574125 0.381326871875 0.24835435156250002 0.379296678125 0.2527525765625 0.37883248125 0.27934645156250004 0.3768022875 0.28374467812500004 0.37415316249999997 0.32360140312499996 0.3699380421875 0.34126248124999997 0.369628578125 0.35899173125 0.3675983828125 0.3633899578125 0.36736628437499996 0.3766868953125 0.365336090625 0.381085121875 0.3651813578125 0.389949746875 0.3631511640625 0.394347971875 0.362919065625 0.4076449109375 0.36088887187499996 0.41204313593749997 0.36057940624999996 0.4297723875 0.3585492125 0.4341706125 0.3580850140625 0.4607644875 0.3539472609375 0.473993253125 0.3537151625 0.487290190625 0.35168496875 0.491688415625 0.3512981359375 0.5138499796875 0.3471603828125 0.5270787421875001 0.346928284375 0.54037568125 0.34271316406249996 0.558036759375 0.3424810640625 0.5713336953125 0.3404508703125 0.575731921875 0.3401414046875 0.593461171875 0.3381112109375 0.5978593984375 0.33787911249999997 0.6111563359375001 0.3336639921875 0.6288174140625 0.3332771609375 0.6509789765625 0.3312469671875 0.6553772015625 0.328752575 0.686369303125 0.324614821875 0.6995980671875001 0.32430535625 0.71732731875 0.3200902359375 0.7349883953125 0.31970340468749997 0.757149959375 0.31556565000000003 0.770378721875 0.3152561859375 0.7881079734374999 0.313225990625 0.7925061984374999 0.3129938921875 0.8058031375000001 0.3109636984375 0.8102013609375 0.31065423281250004 0.8279306125 0.302301359375 0.858820453125 0.3051145515625 0.8655200515624999 0.30902020625 0.865588225 0.3108956671875 0.8700546265625 0.318706978125 0.8701909734375001 0.3205824390625 0.8746573718749999 0.336205059375 0.874930065625 0.33722015625 0.872730953125 0.33925035000000003 0.868332728125 0.3394824484375 0.8550357890625 0.3415126421875 0.8506375640625 0.3418221078125 0.8329083125000001 0.3438523015625 0.8285100875 0.34408439999999996 0.8152131499999999 0.34611459375 0.8108149234375001 0.34634669375 0.7975179859375
0 0.4070390796875 0.7897100499999999 0.40727117812499997 0.7764131109375 0.409301371875 0.7720148859375 0.409688203125 0.749853321875 0.411718396875 0.745455096875 0.4120278625 0.7277258453125001 0.41405805625000003 0.7233276203125001 0.41436752187500003 0.70559836875 0.41639771562499994 0.7012001437500001 0.41678454687500005 0.6790385796875 0.41881474062499996 0.6746403546875 0.4194336703125 0.6391818546875 0.421463865625 0.6347836296875 0.42169596406250004 0.6214866906250001 0.42372615781249995 0.6170884640625001 0.42403562343749995 0.5993592140625 0.4260658171875 0.5949609890625001 0.426297915625 0.5816640515625 0.42832810937500004 0.5772658234375 0.4288696734375 0.5462396359375 0.4308998671875 0.5418414109375 0.4312866984375 0.519679846875 0.4333168921875 0.515281621875 0.433703725 0.4931200578125 0.43573391875 0.4887218328125 0.43612075 0.46656027031249997 0.43815094375 0.46216204375 0.43861514062499996 0.43556816875 0.440645334375 0.4311699421875 0.4410321671875 0.4090083796875 0.4430623609375 0.40461015468749995 0.443603925 0.3735839640625 0.44563411875 0.369185740625 0.44602095 0.34702417812499997 0.44805114375 0.34262595 0.4485927078125 0.3115997625 0.4506229015625 0.3072015359375 0.4510097328125 0.2850399734375 0.45303992656250003 0.2806417484375 0.453426759375 0.25848018437500003 0.455456953125 0.254081959375 0.45576641718750005 0.2363527078125 0.4529532265625 0.229653109375 0.44709474374999997 0.22955085 0.4452192828125 0.22508445 0.427643834375 0.2247776703125 0.4245211765625 0.2358073203125 0.424289078125 0.249104259375 0.422258884375 0.253502484375 0.42194941874999997 0.2712317359375 0.419919225 0.27562996093750003 0.4193776609375 0.3066561484375 0.4173474671875 0.311054375 0.41711536875000005 0.32435131093749997 0.41508517500000003 0.32874953906250004 0.41259078281250006 0.35974164062499997 0.41056058906250004 0.364139865625 0.41040585625 0.37300449062499996 0.4083756625 0.37740271718749996 0.406036003125 0.39953019375 0.40189825 0.4127589578125 0.401588784375 0.43048820781249997 0.3953434703125 0.4525475109375 0.395111371875 0.4658444484375 0.393081178125 0.4702426734375 0.3929264453125 0.4791072984375 0.39089625156249996 0.4835055265625 0.3885565921875 0.5056330015625 0.3822339125 0.5321246171875 0.3820018125 0.5454215546875 0.37997161875 0.5498197796875 0.379662153125 0.56754903125 0.377631959375 0.57194725625 0.3773998609375 0.5852441953125 0.3753696671875 0.5896424203125 0.37490546875 0.616236296875 0.372875275 0.620634521875 0.37256581093749996 0.6383637734375001 0.3705356171875 0.6427619984375 0.370148784375 0.6649235625000001 0.368118590625 0.6693217875 0.3674996609375 0.7047802875 0.3654694671875 0.709178515625 0.3647731703125 0.7490693281249999 0.3627429765625 0.7534675531249999 0.36204667968750004 0.7933583671875 0.3600164859375 0.7977565921875 0.359474921875 0.8287827812499999 0.357444728125 0.83318100625 0.3569031640625 0.8642071953125001 0.35971635625 0.87090679375 0.36557483749999997 0.8710090546875 0.3674503 0.8754754531250001 0.39088422968750003 0.8758844937499999 0.39189932656250004 0.87368538125 0.3942389859375 0.8515579046875 0.40025220156249997 0.842795540625 0.4004843 0.8294986015625 0.40251449375000004 0.8251003765625 0.4027465921875 0.8118034375000001 0.4047767859375 0.8074052140625 0.4050088859375 0.7941082749999999 0.4070390796875 0.7897100499999999
0 0.4343786640625 0.7901872640625001 0.4364088578125 0.7857890375000001 0.43687305624999995 0.7591951625 0.43890324999999997 0.7547969359375 0.43936744843750003 0.728203059375 0.4413976421875 0.723804834375 0.44178447343749994 0.701643271875 0.44381466718749996 0.6972450453125 0.44427886406250006 0.6706511703125 0.446309059375 0.66625294375 0.44669589062500004 0.64409138125 0.44872608437499995 0.63969315625 0.44919028125000005 0.6130992796875 0.45122047500000007 0.608701053125 0.45152994062499996 0.590971803125 0.453560134375 0.586573578125 0.45402433281250004 0.5599797015625 0.45605452656249995 0.5555814765625 0.45644135781250006 0.5334199140625 0.45847155156249997 0.5290216859375 0.45893575000000003 0.5024278109375 0.46096594375000005 0.49802958437499995 0.4611980421875 0.4847326484375 0.4632282359375 0.48033442031250007 0.4637698 0.44930823281250004 0.46579999375 0.4449100078125 0.46626419218750004 0.41831613125 0.46829438593750006 0.41391790625 0.4687585828125 0.38732403125000003 0.47078877812500003 0.38292580468750004 0.47125297499999996 0.3563319296875 0.47328316875 0.3519337046875 0.4737473671875 0.3253398265625 0.4757775609375 0.320941603125 0.47624175781250006 0.294347725 0.478271953125 0.28994949999999997 0.47858141718749997 0.27222025 0.4806116109375 0.2678220234375 0.4812305421875 0.23236352343750002 0.4832607359375 0.22796529843750002 0.4786494484375 0.2123669859375 0.4748211609375 0.2078665 0.46700985 0.20773015312499998 0.46513438906250004 0.20326375468750002 0.46318156093749996 0.20322966718750002 0.45802871093749997 0.21865754375000002 0.45740977968749996 0.2541160453125 0.45537958593749994 0.258514271875 0.4549927546875 0.280675834375 0.4529625609375 0.2850740609375 0.4524983625 0.3116679359375 0.45046816874999995 0.3160661609375 0.4500813375 0.338227725 0.44805114375 0.34262595 0.447741678125 0.3603552015625 0.445711484375 0.3647534265625 0.4452472875 0.3913473015625 0.44321709374999996 0.395745528125 0.4426755296875 0.42677171718749995 0.440645334375 0.4311699421875 0.44025850312500003 0.45333150624999996 0.438228309375 0.45772973125 0.43768674531249996 0.4887559203125 0.43565655156250005 0.4931541453125 0.43534708593750004 0.510883396875 0.4333168921875 0.515281621875 0.4329300609375 0.537443184375 0.4308998671875 0.5418414109375 0.4305904015625 0.5595706609375 0.4285602078125 0.5639688875 0.42825074374999994 0.5816981375 0.42622055000000003 0.5860963640625 0.42583371718749996 0.608257925 0.42380352343750005 0.612656153125 0.42333932656249995 0.639250028125 0.42130913281250004 0.6436482531250001 0.42092229999999997 0.6658098171875 0.41889210625000006 0.6702080421875001 0.41850527499999995 0.69236960625 0.41647508125000005 0.6967678312500001 0.416010884375 0.72336170625 0.413980690625 0.7277599328125001 0.41359385781249997 0.7499214953125 0.41156366406249995 0.754319721875 0.4112542 0.772048971875 0.40922400625 0.7764471984375 0.408914540625 0.7941764484375 0.40688434687499997 0.798574675 0.406497515625 0.8207362375 0.404467321875 0.8251344625 0.4040804890625 0.8472960265625 0.4020502953125 0.8516942515625001 0.4016634640625 0.873855815625 0.4026011953125 0.8760890140625 0.41041250468749996 0.8762253609374999 0.41228796562500003 0.8806917609375 0.42205210312499997 0.88086219375 0.42306720000000003 0.87866308125 0.42705022187499997 0.8742989421875 0.4272049546875 0.86543431875 0.4292351484375 0.861036090625 0.429699346875 0.834442215625 0.431729540625 0.8300439890625 0.432116371875 0.807882428125 0.434146565625 0.8034842015624999 0.4343786640625 0.7901872640625001
0 0.4860805765625 0.7378857671875 0.4881107703125 0.733487540625 0.48872970000000004 0.698029040625 0.49075989375000006 0.6936308140625 0.491456190625 0.6537400015625 0.493486384375 0.649341775 0.4940279484375 0.6183155874999999 0.4960581421875 0.6139173609374999 0.4966770734375 0.578458859375 0.49870726718749997 0.574060634375 0.4994809296875 0.5297375078125001 0.5015111234375 0.525339284375 0.49963566249999997 0.5208728828125 0.50166585625 0.5164746578125 0.5020526875 0.49431309375000004 0.50408288125 0.48991486875 0.5046244453125001 0.45888868125000004 0.5066546390625 0.45449045468750005 0.5073509359374999 0.414599640625 0.5093811296874999 0.410201415625 0.5100774265625 0.37031060312499997 0.5121076203125 0.365912375 0.51257181875 0.33931849999999997 0.5146020124999999 0.334920275 0.5128039171875 0.3260215609375 0.5148341109375 0.3216233375 0.515298309375 0.29502946093750004 0.517328503125 0.290631234375 0.5179474328125 0.255172734375 0.5151342421875 0.2484731359375 0.511305953125 0.2439726484375 0.4956833328125 0.2436999546875 0.49380787187499997 0.23923355625 0.4859965609375 0.23909720937499998 0.4828739046875 0.2501268609375 0.482719171875 0.2589914859375 0.480688978125 0.26338971093749997 0.47999268125 0.303280525 0.4779624875 0.3076787515625 0.47672462656250003 0.378595753125 0.47570952968749997 0.380794865625 0.47383406875 0.3763284671875 0.47281897187500005 0.3785275796875 0.4723547734375 0.40512145468750005 0.47423023437499995 0.40958785468750003 0.47212267499999994 0.41841839218750004 0.471426378125 0.45830920624999993 0.465335796875 0.47150388281250005 0.467056525 0.48483490781249994 0.46307350312500006 0.48919904687500004 0.4627640390625 0.5069282984375 0.46073384375000004 0.5113265234375 0.46034701250000004 0.5334880875 0.45831681875 0.5378863125 0.45785262187500003 0.5644801875 0.455822428125 0.5688784140625 0.455590328125 0.5821753515625 0.453560134375 0.586573578125 0.4529412046875 0.6220320781249999 0.4509110109375 0.626430303125 0.4506789109375 0.6397272421875 0.4525543734375 0.644193640625 0.45239964062500004 0.6530582671875 0.450369446875 0.6574564921875 0.44928631875 0.71950886875 0.44093344375 0.750398709375 0.4404692453125 0.7769925859375 0.4384390515625 0.7813908109375001 0.438206953125 0.79468775 0.436176759375 0.799085975 0.43594466093750006 0.8123829125 0.43391446718750004 0.8167811390624999 0.43329553593750003 0.8522396390625 0.43985965 0.8678720359375 0.44368793906250004 0.8723725234374999 0.44759359375 0.8724406968749999 0.44946905625 0.876907096875 0.4748558140625 0.8773502234375 0.4758709109375 0.8751511109375001 0.47790110468749997 0.8707528859375 0.4782879359375 0.848591321875 0.4803181296875 0.844193096875 0.48101442656250004 0.8043022828125 0.48304462031249995 0.79990405625 0.48374091718749995 0.76001324375 0.4857711109375 0.7556150171875 0.4860805765625 0.7378857671875
0 0.527458115625 0.605598125 0.529488309375 0.6011998968750001 0.5306488046875 0.5347152093750001 0.5326789984375 0.5303169828125001 0.5334526609375 0.4859938578125 0.5354828546875 0.4815956296875 0.53679808125 0.4062463171875 0.538828275 0.40184809218749995 0.539756671875 0.348660340625 0.541786865625 0.3442621140625 0.5427152609375 0.29107436249999996 0.5447454546875 0.28667613593749997 0.545364384375 0.2512176359375 0.5425511937499999 0.24451803593750002 0.5249757453125 0.24421125625 0.5219304546875 0.2508085953125 0.521775721875 0.2596732203125 0.519745528125 0.26407144531250004 0.518585034375 0.3305561359375 0.516554840625 0.3349543609375 0.5158585437500001 0.3748451734375 0.51382835 0.3792434015625 0.51320941875 0.41470190156250003 0.511179225 0.4191001265625 0.5102508296875 0.47228787812500006 0.5082206359375 0.47668610468750006 0.507446971875 0.5210092296875 0.5054167781250001 0.5254074578125 0.5041015515625 0.6007567703125 0.5020713578125 0.605154996875 0.5010655953125001 0.6627750609375 0.4990354015625 0.6671732859375 0.498029640625 0.72479335 0.49599944687499997 0.729191575 0.49507104999999996 0.7823793265625001 0.49304085625000005 0.7867775515625001 0.4921124609375 0.8399653046875001 0.4900049015625 0.8487958421874999 0.4918803625 0.8532622421875 0.49164826250000004 0.8665591796875001 0.4944614546875 0.8732587781250001 0.5042255921875001 0.8734292124999999 0.5061010546875 0.8778956109375 0.51102180625 0.875764671875 0.5170350203125 0.8670023078125 0.517808684375 0.8226791812500001 0.5198388781250001 0.81828095625 0.5210767390625 0.747363953125 0.5231069328125 0.742965728125 0.524422159375 0.6676164140624999 0.526452353125 0.6632181875 0.527458115625 0.605598125
0 0.5745020656250001 0.2605935625 0.5677058515625 0.2582581015625 0.565830390625 0.253791703125 0.5502077703125 0.253519009375 0.5471624796875 0.2601163484375 0.546853015625 0.2778455984375 0.5448228203125 0.2822438234375 0.5437396921875 0.3442962 0.5417094984374999 0.3486944265625 0.541554765625 0.3575590515625 0.543430228125 0.3620254515625 0.541400034375 0.3664236765625 0.5407811031249999 0.401882178125 0.538750909375 0.4062804046875 0.5381319796875 0.4417389046875 0.5361017859375 0.44613712968749997 0.5350960234375 0.50375719375 0.5330658296874999 0.5081554203125 0.5322148 0.5569108593750001 0.53018460625 0.561309084375 0.5281730828125 0.6765492125 0.5261428890625 0.6809474375 0.525369225 0.7252705640625 0.52333903125 0.7296687890625 0.5221785375 0.7961534796875 0.5201483437500001 0.8005517046874999 0.5192199468750001 0.8537394562499999 0.5230482359375 0.8582399421875 0.5228935031249999 0.8671045671875 0.5257066953125 0.8738041671874999 0.5354708328125 0.8739746 0.53734629375 0.8784409999999999 0.5529689140625 0.87871369375 0.5539840109374999 0.8765145796875 0.5579670328125 0.8721504421875 0.558895428125 0.818962690625 0.560925621875 0.8145644624999999 0.5656449671875 0.5441933953125 0.5676751609374999 0.53979516875 0.5698414171875 0.41569041562500003 0.5718716109375 0.41129219062500005 0.5745020656250001 0.2605935625
0 0.6049643078125 0.250041125 0.591294515625 0.24980251875 0.5874662265625 0.24530203125 0.5854360328125 0.2497002578125 0.581530378125 0.249632084375 0.57645489375 0.26062764843749997 0.5729734093750001 0.460081715625 0.5709432156250001 0.4644799421875 0.568776959375 0.5885846953125 0.566746765625 0.5929829203125 0.56287845 0.81459855 0.56084825625 0.8189967765624999 0.560538790625 0.8367260265625 0.5624142515624999 0.8411924265625 0.56225951875 0.8500570515625 0.560229325 0.8544552765625 0.56007459375 0.8633199015624999 0.56281041875 0.8744518140625 0.5999141421874999 0.8750994625 0.6009292390625001 0.8729003499999999 0.6047201875 0.6557170328125 0.60675038125 0.6513188046875 0.611701825 0.36765079843750004 0.61373201875 0.3632525734375 0.61551144375 0.2613093828125 0.6126982515625 0.25460978437500004 0.60683976875 0.254507525 0.6049643078125 0.250041125
0 0.67241288125 0.4706847640625 0.674888603125 0.32885075937499997 0.673013140625 0.32438436249999997 0.6748699328125001 0.21800885937499997 0.672056740625 0.21130926093750002 0.6349530171875 0.21066161249999998 0.6299549 0.2172248640625 0.6298775328125 0.2216571765625 0.6237869515625001 0.23485185468749997 0.621679390625 0.24368239374999998 0.621524659375 0.25254701874999996 0.619494465625 0.25694524375 0.6187208015625 0.3012683703125 0.6166906078125 0.305666596875 0.613673321875 0.47852678906249996 0.611643128125 0.4829250125 0.604912259375 0.8685362109374999 0.6077254515625 0.8752358093750001 0.6116311062500001 0.8753039828125001 0.61350656875 0.87977038125 0.62327070625 0.8799408156249999 0.6251461671875 0.8844072140625 0.6661555453125 0.8851230359375 0.6671706421875 0.8829239234375 0.6692008359375 0.8785256968749999 0.6712897265625 0.75885325625 0.6694142640625 0.7543868578125 0.669568996875 0.7455222328125 0.6716765578125 0.73669169375 0.669801096875 0.73222529375 0.6742883421875 0.4751511625 0.67241288125 0.4706847640625
0 0.7621255546875 0.7028011828125 0.7602500937500001 0.698334784375 0.76202951875 0.5963915937500001 0.76015405625 0.5919251953125 0.7607729875 0.5564666921875 0.76280318125 0.5520684671875 0.7637315765625 0.498880715625 0.761856115625 0.4944143171875 0.7637902734375001 0.383606503125 0.7619148124999999 0.3791401015625 0.7642358015624999 0.24617072499999998 0.762360340625 0.241704325 0.7628245375 0.21511045 0.7618868078125 0.21287725000000002 0.7169717734375001 0.2120932546875 0.7150963124999999 0.20762685625000002 0.693615209375 0.2072519015625 0.6816661453124999 0.2203443203125 0.6786208546875 0.2269416578125 0.678466121875 0.2358062828125 0.676435928125 0.24020450937499999 0.676049096875 0.262366071875 0.6779245578124999 0.2668324703125 0.67761509375 0.284561721875 0.6755848984374999 0.28895994687500004 0.6774603609375001 0.293426346875 0.674443075 0.4662865390625 0.6816354546875 0.5018813859375 0.6813259890625 0.5196106359375 0.68320145 0.5240770359375 0.6821956890624999 0.5816970984375 0.6840711500000001 0.5861635 0.6830653875 0.6437835640625 0.68103519375 0.6481817890625 0.6795652343749999 0.732395728125 0.6774576734375 0.7412262671875001 0.671444459375 0.74998863125 0.6709802609375 0.7765825078125 0.672855721875 0.78104890625 0.6712310296874999 0.8741274718750001 0.6778725109375 0.88532755625 0.6837309921875 0.8854298171874999 0.6856064546875 0.8898962156250001 0.7559082453125 0.8911233375000001 0.7569233421875 0.888924225 0.762859190625 0.8845941734375 0.7635554875 0.8447033609375 0.7616800265625 0.8402369593750001 0.7637875859375 0.8314064218749999 0.761912125 0.8269400234375001 0.7626857890625 0.782616896875 0.7608103265625 0.778150496875 0.7621255546875 0.7028011828125
0 0.8008352999999999 0.4995283640625 0.7989598390625 0.495061965625 0.8001977 0.42414496249999994 0.7983222375000001 0.41967856406250004 0.799637465625 0.34432925000000003 0.7977620046875 0.33986285 0.7989224984375001 0.2733781609375 0.7970470374999999 0.2689117609375 0.7991545984374999 0.2600812234375 0.7972791359375 0.255614825 0.7975112359375001 0.2423178859375 0.79469804375 0.2356182875 0.78493390625 0.235447853125 0.7830584453125 0.23098145468750003 0.775247134375 0.2308451078125 0.773216940625 0.2352433328125 0.7693112859375 0.235175159375 0.764158434375 0.2506030359375 0.7632300390625 0.3037907890625 0.7651055 0.30825718750000003 0.7633260749999999 0.410200378125 0.7652015359375001 0.41466677656249995 0.7634221109375 0.5166099671875 0.7652975734374999 0.521076365625 0.764523909375 0.5653994921875001 0.762493715625 0.5697977187500001 0.762106884375 0.5919592812500001 0.7639823453125001 0.5964256812500001 0.7615839906249999 0.7338273703125 0.7634594515625001 0.7382937703125 0.7626857890625 0.782616896875 0.7645612500000001 0.7870832953125 0.7636328546875 0.840271046875 0.765508315625 0.8447374468750001 0.764889384375 0.880195946875 0.7696554046874999 0.8869296328124999 0.7950421624999999 0.887372759375 0.796057259375 0.885173646875 0.8000402796875001 0.8808095078125 0.8019744375 0.7700016921875 0.8000989765625001 0.7655352953125 0.8014915703125001 0.6857536671875 0.7996161093749999 0.6812872671875 0.8012408015625001 0.5882087031250001 0.799365340625 0.583742303125 0.8008352999999999 0.4995283640625
0 0.8369145906250001 0.44695417343750005 0.8350391296874999 0.442487775 0.8369732875 0.331679959375 0.8350978265625001 0.3272135609375 0.8365677859374999 0.2429996203125 0.8338319609375 0.23186770937499998 0.8221149953125 0.2316631890625 0.820239534375 0.22719678906250002 0.8124282234375 0.2270604421875 0.8103980296875 0.23145866874999999 0.804539546875 0.23135640937500002 0.8005565265625 0.2357205484375 0.79743386875 0.2467502 0.7992319640625001 0.25564891093750003 0.79807146875 0.3221336 0.7999469312499999 0.3266 0.79894116875 0.38422006406250003 0.8008166296875 0.3886864625 0.799269303125 0.4773327140625 0.801144765625 0.4817991140625 0.7998295375 0.557148428125 0.8017049984375 0.561614828125 0.8001576734375 0.6502610796875 0.802033134375 0.654727478125 0.8000989765625001 0.7655352953125 0.8019744375 0.7700016921875 0.8005044781249999 0.8542156328124999 0.8023799390624999 0.8586820312500001 0.8022252062499999 0.86754665625 0.8040233015625 0.8764453703124999 0.8106647828125 0.8876454546874999 0.8301930578125001 0.8879863218749999 0.8312081546875 0.8857872078125 0.8351911765625 0.8814230703125 0.836893234375 0.7839121921875 0.8350177734375 0.7794457921875 0.8367198312499999 0.6819349156250001 0.8348443703124999 0.677468515625 0.8369332609375 0.557796075 0.8350578000000001 0.5533296765625 0.8369145906250001 0.44695417343750005
0 0.886855746875 0.60743776875 0.8849802859375 0.6029713703125 0.8863728796875 0.5231897437499999 0.88449741875 0.51872334375 0.8850389828124999 0.48769715468749997 0.883163521875 0.48323075781249997 0.88527108125 0.4744002171875 0.8854258140625 0.46553559375000003 0.883550353125 0.46106919375000005 0.8844013828125 0.41231375468750003 0.8825259203125 0.40784735625 0.8832222171874999 0.3679565421875 0.8813467562499999 0.36349014375 0.8825072515624999 0.29700545312500004 0.8806317890625 0.2925390546875 0.881405453125 0.2482159296875 0.8786696265625 0.2370840171875 0.8415659046874999 0.23643636875000001 0.8364904203125001 0.247431934375 0.8361035875 0.269593496875 0.8379790500000001 0.2740598953125 0.835967525 0.38930002343750003 0.8378429859375001 0.3937664234375 0.8358127921875 0.3981646484375 0.8376882546875001 0.402631046875 0.835521996875 0.5267358 0.8373974593750001 0.5312022015625 0.8352125328125 0.5444650515625 0.83708799375 0.54893145 0.83631433125 0.5932545765625 0.8381897921875 0.5977209765625 0.83608223125 0.6065515140625 0.8379576921874999 0.6110179140625001 0.836642465625 0.6863672281250001 0.8385179265625 0.690833628125 0.8364877328125001 0.695231853125 0.8361009015624999 0.7173934171874999 0.8379763625000001 0.721859815625 0.835732740625 0.85039688125 0.8376082015625 0.8548632812499999 0.8372213703125 0.8770248437499999 0.8440175828125 0.8793603031250001 0.84589304375 0.883826703125 0.85565718125 0.8839971359375 0.857687375 0.8795989109375 0.8615156640625001 0.884099396875 0.8712798015625 0.8842698296875 0.8733099953125001 0.8798716046875 0.8771382843750001 0.8843720906250001 0.8820590359375 0.8822411515624999 0.8880722515624999 0.8734787859375001 0.8885364499999999 0.8468849109375001 0.8866609890625 0.8424185109375 0.8875893843749999 0.789230759375 0.8857139234375 0.7847643609375 0.8878028125 0.6650919187500001 0.8859273515625 0.660625521875 0.886855746875 0.60743776875
0 0.9403744234375001 0.6748768875 0.9384989625 0.6704104890625 0.9394273578125001 0.6172227359375 0.9375518968750001 0.6127563375 0.938635025 0.5507039609375 0.9367595640624999 0.5462375609375 0.9377653265625 0.488617496875 0.9358898640625 0.4841510984375 0.9368182609375 0.43096334687500004 0.9349427984375 0.42649694687500006 0.9360259265625 0.364444571875 0.934150465625 0.35997817187500003 0.9351562281250001 0.3023581078125 0.9332807671875001 0.29789170781249996 0.9342091625 0.2447039578125 0.9323337015625001 0.2402375578125 0.932488434375 0.2313729328125 0.9296752421875001 0.22467333437499998 0.9179582765625 0.22446881406250002 0.916082815625 0.2200024140625 0.8946017124999999 0.219627459375 0.89257151875 0.22402568750000001 0.8827300156250001 0.2282875640625 0.8796847250000001 0.23488490468749998 0.8796073578125 0.2393172171875 0.88148281875 0.243783615625 0.8807865218750001 0.2836744296875 0.8826619843750001 0.288140828125 0.881656221875 0.3457608921875 0.8835316828125 0.350227290625 0.8827580203125001 0.3945504171875 0.8846334812500001 0.39901681718750004 0.8840145500000001 0.43447531875 0.8858900125 0.4389417171875 0.8841105875 0.5408849078125 0.8859860484375 0.54535130625 0.8850576531250001 0.5985390578125 0.8869331140625001 0.60300545625 0.8859273515625 0.660625521875 0.8878028125 0.6650919187500001 0.8865649515625 0.736008921875 0.8884404140625 0.7404753203125 0.8875893843749999 0.789230759375 0.8894648453125 0.7936971578125 0.8886138156250001 0.8424525968750001 0.8904892765625 0.8469189984375 0.8900250796875 0.8735128734375 0.8947910984374999 0.880246559375 0.9377533046875 0.8809964671875001 0.9387684015625 0.8787973546875 0.9427514218749999 0.874433215625 0.9436024515625 0.8256777765625 0.9417269906250001 0.8212113750000001 0.9425780203125 0.7724559375 0.9407025593749999 0.7679895390625 0.9414762218750001 0.7236664125 0.9396007609374999 0.7192000140625 0.9403744234375001 0.6748768875
0 0.9690292359375 0.6000047875 0.9671537750000001 0.5955383875 0.9683916359375001 0.5246213859375 0.966516175 0.5201549875 0.96767666875 0.45367029687500005 0.9658012078124999 0.4492038984375 0.9668069703125 0.391583834375 0.9649315093749999 0.3871174359375 0.96640146875 0.3029034953125 0.9597599875 0.29170341093749996 0.938278884375 0.29132845625 0.9352335937499999 0.29792579531249996 0.9345372968750001 0.337816609375 0.936412759375 0.3422830078125 0.9356390953125 0.386606134375 0.93751455625 0.391072534375 0.93674089375 0.43539566093750004 0.9386163546875 0.43986205937499995 0.9376879593749999 0.4930498109375 0.9395634203125001 0.49751620937499996 0.938557659375 0.5551362734375 0.9404331203125 0.559602671875 0.9393499921874999 0.62165505 0.941225453125 0.6261214484375001 0.940219690625 0.6837415124999999 0.9420951515624999 0.6882079109375 0.941089390625 0.7458279765625 0.9429648515625001 0.750294375 0.9424232874999999 0.7813205625 0.9442987484375 0.7857869625 0.9434477187500001 0.8345424015624999 0.94532318125 0.8390088 0.9449363484375001 0.8611703640625 0.9476721749999999 0.8723022765625 0.96720045 0.8726431437500001 0.968215546875 0.8704440281249999 0.970245740625 0.866045803125 0.9716383343749999 0.7862641765625 0.9697628734375 0.781797778125 0.9706139015625 0.7330423390624999 0.968738440625 0.7285759390625001 0.9702084 0.644362 0.9683329390625 0.6398956015625 0.9690292359375 0.6000047875
0 1 0.239318590625 0.999744934375 0.23919739375 0.9978694734375001 0.2347309953125 0.978341196875 0.23439012812499999 0.976311003125 0.238788353125 0.9625638453124999 0.242982059375 0.9565506296875 0.25174442343750003 0.950692146875 0.2516421625 0.94467893125 0.2604045296875 0.9407732765624999 0.26033635624999996 0.9367902546875 0.26470049375000004 0.9357751578125001 0.2668996078125 0.9353883265625 0.2890611703125 0.9363260578125001 0.2912943703125 0.9597599875 0.29170341093749996 0.9635882765625 0.296203896875 0.9663241015624999 0.307335809375 0.96539570625 0.36052356093750004 0.9672711671875 0.364989959375 0.9663427718750001 0.4181777109375 0.9682182328125 0.422644109375 0.966980371875 0.49356111093750005 0.968855834375 0.49802751093750003 0.9676953390625 0.5645122 0.9695708 0.5689786 0.9685650390625 0.6265986625 0.9704404999999999 0.6310650625 0.9692026390624999 0.7019820640625001 0.9710781 0.7064484625 0.9701497046875 0.7596362140624999 0.972025165625 0.7641026125 0.9707099390625 0.839451928125 0.9725854 0.8439183265624999 0.97219856875 0.8660798906249999 0.975011759375 0.872779490625 0.9925872078125 0.8730862703125 0.9936023046875 0.87088715625 1 0.5043634515625001 1 0.239318590625