0 0.785458965625 0 0.7728178640625 0.0006624921875 0.7692958171875001 0.0028028796875 0.7619450718749999 0.0012323109375 0.7474480125 0.00199206875 0.7439259671875 0.0041324578124999995 0.6859377375 0.0071714906250000005 0.682415690625 0.0093118796875 0.6713384609374999 0.005980801562500001 0.6350958171875 0.0078801984375 0.6315737718750001 0.0100205859375 0.519221575 0.015908715625 0.5156995281250001 0.018049103125 0.5083487796874999 0.016478534375 0.5048267359375 0.018618921875 0.37435321718750003 0.02545675 0.37083117187500003 0.0275971375 0.36348042343750003 0.02602656875 0.35995837656249996 0.028166956250000003 0.24035765156250002 0.034434965625 0.23683560625000002 0.036575353125 0.1679745828125 0.04018420625 0.1644525359375 0.04232459375 0.1173370984375 0.044793809375 0.1138150546875 0.046934196875 0.030456971875 0.051302809375 0.0269349265625 0.053443196875 0.0196863984375 0.0538230765625 0.014403328125 0.057033659375000004 0.015425515625 0.0765381421875 0.017288756250000002 0.07741839687499999 0.0193564359375 0.082199546875 0.02308291875 0.08396005625 0.02328735625 0.0878609515625 0.0326035640625 0.0922622234375 0.047100621875 0.091502465625 0.050622667187500005 0.089362078125 0.28619985312499996 0.077016 0.28972190000000003 0.0748756125 0.41657115312500004 0.06822772499999999 0.4200932 0.0660873359375 0.5650637749999999 0.05848974999999999 0.568585821875 0.0563493625 0.6845622828125 0.05027129375 0.6880843296875 0.04813090625 0.69709388125 0.0466808328125 0.696787225 0.0408294875 0.693060740625 0.0390689796875 0.692549646875 0.029316737500000002 0.6979349359375 0.028056603125000003 0.6997981765625 0.0289368578125 0.7006159265624999 0.044540445312499996 0.7097276953125 0.0450408203125 0.7134541796875 0.046801328125 0.7968122609375 0.0424327171875 0.8003343078125 0.040292328125 0.876443859375 0.0363035953125 0.8799659046875 0.0341632078125 0.8944629640624999 0.03340345 0.89974603125 0.0301928671875 0.8995415937500001 0.026291970312500003 0.9030636390625 0.0241515828125 0.9017979078125 0 0.785458965625 0
0 0.5462825312499999 0.1161923890625 0.549804578125 0.11405200156249999 0.7600119125 0.1030355015625 0.7635339578125 0.1008951140625 0.8795104203124999 0.0948170453125 0.8919397984374999 0.0892761359375 0.8910198296875 0.0717221015625 0.894541875 0.0695817125 0.8929063765624999 0.038374540624999995 0.8910431359375 0.037494285937499996 0.76419388125 0.0441421734375 0.7606718359375 0.0462825609375 0.756945353125 0.044522053125 0.75342330625 0.046662440625 0.6374468453125 0.052740509375 0.6339248000000001 0.054880896874999995 0.485329959375 0.0626684234375 0.48180791406249995 0.0648088109375 0.3622071875 0.07107681875 0.35868514218750003 0.07321720781249999 0.21733882968749998 0.08062485312499999 0.21381678437499999 0.0827652421875 0.20646603749999998 0.081194671875 0.20294399218749998 0.08333506093750001 0.061597678125 0.09074270625 0.058075634375 0.0928830953125 0.02908151875 0.09440261250000001 0.027320496875 0.09547280625 0.02390066875 0.0995636421875 0.0247184171875 0.11516722812499999 0.026581659375 0.11604748281249999 0.028444901562500003 0.1169277375 0.029160432812499998 0.13058087499999999 0.0328869140625 0.132341384375 0.0331935703125 0.13819272968750002 0.042611996875 0.1445444484375 0.32530462031249996 0.12972915625 0.32882666718750003 0.12758876875 0.5462825312499999 0.1161923890625
0 0.8585359718750001 0.1800159 0.8620580171875 0.1778755125 0.8874278671875 0.176545934375 0.8961307640625 0.169244515625 0.894086390625 0.13023555 0.8976084343749999 0.1280951625 0.8961773734375 0.10078888593749999 0.886861165625 0.0963876140625 0.7636361765624999 0.10284556250000002 0.76011413125 0.10498595 0.5571553234375 0.1156225703125 0.553633278125 0.11776295781249999 0.29268624062500004 0.1314386125 0.28916419531250004 0.1335790015625 0.0644598015625 0.145355259375 0.060937756249999996 0.147495646875 0.0391921703125 0.1486352859375 0.034011320312499996 0.153796315625 0.035953475 0.19085483281249999 0.037816715625000004 0.19173508749999998 0.044326409375 0.2119298859375 0.048155109375 0.21564084218750001 0.06109558281250001 0.21985217499999998 0.231436009375 0.2109250109375 0.23516249375 0.2126855203125 0.2386845390625 0.21054513125000002 0.8511852234375 0.17844533125 0.8585359718750001 0.1800159
0 0.153644346875 0.2521622015625 0.17176566875 0.251212503125 0.1754921515625 0.2529730109375 0.1826384625 0.250642684375 0.1863649453125 0.25240319218749996 0.8785994484374999 0.2161247203125 0.883882515625 0.21291413750000002 0.883166984375 0.199261 0.8866890312500001 0.1971206109375 0.8858712828125 0.181517025 0.8802815578125 0.1788762625 0.057573535937499996 0.22199256250000002 0.0523926875 0.2271535921875 0.0533126546875 0.24470762812500002 0.055175896875 0.24558788125 0.0574480125 0.2542699296875 0.0630377375 0.2569106921875 0.09928038125000001 0.2550112953125 0.1030068640625 0.2567718046875 0.13562524375 0.2550623484375 0.1391472890625 0.252921959375 0.14649803749999998 0.254492528125 0.153644346875 0.2521622015625
0 0.8749751828125 0.216314659375 0.14649803749999998 0.254492528125 0.14297599218749998 0.25663291718750003 0.13562524375 0.2550623484375 0.1284789328125 0.257392675 0.12112818593750001 0.25582210625 0.11398187500000001 0.258152434375 0.0741149671875 0.2602417703125 0.070388484375 0.2584812609375 0.0614811515625 0.2618817828125 0.06301443125 0.2911385078125 0.0648776734375 0.29201876250000003 0.0669453515625 0.2967999125 0.0725350765625 0.2994406765625 0.877121775 0.2572740734375 0.8824048437500001 0.2540634921875 0.8814848765625 0.2365094578125 0.8850069203125001 0.23436906875000002 0.8842913906250001 0.22071593125 0.8749751828125 0.216314659375
0 0.8634191609374999 0.307865234375 0.8619880999999999 0.2805589578125 0.8655101453125 0.2784185703125 0.864692396875 0.26281498281250004 0.8591026718749999 0.26017422031250004 0.0798858234375 0.3010112453125 0.07460275625 0.30422182656249996 0.0759315984375 0.3295776546875 0.0777948390625 0.330457909375 0.07965808125 0.3313381640625 0.0804758296875 0.34694175 0.0897920375 0.351343021875 0.8400147703125 0.3120255140625 0.843536815625 0.3098851265625 0.8507853453124999 0.30950524687500003 0.8545118281249999 0.31126575624999997 0.8634191609374999 0.307865234375
0 0.849307671875 0.3506546015625 0.8819260515625 0.34894514375 0.8836870765624999 0.34787495 0.8833804203125 0.3420236046875 0.886902465625 0.33988321718750003 0.8854714046875 0.31257694062499997 0.8691111046875 0.3124564453125 0.8653846218749999 0.3106959375 0.8291419765624999 0.3125953328125 0.82561993125 0.314735721875 0.39795673125 0.3371486 0.3944346859375 0.33928898749999997 0.180603084375 0.3504954265625 0.1770810390625 0.352635815625 0.10822001562500001 0.35624466875 0.0957906375 0.361785578125 0.09691504375 0.383240509375 0.098778284375 0.3841207640625 0.1008459625 0.38890191406249996 0.1101621703125 0.3933031859375 0.563195221875 0.3695607296875 0.5667172671875 0.3674203421875 0.574068015625 0.36899091093749997 0.5775900609375 0.3668505234375 0.8457856265625001 0.3527949890625 0.849307671875 0.3506546015625
0 0.699132940625 0.3976410328125 0.7026549859375 0.3955006453125 0.7207763093749999 0.39455094687500003 0.7245027921875 0.3963114546875 0.7280248375 0.3941710671875 0.8693711499999999 0.3867634203125 0.8746542171874999 0.3835528390625 0.87404090625 0.37185014843749997 0.8775629531250001 0.3697097609375 0.877358515625 0.3658088640625 0.87363203125 0.36404835625 0.8732231562500001 0.35624656250000003 0.876745203125 0.35410617499999997 0.8711554781249999 0.3514654109375 0.740681959375 0.3583032390625 0.7371599140625 0.3604436265625 0.4182246453125 0.377158315625 0.4147025984375 0.3792987046875 0.396479059375 0.3782979546875 0.3929570140625 0.3804383421875 0.12113718124999999 0.394683815625 0.1139908734375 0.39701414375 0.108810021875 0.4021751734375 0.109423334375 0.41387786406249993 0.11128657500000001 0.4147581171875 0.11314981718749999 0.41563837187499997 0.1136609109375 0.4253906140625 0.1192506359375 0.4280313765625 0.1591175453125 0.425942040625 0.1626395890625 0.42380165312500007 0.177136646875 0.42304189374999995 0.1808631296875 0.424802403125 0.699132940625 0.3976410328125
0 0.788159659375 0.432091446875 0.835275096875 0.42962223125000004 0.8426258437499999 0.4311928015625 0.8461478890624999 0.42905241250000004 0.8751420062499999 0.42753289531250005 0.876903028125 0.4264627015625 0.88032285625 0.422371865625 0.8798117624999999 0.41261962343749997 0.8833338078124999 0.41047923593749996 0.8825160593750001 0.39487565 0.8786873578125001 0.3911646921875 0.8657468843749999 0.3869533609375 0.8622248390625 0.3890937484375 0.4816770765625 0.4090374109375 0.47815503125000003 0.41117780000000004 0.46365797343750004 0.4119375578125 0.45993148906250003 0.41017705 0.3584520875 0.41549535937500004 0.354930040625 0.4176357484375 0.3475792921875 0.41606517812500005 0.3404329828125 0.41839550625 0.26432343125 0.4223842390625 0.260596946875 0.4206237296875 0.18448739375 0.4246124625 0.1809653484375 0.4267528515625 0.115728590625 0.4301717640625 0.10702569375 0.4374731828125 0.1080478796875 0.45697766562500003 0.109911121875 0.4578579203125 0.11218323906250001 0.4665399671875 0.125123709375 0.4707513 0.1396207671875 0.469991540625 0.1431428140625 0.467851153125 0.77014055625 0.43499159374999996 0.7736626015625 0.43285120624999995 0.78101335 0.434421775 0.788159659375 0.432091446875
0 0.85367976875 0.46875169375 0.8518398328125001 0.43364362500000003 0.8499765921875 0.43276337031249995 0.1359965046875 0.47018148125000003 0.1324744578125 0.47232186875000004 0.128747975 0.470561359375 0.1178751828125 0.4711311796875 0.11259211250000001 0.4743417609375 0.11371651875 0.4957966921875 0.11557975937500001 0.49667694687499997 0.11744300156250001 0.49755720156249994 0.11795409375000002 0.5073094421875 0.12354381875 0.50995020625 0.1670349921875 0.5076709296875 0.1705570375 0.5055305421875 0.17790778437500002 0.5071011109375 0.8483967 0.4719622765625 0.85367976875 0.46875169375
0 0.6613660140625 0.5091454140625 0.6650924953125 0.510905921875 0.82818439375 0.5023586390625 0.8368872906249999 0.4950572203125 0.835865103125 0.4755527375 0.8340018625000001 0.4746724828125 0.58755188125 0.487588378125 0.5838253984375 0.4858278703125 0.12354381875 0.50995020625 0.11836296875 0.5151112359375001 0.1205328671875 0.521842834375 0.1248726625 0.535306034375 0.2299763296875 0.529797784375 0.23370281406250001 0.5315582921875001 0.24095134062499998 0.5311784125 0.24447338749999997 0.529038025 0.30246161875 0.525998990625 0.3061881015625 0.5277594999999999 0.6613660140625 0.5091454140625
0 0.7210919609374999 0.539264 0.7392132828125 0.5383143031250001 0.742735328125 0.5361739140624999 0.7499838578125 0.5357940359375 0.753710340625 0.53755454375 0.7718316625 0.5366048453125 0.775353709375 0.5344644578125 0.779080190625 0.536224965625 0.7972015125 0.53527526875 0.800723559375 0.5331348796875 0.8514632593749999 0.530475725 0.8566441109375 0.5253146953125001 0.8558263609375001 0.5097111078125 0.852099878125 0.5079506 0.8518954421875 0.504049703125 0.846305715625 0.501408940625 0.8173116015625 0.5029284578125 0.81378955625 0.5050688453125 0.7956682328125 0.50601854375 0.79194175 0.504258034375 0.78841970625 0.5063984234375 0.7775469109375 0.5069682421875 0.773820428125 0.5052077328125 0.44763663124999997 0.5223023015625 0.4439101484375 0.5205417921875 0.4366616203125 0.5209216718749999 0.429515309375 0.523252 0.42578882656249994 0.521491490625 0.132223409375 0.536876603125 0.1235205140625 0.5441780203125 0.1244404828125 0.56173205625 0.12630372343750002 0.5626123093750001 0.137380953125 0.5659433875000001 0.26060594375 0.5594854390624999 0.2643324265625 0.5612459484375 0.634007396875 0.5418721046874999 0.6377338796875 0.5436326125 0.7138434328125001 0.5396438796874999 0.717365478125 0.5375034921874999 0.7210919609374999 0.539264
0 0.4698467 0.5993705359375 0.7344180031249999 0.585504940625 0.738144484375 0.5872654500000001 0.8649937390625 0.5806175625 0.8702768078125 0.5774069796875 0.868130215625 0.536447565625 0.8589162265624999 0.5339967421875 0.53635669375 0.550901371875 0.5326302125 0.5491408625 0.1339611265625 0.5700342234375 0.13220010468750001 0.5711044171874999 0.1328134171875 0.5828071078125 0.1346766578125 0.5836873625 0.1365398984375 0.5845676171874999 0.1379709609375 0.6118738921875 0.1435606859375 0.61451465625 0.4479988953125 0.598559725 0.451725378125 0.600320234375 0.45897390624999995 0.5999403546875001 0.46612021718749996 0.5976100265625 0.4698467 0.5993705359375
0 0.5198242609375 0.6515138734375 0.52334630625 0.6493734843750001 0.530697053125 0.6509440546875 0.5378433640625 0.6486137265624999 0.541569846875 0.650374234375 0.6321764578125 0.6456257437499999 0.6359029390625001 0.647386253125 0.6394249859375 0.6452458640625001 0.6575463078125 0.6442961656249999 0.661272790625 0.646056675 0.6684191015625001 0.6437263468750001 0.6721455828125 0.64548685625 0.6938911703125 0.64434721875 0.70103748125 0.642016890625 0.7047639640625001 0.6437773984375 0.8026191015625 0.638649028125 0.8063455859375 0.6404095375 0.813491896875 0.6380792093750001 0.82084264375 0.639649778125 0.8316132187499999 0.6371295109374999 0.8353397015624999 0.6388900203125 0.8607095515625 0.6375604421875 0.8659926203125 0.6343498609375 0.865481528125 0.62459761875 0.8690035734375 0.6224572312500001 0.8671636375 0.5873491609375 0.8614716937500001 0.58275795 0.756368025 0.5882662 0.7526415421875 0.586505690625 0.5424342078125 0.597522190625 0.5387077234375 0.5957616828125001 0.2016511328125 0.6134260703125001 0.1979246515625 0.6116655609375 0.14718494843750002 0.614324715625 0.138379834375 0.6196756859375 0.1400153328125 0.650882859375 0.141878575 0.6517631140625 0.147877175 0.66220566875 0.1570911640625 0.6646564921875 0.2513220390625 0.6597180625 0.2550485203125 0.6614785703125 0.396394834375 0.654070925 0.40012131562500003 0.6558314328125 0.5160977765625 0.6497533640625 0.5198242609375 0.6515138734375
0 0.21595274999999997 0.7476271234375 0.21967923437499998 0.7493876328125 0.292164521875 0.7455888390625 0.29589100468749996 0.7473493484375 0.4009946734375 0.7418410984375 0.40472115625000005 0.74360160625 0.5025762953124999 0.7384732359374999 0.506302778125 0.7402337453125 0.6005336515625 0.7352953140625 0.6042601359375 0.7370558234375 0.7057395390625001 0.7317375125 0.709466021875 0.733498021875 0.7129880671875 0.7313576328125 0.720236596875 0.7309777546875 0.7239630796875 0.7327382625000001 0.8181939546875 0.72779983125 0.8233748046875 0.7226388015625 0.8197971515625 0.6543731109375 0.823216978125 0.650282275 0.8194904953125001 0.648521765625 0.8191838390624999 0.6426704203125 0.8099698500000001 0.640219596875 0.8028235390624999 0.642549925 0.781077953125 0.6436895625 0.7773514703125 0.6419290546875 0.6323808953125 0.649526640625 0.6286544109375 0.64776613125 0.57066618125 0.650805165625 0.566939696875 0.6490446578125 0.5597933875 0.6513749843750001 0.5560669046875 0.6496144765625 0.447338971875 0.655312665625 0.4436124890625 0.6535521578125 0.33488455625 0.6592503468750001 0.33115807343750003 0.6574898375 0.1825632328125 0.6652773640625 0.1788367484375 0.6635168546875 0.1570911640625 0.6646564921875 0.14828604843749998 0.6700074625 0.1448662234375 0.6740982984375 0.145172878125 0.67994964375 0.1416508328125 0.68209003125 0.1425708 0.6996440671874999 0.144434040625 0.7005243203125 0.146297284375 0.701404575 0.1477283453125 0.7287108515625 0.151454828125 0.7304713609375 0.1521703578125 0.7441244984375001 0.161486565625 0.7485257703125 0.172359359375 0.7479559515624999 0.1760858421875 0.749716459375 0.21595274999999997 0.7476271234375
0 0.4334642234375 0.8066368234375 0.4371907046875 0.8083973328124999 0.5024274656250001 0.80497841875 0.5061539484375001 0.8067389265625 0.6003848234375 0.8018004968750001 0.6041113046875 0.8035610046875 0.6874693875 0.7991923937500001 0.6911958703125001 0.8009529015625001 0.7926752734375 0.7956345921875 0.7964017578125 0.7973950999999999 0.8543899875 0.7943560656249999 0.8596730562499999 0.791145484375 0.8568109328125001 0.73653293125 0.8473925078125 0.7301812109375 0.7096704593750001 0.7373989187500001 0.7059439765625 0.735638409375 0.6987976671875 0.7379687374999999 0.69144691875 0.7363981671875 0.5464763421875001 0.743995753125 0.542749859375 0.7422352453125 0.448518984375 0.7471736765625 0.44479250156249994 0.7454131671875001 0.314318984375 0.7522509953125 0.3105925 0.7504904859375 0.23085868281250002 0.7546691578125 0.2271322015625 0.75290865 0.1582711765625 0.756517503125 0.1494660625 0.7618684734375 0.1426264078125 0.7700501453124999 0.1435463765625 0.7876041796875 0.1454096171875 0.788484434375 0.147272859375 0.7893646890625 0.1483972640625 0.8108196203125001 0.157815690625 0.817171340625 0.23030097968750002 0.813372546875 0.2340274625 0.81513305625 0.324634071875 0.8103845640625 0.32836055468750003 0.8121450734375 0.4334642234375 0.8066368234375
0 0.4323488140625 0.9240436015625001 0.5410767453124999 0.9183454125000001 0.5445987921875 0.9162050234375 0.649702459375 0.9106967750000001 0.6532245062500001 0.9085563859375 0.7329583234375 0.9043777140625 0.7364803671875 0.9022373265624999 0.8234627140624999 0.8976787749999999 0.8269847609375001 0.8955383859375001 0.8414818171875 0.894778628125 0.8467648859375 0.8915680453125001 0.845333825 0.8642617703125 0.8416073421875 0.8625012609375 0.84078959375 0.8468976749999999 0.837063109375 0.845137165625 0.836449796875 0.8334344765624999 0.8327233140624999 0.8316739671875 0.832212221875 0.8219217249999999 0.8284857375 0.8201612171875 0.827872425 0.8084585265625 0.8241459421874999 0.80669801875 0.8238392875 0.8008466734375 0.8108988140625 0.7966353421875 0.767407640625 0.7989146171875 0.7586025265624999 0.8042655875 0.7588069640625 0.8081664843749999 0.7518650921875001 0.8143977078125 0.7526828421875 0.8300012953125 0.743979946875 0.8373027125 0.7113615656250001 0.8390121703125001 0.7076350828125 0.8372516609374999 0.6351497953125 0.8410504546875 0.6314233109375 0.8392899453125 0.533568171875 0.844418315625 0.5298416890625 0.8426578078125001 0.44648360781249996 0.84702641875 0.442757125 0.8452659109375 0.3956416875 0.8477351265624999 0.39191520468749996 0.8459746171875 0.3085571234375 0.8503432296875 0.304830640625 0.8485827203125 0.2359696171875 0.8521915734375 0.23068654687499998 0.8554021562499999 0.22394911093749997 0.8655342765625 0.216905021875 0.8698150531250001 0.2135874125 0.8758563374999999 0.2065433203125 0.8801371124999999 0.20674775781250002 0.884038009375 0.20322571250000002 0.8861783984375 0.20353236875 0.8920297421875001 0.1964882765625 0.89631051875 0.1966927140625 0.9002114156250001 0.1931706671875 0.902351803125 0.1938861984375 0.9160049406249999 0.195749440625 0.9168851953124999 0.1976126828125 0.9177654499999999 0.1983282125 0.9314185875 0.20205469531250003 0.9331790968749999 0.20422459218750003 0.9399106968750001 0.312952525 0.93421250625 0.316474571875 0.9320721187500001 0.42882676875000003 0.9261839890625 0.4323488140625 0.9240436015625001
0 0.4666026921875 0.9535413171875 0.47012473750000006 0.9514009296875001 0.5607313484375 0.9466524390625001 0.5642533937499999 0.9445120499999999 0.6077445671875 0.9422327749999999 0.6112666109375 0.9400923875 0.6366364625 0.9387628093749999 0.640158509375 0.936622421875 0.6438849921875 0.9383829296874999 0.7054974859375001 0.93515395625 0.7090195328125 0.9330135671875001 0.7633834984375001 0.9301644734375 0.7669055453125 0.9280240859375001 0.770632028125 0.92978459375 0.796001878125 0.9284550156250001 0.7995239234375 0.926314628125 0.8212695109375 0.925174990625 0.830074625 0.9198240203125 0.8296657515625 0.9120222265625 0.82593926875 0.91026171875 0.82553039375 0.9024599249999999 0.81983845 0.8978687140625 0.7473531625 0.9016675078124999 0.743831115625 0.9038078953124999 0.6785943578125 0.9072268093750001 0.6750723109375001 0.909367196875 0.5663443796875 0.9150653859375 0.5628223328125 0.9172057734375001 0.47221572343749996 0.921954265625 0.4686936765625 0.9240946531249999 0.3418444234375 0.930742540625 0.33832237656249997 0.9328829296875 0.26946135312499997 0.9364917828125 0.26593930781249997 0.9386321703125 0.2550665140625 0.9392019890625001 0.25134003125 0.9374414812499999 0.24046723750000001 0.9380113 0.23694519218750001 0.9401516875 0.2259701796875 0.9387710578125 0.21882386875 0.9411013859375 0.21509738750000001 0.9393408765625001 0.206394490625 0.9466422953125001 0.20741667812500003 0.9661467781249999 0.20927991875 0.9670270328124999 0.21683510468749997 0.9724984984375 0.26032627656249996 0.970219221875 0.26384832187499996 0.9680788343750001 0.3363336109375 0.9642800421875 0.33985565625 0.9621396531249999 0.3978438875 0.95910061875 0.4013659328125 0.9569602312500001 0.4666026921875 0.9535413171875
0 0.4681269765625 0.8439363328124999 0.471853459375 0.8456968421875001 0.5370902171874999 0.8422779281249999 0.5408167015625 0.8440384359375 0.62417478125 0.839669825 0.627901265625 0.8414303328124999 0.7112593484375 0.837061721875 0.7149858296875 0.8388222296875 0.743979946875 0.8373027125 0.7492630140625 0.83409213125 0.747934171875 0.808736303125 0.7460709296875 0.8078560484375 0.7388224015625 0.808235928125 0.73530035625 0.810376315625 0.7244275609375 0.8109461343750001 0.7207010796875 0.8091856265624999 0.6445915265625 0.813174359375 0.6408650437500001 0.8114138499999999 0.575628284375 0.8148327640625 0.5719018015625 0.8130722546875001 0.492167984375 0.8172509281250001 0.4884415 0.81549041875 0.4159562125 0.8192892125 0.41222973124999995 0.817528703125 0.3252473828125 0.8220872546875 0.3215209015625 0.8203267453124999 0.2490356140625 0.8241255390625 0.2453091296875 0.8223650296875 0.2054422203125 0.8244543671875 0.19663710625 0.8298053359375 0.1975570734375 0.8473593718749999 0.199420315625 0.848239625 0.20324901718750002 0.8519505828125 0.2213703390625 0.8510008843750001 0.2250968234375 0.8527613921875 0.31932769843750003 0.8478229625000001 0.32305418124999996 0.8495834703125 0.40641226250000007 0.845214859375 0.41013874531249994 0.8469753671875001 0.4681269765625 0.8439363328124999
0 0.46307165 0.8168199968750001 0.466798134375 0.8185805046875 0.53565915625 0.8149716515625001 0.539385640625 0.8167321609375 0.611870928125 0.8129333671874999 0.6155974109375 0.8146938765625 0.7098282859375 0.8097554453125 0.71355476875 0.811515953125 0.7534216781249999 0.8094266171875001 0.7587047453125 0.8062160359374999 0.7583980890625 0.8003646906249999 0.752808365625 0.797723928125 0.6766988125 0.8017126609374999 0.67297233125 0.7999521515625 0.58236571875 0.8047006421875 0.5786392375 0.8029401343749999 0.4880326265625 0.8076886249999999 0.48430614375000003 0.8059281171875 0.4045723265625 0.8101067890625 0.40084584218749997 0.8083462812500001 0.313863496875 0.8129048328125 0.3101370140625 0.8111443234375001 0.219530403125 0.8158928140624999 0.215803921875 0.81413230625 0.1868098046875 0.8156518234375 0.18504878281249998 0.8167220171875 0.1872186796875 0.8234536171875 0.1909451640625 0.8252141249999999 0.23081207343750001 0.8231247890625 0.23453855468749998 0.824885296875 0.30339957968750003 0.8212764437500001 0.3071260609375 0.823036953125 0.386859878125 0.81885828125 0.3905863625 0.8206187890625 0.46307165 0.8168199968750001