0 0 0.899774103125 0.0029296875 0.9080289125000001 0.0244140625 0.9080289125000001 0.025390625 0.905277309375 0.0263671875 0.90252570625 0.0400390625 0.90252570625 0.044921875 0.8832644859375 0.044921875 0.850245253125 0.046875 0.8447420484375 0.046875 0.7897099937500001 0.048828125 0.7842067875 0.048828125 0.7566907609375 0.05078125 0.7511875546875 0.05078125 0.707161909375 0.052734375 0.7016587046875 0.052734375 0.668639471875 0.0546875 0.663136265625 0.0546875 0.608104209375 0.056640625 0.6026010046875 0.056640625 0.5530721562500001 0.05859375 0.5475689499999999 0.05859375 0.470524071875 0.060546875 0.4650208671875 0.060546875 0.42099522343749995 0.0625 0.4154920171875 0.0625 0.3604599625 0.064453125 0.35495675625 0.064453125 0.31643431875 0.06640625 0.3109311125 0.06640625 0.2724086734375 0.068359375 0.2669054671875 0.068359375 0.2118734125 0.0703125 0.20637020781249998 0.0703125 0.16784776875000001 0.072265625 0.1623445625 0.072265625 0.11831891875 0.07421875 0.11281571406249999 0.07421875 0.0632868625 0.0712890625 0.05503205625 0.0673828125 0.05503205625 0.0615234375 0.044025643749999996 0.0400390625 0.044025643749999996 0.0380859375 0.038522439062500004 0.0185546875 0.038522439062500004 0.017578125 0.0412740421875 0.017578125 0.0632868625 0.015625 0.06879006875 0.015625 0.10731250781249999 0.013671875 0.11281571406249999 0.013671875 0.145834946875 0.01171875 0.1513381515625 0.01171875 0.1788541796875 0.009765625 0.1843573859375 0.009765625 0.2228798234375 0.0078125 0.22838302968750002 0.0078125 0.2724086734375 0.005859375 0.27791187968750003 0.005859375 0.32744072812499997 0.00390625 0.332943934375 0.00390625 0.376969578125 0.001953125 0.382472784375 0.001953125 0.4154920171875 0 0.42099522343749995 0 0.899774103125
0 0.091796875 0.8007164046874999 0.09375 0.7952131984374999 0.09375 0.712665115625 0.095703125 0.707161909375 0.095703125 0.663136265625 0.09765625 0.6576330609375 0.09765625 0.6026010046875 0.099609375 0.5970978 0.099609375 0.5530721562500001 0.1015625 0.5475689499999999 0.1015625 0.4925368953125 0.103515625 0.48703368906250005 0.103515625 0.4320016328125 0.10546875 0.42649842812500005 0.10546875 0.371466371875 0.107421875 0.3659631671875 0.107421875 0.28891829062499996 0.109375 0.28341508437499996 0.109375 0.2228798234375 0.111328125 0.21737661875 0.111328125 0.1843573859375 0.11328125 0.1788541796875 0.11328125 0.11281571406249999 0.115234375 0.10731250781249999 0.115234375 0.06879006875 0.1083984375 0.05503205625 0.0791015625 0.05503205625 0.076171875 0.0632868625 0.076171875 0.10731250781249999 0.07421875 0.11281571406249999 0.07421875 0.1568413578125 0.072265625 0.1623445625 0.072265625 0.20637020781249998 0.0703125 0.2118734125 0.0703125 0.2614022625 0.068359375 0.2669054671875 0.068359375 0.32744072812499997 0.06640625 0.332943934375 0.06640625 0.40448560625 0.064453125 0.40998881093749995 0.064453125 0.44851125 0.0625 0.45401445625000003 0.0625 0.4980401 0.060546875 0.5035433046875 0.060546875 0.54206574375 0.05859375 0.5475689499999999 0.05859375 0.5970978 0.056640625 0.6026010046875 0.056640625 0.6356202375 0.0546875 0.64112344375 0.0546875 0.6961554984375 0.052734375 0.7016587046875 0.052734375 0.7566907609375 0.05078125 0.7621939656250001 0.05078125 0.806219609375 0.048828125 0.8117228140625 0.048828125 0.8667548703125 0.046875 0.8722580750000001 0.046875 0.899774103125 0.0517578125 0.9080289125000001 0.0556640625 0.9080289125000001 0.0576171875 0.90252570625 0.0615234375 0.90252570625 0.0634765625 0.9080289125000001 0.0830078125 0.9080289125000001 0.083984375 0.905277309375 0.08984375 0.899774103125 0.08984375 0.861251665625 0.091796875 0.8557484593750001 0.091796875 0.8007164046874999
0 0.138671875 0.7952131984374999 0.140625 0.7897099937500001 0.140625 0.7566907609375 0.138671875 0.7511875546875 0.138671875 0.7236715265625 0.140625 0.718168321875 0.140625 0.6356202375 0.142578125 0.6301170328125 0.142578125 0.569581771875 0.14453125 0.564078565625 0.142578125 0.5585753609374999 0.14453125 0.5530721562500001 0.14453125 0.4925368953125 0.146484375 0.48703368906250005 0.146484375 0.4430080453125 0.1484375 0.43750483906250004 0.1484375 0.3604599625 0.150390625 0.35495675625 0.150390625 0.3109311125 0.15234375 0.30542790625 0.15234375 0.2724086734375 0.154296875 0.2669054671875 0.154296875 0.2118734125 0.15625 0.20637020781249998 0.15625 0.1788541796875 0.158203125 0.17335097500000002 0.158203125 0.1348285359375 0.16015625 0.1293253296875 0.16015625 0.10180930156250001 0.162109375 0.090802890625 0.1552734375 0.066038465625 0.1513671875 0.066038465625 0.1494140625 0.0605352609375 0.1298828125 0.0605352609375 0.1279296875 0.05503205625 0.1259765625 0.0605352609375 0.1220703125 0.0605352609375 0.119140625 0.06879006875 0.119140625 0.11281571406249999 0.1171875 0.11831891875 0.1171875 0.1788541796875 0.115234375 0.1843573859375 0.115234375 0.25589905625 0.11328125 0.2614022625 0.11328125 0.2944214953125 0.111328125 0.2999247 0.111328125 0.3494535515625 0.109375 0.35495675625 0.109375 0.42099522343749995 0.107421875 0.42649842812500005 0.107421875 0.4650208671875 0.10546875 0.470524071875 0.10546875 0.520052921875 0.1015625 0.54206574375 0.1015625 0.613607415625 0.099609375 0.619110621875 0.099609375 0.7236715265625 0.09765625 0.7291747328125 0.09765625 0.7511875546875 0.095703125 0.7566907609375 0.095703125 0.7897099937500001 0.09375 0.7952131984374999 0.09375 0.861251665625 0.091796875 0.8667548703125 0.09375 0.8722580750000001 0.091796875 0.87776128125 0.091796875 0.899774103125 0.0947265625 0.9080289125000001 0.1318359375 0.9080289125000001 0.1328125 0.905277309375 0.13671875 0.899774103125 0.13671875 0.8832644859375 0.138671875 0.87776128125 0.138671875 0.7952131984374999
0 0.17578125 0.7897099937500001 0.177734375 0.7842067875 0.177734375 0.7456843484375 0.1796875 0.7401811421875 0.1796875 0.6796458828125 0.181640625 0.6741426765625 0.181640625 0.59159459375 0.18359375 0.5860913890624999 0.18359375 0.520052921875 0.185546875 0.5145497171875 0.185546875 0.4320016328125 0.1875 0.42649842812500005 0.1875 0.35495675625 0.189453125 0.3494535515625 0.189453125 0.2944214953125 0.19140625 0.28891829062499996 0.19140625 0.22838302968750002 0.193359375 0.2228798234375 0.19140625 0.21737661875 0.193359375 0.2118734125 0.193359375 0.1568413578125 0.1953125 0.1513381515625 0.1953125 0.096306096875 0.197265625 0.090802890625 0.197265625 0.08529968593750001 0.1904296875 0.071541671875 0.1650390625 0.071541671875 0.162109375 0.08529968593750001 0.162109375 0.16784776875000001 0.16015625 0.17335097500000002 0.16015625 0.22838302968750002 0.158203125 0.23388623437499997 0.158203125 0.2503958515625 0.15625 0.25589905625 0.15625 0.30542790625 0.154296875 0.3109311125 0.154296875 0.3494535515625 0.15234375 0.35495675625 0.15234375 0.376969578125 0.150390625 0.382472784375 0.150390625 0.4154920171875 0.1484375 0.42099522343749995 0.1484375 0.4925368953125 0.146484375 0.4980401 0.146484375 0.5530721562500001 0.14453125 0.5585753609374999 0.14453125 0.619110621875 0.142578125 0.624613828125 0.142578125 0.6961554984375 0.140625 0.7016587046875 0.140625 0.7346779375 0.142578125 0.7401811421875 0.142578125 0.7732003765625 0.140625 0.77870358125 0.140625 0.8667548703125 0.138671875 0.8722580750000001 0.138671875 0.899774103125 0.1416015625 0.9080289125000001 0.1708984375 0.9080289125000001 0.171875 0.905277309375 0.173828125 0.899774103125 0.173828125 0.850245253125 0.17578125 0.8447420484375 0.17578125 0.7897099937500001
0 0.21875 0.7236715265625 0.220703125 0.718168321875 0.220703125 0.6576330609375 0.22265625 0.6521298546875001 0.22265625 0.5805881828125 0.224609375 0.5750849765625 0.224609375 0.5255561281250001 0.2265625 0.520052921875 0.2265625 0.4430080453125 0.228515625 0.43750483906250004 0.228515625 0.376969578125 0.23046875 0.371466371875 0.23046875 0.31643431875 0.232421875 0.3109311125 0.232421875 0.2724086734375 0.234375 0.2669054671875 0.234375 0.20637020781249998 0.236328125 0.20086700156249998 0.236328125 0.17335097500000002 0.23828125 0.16784776875000001 0.23828125 0.10731250781249999 0.240234375 0.10180930156250001 0.240234375 0.090802890625 0.2333984375 0.071541671875 0.2294921875 0.066038465625 0.2001953125 0.066038465625 0.19921875 0.0797964796875 0.197265625 0.08529968593750001 0.197265625 0.145834946875 0.1953125 0.1513381515625 0.1953125 0.2228798234375 0.193359375 0.22838302968750002 0.193359375 0.28891829062499996 0.19140625 0.2944214953125 0.19140625 0.3659631671875 0.189453125 0.371466371875 0.189453125 0.4320016328125 0.1875 0.43750483906250004 0.1875 0.5310593328125 0.185546875 0.5365625390625001 0.185546875 0.613607415625 0.18359375 0.619110621875 0.18359375 0.6851490874999999 0.181640625 0.69065229375 0.181640625 0.7511875546875 0.1796875 0.7566907609375 0.1796875 0.8227292265624999 0.177734375 0.82823243125 0.177734375 0.905277309375 0.1787109375 0.9080289125000001 0.2119140625 0.9080289125000001 0.212890625 0.905277309375 0.216796875 0.8942708984375001 0.216796875 0.7897099937500001 0.21875 0.7842067875 0.21875 0.7236715265625
0 0.259765625 0.7016587046875 0.26171875 0.6961554984375 0.26171875 0.613607415625 0.263671875 0.608104209375 0.26171875 0.5970978 0.263671875 0.59159459375 0.263671875 0.5475689499999999 0.265625 0.54206574375 0.263671875 0.5365625390625001 0.263671875 0.44851125 0.265625 0.4430080453125 0.265625 0.376969578125 0.267578125 0.371466371875 0.267578125 0.30542790625 0.26953125 0.2999247 0.26953125 0.2228798234375 0.271484375 0.21737661875 0.271484375 0.145834946875 0.2734375 0.140331740625 0.2734375 0.08529968593750001 0.275390625 0.0797964796875 0.275390625 0.0632868625 0.2705078125 0.04952885 0.2666015625 0.04952885 0.2646484375 0.044025643749999996 0.2451171875 0.044025643749999996 0.2421875 0.052280453125 0.2421875 0.090802890625 0.240234375 0.096306096875 0.240234375 0.145834946875 0.23828125 0.1513381515625 0.23828125 0.20637020781249998 0.236328125 0.2118734125 0.236328125 0.2669054671875 0.234375 0.2724086734375 0.234375 0.3439503453125 0.232421875 0.3494535515625 0.232421875 0.3989824 0.23046875 0.40448560625 0.23046875 0.45401445625000003 0.228515625 0.45951766093749996 0.228515625 0.5090465109375 0.2265625 0.5145497171875 0.2265625 0.5750849765625 0.224609375 0.5805881828125 0.224609375 0.6576330609375 0.22265625 0.663136265625 0.22265625 0.7291747328125 0.220703125 0.7346779375 0.220703125 0.82823243125 0.21875 0.8337356375 0.21875 0.899774103125 0.2216796875 0.9080289125000001 0.2529296875 0.9080289125000001 0.25390625 0.905277309375 0.2578125 0.899774103125 0.2578125 0.8392388421874999 0.259765625 0.8337356375 0.259765625 0.7016587046875
0 0.306640625 0.8667548703125 0.3046875 0.861251665625 0.306640625 0.850245253125 0.3046875 0.8447420484375 0.306640625 0.8392388421874999 0.306640625 0.707161909375 0.30859375 0.7016587046875 0.30859375 0.5255561281250001 0.310546875 0.520052921875 0.310546875 0.40448560625 0.3125 0.3989824 0.3125 0.3109311125 0.314453125 0.30542790625 0.314453125 0.2614022625 0.31640625 0.25589905625 0.314453125 0.2503958515625 0.314453125 0.22838302968750002 0.31640625 0.2228798234375 0.31640625 0.189860590625 0.318359375 0.1843573859375 0.318359375 0.090802890625 0.3154296875 0.0770448765625 0.3076171875 0.066038465625 0.2783203125 0.066038465625 0.27734375 0.0797964796875 0.275390625 0.08529968593750001 0.275390625 0.1293253296875 0.2734375 0.1348285359375 0.2734375 0.27791187968750003 0.271484375 0.28341508437499996 0.271484375 0.3494535515625 0.26953125 0.35495675625 0.26953125 0.40998881093749995 0.267578125 0.4154920171875 0.267578125 0.5035433046875 0.265625 0.5090465109375 0.265625 0.6796458828125 0.263671875 0.6851490874999999 0.263671875 0.7676971703125 0.26171875 0.7732003765625 0.26171875 0.899774103125 0.2646484375 0.9080289125000001 0.3017578125 0.9080289125000001 0.302734375 0.905277309375 0.306640625 0.8942708984375001 0.3046875 0.8887676921875001 0.306640625 0.87776128125 0.306640625 0.8667548703125
0 0.34765625 0.7621939656250001 0.349609375 0.7566907609375 0.349609375 0.6576330609375 0.3515625 0.6521298546875001 0.3515625 0.48703368906250005 0.353515625 0.481530484375 0.353515625 0.2999247 0.35546875 0.2944214953125 0.35546875 0.090802890625 0.3505859375 0.0825480828125 0.3212890625 0.0825480828125 0.3203125 0.08529968593750001 0.3203125 0.2669054671875 0.318359375 0.2724086734375 0.318359375 0.35495675625 0.31640625 0.3604599625 0.31640625 0.44851125 0.314453125 0.45401445625000003 0.314453125 0.564078565625 0.3125 0.569581771875 0.3125 0.7621939656250001 0.310546875 0.7676971703125 0.310546875 0.8557484593750001 0.30859375 0.861251665625 0.30859375 0.899774103125 0.3154296875 0.9135321171875 0.3388671875 0.9135321171875 0.33984375 0.9107805140625 0.345703125 0.899774103125 0.345703125 0.87776128125 0.34765625 0.8722580750000001 0.34765625 0.7621939656250001
0 0.384765625 0.7346779375 0.38671875 0.7291747328125 0.38671875 0.59159459375 0.388671875 0.5860913890624999 0.388671875 0.376969578125 0.390625 0.371466371875 0.390625 0.35495675625 0.388671875 0.3494535515625 0.388671875 0.332943934375 0.390625 0.32744072812499997 0.390625 0.0797964796875 0.3876953125 0.071541671875 0.3779296875 0.071541671875 0.3759765625 0.066038465625 0.3623046875 0.066038465625 0.359375 0.074293275 0.359375 0.1788541796875 0.357421875 0.1843573859375 0.357421875 0.42099522343749995 0.35546875 0.42649842812500005 0.35546875 0.5970978 0.353515625 0.6026010046875 0.353515625 0.7291747328125 0.3515625 0.7346779375 0.3515625 0.82823243125 0.349609375 0.8337356375 0.349609375 0.905277309375 0.3544921875 0.9135321171875 0.3798828125 0.9135321171875 0.380859375 0.9107805140625 0.3828125 0.905277309375 0.3828125 0.8832644859375 0.384765625 0.87776128125 0.384765625 0.7346779375
0 0.4375 0.11281571406249999 0.439453125 0.10180930156250001 0.4375 0.090802890625 0.4326171875 0.0825480828125 0.3935546875 0.0825480828125 0.392578125 0.08529968593750001 0.392578125 0.3109311125 0.390625 0.31643431875 0.390625 0.32744072812499997 0.392578125 0.3384471390625 0.390625 0.3439503453125 0.390625 0.8172260203124999 0.388671875 0.8227292265624999 0.388671875 0.8942708984375001 0.3916015625 0.9080289125000001 0.4326171875 0.9080289125000001 0.43359375 0.905277309375 0.435546875 0.899774103125 0.435546875 0.64112344375 0.4375 0.6356202375 0.4375 0.11281571406249999
0 0.48046875 0.5585753609374999 0.48046875 0.42649842812500005 0.478515625 0.42099522343749995 0.478515625 0.3494535515625 0.48046875 0.3439503453125 0.48046875 0.332943934375 0.478515625 0.32744072812499997 0.478515625 0.3109311125 0.48046875 0.30542790625 0.48046875 0.28891829062499996 0.478515625 0.28341508437499996 0.478515625 0.2614022625 0.48046875 0.25589905625 0.48046875 0.24489264687499998 0.478515625 0.23938944062499998 0.478515625 0.22838302968750002 0.48046875 0.2228798234375 0.48046875 0.1953637953125 0.478515625 0.189860590625 0.478515625 0.090802890625 0.48046875 0.08529968593750001 0.4755859375 0.071541671875 0.4541015625 0.071541671875 0.4521484375 0.066038465625 0.4482421875 0.066038465625 0.443359375 0.074293275 0.443359375 0.10731250781249999 0.44140625 0.11281571406249999 0.443359375 0.12382212343750001 0.443359375 0.1513381515625 0.44140625 0.1568413578125 0.44140625 0.6576330609375 0.439453125 0.663136265625 0.439453125 0.899774103125 0.4423828125 0.9080289125000001 0.4462890625 0.9080289125000001 0.4482421875 0.9135321171875 0.4599609375 0.9135321171875 0.4619140625 0.9080289125000001 0.4658203125 0.9135321171875 0.46875 0.9107805140625 0.4755859375 0.9080289125000001 0.478515625 0.899774103125 0.478515625 0.564078565625 0.48046875 0.5585753609374999
0 0.509765625 0.44851125 0.5078125 0.4430080453125 0.5078125 0.08529968593750001 0.5048828125 0.0770448765625 0.4970703125 0.0770448765625 0.4951171875 0.071541671875 0.4853515625 0.071541671875 0.482421875 0.0797964796875 0.482421875 0.619110621875 0.484375 0.624613828125 0.482421875 0.6301170328125 0.482421875 0.905277309375 0.4873046875 0.9135321171875 0.5068359375 0.9135321171875 0.5078125 0.9107805140625 0.509765625 0.905277309375 0.509765625 0.481530484375 0.5078125 0.476027278125 0.509765625 0.44851125
0 0.54296875 0.8447420484375 0.54296875 0.59159459375 0.541015625 0.5860913890624999 0.541015625 0.48703368906250005 0.54296875 0.481530484375 0.54296875 0.4430080453125 0.541015625 0.43750483906250004 0.541015625 0.32744072812499997 0.5390625 0.32193752343750004 0.5390625 0.090802890625 0.5341796875 0.071541671875 0.5107421875 0.071541671875 0.5078125 0.0797964796875 0.5078125 0.2944214953125 0.509765625 0.2999247 0.5078125 0.3109311125 0.5078125 0.332943934375 0.509765625 0.3384471390625 0.509765625 0.43750483906250004 0.5078125 0.4430080453125 0.5078125 0.45951766093749996 0.509765625 0.4650208671875 0.509765625 0.69065229375 0.51171875 0.6961554984375 0.509765625 0.7016587046875 0.509765625 0.7291747328125 0.51171875 0.7346779375 0.51171875 0.905277309375 0.5166015625 0.9135321171875 0.5380859375 0.9135321171875 0.5390625 0.9107805140625 0.54296875 0.905277309375 0.54296875 0.8557484593750001 0.544921875 0.850245253125 0.54296875 0.8447420484375
0 0.576171875 0.69065229375 0.576171875 0.569581771875 0.57421875 0.564078565625 0.57421875 0.3989824 0.572265625 0.3934791953125 0.572265625 0.20086700156249998 0.5703125 0.1953637953125 0.5703125 0.090802890625 0.5693359375 0.08805128906250001 0.5556640625 0.08805128906250001 0.5517578125 0.0825480828125 0.5498046875 0.08805128906250001 0.5419921875 0.08805128906250001 0.5390625 0.10180930156250001 0.541015625 0.11281571406249999 0.541015625 0.1953637953125 0.54296875 0.20086700156249998 0.54296875 0.4980401 0.544921875 0.5035433046875 0.544921875 0.5255561281250001 0.54296875 0.5310593328125 0.54296875 0.54206574375 0.544921875 0.5475689499999999 0.544921875 0.569581771875 0.54296875 0.5750849765625 0.54296875 0.608104209375 0.544921875 0.613607415625 0.544921875 0.668639471875 0.546875 0.6741426765625 0.546875 0.899774103125 0.5498046875 0.9080289125000001 0.5791015625 0.9080289125000001 0.580078125 0.905277309375 0.580078125 0.8227292265624999 0.578125 0.8172260203124999 0.578125 0.6961554984375 0.576171875 0.69065229375
0 0.609375 0.668639471875 0.609375 0.5255561281250001 0.607421875 0.520052921875 0.607421875 0.3934791953125 0.60546875 0.38797598906249997 0.60546875 0.28341508437499996 0.603515625 0.27791187968750003 0.60546875 0.2669054671875 0.60546875 0.23388623437499997 0.603515625 0.22838302968750002 0.603515625 0.074293275 0.5986328125 0.05503205625 0.5771484375 0.05503205625 0.57421875 0.0632868625 0.57421875 0.20086700156249998 0.576171875 0.20637020781249998 0.576171875 0.31643431875 0.578125 0.32193752343750004 0.576171875 0.332943934375 0.576171875 0.43750483906250004 0.578125 0.4430080453125 0.578125 0.59159459375 0.580078125 0.5970978 0.580078125 0.7952131984374999 0.58203125 0.8007164046874999 0.58203125 0.8117228140625 0.580078125 0.8172260203124999 0.58203125 0.8227292265624999 0.58203125 0.899774103125 0.5849609375 0.9080289125000001 0.5888671875 0.9080289125000001 0.5908203125 0.9135321171875 0.6123046875 0.9135321171875 0.61328125 0.9107805140625 0.61328125 0.77870358125 0.611328125 0.7732003765625 0.611328125 0.6741426765625 0.609375 0.668639471875
0 0.6484375 0.8007164046874999 0.646484375 0.7952131984374999 0.646484375 0.6851490874999999 0.64453125 0.6796458828125 0.64453125 0.564078565625 0.642578125 0.5585753609374999 0.642578125 0.45951766093749996 0.640625 0.45401445625000003 0.640625 0.371466371875 0.638671875 0.3659631671875 0.638671875 0.2669054671875 0.63671875 0.2614022625 0.63671875 0.16784776875000001 0.634765625 0.1623445625 0.634765625 0.090802890625 0.6318359375 0.0770448765625 0.6083984375 0.0770448765625 0.60546875 0.08529968593750001 0.60546875 0.17335097500000002 0.607421875 0.1788541796875 0.607421875 0.3384471390625 0.609375 0.3439503453125 0.607421875 0.35495675625 0.607421875 0.382472784375 0.609375 0.38797598906249997 0.609375 0.4925368953125 0.611328125 0.4980401 0.611328125 0.59159459375 0.61328125 0.5970978 0.61328125 0.663136265625 0.615234375 0.668639471875 0.615234375 0.7511875546875 0.6171875 0.7566907609375 0.6171875 0.8557484593750001 0.619140625 0.861251665625 0.619140625 0.8832644859375 0.6171875 0.8942708984375001 0.6240234375 0.9135321171875 0.6474609375 0.9135321171875 0.6484375 0.9107805140625 0.650390625 0.905277309375 0.650390625 0.8887676921875001 0.6484375 0.8832644859375 0.6484375 0.8007164046874999
0 0.689453125 0.7236715265625 0.689453125 0.64112344375 0.6875 0.6356202375 0.6875 0.5860913890624999 0.685546875 0.5805881828125 0.685546875 0.481530484375 0.68359375 0.476027278125 0.68359375 0.4650208671875 0.685546875 0.45951766093749996 0.68359375 0.45401445625000003 0.68359375 0.3604599625 0.681640625 0.35495675625 0.681640625 0.2724086734375 0.6796875 0.2669054671875 0.6796875 0.1953637953125 0.677734375 0.189860590625 0.677734375 0.10180930156250001 0.67578125 0.096306096875 0.6748046875 0.071541671875 0.6435546875 0.071541671875 0.638671875 0.08529968593750001 0.638671875 0.10731250781249999 0.640625 0.11281571406249999 0.640625 0.1953637953125 0.642578125 0.20086700156249998 0.642578125 0.2228798234375 0.64453125 0.22838302968750002 0.64453125 0.25589905625 0.642578125 0.2614022625 0.642578125 0.3384471390625 0.64453125 0.3439503453125 0.64453125 0.4925368953125 0.646484375 0.4980401 0.646484375 0.5860913890624999 0.6484375 0.59159459375 0.6484375 0.6796458828125 0.650390625 0.6851490874999999 0.650390625 0.7732003765625 0.65234375 0.77870358125 0.65234375 0.8832644859375 0.654296875 0.8887676921875001 0.654296875 0.905277309375 0.6591796875 0.9135321171875 0.6923828125 0.9135321171875 0.693359375 0.9107805140625 0.693359375 0.806219609375 0.69140625 0.8007164046874999 0.69140625 0.7291747328125 0.689453125 0.7236715265625
0 0.7265625 0.861251665625 0.7265625 0.7842067875 0.724609375 0.77870358125 0.724609375 0.7291747328125 0.72265625 0.7236715265625 0.72265625 0.6466266484375 0.720703125 0.64112344375 0.720703125 0.569581771875 0.71875 0.564078565625 0.71875 0.476027278125 0.716796875 0.470524071875 0.716796875 0.40998881093749995 0.71484375 0.40448560625 0.71484375 0.30542790625 0.712890625 0.2999247 0.712890625 0.2669054671875 0.7109375 0.2614022625 0.7109375 0.140331740625 0.708984375 0.1348285359375 0.708984375 0.08529968593750001 0.7060546875 0.0770448765625 0.7021484375 0.0770448765625 0.7001953125 0.071541671875 0.6845703125 0.071541671875 0.677734375 0.08529968593750001 0.677734375 0.10180930156250001 0.6796875 0.10731250781249999 0.6796875 0.1953637953125 0.681640625 0.20086700156249998 0.681640625 0.27791187968750003 0.68359375 0.28341508437499996 0.68359375 0.3659631671875 0.685546875 0.371466371875 0.685546875 0.5255561281250001 0.6875 0.5310593328125 0.6875 0.608104209375 0.689453125 0.613607415625 0.689453125 0.663136265625 0.69140625 0.668639471875 0.69140625 0.718168321875 0.693359375 0.7236715265625 0.693359375 0.7897099937500001 0.6953125 0.7952131984374999 0.6953125 0.8557484593750001 0.697265625 0.861251665625 0.697265625 0.8887676921875001 0.6953125 0.8942708984375001 0.7021484375 0.9135321171875 0.7138671875 0.9135321171875 0.7158203125 0.9190353234374999 0.71875 0.9162837187499999 0.7255859375 0.9135321171875 0.728515625 0.905277309375 0.728515625 0.8667548703125 0.7265625 0.861251665625
0 0.765625 0.7952131984374999 0.763671875 0.7897099937500001 0.763671875 0.7566907609375 0.76171875 0.7511875546875 0.76171875 0.663136265625 0.759765625 0.6576330609375 0.759765625 0.5970978 0.7578125 0.59159459375 0.7578125 0.5365625390625001 0.755859375 0.5310593328125 0.755859375 0.481530484375 0.75390625 0.476027278125 0.75390625 0.40448560625 0.751953125 0.3989824 0.751953125 0.3384471390625 0.75 0.332943934375 0.75 0.28891829062499996 0.748046875 0.28341508437499996 0.748046875 0.20637020781249998 0.74609375 0.20086700156249998 0.74609375 0.1348285359375 0.744140625 0.1293253296875 0.744140625 0.0797964796875 0.7412109375 0.071541671875 0.7138671875 0.071541671875 0.708984375 0.08529968593750001 0.7109375 0.090802890625 0.7109375 0.16784776875000001 0.712890625 0.17335097500000002 0.712890625 0.2118734125 0.71484375 0.21737661875 0.71484375 0.24489264687499998 0.716796875 0.2503958515625 0.71484375 0.2614022625 0.71484375 0.28341508437499996 0.716796875 0.28891829062499996 0.716796875 0.40998881093749995 0.71875 0.4154920171875 0.71875 0.520052921875 0.720703125 0.5255561281250001 0.720703125 0.6026010046875 0.72265625 0.608104209375 0.72265625 0.6521298546875001 0.724609375 0.6576330609375 0.724609375 0.718168321875 0.7265625 0.7236715265625 0.7265625 0.7676971703125 0.728515625 0.7732003765625 0.728515625 0.8557484593750001 0.73046875 0.861251665625 0.73046875 0.87776128125 0.734375 0.8887676921875001 0.734375 0.905277309375 0.7373046875 0.9135321171875 0.7646484375 0.9135321171875 0.765625 0.9107805140625 0.767578125 0.905277309375 0.767578125 0.8887676921875001 0.765625 0.8832644859375 0.765625 0.7952131984374999
0 0.798828125 0.8007164046874999 0.796875 0.7952131984374999 0.796875 0.712665115625 0.794921875 0.707161909375 0.794921875 0.6576330609375 0.79296875 0.6521298546875001 0.79296875 0.5750849765625 0.791015625 0.569581771875 0.791015625 0.5255561281250001 0.7890625 0.520052921875 0.7890625 0.4430080453125 0.787109375 0.43750483906250004 0.787109375 0.3989824 0.78515625 0.3934791953125 0.78515625 0.332943934375 0.783203125 0.32744072812499997 0.783203125 0.2944214953125 0.78125 0.28891829062499996 0.78125 0.23938944062499998 0.779296875 0.23388623437499997 0.779296875 0.1788541796875 0.77734375 0.17335097500000002 0.77734375 0.10731250781249999 0.775390625 0.10180930156250001 0.775390625 0.074293275 0.7724609375 0.066038465625 0.7529296875 0.066038465625 0.748046875 0.074293275 0.74609375 0.08529968593750001 0.74609375 0.10180930156250001 0.748046875 0.10731250781249999 0.748046875 0.1513381515625 0.75 0.1568413578125 0.75 0.21737661875 0.751953125 0.2228798234375 0.751953125 0.32744072812499997 0.75390625 0.332943934375 0.75390625 0.38797598906249997 0.755859375 0.3934791953125 0.755859375 0.476027278125 0.7578125 0.481530484375 0.7578125 0.5365625390625001 0.759765625 0.54206574375 0.759765625 0.5860913890624999 0.76171875 0.59159459375 0.76171875 0.663136265625 0.763671875 0.668639471875 0.763671875 0.718168321875 0.765625 0.7236715265625 0.765625 0.7676971703125 0.767578125 0.7732003765625 0.767578125 0.8117228140625 0.76953125 0.8172260203124999 0.76953125 0.87776128125 0.771484375 0.8832644859375 0.771484375 0.905277309375 0.7763671875 0.9135321171875 0.7978515625 0.9135321171875 0.798828125 0.9107805140625 0.80078125 0.905277309375 0.80078125 0.850245253125 0.798828125 0.8447420484375 0.798828125 0.8007164046874999
0 0.841796875 0.8007164046874999 0.83984375 0.7952131984374999 0.83984375 0.7511875546875 0.837890625 0.7456843484375 0.837890625 0.707161909375 0.8359375 0.7016587046875 0.8359375 0.624613828125 0.833984375 0.619110621875 0.833984375 0.6026010046875 0.83203125 0.5970978 0.83203125 0.5805881828125 0.830078125 0.5750849765625 0.830078125 0.5255561281250001 0.828125 0.520052921875 0.828125 0.45951766093749996 0.826171875 0.45401445625000003 0.826171875 0.42649842812500005 0.82421875 0.42099522343749995 0.82421875 0.382472784375 0.826171875 0.376969578125 0.826171875 0.35495675625 0.822265625 0.3494535515625 0.822265625 0.32744072812499997 0.8203125 0.32193752343750004 0.8203125 0.2944214953125 0.818359375 0.28891829062499996 0.818359375 0.2724086734375 0.81640625 0.2669054671875 0.81640625 0.189860590625 0.814453125 0.1843573859375 0.814453125 0.1348285359375 0.8125 0.1293253296875 0.8125 0.074293275 0.810546875 0.06879006875 0.810546875 0.0577836578125 0.8076171875 0.04952885 0.7998046875 0.04952885 0.7978515625 0.05503205625 0.7802734375 0.05503205625 0.77734375 0.0632868625 0.77734375 0.096306096875 0.779296875 0.10180930156250001 0.779296875 0.1293253296875 0.78125 0.1348285359375 0.78125 0.2118734125 0.783203125 0.21737661875 0.783203125 0.2669054671875 0.78515625 0.2724086734375 0.783203125 0.27791187968750003 0.783203125 0.28891829062499996 0.78515625 0.2944214953125 0.78515625 0.332943934375 0.787109375 0.3384471390625 0.787109375 0.376969578125 0.7890625 0.382472784375 0.7890625 0.4320016328125 0.791015625 0.43750483906250004 0.791015625 0.4650208671875 0.79296875 0.470524071875 0.791015625 0.476027278125 0.79296875 0.481530484375 0.79296875 0.608104209375 0.794921875 0.613607415625 0.794921875 0.6796458828125 0.796875 0.6851490874999999 0.796875 0.7566907609375 0.798828125 0.7621939656250001 0.798828125 0.7897099937500001 0.80078125 0.7952131984374999 0.80078125 0.8667548703125 0.802734375 0.8722580750000001 0.802734375 0.899774103125 0.8095703125 0.9135321171875 0.8369140625 0.9135321171875 0.837890625 0.9107805140625 0.84375 0.8887676921875001 0.84375 0.8392388421874999 0.841796875 0.8337356375 0.841796875 0.8007164046874999
0 0.86328125 0.7676971703125 0.861328125 0.7621939656250001 0.861328125 0.712665115625 0.859375 0.707161909375 0.859375 0.6466266484375 0.857421875 0.64112344375 0.857421875 0.5750849765625 0.85546875 0.569581771875 0.85546875 0.5310593328125 0.853515625 0.5255561281250001 0.853515625 0.4650208671875 0.8515625 0.45951766093749996 0.8515625 0.3934791953125 0.849609375 0.38797598906249997 0.849609375 0.35495675625 0.84765625 0.3494535515625 0.84765625 0.3109311125 0.845703125 0.30542790625 0.845703125 0.28341508437499996 0.84375 0.27791187968750003 0.84375 0.24489264687499998 0.841796875 0.23938944062499998 0.84375 0.23388623437499997 0.84375 0.20637020781249998 0.841796875 0.20086700156249998 0.841796875 0.140331740625 0.83984375 0.1348285359375 0.83984375 0.096306096875 0.8349609375 0.08805128906250001 0.8193359375 0.08805128906250001 0.8173828125 0.09355449375 0.8125 0.096306096875 0.8125 0.1348285359375 0.814453125 0.140331740625 0.814453125 0.1843573859375 0.81640625 0.189860590625 0.81640625 0.23388623437499997 0.818359375 0.23938944062499998 0.818359375 0.2669054671875 0.8203125 0.2724086734375 0.8203125 0.28341508437499996 0.818359375 0.2944214953125 0.8203125 0.2999247 0.8203125 0.332943934375 0.822265625 0.3384471390625 0.822265625 0.382472784375 0.82421875 0.38797598906249997 0.82421875 0.42649842812500005 0.826171875 0.4320016328125 0.826171875 0.470524071875 0.828125 0.476027278125 0.828125 0.5310593328125 0.830078125 0.5365625390625001 0.830078125 0.5860913890624999 0.83203125 0.59159459375 0.83203125 0.608104209375 0.833984375 0.613607415625 0.833984375 0.6576330609375 0.8359375 0.663136265625 0.8359375 0.707161909375 0.837890625 0.712665115625 0.837890625 0.7897099937500001 0.841796875 0.806219609375 0.837890625 0.82823243125 0.837890625 0.8392388421874999 0.841796875 0.861251665625 0.841796875 0.87776128125 0.83984375 0.8832644859375 0.841796875 0.899774103125 0.83984375 0.905277309375 0.8427734375 0.9135321171875 0.8603515625 0.9135321171875 0.861328125 0.9107805140625 0.865234375 0.905277309375 0.865234375 0.8172260203124999 0.86328125 0.8117228140625 0.86328125 0.7676971703125
0 0.896484375 0.8227292265624999 0.89453125 0.8172260203124999 0.89453125 0.7676971703125 0.892578125 0.7621939656250001 0.892578125 0.7016587046875 0.890625 0.6961554984375 0.890625 0.64112344375 0.888671875 0.6356202375 0.888671875 0.5860913890624999 0.88671875 0.5805881828125 0.88671875 0.5365625390625001 0.884765625 0.5310593328125 0.884765625 0.481530484375 0.8828125 0.476027278125 0.8828125 0.43750483906250004 0.880859375 0.4320016328125 0.880859375 0.3989824 0.87890625 0.3934791953125 0.87890625 0.3604599625 0.876953125 0.35495675625 0.876953125 0.3109311125 0.875 0.30542790625 0.875 0.2503958515625 0.873046875 0.24489264687499998 0.873046875 0.21737661875 0.87109375 0.2118734125 0.87109375 0.17335097500000002 0.869140625 0.16784776875000001 0.869140625 0.12382212343750001 0.8671875 0.11831891875 0.8662109375 0.09355449375 0.8623046875 0.0990577 0.8564453125 0.0825480828125 0.8544921875 0.08805128906250001 0.8505859375 0.0825480828125 0.8486328125 0.08805128906250001 0.8447265625 0.08805128906250001 0.841796875 0.10731250781249999 0.84375 0.11281571406249999 0.84375 0.1568413578125 0.845703125 0.1623445625 0.845703125 0.20637020781249998 0.84765625 0.2118734125 0.845703125 0.2228798234375 0.845703125 0.23388623437499997 0.84765625 0.23938944062499998 0.84765625 0.27791187968750003 0.849609375 0.28341508437499996 0.849609375 0.3109311125 0.8515625 0.31643431875 0.8515625 0.3604599625 0.853515625 0.3659631671875 0.853515625 0.3989824 0.85546875 0.40448560625 0.85546875 0.45951766093749996 0.857421875 0.4650208671875 0.85546875 0.476027278125 0.857421875 0.481530484375 0.857421875 0.5750849765625 0.859375 0.5805881828125 0.859375 0.613607415625 0.861328125 0.619110621875 0.861328125 0.64112344375 0.86328125 0.6466266484375 0.86328125 0.712665115625 0.865234375 0.718168321875 0.865234375 0.7511875546875 0.8671875 0.7566907609375 0.8671875 0.87776128125 0.869140625 0.8832644859375 0.869140625 0.8942708984375001 0.8779296875 0.9135321171875 0.8955078125 0.9135321171875 0.896484375 0.9107805140625 0.8984375 0.905277309375 0.8984375 0.87776128125 0.896484375 0.8722580750000001 0.896484375 0.8227292265624999
0 0.93359375 0.8007164046874999 0.931640625 0.7952131984374999 0.931640625 0.7511875546875 0.9296875 0.7456843484375 0.9296875 0.6961554984375 0.927734375 0.69065229375 0.927734375 0.6576330609375 0.92578125 0.6521298546875001 0.92578125 0.59159459375 0.923828125 0.5860913890624999 0.923828125 0.5475689499999999 0.921875 0.54206574375 0.921875 0.4980401 0.919921875 0.4925368953125 0.919921875 0.4154920171875 0.91796875 0.40998881093749995 0.91796875 0.371466371875 0.916015625 0.3659631671875 0.916015625 0.3439503453125 0.9140625 0.3384471390625 0.9140625 0.28891829062499996 0.912109375 0.28341508437499996 0.912109375 0.23938944062499998 0.91015625 0.23388623437499997 0.91015625 0.1788541796875 0.908203125 0.17335097500000002 0.908203125 0.1293253296875 0.90625 0.12382212343750001 0.90625 0.10180930156250001 0.9013671875 0.08805128906250001 0.8837890625 0.08805128906250001 0.8818359375 0.0825480828125 0.8798828125 0.08805128906250001 0.8759765625 0.08805128906250001 0.87109375 0.10180930156250001 0.87109375 0.140331740625 0.8740234375 0.14308334375 0.8759765625 0.1375801375 0.87890625 0.145834946875 0.87890625 0.1623445625 0.880859375 0.16784776875000001 0.880859375 0.2228798234375 0.8828125 0.22838302968750002 0.8828125 0.2669054671875 0.884765625 0.2724086734375 0.884765625 0.31643431875 0.88671875 0.32193752343750004 0.88671875 0.371466371875 0.888671875 0.376969578125 0.888671875 0.4320016328125 0.890625 0.43750483906250004 0.890625 0.4650208671875 0.892578125 0.470524071875 0.892578125 0.5365625390625001 0.89453125 0.54206574375 0.89453125 0.5805881828125 0.896484375 0.5860913890624999 0.896484375 0.624613828125 0.8984375 0.6301170328125 0.8984375 0.6796458828125 0.900390625 0.6851490874999999 0.900390625 0.7346779375 0.90234375 0.7401811421875 0.90234375 0.8007164046874999 0.904296875 0.806219609375 0.904296875 0.82823243125 0.90625 0.8337356375 0.90625 0.8832644859375 0.904296875 0.8942708984375001 0.9091796875 0.9080289125000001 0.9130859375 0.9080289125000001 0.9150390625 0.9135321171875 0.9326171875 0.9135321171875 0.93359375 0.9107805140625 0.935546875 0.905277309375 0.935546875 0.8557484593750001 0.93359375 0.850245253125 0.93359375 0.8007164046874999
0 0.970703125 0.7952131984374999 0.96875 0.7897099937500001 0.96875 0.712665115625 0.966796875 0.707161909375 0.966796875 0.663136265625 0.96484375 0.6576330609375 0.96484375 0.6026010046875 0.962890625 0.5970978 0.962890625 0.564078565625 0.9609375 0.5585753609374999 0.9609375 0.5145497171875 0.958984375 0.5090465109375 0.958984375 0.4650208671875 0.95703125 0.45951766093749996 0.95703125 0.4154920171875 0.955078125 0.40998881093749995 0.955078125 0.3604599625 0.953125 0.35495675625 0.953125 0.3384471390625 0.951171875 0.332943934375 0.951171875 0.23938944062499998 0.94921875 0.23388623437499997 0.94921875 0.1788541796875 0.947265625 0.17335097500000002 0.94921875 0.1623445625 0.947265625 0.145834946875 0.94921875 0.140331740625 0.9453125 0.12382212343750001 0.9453125 0.10731250781249999 0.943359375 0.096306096875 0.9384765625 0.0825480828125 0.9130859375 0.0825480828125 0.90625 0.096306096875 0.90625 0.10731250781249999 0.908203125 0.11281571406249999 0.908203125 0.1513381515625 0.91015625 0.1568413578125 0.91015625 0.20637020781249998 0.912109375 0.2118734125 0.912109375 0.23388623437499997 0.9140625 0.23938944062499998 0.9140625 0.25589905625 0.91796875 0.27791187968750003 0.91796875 0.31643431875 0.921875 0.3384471390625 0.921875 0.3494535515625 0.91796875 0.371466371875 0.919921875 0.376969578125 0.919921875 0.3989824 0.923828125 0.40448560625 0.923828125 0.43750483906250004 0.921875 0.4430080453125 0.923828125 0.45401445625000003 0.923828125 0.54206574375 0.92578125 0.5475689499999999 0.92578125 0.5860913890624999 0.927734375 0.59159459375 0.927734375 0.624613828125 0.9296875 0.6301170328125 0.927734375 0.6466266484375 0.9296875 0.6521298546875001 0.9296875 0.668639471875 0.931640625 0.6741426765625 0.931640625 0.7346779375 0.93359375 0.7401811421875 0.931640625 0.7566907609375 0.935546875 0.7732003765625 0.935546875 0.7897099937500001 0.9375 0.7952131984374999 0.9375 0.8227292265624999 0.939453125 0.82823243125 0.9375 0.8392388421874999 0.9375 0.850245253125 0.939453125 0.8557484593750001 0.939453125 0.905277309375 0.9443359375 0.9080289125000001 0.9462890625 0.9135321171875 0.9677734375 0.9135321171875 0.96875 0.9107805140625 0.97265625 0.905277309375 0.97265625 0.8392388421874999 0.970703125 0.8337356375 0.970703125 0.7952131984374999
0 1 0.470524071875 0.998046875 0.4650208671875 1 0.45951766093749996 0.998046875 0.45401445625000003 0.998046875 0.4154920171875 0.99609375 0.40998881093749995 0.99609375 0.3604599625 0.994140625 0.35495675625 0.994140625 0.31643431875 0.9921875 0.3109311125 0.9921875 0.2669054671875 0.990234375 0.2614022625 0.990234375 0.22838302968750002 0.98828125 0.2228798234375 0.98828125 0.1788541796875 0.986328125 0.17335097500000002 0.986328125 0.1348285359375 0.984375 0.1293253296875 0.984375 0.096306096875 0.9775390625 0.0825480828125 0.9501953125 0.0825480828125 0.9453125 0.090802890625 0.9453125 0.1513381515625 0.947265625 0.1568413578125 0.947265625 0.1843573859375 0.94921875 0.189860590625 0.94921875 0.22838302968750002 0.951171875 0.23388623437499997 0.951171875 0.2669054671875 0.953125 0.2724086734375 0.953125 0.32193752343750004 0.955078125 0.32744072812499997 0.955078125 0.371466371875 0.95703125 0.376969578125 0.95703125 0.40998881093749995 0.958984375 0.4154920171875 0.958984375 0.45401445625000003 0.9609375 0.45951766093749996 0.9609375 0.5035433046875 0.962890625 0.5090465109375 0.962890625 0.5475689499999999 0.96484375 0.5530721562500001 0.96484375 0.5970978 0.966796875 0.6026010046875 0.966796875 0.663136265625 0.96875 0.668639471875 0.96875 0.7236715265625 0.970703125 0.7291747328125 0.970703125 0.77870358125 0.97265625 0.7842067875 0.97265625 0.8392388421874999 0.974609375 0.8447420484375 0.974609375 0.8887676921875001 0.9775390625 0.90252570625 0.9814453125 0.9080289125000001 0.9853515625 0.9080289125000001 0.9873046875 0.9135321171875 0.9990234375 0.9135321171875 1 0.9107805140625 1 0.470524071875