0 0.142171140625 1 0.1410811328125 0.9931179671875 0.1385843171875 0.9898389484375001 0.1016813515625 0.75684279375 0.099184534375 0.7535637734375 0.0793137078125 0.6281043078125 0.076816890625 0.6248252859375001 0.054107373437499995 0.48144303906249997 0.051610556249999995 0.4781640171875 0.033442943749999995 0.36345822031249997 0.0309461265625 0.3601791984375 0.028562242187499996 0.35137057656250004 0.02277500625 0.352287184375 0.021413665625 0.356177278125 0.011768270312499999 0.3577049578125 0.009952125000000001 0.352480890625 0.0106327953125 0.3505358453125 0.026065424999999996 0.34809155625 0.0256106203125 0.3389773984375 0.0269719609375 0.3350873046875 0.013913989062500002 0.25264251249999997 0.011417171875 0.2493634921875 0 0.1772783078125 0 0.42698351093750003 0.016551415625 0.531485040625 0.0190482328125 0.5347640625000001 0.018254629687500003 0.5422387109375 0.020751446875 0.5455177296875 0.0411900125 0.674561753125 0.043686828125 0.6778407734375 0.0428932265625 0.685315421875 0.0453900421875 0.68859444375 0.0641253953125 0.8068847984374999 0.06662221093750001 0.8101638171875001 0.07740923125 0.8782703859375 0.0799060484375 0.8815494062499999 0.0872866421875 0.9281486375 0.0897834578125 0.93142765625 0.10064425156250001 1 0.142171140625 1
0 0.19006886875 1 0.1943017375 0.99203760625 0.150018178125 0.7124422234375001 0.14752136093749998 0.7091632015625 0.1134570859375 0.4940898296875 0.11096026875000001 0.4908108078125 0.07803146875 0.2829065484375 0.07553465312499999 0.27962752968750004 0.0573670390625 0.16492172968750002 0.050557259375 0.1531396234375 0.033195550000000004 0.1558894484375 0.0306987328125 0.152610428125 0 0.15747263125 0 0.1647930515625 0.019023629687499998 0.2849035171875 0.021520446874999998 0.2881825390625 0.02015910625 0.29207263125 0.022655921875000002 0.2953516515625 0.0408235359375 0.41005744999999993 0.043320353125 0.41333646875 0.0665976078125 0.560303275 0.069094425 0.5635822953125 0.08782977656249999 0.6818726500000001 0.0903265921875 0.68515166875 0.112468371875 0.8249493625 0.1149651890625 0.82822838125 0.11417158593750001 0.8357030312499999 0.116668403125 0.83898205 0.13881018125 0.97877974375 0.1413069984375 0.9820587625 0.1441486109375 1 0.19006886875 1
0 0.1442915921875 0.176875571875 0.14179477499999998 0.173596553125 0.137820609375 0.148504659375 0.1296494890625 0.1406126453125 0.0910679140625 0.146723365625 0.088571096875 0.14344434687500002 0.061563993750000004 0.1477218515625 0.0581606421875 0.1574470828125 0.07746373125 0.27932199375 0.0799605484375 0.28260101249999997 0.11175387187500001 0.48333616093750004 0.1142506890625 0.48661518125000003 0.1551278203125 0.744703228125 0.1576246359375 0.7479822484375 0.1928243875 0.9702247343750001 0.1953212046875 0.973503753125 0.1987276328125 0.9950110890625 0.2044019359375 0.9996240843749999 0.2410544328125 0.9938188984374999 0.241735103125 0.991873853125 0.2611388234375 0.9832888890625 0.26442924375 0.9790932625 0.2672648578125 0.965783475 0.24058117499999998 0.7973093328124999 0.241942515625 0.793419240625 0.2394457 0.7901402203125001 0.1434979890625 0.18435022031249998 0.1442915921875 0.176875571875
0 0.28972390625 0.870364384375 0.2868852171875 0.8524416031250001 0.2882465578125 0.8485515124999999 0.28518200312499997 0.8416879359375 0.28654334375 0.8377978421875 0.1781054 0.15314760624999998 0.174360175 0.1482290765625 0.1608566234375 0.1503678296875 0.15835980624999998 0.1470888078125 0.1429271765625 0.149533096875 0.1408851640625 0.1553682359375 0.269761675 0.9690624953125001 0.275435978125 0.9736754890625001 0.2927976875 0.9709256640625 0.2934783578125 0.9689806187500001 0.30187534375 0.9658134281249999 0.3039173546875 0.9599782890625 0.298239975 0.9241327265624999 0.2996013171875 0.9202426359375 0.294491675 0.8879816296874999 0.2919948578125 0.8847026093749999 0.2927884609375 0.8772279609375 0.28972390625 0.870364384375
0 0.1786731375 0.1567321625 0.2927884609375 0.8772279609375 0.295285278125 0.8805069812499999 0.294491675 0.8879816296874999 0.2975562296875 0.89484520625 0.29676262656249996 0.9023198546875 0.29982718125 0.90918343125 0.3060722984375 0.9486135484375 0.3047109578125 0.9525036421875 0.3090239203125 0.961006728125 0.337960103125 0.9564236875000001 0.3386407734375 0.9544786406249999 0.3431796015625 0.951922521875 0.3452216125 0.9460873843750001 0.2191837921875 0.15031590625 0.2154385671875 0.145397375 0.1980768578125 0.14814719999999998 0.195580040625 0.14486817968750001 0.182076490625 0.1470069328125 0.1786731375 0.1567321625
0 0.270930121875 0.1586552390625 0.24392301875000003 0.16293274375 0.2414262015625 0.1596537234375 0.225993571875 0.1620980109375 0.22395156093750002 0.16793315 0.346015215625 0.9386127359374999 0.349760440625 0.943531265625 0.3748384640625 0.939559296875 0.375519134375 0.93761425 0.37619980625 0.9356692046875 0.39163243593749997 0.9332249156250001 0.3950357875 0.9234996859375 0.2775140375 0.1814965515625 0.2750172203125 0.1782175296875 0.27388174374999996 0.1710484171875 0.275243084375 0.167158325 0.270930121875 0.1586552390625
0 0.3149601375 0.1682167171875 0.3098504953125 0.1359557109375 0.3086020875 0.1343162 0.30281484999999997 0.1352328078125 0.300318034375 0.1319537875 0.27331093125 0.13623129375 0.2749012125 0.1525145640625 0.273539871875 0.15640465625 0.27921725 0.19225021874999998 0.2817140671875 0.1955292390625 0.3487071421875 0.6185068703125001 0.351203959375 0.6217858921875 0.38470049687499996 0.8332747093749999 0.3871973140625 0.8365537281250001 0.39798433437499997 0.9046602968749999 0.40479411406250004 0.9164424015625 0.42601398125 0.91308150625 0.4266946515625 0.911136459375 0.4312334796875 0.9085803421875 0.43463683125 0.8988551109375 0.363669590625 0.450785584375 0.3611727734375 0.4475065640625 0.36196637656249997 0.440031915625 0.3594695609375 0.436752896875 0.317456953125 0.1714957359375 0.3149601375 0.1682167171875
0 0.37738670625 0.31265735625 0.3748898890625 0.3093783359375 0.3720511984375 0.291455553125 0.373412540625 0.28756546250000004 0.3709157234375 0.2842864421875 0.34877394375000004 0.14448875 0.34502871874999996 0.1395702203125 0.333454246875 0.1414034359375 0.3309574296875 0.138124415625 0.327099271875 0.1387354875 0.32573793125 0.14262558125 0.31802161562500003 0.143847725 0.3155247984375 0.1405687046875 0.3134827875 0.1464038421875 0.333921353125 0.2754478671875 0.3364181703125 0.2787268859375 0.38637910781249996 0.5941678328125 0.388875925 0.597446853125 0.3897855359375 0.6156751703125 0.3922823515625 0.618954190625 0.43486269687499995 0.88779590625 0.4379272515625 0.89465948125 0.44360155468749995 0.8992724765625001 0.455176028125 0.8974392609375 0.4558566984375 0.8954942140625001 0.45653736875 0.8935491687500001 0.4661827625 0.8920214890624999 0.4682247734375 0.88618635 0.46197965625000004 0.8467562296875 0.45948284062500006 0.8434772109375 0.4572118890625 0.8291389875 0.45857322968750003 0.8252488937500001 0.37738670625 0.31265735625
0 0.4023425703125 0.22051728593750003 0.394961978125 0.1739180546875 0.39575558125 0.16644340625 0.3932587640625 0.1631643875 0.3887168609375 0.1344879359375 0.387468453125 0.1328484265625 0.38304255625 0.1298749421875 0.3733971625 0.13140262187500001 0.370900346875 0.12812360312499999 0.355467715625 0.13056789062500002 0.352177296875 0.13476351875 0.3493416828125 0.14807330624999998 0.3518384984375 0.1513523265625 0.41145098124999996 0.527730728125 0.41394779843749996 0.531009746875 0.41621874999999997 0.5453479734375 0.414857409375 0.549238065625 0.4307540703125 0.6496056390625 0.4332508875 0.652884659375 0.43245728437500003 0.660359309375 0.43552183906249997 0.6672228859375 0.4474443359375 0.7424985640624999 0.44608299531249995 0.7463886578125 0.4580054921875 0.8216643390625 0.4605023078125 0.8249433578125 0.470721590625 0.88946536875 0.47889271093749997 0.897357384375 0.4981835 0.8943020234375 0.4988641703125 0.8923569765625 0.5072611546875 0.8891897859375 0.5100967703125 0.8758800000000001 0.5078258171875001 0.8615417750000001 0.5053290015624999 0.8582627546875001 0.4071103390625 0.2381345296875 0.4046135234375 0.23485551093749998 0.405407125 0.2273808625 0.4023425703125 0.22051728593750003
0 0.431953271875 0.1515240625 0.3972298546875 0.1570237125 0.39654918437500003 0.1589687578125 0.5083935562499999 0.8651263312499999 0.510890371875 0.8684053515624999 0.50952903125 0.87229544375 0.5112322453125 0.8830491109375 0.5149774703125 0.8879676421875 0.5361973375 0.8846067453125 0.5368780078125 0.8826617000000001 0.537558678125 0.8807166546874999 0.547204071875 0.8791889734374999 0.5492460828125 0.873353834375 0.5424332281249999 0.830339159375 0.5399364109375 0.827060140625 0.5407300140625 0.8195854921875 0.43569849843749997 0.15644259375 0.431953271875 0.1515240625
0 0.4922279734375 0.3385620109375 0.49358931406249995 0.33467191875 0.4680411078125 0.1733668890625 0.45986998593750006 0.165474875 0.4405791984375 0.1685302359375 0.43989852812499997 0.17047528125 0.47850470781250004 0.41422510468749996 0.4771433671875 0.418115196875 0.5492460828125 0.873353834375 0.5549203875 0.8779668296875001 0.56138829375 0.8751051734375 0.5743241078125 0.8693818656250001 0.5578597078125 0.7654297359375 0.5592210484375 0.7615396421875 0.5580855734375 0.75437053125 0.5555887562499999 0.7510915109375 0.5465049484375 0.6937386109375 0.547866290625 0.6898485187500001 0.4922279734375 0.3385620109375
0 0.5159385046875 0.276014996875 0.5130998156250001 0.25809221718750003 0.5106029984375 0.254813196875 0.5094675234375 0.247644084375 0.5108288640625 0.2437539921875 0.507990175 0.2258312125 0.5054933578125 0.222552190625 0.5068546984375 0.21866210000000003 0.504016009375 0.20073931875 0.5015191921875 0.197460296875 0.4935708609375 0.1472765125 0.4878965578125 0.1426635171875 0.4724639265625 0.14510780625 0.4711025859375 0.148997896875 0.467244428125 0.14960896875000002 0.46520241718750005 0.1554441078125 0.4697443203125 0.1841205578125 0.4722411375 0.1873995765625 0.4750798265625 0.20532235937499999 0.4737184859375 0.2092124515625 0.47621530312499993 0.21249147031249999 0.47791851718749995 0.223245140625 0.4765571765625 0.22713523124999999 0.5276535890625 0.549745290625 0.5262922484375 0.5536353828125 0.527427725 0.5608044953125 0.5304922796875 0.567668071875 0.5291309375 0.5715581640625 0.5751177109375 0.8619072171875001 0.58328883125 0.86979923125 0.600650540625 0.8670494062499999 0.6013312109375 0.8651043609375 0.6034861546875 0.8537396203125001 0.584183065625 0.731864709375 0.58554440625 0.7279746171875 0.5276351375 0.36234988281249997 0.5289964781250001 0.358459790625 0.51707398125 0.2831841109375 0.5145771640625 0.279905090625 0.5159385046875 0.276014996875
0 0.6019780515625001 0.5196010671875 0.5605331828125 0.25792846406250003 0.5618945234375 0.254038371875 0.5420236953125 0.1285789046875 0.538278471875 0.123660375 0.49776781718749996 0.13007663281249998 0.49629354374999995 0.1394963265625 0.54682221875 0.45852182968750005 0.545460878125 0.4624119203125 0.60791205 0.8567131046875 0.6091604578125 0.8583526140625001 0.62073493125 0.856519396875 0.6214156015625 0.8545743515625001 0.622096271875 0.8526293062500001 0.6491033749999999 0.8483518 0.6511453859375 0.8425166624999999 0.6034554 0.541413940625 0.604816740625 0.5375238484375 0.603681265625 0.5303547359375 0.6006167109375 0.523491159375 0.6019780515625001 0.5196010671875
0 0.6486116640625 0.4644468265625 0.6461148484375 0.46116780625000003 0.6469084515625 0.4536931578125 0.643843896875 0.44682958125 0.6452052375 0.442939490625 0.6310117890625 0.353325584375 0.6323731296874999 0.3494354921875 0.6298763125 0.346156471875 0.6270376234375 0.32823369062499996 0.6283989640625001 0.3243435984375 0.625334409375 0.317480021875 0.62669575 0.3135899296875 0.6232893234375 0.2920825921875 0.62022476875 0.28521901562499996 0.621586109375 0.2813289234375 0.606257184375 0.18454590625 0.607618525 0.1806558140625 0.6045539703125 0.1737922375 0.6053475734375 0.1663175890625 0.60171528125 0.15586945624999998 0.603076621875 0.1519793640625 0.59910245625 0.126887471875 0.5953572312500001 0.12196894062500001 0.5857118375 0.1234966203125 0.583215021875 0.12021760156250001 0.548491603125 0.12571725 0.5445205125 0.131857925 0.5609849125 0.2358100546875 0.559623571875 0.23970014687500002 0.592552371875 0.44760440625 0.5911910312499999 0.4514945 0.6439906578125 0.784858228125 0.6426293171874999 0.78874831875 0.6505776484375 0.83893210625 0.656819690625 0.8471296562499999 0.6876849515625 0.8422410796875001 0.6883656218749999 0.8402960343749999 0.6981239484375 0.8332387499999999 0.6995982203125 0.82381905625 0.684837034375 0.73062059375 0.6861983765625 0.726730503125 0.664056596875 0.586932809375 0.6654179375 0.5830427171875 0.6472503234375 0.4683369203125 0.6486116640625 0.4644468265625
0 0.77596161875 0.7566071265625001 0.777322959375 0.7527170328125 0.7659682015625 0.681025909375 0.7673295421875 0.6771358171874999 0.7508651421875 0.5731836859375 0.7522264828125 0.5692935953125 0.736897559375 0.47251057812499997 0.7382589 0.468620484375 0.7234977140625001 0.375422025 0.7248590546875 0.37153193125 0.7089623921875 0.27116435625 0.7103237328125 0.267274265625 0.7078269171875 0.26399524531249996 0.706691440625 0.2568261328125 0.7080527812499999 0.25293604062499997 0.6932915953125 0.159737578125 0.6876172921875 0.155124584375 0.620099534375 0.165818346875 0.6156736390625 0.16284486250000002 0.614312296875 0.16673495625 0.6085250609374999 0.16765156406249998 0.6070507875 0.1770712578125 0.6101153421875 0.183934834375 0.6135217703125 0.205442171875 0.6121604296875 0.2093322640625 0.634869946875 0.3527145125 0.63350860625 0.3566046046875 0.6425924125 0.41395750312499996 0.641231071875 0.417847596875 0.6442956265625 0.42471117343750003 0.6429342859375 0.4286012640625 0.6599664234375 0.5361379515625 0.6586050828125 0.54002804375 0.6756372203125001 0.6475647296875 0.6742758796875 0.651454821875 0.697553134375 0.7984216265625 0.69619179375 0.8023117187500001 0.6995982203125 0.82381905625 0.7058402625 0.8320166062500001 0.7102661578125 0.8349900890624999 0.7160533953125 0.8340734812499999 0.7185502109375 0.8373525031250001 0.7359119203125 0.834602678125 0.736592590625 0.8326576328125 0.7372732609375 0.8307125843750001 0.7642803640625 0.8264350796875 0.7656417046875 0.8225449875 0.77914525625 0.8204062359375 0.782548609375 0.8106810046874999 0.7808453953125001 0.7999273375 0.7822067359375 0.7960372437500001 0.77596161875 0.7566071265625001
0 0.8119119171875001 0.5341190109375 0.8132732578124999 0.53022891875 0.8030539750000001 0.46570690625 0.8044153171874999 0.46181681562500004 0.7896541296875 0.368618353125 0.791015471875 0.3647282625 0.7779574984375001 0.28228346875 0.779318840625 0.2783933765625 0.763422178125 0.178025803125 0.7647835187500001 0.174135709375 0.7556997125 0.11678281093750001 0.7519544859375 0.11186428125 0.69794028125 0.12041929062500001 0.69260785 0.13045005625 0.714181890625 0.26666319375 0.71282055 0.270553284375 0.7158851046875 0.2774168609375 0.7150915015625 0.284891509375 0.73780101875 0.428273759375 0.736439678125 0.43216384999999996 0.7512008640625 0.5253623125 0.7498395234374999 0.5292524046875 0.7702780890625001 0.6582964265625 0.7689167484375 0.6621865203125 0.7814069828125 0.74104675625 0.780045640625 0.7449368484375001 0.7908326625 0.813043415625 0.7970747031250001 0.8212409671875 0.8059264953125 0.8271879343749999 0.8232882046875 0.8244381109375001 0.8239688749999999 0.8224930640625001 0.8246495453125 0.8205480187499999 0.8458694109374999 0.8171871218750001 0.8512018421875001 0.8071563562499999 0.8398470843749999 0.7354652296874999 0.8412084249999999 0.7315751390624999 0.8270149765625 0.641961234375 0.8283763171875 0.6380711406249999 0.8119119171875001 0.5341190109375
0 0.9287921203125 0.5229559593750001 0.9117599828125 0.415419275 0.9092631656249999 0.412140253125 0.892798765625 0.3081881234375 0.8903019499999999 0.304909103125 0.8778117156249999 0.226048865625 0.8753148984375001 0.22276984687499998 0.8616891875 0.1367404984375 0.859192371875 0.13346147656250001 0.8569214203125 0.11912325312500001 0.8531761953125001 0.114204721875 0.8261690921874999 0.1184822265625 0.8248077500000001 0.12237231875000001 0.8093751203125 0.1248166078125 0.8080137796875 0.1287067 0.79643930625 0.1305399171875 0.795077965625 0.1344300078125 0.785432571875 0.1359576890625 0.78407123125 0.13984778125 0.7724967578124999 0.14168099843749998 0.7711354171875 0.145571090625 0.76534818125 0.1464876984375 0.7625125671874999 0.1597974859375 0.769325421875 0.20281216093749999 0.7755674640625 0.21100971093749998 0.779425621875 0.21039863906249998 0.7863483328124999 0.21665114062500002 0.8017809640625 0.214206853125 0.809952084375 0.2220988671875 0.8150617265625 0.2543598734375 0.8137003843749999 0.2582499671875 0.82505514375 0.329941090625 0.8236938031250001 0.3338311828125 0.8390227265625001 0.43061420000000006 0.8376613859375001 0.4345042921875 0.8507193578125 0.5169490859375 0.8493580171874999 0.5208391765625 0.8567386109375 0.567438409375 0.8553772703125 0.5713285 0.8684352421874999 0.65377329375 0.8670739015625 0.6576633859375 0.8778609218750001 0.725769953125 0.881606146875 0.730688484375 0.8923870171875 0.7363299171875 0.89738065 0.7428879562499999 0.903735625 0.7455559046875 0.9087292578125 0.7521139453125001 0.9125874156249999 0.7515028734375 0.9150842328125 0.7547818921875 0.92087146875 0.753865284375 0.9258651015625 0.760423325 0.929723259375 0.759812253125 0.9322200765625 0.7630912734375 0.9457236281249999 0.760952521875 0.9464042984375001 0.7590074734375001 0.9470849687499999 0.757062428125 0.9605885203125 0.754923675 0.9619498609375 0.751033584375 0.96841776875 0.7481719296875 0.9513856296875 0.64063524375 0.9488888140625 0.637356221875 0.9312889375 0.5262349796875 0.9287921203125 0.5229559593750001
0 0.954547740625 0.48580637656250003 0.9520509234375 0.48252735781249995 0.937857475 0.3929134515625 0.9353606578125 0.38963443125 0.928547803125 0.3466197578125 0.9260509875 0.3433407375 0.9220768218750001 0.31824884375 0.9195800046875 0.3149698234375 0.9209413453125 0.31107973125 0.9112897999999999 0.2501422765625 0.908792984375 0.24686325468749998 0.9002769140625 0.1930949125 0.8977800984375 0.18981589062499998 0.8991414390625 0.1859258 0.8951672734375 0.16083390625 0.89267045625 0.1575548859375 0.8892640296875 0.1360475484375 0.8830219874999999 0.1278499984375 0.8753056718750001 0.12907214218750002 0.87394433125 0.13296223437500002 0.8662280156250001 0.134184378125 0.8622569265625 0.14032505312500002 0.873611684375 0.2120161765625 0.8761085015625 0.2152951984375 0.8863277843749999 0.279817209375 0.8888246015625001 0.28309622968750003 0.9058567390625001 0.390632915625 0.9083535546875 0.39391193593749996 0.9225470031249999 0.48352584062500004 0.9250438203125 0.4868048625 0.9449146484375 0.612264328125 0.9474114640625 0.61554335 0.9581984859375 0.6836499171875 0.9606953015625 0.6869289375000001 0.9623985156250001 0.6976826046875 0.9610371750000001 0.7015726984375 0.9627403890625 0.7123263671875 0.9652372046875 0.7156053859375 0.965011340625 0.7266645921875 0.9680758953125 0.73352816875 0.9667145546875 0.7374182609375 0.974885675 0.745310275 0.9941764624999999 0.7422549140625 0.9948571328125 0.74030986875 0.9995088937500001 0.7322241468749999 0.9926960390625 0.689209471875 0.990199221875 0.685930453125 0.9788444625 0.614239328125 0.976347646875 0.6109603078125 0.9672638390625 0.553607409375 0.9647670234374999 0.5503283890625 0.954547740625 0.48580637656250003
0 0.8453838515625 0.49574728281249997 0.8467451921875 0.4918571921875 0.8365259109375 0.42733518125 0.8378872515625 0.42344508750000004 0.8248292781250001 0.3410002953125 0.8261906187499999 0.337110203125 0.813132646875 0.254665409375 0.8144939875 0.2507753171875 0.809952084375 0.2220988671875 0.806206859375 0.21718033750000001 0.7811288359375 0.22115230624999999 0.7804481640625001 0.223097353125 0.781583640625 0.23026646562500003 0.7840804578125 0.233545484375 0.785783671875 0.24429915468750002 0.7844223296874999 0.2481892453125 0.7963448265624999 0.3234649265625 0.7949834859375 0.32735501875 0.8052027687500001 0.39187703125 0.803841428125 0.39576712187499996 0.8163316625 0.474627359375 0.814970321875 0.47851745156250003 0.8263250796875001 0.550208575 0.8249637390625001 0.5540986671875 0.83858945 0.6401280171875 0.8372281078125001 0.6440181093749999 0.8485828671875 0.7157092328125 0.8472215265624999 0.7195993265625 0.85346664375 0.7590294453124999 0.8597086859375 0.7672269953125 0.8770703937500001 0.7644771703125001 0.8777510656249999 0.762532125 0.881041484375 0.7583364953125 0.8782027953125 0.740413715625 0.8795641359375 0.736523621875 0.86480295 0.643325159375 0.866164290625 0.63943506875 0.8531063171875 0.556990275 0.8544676593749999 0.5531001828125001 0.8453838515625 0.49574728281249997
0 0.8189444874999999 0.5036093453125 0.820305828125 0.499719253125 0.8095188078125 0.4316126859375 0.8108801484375 0.4277225921875 0.7995253890625 0.35603146875 0.8008867296875 0.3521413765625 0.78612554375 0.25894291406250003 0.787486884375 0.2550528234375 0.7812417671875 0.21562270312499998 0.7774965421875 0.210704175 0.77170930625 0.2116207828125 0.7696672953125 0.2174559203125 0.7815897921875 0.2927316015625 0.78022845 0.2966216921875 0.7944218984375 0.3862355984375 0.7930605578125001 0.390125690625 0.80725400625 0.479739596875 0.805892665625 0.4836296875 0.8183828999999999 0.5624899234375 0.8170215593749999 0.5663800171875 0.83064726875 0.652409365625 0.8292859281249999 0.6562994578125 0.8434793765625 0.7459133640625 0.8421180359375 0.74980345625 0.8466599390624999 0.7784799062500001 0.8479083468749999 0.780119415625 0.8543762546875 0.7772577625 0.8557375953124999 0.77336766875 0.8494924781250001 0.73393755 0.8508538187499999 0.7300474578125 0.8400667984375 0.6619408906250001 0.8414281390625 0.6580507984375 0.8289379046875001 0.5791905625 0.8302992453125 0.57530046875 0.8189444874999999 0.5036093453125