0 0 0.8295696078124999 0.0009765625 0.8314254671875 0.00390625 0.8295696078124999 0.005859375 0.822146165625 0.005859375 0.7998758406250001 0.0078125 0.7961641203125 0.0078125 0.766470353125 0.009765625 0.7627586328125 0.009765625 0.710794540625 0.01171875 0.70708281875 0.01171875 0.6699656109375 0.013671875 0.666253890625 0.013671875 0.632848403125 0.015625 0.6291366828125 0.015625 0.5883077531249999 0.017578125 0.5845960328124999 0.017578125 0.5511905453125 0.01953125 0.5474788234375 0.01953125 0.499226453125 0.021484375 0.49551473125 0.021484375 0.465820965625 0.0234375 0.46210924531249997 0.0234375 0.4361271984375 0.025390625 0.432415478125 0.025390625 0.41756859375 0.02734375 0.4138568734375 0.02734375 0.387874828125 0.029296875 0.38416310625 0.029296875 0.32848729374999996 0.03125 0.3247755734375 0.03125 0.3136404109375 0.033203125 0.30992868906250004 0.033203125 0.276523203125 0.03515625 0.27281148125 0.03515625 0.22827083125 0.037109375 0.22455911093749997 0.037109375 0.2022887859375 0.0390625 0.1985770640625 0.0390625 0.1688832984375 0.041015625 0.165171578125 0.041015625 0.1429012515625 0.0341796875 0.1299102296875 0.0146484375 0.111351625 0.0009765625 0.111351625 0 0.1132074859375 0 0.8295696078124999
0 0.068359375 0.7330648656250001 0.0703125 0.7293531453125001 0.0703125 0.6848124953125 0.072265625 0.6811007734375 0.072265625 0.6551187281249999 0.07421875 0.6514070078125 0.07421875 0.6254249609375 0.076171875 0.621713240625 0.076171875 0.5734608703124999 0.078125 0.5697491484375 0.078125 0.532631940625 0.080078125 0.52892021875 0.080078125 0.5140733359375 0.08203125 0.510361615625 0.08203125 0.454685803125 0.0859375 0.43983891875000003 0.0859375 0.41014515312500005 0.087890625 0.40643343125 0.0859375 0.39529826875 0.087890625 0.39158654843749996 0.087890625 0.35075761875 0.08984375 0.3470458984375 0.08984375 0.29508180624999997 0.091796875 0.2913700859375 0.091796875 0.25796459843749997 0.09375 0.254252878125 0.09375 0.1911536234375 0.095703125 0.187441903125 0.095703125 0.17259501875 0.09765625 0.1688832984375 0.09765625 0.1354778109375 0.0966796875 0.13362195 0.0771484375 0.13362195 0.0751953125 0.1299102296875 0.0712890625 0.1299102296875 0.0693359375 0.13362195 0.0654296875 0.1299102296875 0.0556640625 0.1299102296875 0.0537109375 0.13362195 0.0439453125 0.13362195 0.041015625 0.13918953125 0.041015625 0.15774813593749998 0.0390625 0.16145985624999998 0.0390625 0.19486534375 0.037109375 0.1985770640625 0.037109375 0.25054115625 0.03515625 0.254252878125 0.03515625 0.29508180624999997 0.033203125 0.298793528125 0.033203125 0.3136404109375 0.03125 0.31735213125 0.03125 0.36560450312500004 0.029296875 0.3693162234375 0.029296875 0.4138568734375 0.025390625 0.42128031562499996 0.025390625 0.42870375625 0.0234375 0.432415478125 0.0234375 0.443550640625 0.021484375 0.4472623609375 0.021484375 0.476956128125 0.017578125 0.48066784843750004 0.017578125 0.488091290625 0.021484375 0.499226453125 0.017578125 0.5066498937499999 0.017578125 0.5252084984375001 0.01953125 0.52892021875 0.017578125 0.5363436609375001 0.017578125 0.5474788234375 0.01953125 0.5511905453125 0.01953125 0.5623257078125 0.017578125 0.566037428125 0.017578125 0.59573119375 0.015625 0.599442915625 0.015625 0.666253890625 0.013671875 0.6699656109375 0.013671875 0.710794540625 0.01171875 0.7145062609374999 0.01171875 0.7404883078125 0.009765625 0.7442000281250001 0.009765625 0.7813172359375 0.0078125 0.7850289578125 0.0078125 0.8258578859375 0.0087890625 0.827713746875 0.0126953125 0.827713746875 0.0146484375 0.8314254671875 0.0458984375 0.8314254671875 0.0478515625 0.8351371890625 0.0595703125 0.8351371890625 0.060546875 0.8332813281250001 0.06640625 0.8110110031250001 0.06640625 0.766470353125 0.068359375 0.7627586328125 0.068359375 0.7330648656250001
0 0.107421875 0.7924523984375 0.109375 0.788740678125 0.109375 0.74791175 0.111328125 0.7442000281250001 0.111328125 0.70708281875 0.11328125 0.7033710984375 0.11328125 0.6699656109375 0.115234375 0.666253890625 0.115234375 0.6365601234375 0.1171875 0.632848403125 0.1171875 0.5845960328124999 0.119140625 0.5808843109375 0.119140625 0.5400553828125 0.12109375 0.5363436609375001 0.12109375 0.5066498937499999 0.123046875 0.5029381734375 0.123046875 0.4695326859375 0.125 0.465820965625 0.125 0.432415478125 0.126953125 0.42870375625 0.126953125 0.39158654843749996 0.12890625 0.387874828125 0.12890625 0.35075761875 0.130859375 0.3470458984375 0.130859375 0.3136404109375 0.1328125 0.30992868906250004 0.1328125 0.276523203125 0.134765625 0.27281148125 0.134765625 0.2356942734375 0.13671875 0.23198255156249997 0.13671875 0.1985770640625 0.138671875 0.19486534375 0.138671875 0.16145985624999998 0.140625 0.15774813593749998 0.140625 0.12805436875 0.142578125 0.12434264843750001 0.142578125 0.10578404374999999 0.1396484375 0.1039281828125 0.1357421875 0.0965047421875 0.1318359375 0.0965047421875 0.1240234375 0.0890813 0.1064453125 0.0890813 0.1015625 0.10207232343749999 0.1015625 0.12805436875 0.099609375 0.1317660890625 0.099609375 0.16145985624999998 0.09765625 0.165171578125 0.09765625 0.19486534375 0.095703125 0.1985770640625 0.095703125 0.2356942734375 0.09375 0.23940599375 0.09375 0.29508180624999997 0.091796875 0.298793528125 0.091796875 0.3247755734375 0.08984375 0.32848729374999996 0.08984375 0.37302794375000004 0.087890625 0.376739665625 0.087890625 0.39900999062500003 0.0859375 0.4027217109375 0.0859375 0.42870375625 0.083984375 0.432415478125 0.083984375 0.4583975234375 0.08203125 0.46210924531249997 0.08203125 0.5177850562499999 0.080078125 0.5214967781250001 0.080078125 0.5511905453125 0.078125 0.554902265625 0.078125 0.5845960328124999 0.076171875 0.5883077531249999 0.076171875 0.6254249609375 0.07421875 0.6291366828125 0.07421875 0.6699656109375 0.072265625 0.6736773328125001 0.072265625 0.7033710984375 0.0703125 0.70708281875 0.0703125 0.7404883078125 0.068359375 0.7442000281250001 0.068359375 0.7850289578125 0.06640625 0.788740678125 0.06640625 0.8258578859375 0.064453125 0.8295696078124999 0.064453125 0.8332813281250001 0.0673828125 0.838848909375 0.0830078125 0.838848909375 0.0849609375 0.8425606296874999 0.1005859375 0.8425606296874999 0.1015625 0.8407047703125 0.10546875 0.83699305 0.10546875 0.8295696078124999 0.107421875 0.8258578859375 0.107421875 0.7924523984375
0 0.166015625 0.7293531453125001 0.16796875 0.7256414234374999 0.16796875 0.688524215625 0.169921875 0.6848124953125 0.169921875 0.621713240625 0.171875 0.61800151875 0.171875 0.5808843109375 0.173828125 0.577172590625 0.173828125 0.543767103125 0.17578125 0.5400553828125 0.17578125 0.454685803125 0.177734375 0.45097408281250007 0.177734375 0.40643343125 0.1796875 0.4027217109375 0.1796875 0.36560450312500004 0.181640625 0.3618927828125 0.181640625 0.31735213125 0.18359375 0.3136404109375 0.18359375 0.276523203125 0.185546875 0.27281148125 0.185546875 0.22827083125 0.1875 0.22455911093749997 0.1875 0.18373018125 0.189453125 0.1800184609375 0.189453125 0.1317660890625 0.1845703125 0.126198509375 0.1708984375 0.126198509375 0.1689453125 0.1224867875 0.1435546875 0.1224867875 0.142578125 0.1317660890625 0.140625 0.1354778109375 0.140625 0.1800184609375 0.138671875 0.18373018125 0.138671875 0.2208473890625 0.13671875 0.22455911093749997 0.13671875 0.25796459843749997 0.134765625 0.26167631875 0.134765625 0.29508180624999997 0.1328125 0.298793528125 0.1328125 0.343334178125 0.130859375 0.3470458984375 0.130859375 0.376739665625 0.12890625 0.3804513859375 0.12890625 0.41756859375 0.126953125 0.42128031562499996 0.126953125 0.45097408281250007 0.125 0.454685803125 0.125 0.49180301093749995 0.123046875 0.49551473125 0.123046875 0.52892021875 0.12109375 0.532631940625 0.12109375 0.566037428125 0.119140625 0.5697491484375 0.119140625 0.6068663562500001 0.1171875 0.610578078125 0.1171875 0.6551187281249999 0.115234375 0.6588304484374999 0.115234375 0.688524215625 0.11328125 0.6922359359375 0.11328125 0.7256414234374999 0.111328125 0.7293531453125001 0.111328125 0.7627586328125 0.109375 0.766470353125 0.109375 0.8072992828125001 0.107421875 0.8110110031250001 0.107421875 0.83699305 0.1103515625 0.8425606296874999 0.1591796875 0.8425606296874999 0.16015625 0.8407047703125 0.1640625 0.8332813281250001 0.1640625 0.8110110031250001 0.166015625 0.8072992828125001 0.166015625 0.7293531453125001
0 0.212890625 0.7182179828125 0.21484375 0.7145062609374999 0.21484375 0.6736773328125001 0.216796875 0.6699656109375 0.216796875 0.6068663562500001 0.21875 0.6031546359375 0.21875 0.554902265625 0.220703125 0.5511905453125 0.220703125 0.5029381734375 0.22265625 0.499226453125 0.22265625 0.432415478125 0.224609375 0.42870375625 0.224609375 0.39529826875 0.2265625 0.39158654843749996 0.2265625 0.343334178125 0.228515625 0.33962245625 0.228515625 0.29508180624999997 0.23046875 0.2913700859375 0.23046875 0.254252878125 0.232421875 0.25054115625 0.232421875 0.20600050625000002 0.234375 0.2022887859375 0.234375 0.165171578125 0.236328125 0.16145985624999998 0.236328125 0.12805436875 0.240234375 0.11691920625 0.240234375 0.10949576406249999 0.2314453125 0.0965047421875 0.1962890625 0.0965047421875 0.193359375 0.10207232343749999 0.193359375 0.1206309265625 0.19140625 0.12434264843750001 0.19140625 0.15403641562499998 0.189453125 0.15774813593749998 0.19140625 0.1688832984375 0.189453125 0.17259501875 0.189453125 0.2134239484375 0.1875 0.21713566874999998 0.1875 0.2690997609375 0.185546875 0.27281148125 0.185546875 0.30992868906250004 0.18359375 0.3136404109375 0.18359375 0.3581810609375 0.181640625 0.3618927828125 0.181640625 0.39900999062500003 0.1796875 0.4027217109375 0.1796875 0.454685803125 0.177734375 0.4583975234375 0.177734375 0.5214967781250001 0.17578125 0.5252084984375001 0.17578125 0.577172590625 0.173828125 0.5808843109375 0.173828125 0.61800151875 0.171875 0.621713240625 0.171875 0.6625421703125001 0.169921875 0.666253890625 0.169921875 0.721929703125 0.16796875 0.7256414234374999 0.16796875 0.7813172359375 0.166015625 0.7850289578125 0.166015625 0.822146165625 0.1640625 0.8258578859375 0.1640625 0.83699305 0.1708984375 0.8462723515624999 0.2080078125 0.8462723515624999 0.208984375 0.844416490625 0.2109375 0.8407047703125 0.2109375 0.822146165625 0.212890625 0.8184344453125 0.212890625 0.7182179828125
0 0.263671875 0.699659378125 0.263671875 0.632848403125 0.265625 0.6291366828125 0.265625 0.5474788234375 0.267578125 0.543767103125 0.267578125 0.48066784843750004 0.26953125 0.476956128125 0.267578125 0.4732444078125 0.267578125 0.465820965625 0.26953125 0.46210924531249997 0.26953125 0.4027217109375 0.271484375 0.39900999062500003 0.271484375 0.31735213125 0.2734375 0.3136404109375 0.2734375 0.23940599375 0.275390625 0.2356942734375 0.275390625 0.17259501875 0.27734375 0.1688832984375 0.27734375 0.12805436875 0.2724609375 0.1187750671875 0.2392578125 0.1187750671875 0.23828125 0.1354778109375 0.236328125 0.13918953125 0.236328125 0.17259501875 0.234375 0.176306740625 0.234375 0.23198255156249997 0.232421875 0.2356942734375 0.232421875 0.2913700859375 0.23046875 0.29508180624999997 0.23046875 0.32848729374999996 0.228515625 0.332199015625 0.228515625 0.37302794375000004 0.2265625 0.376739665625 0.2265625 0.41756859375 0.224609375 0.42128031562499996 0.224609375 0.4732444078125 0.22265625 0.476956128125 0.22265625 0.5252084984375001 0.220703125 0.52892021875 0.220703125 0.5845960328124999 0.21875 0.5883077531249999 0.21875 0.6588304484374999 0.216796875 0.6625421703125001 0.216796875 0.7182179828125 0.21484375 0.721929703125 0.21484375 0.777605515625 0.212890625 0.7813172359375 0.212890625 0.8407047703125 0.2177734375 0.8462723515624999 0.2587890625 0.8462723515624999 0.259765625 0.844416490625 0.259765625 0.788740678125 0.26171875 0.7850289578125 0.26171875 0.7033710984375 0.263671875 0.699659378125
0 0.283203125 0.7590469125 0.28515625 0.755335190625 0.28515625 0.699659378125 0.287109375 0.6959476578125 0.287109375 0.61800151875 0.2890625 0.6142897984375 0.2890625 0.5511905453125 0.291015625 0.5474788234375 0.291015625 0.454685803125 0.29296875 0.45097408281250007 0.291015625 0.443550640625 0.29296875 0.43983891875000003 0.29296875 0.3693162234375 0.294921875 0.36560450312500004 0.294921875 0.254252878125 0.296875 0.25054115625 0.296875 0.16145985624999998 0.298828125 0.15774813593749998 0.296875 0.15032469375 0.296875 0.1206309265625 0.298828125 0.11691920625 0.298828125 0.10949576406249999 0.2958984375 0.1002164625 0.2802734375 0.1002164625 0.279296875 0.10207232343749999 0.279296875 0.1429012515625 0.27734375 0.1466129734375 0.27734375 0.1985770640625 0.275390625 0.2022887859375 0.275390625 0.265388040625 0.2734375 0.2690997609375 0.2734375 0.35075761875 0.271484375 0.354469340625 0.271484375 0.4249920359375 0.26953125 0.42870375625 0.26953125 0.5029381734375 0.267578125 0.5066498937499999 0.267578125 0.5808843109375 0.265625 0.5845960328124999 0.265625 0.6439835656249999 0.263671875 0.6476952859375 0.263671875 0.7145062609374999 0.26171875 0.7182179828125 0.26171875 0.7998758406250001 0.259765625 0.8035875609375 0.259765625 0.8481282125 0.2607421875 0.849984071875 0.2783203125 0.849984071875 0.279296875 0.8481282125 0.28125 0.844416490625 0.28125 0.8147227234375001 0.283203125 0.8110110031250001 0.283203125 0.7590469125
0 0.310546875 0.6848124953125 0.3125 0.6811007734375 0.3125 0.5845960328124999 0.314453125 0.5808843109375 0.314453125 0.49180301093749995 0.31640625 0.488091290625 0.31640625 0.41014515312500005 0.318359375 0.40643343125 0.318359375 0.33962245625 0.3203125 0.3359107359375 0.3203125 0.2208473890625 0.322265625 0.21713566874999998 0.3203125 0.2134239484375 0.322265625 0.2097122265625 0.322265625 0.1354778109375 0.32421875 0.1317660890625 0.32421875 0.0909371609375 0.3173828125 0.0816578578125 0.3095703125 0.0816578578125 0.3076171875 0.0779461375 0.30078125 0.08351371875 0.30078125 0.15032469375 0.298828125 0.15403641562499998 0.298828125 0.25054115625 0.296875 0.254252878125 0.296875 0.343334178125 0.294921875 0.3470458984375 0.294921875 0.432415478125 0.29296875 0.4361271984375 0.294921875 0.43983891875000003 0.29296875 0.443550640625 0.29296875 0.5400553828125 0.291015625 0.543767103125 0.291015625 0.610578078125 0.2890625 0.6142897984375 0.2890625 0.6848124953125 0.287109375 0.688524215625 0.287109375 0.7516234703125 0.28515625 0.755335190625 0.28515625 0.8184344453125 0.283203125 0.822146165625 0.283203125 0.8518399328124999 0.2841796875 0.8536957921875 0.3056640625 0.8536957921875 0.306640625 0.8518399328124999 0.30859375 0.844416490625 0.30859375 0.7850289578125 0.310546875 0.7813172359375 0.310546875 0.6848124953125
0 0.34375 0.7924523984375 0.345703125 0.788740678125 0.345703125 0.7033710984375 0.34765625 0.699659378125 0.34765625 0.610578078125 0.349609375 0.6068663562500001 0.349609375 0.52892021875 0.3515625 0.5252084984375001 0.3515625 0.38416310625 0.353515625 0.3804513859375 0.3515625 0.376739665625 0.353515625 0.3693162234375 0.3515625 0.3618927828125 0.353515625 0.3581810609375 0.353515625 0.3210638515625 0.3515625 0.3136404109375 0.353515625 0.30992868906250004 0.353515625 0.17259501875 0.35546875 0.1688832984375 0.35546875 0.0872254390625 0.3505859375 0.0779461375 0.3447265625 0.0779461375 0.3427734375 0.0742344171875 0.3291015625 0.0742344171875 0.326171875 0.0798019984375 0.326171875 0.12434264843750001 0.32421875 0.12805436875 0.32421875 0.17259501875 0.322265625 0.176306740625 0.322265625 0.2468294359375 0.3203125 0.25054115625 0.3203125 0.354469340625 0.318359375 0.3581810609375 0.318359375 0.443550640625 0.31640625 0.4472623609375 0.31640625 0.532631940625 0.314453125 0.5363436609375001 0.314453125 0.632848403125 0.3125 0.6365601234375 0.314453125 0.6402718453125 0.3125 0.6439835656249999 0.3125 0.7293531453125001 0.310546875 0.7330648656250001 0.310546875 0.7404883078125 0.3125 0.7442000281250001 0.3125 0.7627586328125 0.310546875 0.766470353125 0.310546875 0.8332813281250001 0.30859375 0.83699305 0.30859375 0.8518399328124999 0.3115234375 0.8574075140625 0.3369140625 0.8574075140625 0.337890625 0.8555516531249999 0.341796875 0.8518399328124999 0.341796875 0.83699305 0.34375 0.8332813281250001 0.34375 0.7924523984375
0 0.380859375 0.6625421703125001 0.3828125 0.6588304484374999 0.380859375 0.6514070078125 0.380859375 0.6439835656249999 0.3828125 0.6402718453125 0.3828125 0.5623257078125 0.384765625 0.5586139859375 0.384765625 0.4249920359375 0.38671875 0.42128031562499996 0.38671875 0.298793528125 0.388671875 0.29508180624999997 0.388671875 0.10578404374999999 0.38671875 0.10207232343749999 0.38671875 0.0909371609375 0.3818359375 0.0853695796875 0.3603515625 0.0853695796875 0.359375 0.0872254390625 0.359375 0.1354778109375 0.357421875 0.13918953125 0.357421875 0.2356942734375 0.35546875 0.23940599375 0.35546875 0.39158654843749996 0.353515625 0.39529826875 0.353515625 0.42128031562499996 0.35546875 0.4249920359375 0.353515625 0.42870375625 0.353515625 0.49180301093749995 0.3515625 0.49551473125 0.3515625 0.6291366828125 0.349609375 0.632848403125 0.349609375 0.710794540625 0.34765625 0.7145062609374999 0.34765625 0.8184344453125 0.345703125 0.822146165625 0.345703125 0.8518399328124999 0.3486328125 0.8574075140625 0.3740234375 0.8574075140625 0.375 0.8555516531249999 0.37890625 0.8518399328124999 0.37890625 0.8295696078124999 0.380859375 0.8258578859375 0.380859375 0.6625421703125001
0 0.423828125 0.6848124953125 0.423828125 0.5920194734375 0.42578125 0.5883077531249999 0.42578125 0.5623257078125 0.423828125 0.5586139859375 0.423828125 0.5363436609375001 0.42578125 0.532631940625 0.42578125 0.387874828125 0.427734375 0.38416310625 0.427734375 0.1206309265625 0.4296875 0.1132074859375 0.4228515625 0.1002164625 0.4052734375 0.1002164625 0.4033203125 0.1039281828125 0.3935546875 0.1039281828125 0.390625 0.1132074859375 0.390625 0.28394664375 0.388671875 0.28765836562499997 0.388671875 0.443550640625 0.38671875 0.4472623609375 0.38671875 0.59573119375 0.384765625 0.599442915625 0.384765625 0.74791175 0.3828125 0.7516234703125 0.3828125 0.8481282125 0.3857421875 0.8536957921875 0.4189453125 0.8536957921875 0.419921875 0.8518399328124999 0.419921875 0.8332813281250001 0.421875 0.8295696078124999 0.421875 0.688524215625 0.423828125 0.6848124953125
0 0.451171875 0.7033710984375 0.453125 0.699659378125 0.453125 0.566037428125 0.455078125 0.5623257078125 0.453125 0.5586139859375 0.453125 0.5511905453125 0.455078125 0.5474788234375 0.455078125 0.4249920359375 0.45703125 0.42128031562499996 0.455078125 0.4138568734375 0.455078125 0.40643343125 0.45703125 0.4027217109375 0.45703125 0.1911536234375 0.458984375 0.187441903125 0.45703125 0.1688832984375 0.458984375 0.165171578125 0.458984375 0.12805436875 0.4560546875 0.1187750671875 0.4462890625 0.1187750671875 0.4443359375 0.115063346875 0.4345703125 0.115063346875 0.4296875 0.12434264843750001 0.4296875 0.1429012515625 0.431640625 0.1466129734375 0.4296875 0.15032469375 0.4296875 0.187441903125 0.431640625 0.1911536234375 0.431640625 0.2356942734375 0.4296875 0.23940599375 0.4296875 0.42128031562499996 0.427734375 0.4249920359375 0.427734375 0.554902265625 0.42578125 0.5586139859375 0.42578125 0.6699656109375 0.423828125 0.6736773328125001 0.42578125 0.677389053125 0.423828125 0.6811007734375 0.423828125 0.8072992828125001 0.421875 0.8110110031250001 0.421875 0.8518399328124999 0.4248046875 0.8574075140625 0.4482421875 0.8574075140625 0.44921875 0.8555516531249999 0.453125 0.8481282125 0.453125 0.7145062609374999 0.451171875 0.710794540625 0.451171875 0.7033710984375
0 0.48828125 0.7998758406250001 0.48828125 0.788740678125 0.490234375 0.7850289578125 0.490234375 0.454685803125 0.4921875 0.45097408281250007 0.490234375 0.443550640625 0.490234375 0.4361271984375 0.4921875 0.432415478125 0.4921875 0.1354778109375 0.494140625 0.1317660890625 0.494140625 0.11691920625 0.4921875 0.1132074859375 0.4921875 0.10578404374999999 0.490234375 0.09836060156250001 0.4853515625 0.0927930203125 0.4677734375 0.0927930203125 0.4638671875 0.0965047421875 0.4609375 0.10578404374999999 0.4609375 0.19486534375 0.458984375 0.1985770640625 0.458984375 0.4583975234375 0.45703125 0.46210924531249997 0.45703125 0.632848403125 0.455078125 0.6365601234375 0.455078125 0.8518399328124999 0.4580078125 0.8574075140625 0.4833984375 0.8574075140625 0.484375 0.8555516531249999 0.48828125 0.8481282125 0.48828125 0.8110110031250001 0.490234375 0.8072992828125001 0.48828125 0.7998758406250001
0 0.5234375 0.7850289578125 0.521484375 0.7813172359375 0.521484375 0.5140733359375 0.5234375 0.510361615625 0.521484375 0.5066498937499999 0.521484375 0.49180301093749995 0.5234375 0.488091290625 0.5234375 0.476956128125 0.521484375 0.4732444078125 0.521484375 0.46210924531249997 0.5234375 0.4583975234375 0.5234375 0.45097408281250007 0.521484375 0.4472623609375 0.521484375 0.42870375625 0.5234375 0.4249920359375 0.521484375 0.42128031562499996 0.521484375 0.22455911093749997 0.5234375 0.2208473890625 0.5234375 0.15403641562499998 0.521484375 0.15032469375 0.521484375 0.1354778109375 0.5126953125 0.126198509375 0.5107421875 0.1299102296875 0.4970703125 0.1299102296875 0.494140625 0.1354778109375 0.494140625 0.15774813593749998 0.4921875 0.16145985624999998 0.4921875 0.19486534375 0.494140625 0.1985770640625 0.4921875 0.2022887859375 0.4921875 0.7850289578125 0.490234375 0.788740678125 0.490234375 0.7998758406250001 0.4921875 0.8072992828125001 0.490234375 0.8110110031250001 0.490234375 0.8481282125 0.4931640625 0.8536957921875 0.4970703125 0.8536957921875 0.4990234375 0.8574075140625 0.5166015625 0.8574075140625 0.517578125 0.8555516531249999 0.521484375 0.8518399328124999 0.521484375 0.844416490625 0.5234375 0.8407047703125 0.5234375 0.7850289578125
0 0.552734375 0.7293531453125001 0.552734375 0.1206309265625 0.5478515625 0.111351625 0.5283203125 0.111351625 0.525390625 0.11691920625 0.525390625 0.30621696875 0.5234375 0.30992868906250004 0.525390625 0.3136404109375 0.525390625 0.332199015625 0.5234375 0.3359107359375 0.525390625 0.33962245625 0.525390625 0.3470458984375 0.5234375 0.35075761875 0.525390625 0.3581810609375 0.525390625 0.387874828125 0.5234375 0.39158654843749996 0.5234375 0.39900999062500003 0.525390625 0.4027217109375 0.525390625 0.45097408281250007 0.5234375 0.454685803125 0.525390625 0.4583975234375 0.525390625 0.8481282125 0.5283203125 0.8536957921875 0.5361328125 0.8536957921875 0.5380859375 0.8574075140625 0.546875 0.8555516531249999 0.5517578125 0.8536957921875 0.5546875 0.8481282125 0.5546875 0.7330648656250001 0.552734375 0.7293531453125001
0 0.591796875 0.532631940625 0.58984375 0.52892021875 0.58984375 0.12434264843750001 0.587890625 0.1206309265625 0.587890625 0.1132074859375 0.5830078125 0.1076399046875 0.5615234375 0.1076399046875 0.5576171875 0.111351625 0.5546875 0.1206309265625 0.5546875 0.8295696078124999 0.556640625 0.8332813281250001 0.556640625 0.8481282125 0.5615234375 0.8574075140625 0.5888671875 0.8574075140625 0.58984375 0.8555516531249999 0.59375 0.844416490625 0.59375 0.755335190625 0.591796875 0.7516234703125 0.591796875 0.532631940625
0 0.654296875 0.7961641203125 0.654296875 0.7404883078125 0.65625 0.7367765859375 0.654296875 0.7293531453125001 0.65625 0.721929703125 0.654296875 0.7182179828125 0.654296875 0.6551187281249999 0.65234375 0.6514070078125 0.65234375 0.5511905453125 0.650390625 0.5474788234375 0.650390625 0.39900999062500003 0.6484375 0.39529826875 0.650390625 0.39158654843749996 0.650390625 0.37302794375000004 0.6484375 0.3693162234375 0.6484375 0.15032469375 0.6435546875 0.137333671875 0.5947265625 0.137333671875 0.591796875 0.1466129734375 0.591796875 0.2356942734375 0.59375 0.23940599375 0.59375 0.2468294359375 0.591796875 0.25054115625 0.591796875 0.4472623609375 0.59375 0.45097408281250007 0.591796875 0.454685803125 0.591796875 0.465820965625 0.59375 0.4695326859375 0.59375 0.7701820734375 0.595703125 0.7738937953125 0.595703125 0.8332813281250001 0.59765625 0.83699305 0.59765625 0.8481282125 0.6005859375 0.8536957921875 0.6083984375 0.8536957921875 0.6103515625 0.8574075140625 0.6474609375 0.8574075140625 0.6484375 0.8555516531249999 0.6533203125 0.8536957921875 0.65625 0.8481282125 0.65625 0.7998758406250001 0.654296875 0.7961641203125
0 0.703125 0.755335190625 0.701171875 0.7516234703125 0.701171875 0.6476952859375 0.69921875 0.6439835656249999 0.69921875 0.554902265625 0.697265625 0.5511905453125 0.697265625 0.41756859375 0.6953125 0.4138568734375 0.6953125 0.298793528125 0.693359375 0.29508180624999997 0.693359375 0.1800184609375 0.69140625 0.176306740625 0.69140625 0.10578404374999999 0.6884765625 0.1002164625 0.6669921875 0.1002164625 0.6591796875 0.1076399046875 0.654296875 0.11691920625 0.654296875 0.16145985624999998 0.65625 0.165171578125 0.65625 0.243117715625 0.658203125 0.2468294359375 0.658203125 0.4583975234375 0.66015625 0.46210924531249997 0.66015625 0.610578078125 0.662109375 0.6142897984375 0.662109375 0.755335190625 0.6640625 0.7590469125 0.662109375 0.766470353125 0.662109375 0.8147227234375001 0.6640625 0.8184344453125 0.6640625 0.8555516531249999 0.6650390625 0.8574075140625 0.6806640625 0.8574075140625 0.6826171875 0.861119234375 0.6962890625 0.861119234375 0.697265625 0.8592633749999999 0.705078125 0.8555516531249999 0.705078125 0.7701820734375 0.703125 0.766470353125 0.703125 0.755335190625
0 0.77734375 0.788740678125 0.775390625 0.7850289578125 0.775390625 0.7256414234374999 0.7734375 0.721929703125 0.7734375 0.6439835656249999 0.771484375 0.6402718453125 0.771484375 0.5586139859375 0.76953125 0.554902265625 0.76953125 0.465820965625 0.767578125 0.46210924531249997 0.767578125 0.4027217109375 0.765625 0.39900999062500003 0.765625 0.31735213125 0.763671875 0.3136404109375 0.763671875 0.254252878125 0.76171875 0.25054115625 0.76171875 0.1800184609375 0.759765625 0.176306740625 0.76171875 0.165171578125 0.759765625 0.16145985624999998 0.759765625 0.12805436875 0.7548828125 0.115063346875 0.7021484375 0.115063346875 0.7001953125 0.1187750671875 0.6953125 0.1206309265625 0.6953125 0.2097122265625 0.697265625 0.2134239484375 0.697265625 0.30621696875 0.69921875 0.30992868906250004 0.69921875 0.43983891875000003 0.701171875 0.443550640625 0.701171875 0.5363436609375001 0.703125 0.5400553828125 0.703125 0.6439835656249999 0.705078125 0.6476952859375 0.705078125 0.721929703125 0.70703125 0.7256414234374999 0.70703125 0.7850289578125 0.708984375 0.788740678125 0.708984375 0.8184344453125 0.70703125 0.822146165625 0.70703125 0.8481282125 0.7119140625 0.8574075140625 0.7744140625 0.8574075140625 0.775390625 0.8555516531249999 0.779296875 0.8518399328124999 0.779296875 0.822146165625 0.77734375 0.8184344453125 0.77734375 0.788740678125
0 0.82421875 0.7961641203125 0.82421875 0.7330648656250001 0.822265625 0.7293531453125001 0.822265625 0.666253890625 0.8203125 0.6625421703125001 0.8203125 0.6031546359375 0.818359375 0.599442915625 0.818359375 0.5474788234375 0.81640625 0.543767103125 0.81640625 0.49180301093749995 0.814453125 0.488091290625 0.814453125 0.43983891875000003 0.8125 0.4361271984375 0.8125 0.38416310625 0.810546875 0.3804513859375 0.810546875 0.332199015625 0.80859375 0.32848729374999996 0.80859375 0.2802349234375 0.806640625 0.276523203125 0.806640625 0.22827083125 0.8046875 0.22455911093749997 0.8046875 0.176306740625 0.802734375 0.17259501875 0.802734375 0.1317660890625 0.7978515625 0.1224867875 0.7705078125 0.1224867875 0.763671875 0.1317660890625 0.763671875 0.1688832984375 0.765625 0.17259501875 0.765625 0.1800184609375 0.763671875 0.18373018125 0.765625 0.187441903125 0.765625 0.2690997609375 0.767578125 0.27281148125 0.767578125 0.36560450312500004 0.76953125 0.3693162234375 0.76953125 0.4249920359375 0.771484375 0.42870375625 0.771484375 0.4732444078125 0.7734375 0.476956128125 0.7734375 0.510361615625 0.775390625 0.5140733359375 0.7734375 0.5214967781250001 0.7734375 0.52892021875 0.775390625 0.532631940625 0.775390625 0.5474788234375 0.77734375 0.5511905453125 0.77734375 0.6514070078125 0.779296875 0.6551187281249999 0.779296875 0.74791175 0.78125 0.7516234703125 0.779296875 0.7590469125 0.779296875 0.766470353125 0.78125 0.7701820734375 0.78125 0.8295696078124999 0.783203125 0.8332813281250001 0.783203125 0.844416490625 0.7861328125 0.8536957921875 0.8251953125 0.8536957921875 0.826171875 0.8518399328124999 0.828125 0.8481282125 0.826171875 0.844416490625 0.826171875 0.7998758406250001 0.82421875 0.7961641203125
0 0.888671875 0.7961641203125 0.88671875 0.7924523984375 0.88671875 0.755335190625 0.884765625 0.7516234703125 0.884765625 0.699659378125 0.8828125 0.6959476578125 0.8828125 0.6402718453125 0.880859375 0.6365601234375 0.880859375 0.6068663562500001 0.87890625 0.6031546359375 0.87890625 0.5474788234375 0.876953125 0.543767103125 0.876953125 0.5066498937499999 0.875 0.5029381734375 0.875 0.443550640625 0.873046875 0.43983891875000003 0.873046875 0.40643343125 0.87109375 0.4027217109375 0.87109375 0.3470458984375 0.869140625 0.343334178125 0.869140625 0.298793528125 0.8671875 0.29508180624999997 0.8671875 0.254252878125 0.865234375 0.25054115625 0.865234375 0.19486534375 0.86328125 0.1911536234375 0.86328125 0.15403641562499998 0.8564453125 0.1447571125 0.8408203125 0.1447571125 0.8388671875 0.1484688328125 0.8369140625 0.1447571125 0.8251953125 0.1447571125 0.8232421875 0.1410453921875 0.8154296875 0.1410453921875 0.806640625 0.15403641562499998 0.806640625 0.16145985624999998 0.8046875 0.1688832984375 0.806640625 0.17259501875 0.806640625 0.2022887859375 0.80859375 0.20600050625000002 0.80859375 0.2356942734375 0.810546875 0.23940599375 0.810546875 0.2690997609375 0.8125 0.27281148125 0.8125 0.35075761875 0.814453125 0.354469340625 0.814453125 0.40643343125 0.81640625 0.41014515312500005 0.81640625 0.4361271984375 0.818359375 0.43983891875000003 0.818359375 0.476956128125 0.8203125 0.48066784843750004 0.8203125 0.510361615625 0.822265625 0.5140733359375 0.8203125 0.5214967781250001 0.8203125 0.52892021875 0.822265625 0.532631940625 0.822265625 0.5845960328124999 0.82421875 0.5883077531249999 0.82421875 0.6142897984375 0.826171875 0.61800151875 0.826171875 0.7145062609374999 0.828125 0.7182179828125 0.828125 0.8407047703125 0.830078125 0.8481282125 0.8349609375 0.8536957921875 0.8798828125 0.8536957921875 0.880859375 0.8518399328124999 0.8876953125 0.849984071875 0.890625 0.8407047703125 0.888671875 0.83699305 0.888671875 0.7961641203125
0 0.955078125 0.7813172359375 0.953125 0.777605515625 0.953125 0.7256414234374999 0.951171875 0.721929703125 0.951171875 0.666253890625 0.94921875 0.6625421703125001 0.94921875 0.6142897984375 0.947265625 0.610578078125 0.947265625 0.5586139859375 0.9453125 0.554902265625 0.9453125 0.5066498937499999 0.943359375 0.5029381734375 0.943359375 0.46210924531249997 0.94140625 0.4583975234375 0.94140625 0.4138568734375 0.939453125 0.41014515312500005 0.939453125 0.354469340625 0.9375 0.35075761875 0.9375 0.28394664375 0.935546875 0.2802349234375 0.935546875 0.23198255156249997 0.93359375 0.22827083125 0.93359375 0.15403641562499998 0.9306640625 0.1484688328125 0.8974609375 0.1484688328125 0.8955078125 0.1447571125 0.8935546875 0.1484688328125 0.8916015625 0.1447571125 0.8759765625 0.1447571125 0.8740234375 0.1484688328125 0.8701171875 0.1484688328125 0.865234375 0.15774813593749998 0.865234375 0.1800184609375 0.8671875 0.18373018125 0.8671875 0.26167631875 0.869140625 0.265388040625 0.869140625 0.31735213125 0.87109375 0.3210638515625 0.87109375 0.37302794375000004 0.873046875 0.376739665625 0.873046875 0.41756859375 0.875 0.42128031562499996 0.875 0.454685803125 0.876953125 0.4583975234375 0.876953125 0.5029381734375 0.87890625 0.5066498937499999 0.87890625 0.5400553828125 0.880859375 0.543767103125 0.87890625 0.554902265625 0.880859375 0.5586139859375 0.880859375 0.599442915625 0.8828125 0.6031546359375 0.8828125 0.6291366828125 0.884765625 0.632848403125 0.884765625 0.688524215625 0.88671875 0.6922359359375 0.88671875 0.74791175 0.888671875 0.7516234703125 0.88671875 0.755335190625 0.88671875 0.7627586328125 0.888671875 0.766470353125 0.888671875 0.8147227234375001 0.890625 0.8184344453125 0.890625 0.844416490625 0.8935546875 0.849984071875 0.9033203125 0.849984071875 0.9052734375 0.8536957921875 0.9541015625 0.8536957921875 0.955078125 0.8518399328124999 0.95703125 0.8481282125 0.95703125 0.8332813281250001 0.955078125 0.8295696078124999 0.955078125 0.7813172359375
0 1 0.1429012515625 0.9990234375 0.1410453921875 0.9697265625 0.1410453921875 0.9677734375 0.1447571125 0.9482421875 0.1447571125 0.935546875 0.16145985624999998 0.935546875 0.2468294359375 0.9375 0.25054115625 0.9375 0.30621696875 0.939453125 0.30992868906250004 0.939453125 0.36560450312500004 0.94140625 0.3693162234375 0.94140625 0.41756859375 0.943359375 0.42128031562499996 0.943359375 0.476956128125 0.9453125 0.48066784843750004 0.9453125 0.5177850562499999 0.947265625 0.5214967781250001 0.947265625 0.5734608703124999 0.94921875 0.577172590625 0.94921875 0.6291366828125 0.951171875 0.632848403125 0.951171875 0.6811007734375 0.953125 0.6848124953125 0.953125 0.7404883078125 0.955078125 0.7442000281250001 0.955078125 0.7961641203125 0.95703125 0.7998758406250001 0.95703125 0.8407047703125 0.9599609375 0.8462723515624999 0.9638671875 0.8462723515624999 0.9658203125 0.849984071875 0.9990234375 0.849984071875 1 0.8481282125 1 0.1429012515625