0 0.051827604687499994 0.45644662656249996 0.049781778124999995 0.48372431406249994 0.2632296765625 0.49099836406249997 0.2645935625 0.4655391890625 0.051827604687499994 0.45644662656249996
0 0.0525095484375 0.427350428125 0.0511456625 0.45462811406250003 0.2632296765625 0.4637206765625 0.2645935625 0.43644299062499997 0.0525095484375 0.427350428125
0 0.055237315625000005 0.39461720312500004 0.0545553734375 0.425531915625 0.2632296765625 0.43462447812500005 0.2625477359375 0.4028005078125 0.055237315625000005 0.39461720312500004
0 0.057965084374999996 0.36552100468750004 0.0586470265625 0.391889434375 0.2652755046875 0.40189125312499996 0.2652755046875 0.374613565625 0.057965084374999996 0.36552100468750004
0 0.05932896875 0.3300600125 0.057965084374999996 0.3591562109375 0.2666393890625 0.37097654062499996 0.26868521562500003 0.34824513437500004 0.05932896875 0.3300600125
0 0.060692853125 0.2982360421875 0.060010910937499995 0.3246044734375 0.2666393890625 0.3446081109375 0.2680032734375 0.31823968125 0.060692853125 0.2982360421875
0 0.060692853125 0.2718676125 0.060692853125 0.29732678749999997 0.2666393890625 0.3118748859375 0.2680032734375 0.288234225 0.060692853125 0.2718676125
0 0.2652755046875 0.25277323125 0.06273867968749999 0.237315875 0.0620567375 0.2645935625 0.2639116203125 0.28368794375 0.2652755046875 0.25277323125
0 0.619203490625 0.478268775 0.6205673765624999 0.49736315624999994 0.8142389515625 0.5000909265625 0.8142389515625 0.48281505625000004 0.619203490625 0.478268775
0 0.6219312609375 0.4519003453125 0.6232951453125 0.47735952031249995 0.8156028375 0.4800872890625 0.8142389515625 0.45917439531250004 0.6219312609375 0.4519003453125
0 0.6232951453125 0.4264411703125 0.6232951453125 0.45008183281249997 0.8156028375 0.4537188578125 0.816966721875 0.4328059640625 0.6232951453125 0.4264411703125
0 0.6205673765624999 0.406437534375 0.6212493171875 0.42371340156250004 0.8149208953124999 0.430078196875 0.8149208953124999 0.410983815625 0.6205673765624999 0.406437534375
0 0.6219312609375 0.3755228234375 0.6219312609375 0.4028005078125 0.8149208953124999 0.40734678906250005 0.8156028375 0.387343153125 0.6219312609375 0.3755228234375
0 0.6232951453125 0.3446081109375 0.6226132015625 0.373704309375 0.8149208953124999 0.383706128125 0.8156028375 0.3546099296875 0.6232951453125 0.3446081109375
0 0.6219312609375 0.3173304234375 0.6226132015625 0.34188034218749996 0.8142389515625 0.3518821609375 0.8149208953124999 0.331878521875 0.6219312609375 0.3173304234375
0 0.975859246875 0.642844153125 0.941080196875 0.643753409375 0.95812875 0.9510820140625 0.9935897421875 0.947444990625 0.975859246875 0.642844153125
0 0.9144844515624999 0.9510820140625 0.9554009828125001 0.949263503125 0.9376704859375 0.645571921875 0.8981178406250001 0.6464811765625 0.9144844515624999 0.9510820140625
0 0.8953900703125001 0.647390434375 0.8503818890625 0.645571921875 0.8653846156249999 0.9547190406249999 0.911074740625 0.951991271875 0.8953900703125001 0.647390434375
0 0.8081014734374999 0.9538097828125001 0.8537915999999999 0.9538097828125001 0.8387888703125 0.642844153125 0.7937806875 0.643753409375 0.8081014734374999 0.9538097828125001
0 0.7937806875 0.6419348984375 0.7603655218750001 0.642844153125 0.7719585375 0.9574468078124999 0.8019639921874999 0.956537553125 0.7937806875 0.6419348984375
0 0.7399072546875 0.961083834375 0.7712765953125 0.9601745765624999 0.7583196953125 0.643753409375 0.7296781234374999 0.642844153125 0.7399072546875 0.961083834375
0 0.727632296875 0.643753409375 0.6819421718750001 0.6419348984375 0.6914893609375 0.961083834375 0.738543371875 0.961083834375 0.727632296875 0.643753409375
0 0.6457992359375 0.9629023453125001 0.687397709375 0.9619930890624999 0.6785324609375001 0.643753409375 0.6410256421875 0.643753409375 0.6457992359375 0.9629023453125001
0 0.6376159312499999 0.641025640625 0.600791053125 0.639207128125 0.6035188203125 0.961083834375 0.64511729375 0.9619930890624999 0.6376159312499999 0.641025640625
0 0.557146753125 0.643753409375 0.519639934375 0.643753409375 0.52100381875 0.9574468078124999 0.5585106390625 0.956537553125 0.557146753125 0.643753409375
0 0.4637206765625 0.968357884375 0.5169121671875 0.968357884375 0.5169121671875 0.643753409375 0.46576650312499995 0.642844153125 0.4637206765625 0.968357884375
0 0.4623567921875 0.641025640625 0.4228041453125 0.6419348984375 0.420076378125 0.9701763953125001 0.45621931250000003 0.9674486265625 0.4623567921875 0.641025640625
0 0.37302236718750004 0.9710856531250001 0.41939443593750003 0.9701763953125001 0.422122203125 0.642844153125 0.3805237328125 0.642844153125 0.37302236718750004 0.9710856531250001
0 0.37097654062499996 0.638297871875 0.322558646875 0.638297871875 0.3116475734375 0.972904165625 0.35870158124999996 0.9738134203125 0.37097654062499996 0.638297871875
0 0.2652755046875 0.9756319343750001 0.3116475734375 0.9747226765624999 0.319830878125 0.6401163859375 0.278914346875 0.6419348984375 0.2652755046875 0.9756319343750001
0 0.2755046359375 0.6419348984375 0.2311783953125 0.6419348984375 0.21822149531249999 0.9756319343750001 0.2645935625 0.9774504437499999 0.2755046359375 0.6419348984375
0 0.1841243859375 0.9792689578125 0.21617566875 0.9792689578125 0.228450628125 0.642844153125 0.19776323125 0.6446626671875 0.1841243859375 0.9792689578125
0 0.19566869375 0.6442080375 0.161474165625 0.643363728125 0.1475430609375 0.978554540625 0.18237082031250001 0.9793988515625 0.19566869375 0.6442080375
0 0.1602077 0.643363728125 0.11778115468749999 0.64251941875 0.1000506578125 0.9836204000000001 0.14501013125 0.9819317796875 0.1602077 0.643363728125
0 0.11588145937500001 0.64251941875 0.07915400156249999 0.6399864921875 0.060157040625000005 0.9836204000000001 0.096251265625 0.9819317796875 0.11588145937500001 0.64251941875
0 0.8924349875 0.1481481484375 0.8333333328125001 0.141843971875 0.8427895968750001 0.4980299453125 0.9125295515625 0.49487785625 0.8924349875 0.1481481484375
0 0.9345014609375 0.1501877359375 0.9000834375 0.14879710625 0.9209428453124999 0.49506327499999997 0.9564038390625 0.49506327499999997 0.9345014609375 0.1501877359375
0 0.9793491859375001 0.166875259375 0.94388819375 0.166875259375 0.96370463125 0.4978445265625 0.998122653125 0.49923515625 0.9793491859375001 0.166875259375