0 0.0638586953125 0.48369565156250005 0.0720108703125 0.4945652171875 0.100543478125 0.493206521875 0.1032608703125 0.47010869531250005 0.052989129687500004 0.08831521718749999 0.04891304375 0.0815217390625 0.0122282609375 0.0815217390625 0.0081521734375 0.082880434375 0.0081521734375 0.09918478281250001 0.01766304375 0.17663043437499998 0.0638586953125 0.48369565156250005
0 0 0.40760869531250005 0.0149456515625 0.4904891296875 0.058423912499999994 0.4945652171875 0.059782609375 0.47010869531250005 0.0122282609375 0.11413043437499999 0.0040760875000000005 0.082880434375 0 0.082880434375 0 0.40760869531250005
0 0.1752717390625 0.48097826093749996 0.1263586953125 0.07608695625 0.12364130468750001 0.0706521734375 0.09646739062500001 0.0706521734375 0.052989129687500004 0.0788043484375 0.10733695624999999 0.4918478265625 0.11141304375000001 0.4959239125 0.1725543484375 0.49864130468749995 0.1752717390625 0.48097826093749996
0 0.2269021734375 0.5 0.23233695625 0.497282609375 0.23233695625 0.48505434843749995 0.1861413046875 0.0706521734375 0.180706521875 0.0638586953125 0.131793478125 0.0665760875 0.1304347828125 0.0951086953125 0.17934782656249998 0.4945652171875 0.1915760875 0.5 0.2269021734375 0.5
0 0.24728260937500002 0.073369565625 0.23913043437499998 0.0625 0.1888586953125 0.06521739062500001 0.2336956515625 0.497282609375 0.27173912968749997 0.5013586953125 0.29076087031250003 0.497282609375 0.24728260937500002 0.073369565625
0 0.332880434375 0.497282609375 0.332880434375 0.489130434375 0.2934782609375 0.0638586953125 0.29076087031250003 0.059782609375 0.2513586953125 0.061141304687499995 0.2486413046875 0.0747282609375 0.292119565625 0.497282609375 0.3274456515625 0.5 0.332880434375 0.497282609375
0 0.381793478125 0.4945652171875 0.35190217343749997 0.1508152171875 0.3491847828125 0.059782609375 0.2961956515625 0.058423912499999994 0.332880434375 0.48777173906250004 0.3396739125 0.5 0.377717390625 0.5 0.381793478125 0.4945652171875
0 0.4320652171875 0.497282609375 0.434782609375 0.4320652171875 0.426630434375 0.3070652171875 0.4157608703125 0.23641304375 0.40760869531250005 0.0815217390625 0.4008152171875 0.055706521875000005 0.35326087031250003 0.059782609375 0.385869565625 0.4945652171875 0.39266304375 0.5013586953125 0.42119565156250005 0.502717390625 0.4320652171875 0.497282609375
0 0.4959239125 0.497282609375 0.4959239125 0.479619565625 0.46875 0.06521739062500001 0.466032609375 0.057065217187499996 0.45652173906250004 0.052989129687500004 0.4116847828125 0.055706521875000005 0.4429347828125 0.49864130468749995 0.4470108703125 0.502717390625 0.48641304375 0.502717390625 0.4959239125 0.497282609375
0 0.5040760875 0.502717390625 0.5230978265624999 0.502717390625 0.528532609375 0.5013586953125 0.5258152171875 0.40760869531250005 0.5013586953125 0.0054347828124999996 0.48505434843749995 0.0040760875000000005 0.4741847828125 0.0095108703125 0.47010869531250005 0.016304348437499998 0.4728260875 0.0896739125 0.49864130468749995 0.4945652171875 0.5040760875 0.502717390625
0 0.5978260875 0.5040760875 0.60733695625 0.5 0.60733695625 0.48505434843749995 0.5923913046875 0.052989129687500004 0.5883152171875 0.0434782609375 0.551630434375 0.04483695625 0.5502717390625 0.131793478125 0.5665760875 0.48777173906250004 0.5706521734375001 0.502717390625 0.5978260875 0.5040760875
0 0.649456521875 0.457880434375 0.6372282609375 0.0434782609375 0.5978260875 0.0434782609375 0.6127717390625 0.5 0.6413043484375 0.5040760875 0.649456521875 0.49864130468749995 0.649456521875 0.457880434375
0 0.6888586953125 0.0434782609375 0.6413043484375 0.0434782609375 0.6521739125 0.49864130468749995 0.6888586953125 0.502717390625 0.6929347828125 0.497282609375 0.6888586953125 0.0434782609375
0 0.75 0.49864130468749995 0.752717390625 0.042119565625 0.7350543484375 0.038043478125 0.6929347828125 0.0434782609375 0.694293478125 0.497282609375 0.6997282609375 0.5040760875 0.743206521875 0.5040760875 0.75 0.49864130468749995
0 0.8206521734375001 0.489130434375 0.8315217390624999 0.069293478125 0.8315217390624999 0.024456521875 0.8247282609375001 0.0149456515625 0.76766304375 0.016304348437499998 0.7581521734375001 0.0230978265625 0.7540760875 0.274456521875 0.752717390625 0.497282609375 0.7649456515625 0.5054347828125 0.8138586953125 0.5054347828125 0.8206521734375001 0.489130434375
0 0.8872282609375001 0.03125 0.8410326093749999 0.03125 0.8342391296875 0.0394021734375 0.8274456515624999 0.305706521875 0.8247282609375001 0.49864130468749995 0.8600543484375001 0.502717390625 0.8722826093749999 0.497282609375 0.8872282609375001 0.03125
0 0.9347826093749999 0.4945652171875 0.957880434375 0.032608695312500005 0.8980978265624999 0.03125 0.8913043484375001 0.0353260875 0.88858695625 0.0665760875 0.8722826093749999 0.493206521875 0.8777173906250001 0.5 0.9116847828125 0.5013586953125 0.9347826093749999 0.4945652171875
0 0.9986413046875 0.2826086953125 0.9986413046875 0.0258152171875 0.9918478265624999 0.024456521875 0.9701086953125 0.0258152171875 0.9633152171875 0.032608695312500005 0.9375 0.4456521734375 0.9361413046875 0.5 0.9456521734375001 0.5040760875 0.9809782609375001 0.5013586953125 0.9986413046875 0.2826086953125
0 0.58783094375 0.8622810484375 0.5879378078124999 0.9089952671875 0.991203703125 0.9370271921875 0.991203703125 0.8925627390624999 0.58783094375 0.8622810484375
0 0.9863683812499999 0.8393986999999999 0.5842038515625 0.8163378640625 0.59180608125 0.8606643234375 0.981533059375 0.879030059375 0.9863683812499999 0.8393986999999999
0 0.9986413046875 0.979619565625 0.9959239125 0.9347826093749999 0.663043478125 0.9103260875 0.5855978265624999 0.9103260875 0.5855978265624999 0.948369565625 0.5923913046875 0.9565217390624999 0.8220108703125 0.9755434781250001 0.9986413046875 0.979619565625
0 0.0340946578125 0.6676270265625 0.085545078125 0.9950243265625 0.1513054125 0.9901912328125 0.09618277187499999 0.6712069984375 0.0340946578125 0.6676270265625
0 0.1018004046875 0.6712541203125 0.1542066359375 0.99309108125 0.194823309375 0.9921244765624999 0.1397006703125 0.6673405265625 0.1018004046875 0.6712541203125
0 0.1465345578125 0.6664179953125 0.1919221609375 0.997924175 0.22093409375 0.99309108125 0.1822515171875 0.6654072906249999 0.1465345578125 0.6664179953125
0 0.2257694140625 0.66927378125 0.1852235578125 0.6700450890625 0.23930825625000002 0.9940577218750001 0.267353140625 0.99309108125 0.2257694140625 0.66927378125
0 0.2347938359375 0.6615818703125 0.27895795625 0.999857421875 0.31764053125 0.999857421875 0.27702378437499997 0.6673405265625 0.2347938359375 0.6615818703125
0 0.28436411562499997 0.6639999328124999 0.31957463124999996 0.997924175 0.354388934375 0.997924175 0.32150873125 0.6654072906249999 0.28436411562499997 0.6639999328124999
0 0.3278892375 0.6893895890625 0.3572901578125 0.999857421875 0.39500568281250004 1 0.372763171875 0.684739659375 0.3278892375 0.6893895890625
0 0.382295640625 0.6700450890625 0.4008080546875 0.9988908171875 0.4356223578125 0.9988908171875 0.4085445265625 0.661540809375 0.382295640625 0.6700450890625
0 0.41735754687500004 0.6869715265624999 0.43852357968750005 0.9959909671875 0.4704366609375 0.9950243265625 0.4568977453125 0.6924726203125 0.41735754687500004 0.6869715265624999
0 0.4645097640625 0.6700450890625 0.4704366609375 0.999857421875 0.523625203125 0.9988908171875 0.5013827656250001 0.6654072906249999 0.4645097640625 0.6700450890625
0 0.5044077921875 0.6736721828125 0.525559375 1 0.551670084375 0.997924175 0.533295846875 0.674106875 0.5044077921875 0.6736721828125