0 0.07608695625 0.339449540625 0.0774456515625 0.181447503125 0.0706521734375 0.17737003125 0.0394021734375 0.180428134375 0.038043478125 0.3751274203125 0.0665760875 0.378185525 0.0720108703125 0.3751274203125 0.07608695625 0.339449540625
0 0.12092391250000001 0.19266054999999999 0.11005434843749999 0.181447503125 0.0774456515625 0.181447503125 0.0747282609375 0.24362895 0.0720108703125 0.374108053125 0.09918478281250001 0.378185525 0.10869565156250001 0.373088684375 0.12092391250000001 0.19266054999999999
0 0.1508152171875 0.21814475 0.1467391296875 0.196738021875 0.125 0.19266054999999999 0.11413043437499999 0.1997961265625 0.11005434843749999 0.327217125 0.10869565156250001 0.3761467890625 0.13858695625 0.37716615625 0.1440217390625 0.37206931718749997 0.1508152171875 0.21814475
0 0.256793478125 0.2415902140625 0.22961956562500002 0.2212028546875 0.180706521875 0.1957186546875 0.1521739125 0.197757390625 0.14809782656249998 0.3180428140625 0.149456521875 0.378185525 0.2309782609375 0.3761467890625 0.2554347828125 0.2874617734375 0.256793478125 0.2415902140625
1 0.3451086953125 0.29561671718750004 0.25951087031250003 0.2925586140625 0.243206521875 0.305810396875 0.2336956515625 0.33435270156249997 0.2350543484375 0.37920489218750003 0.350543478125 0.3802242609375 0.350543478125 0.3139653421875 0.3451086953125 0.29561671718750004
0 0.375 0.211009175 0.3491847828125 0.21202854218749997 0.354619565625 0.3802242609375 0.381793478125 0.382262996875 0.38315217343749997 0.2171253828125 0.375 0.211009175
0 0.417119565625 0.2171253828125 0.4116847828125 0.21202854218749997 0.385869565625 0.2130479109375 0.385869565625 0.374108053125 0.38858695625 0.382262996875 0.4144021734375 0.382262996875 0.417119565625 0.2171253828125
0 0.448369565625 0.21202854218749997 0.41983695625 0.2130479109375 0.41983695625 0.3802242609375 0.448369565625 0.382262996875 0.45516304375 0.222222221875 0.448369565625 0.21202854218749997
0 0.57421875 0.37734375 0.23671875 0.01171875
0 0.5734375 0.3578125 0.2359375 0.02109375
0 0.57265625 0.3359375 0.2296875 0.0203125
0 0.57734375 0.3140625 0.240625 0.01875
0 0.578125 0.29453125 0.23203125 0.01796875
0 0.5765625 0.27578125 0.22578125 0.0203125
0 0.88984375 0.278125 0.03828125 0.20703125
0 0.94453125 0.275 0.0359375 0.215625
5 0.716032609375 0.3893985734375 0.83016304375 0.382262996875 0.8722826093749999 0.2589194703125 0.8682065218749999 0.238532109375 0.8491847828125 0.20998980625 0.7649456515625 0.20795107031249999 0.6793478265624999 0.21916411875000003 0.691423021875 0.26781725624999997 0.70362863125 0.3291969828125 0.6957308265625 0.363655759375 0.716032609375 0.3893985734375
0 0.0515625 0.578125 0.02734375 0.17734375
0 0.0828125 0.57734375 0.03046875 0.1796875
0 0.21953125 0.65625 0.2359375 0.02578125
0 0.2203125 0.628125 0.2375 0.02890625
0 0.21796875 0.59765625 0.23515625 0.0296875
0 0.3546875 0.5828125 0.03046875 0.1734375
0 0.3875 0.58203125 0.02578125 0.171875
0 0.4140625 0.58125 0.01875 0.1703125
0 0.4453125 0.58125 0.02890625 0.1734375
0 0.82578125 0.66171875 0.234375 0.02109375
0 0.82421875 0.6390625 0.23359375 0.02265625
0 0.825 0.615625 0.23515625 0.02109375
0 0.825 0.59296875 0.2328125 0.021875
0 0.821875 0.56640625 0.2328125 0.02109375
4 0.525 0.5765625 0.11640625 0.18828125
0 0.06953125 0.859375 0.05859375 0.17265625
0 0.21953125 0.80859375 0.22734375 0.04140625
0 0.21875 0.865625 0.23125 0.0421875
0 0.21953125 0.8375 0.23203125 0.01875
0 0.21796875 0.90390625 0.23203125 0.0359375
0 0.21875 0.934375 0.23203125 0.025
0 0.65078125 0.865625 0.0328125 0.175
0 0.684375 0.865625 0.034375 0.1734375
0 0.72265625 0.865625 0.04296875 0.171875
0 0.76171875 0.86484375 0.0328125 0.171875
0 0.8046875 0.86484375 0.04609375 0.17109375
0 0.85625 0.8640625 0.05078125 0.1703125
0 0.909375 0.86484375 0.04296875 0.17265625