0 0.07252812187499999 0.12094984375 0 0.1142920546875 0.020722321874999998 0.5403905906250001 0.1021314390625 0.538171328125 0.07252812187499999 0.12094984375
0 0.11101243281249999 0.5559254328125001 0.17317939531249998 0.558144696875 0.14061574999999998 0.11762094999999999 0.07104795781249999 0.1131824234375 0.11101243281249999 0.5559254328125001
0 0.23978685624999999 0.109853528125 0.14505624687500002 0.109853528125 0.176139728125 0.5736795375 0.26198934218750003 0.571460275 0.23978685624999999 0.109853528125
0 0.276791 0.571460275 0.3522794546875 0.5736795375 0.3404381296875 0.1142920546875 0.25310834843749996 0.1131824234375 0.276791 0.571460275
0 0.458851390625 0.11651131875000001 0.3507992890625 0.1142920546875 0.368561278125 0.571460275 0.46033155781249996 0.57256990625 0.458851390625 0.11651131875000001
0 0.4706927171875 0.5659121171875 0.5476613375 0.5670217484375 0.5609828296875 0.12094984375 0.4662522203125 0.11873058125 0.4706927171875 0.5659121171875
0 0.682356425 0.1242787390625 0.57282415625 0.1220594765625 0.5506216703125 0.562583221875 0.6468324453125 0.56813138125 0.682356425 0.1242787390625
0 0.760805209375 0.13537505625 0.6882770875 0.1331557921875 0.65127294375 0.5570350640624999 0.71936056875 0.561473590625 0.760805209375 0.13537505625
0 0.8910598000000001 0.087660896875 0.7948490234375 0.08544163437499999 0.7430432203125 0.5947625390625 0.8200118421875 0.598091434375 0.8910598000000001 0.087660896875
0 0.969508584375 0.150909896875 0.8895796328125 0.150909896875 0.8348134984375 0.601420328125 0.8969804625 0.601420328125 0.969508584375 0.150909896875
0 0.1465364125 0.7556591218750001 0.060686796875000004 0.7567687515625 0.1021314390625 1 0.17761989375 0.996449178125 0.1465364125 0.7556591218750001
0 0.24422735312500002 0.7623169109375 0.18946122031249998 0.7634265421875 0.2057430421875 0.9986684421875 0.2634695078125 0.9986684421875 0.24422735312500002 0.7623169109375
0 0.3152753109375 0.796715490625 0.269390171875 0.797825121875 0.276791 0.9986684421875 0.3211959734375 1 0.3152753109375 0.796715490625
0 0.362640615625 0.795605859375 0.3152753109375 0.798934753125 0.3256364703125 0.9997780734375 0.368561278125 0.9997780734375 0.362640615625 0.795605859375
0 0.39296875 0.89765625 0.0515625 0.2046875
0 0.4546875 0.89921875 0.05703125 0.20078125
0 0.5609828296875 0.817798490625 0.4928952046875 0.814469596875 0.48845470625000004 0.9997780734375 0.5550621671875 0.9997780734375 0.5609828296875 0.817798490625
0 0.614268796875 1 0.6261101250000001 0.8122503328124999 0.5698638234375 0.8133599640625 0.5580224984375 1 0.614268796875 1
0 0.7149200703124999 0.814469596875 0.636471284375 0.814469596875 0.6201894625000001 1 0.6956779171874999 0.9997780734375 0.7149200703124999 0.814469596875
0 0.7992895203125 0.820017753125 0.7223208999999999 0.818908121875 0.69715808125 0.9997780734375 0.7711663718749999 1 0.7992895203125 0.820017753125
0 0.8629366484375 0.8155792281249999 0.8052101828125 0.814469596875 0.780047365625 0.9975588109375 0.8303730015624999 1 0.8629366484375 0.8155792281249999
0 0.9191829484375 0.7833999109375 0.8688573125 0.7833999109375 0.8348134984375 0.9997780734375 0.879218471875 1 0.9191829484375 0.7833999109375
0 1 0.798934753125 0.9251036109375 0.798934753125 0.8821788046875 1 0.9502664296875001 0.9997780734375 1 0.798934753125