0 1 0.14409722187500001 0.9270833328125001 0.1458333328125 0.902777778125 0.8194444437499999 0.9670138890625 0.815972221875 1 0.14409722187500001
0 0.8663194437499999 0.14756944375 0.8020833328125001 0.14930555625 0.7829861109375 0.8454861109375 0.8454861109375 0.8454861109375 0.8663194437499999 0.14756944375
0 0.847222221875 0.8194444437499999 0.8993055562500001 0.8142361109375 0.9201388890625 0.14930555625 0.8697916671874999 0.14756944375 0.847222221875 0.8194444437499999
0 0.353125 0.8359375 0.4 0.8328125 0.3515625 0.1375 0.3078125 0.1421875 0.353125 0.8359375
0 0.4015625 0.109375 0.3546875 0.1125 0.403125 0.83125 0.440625 0.8296875 0.4015625 0.109375
0 0.440625 0.825 0.478125 0.825 0.4421875 0.1125 0.4 0.1109375 0.440625 0.825
0 0.5 0.1453125 0.45 0.1484375 0.478125 0.7796875 0.5171875 0.78125 0.5 0.1453125
0 0.5381944437499999 0.081597221875 0.5 0.08333333281250001 0.5295138890625 0.840277778125 0.559027778125 0.840277778125 0.5381944437499999 0.081597221875
0 0.559027778125 0.8125 0.6006944437499999 0.8072916671874999 0.5885416671875 0.14236111093749998 0.5451388890625 0.1458333328125 0.559027778125 0.8125
0 0.637152778125 0.140625 0.590277778125 0.14236111093749998 0.6041666671875 0.793402778125 0.6475694437499999 0.793402778125 0.637152778125 0.140625
0 0.659722221875 0.8385416671874999 0.715277778125 0.828125 0.7118055562500001 0.15798611093749998 0.6493055562500001 0.15972222187500001 0.659722221875 0.8385416671874999
0 0.7899305562500001 0.1510416671875 0.7170138890625 0.15625 0.71875 0.84375 0.777777778125 0.840277778125 0.7899305562500001 0.1510416671875
0 0.303125 0.1375 0.25625 0.1421875 0.3109375 0.8421875 0.3515625 0.8390625 0.303125 0.1375
0 0.2703125 0.840625 0.3109375 0.8328125 0.2609375 0.2421875 0.2203125 0.2453125 0.2703125 0.840625
0 0.1890625 0.175 0.140625 0.175 0.203125 0.8828125 0.2453125 0.88125 0.1890625 0.175
0 0.1546875 0.8875 0.196875 0.8859375 0.128125 0.1765625 0.078125 0.1828125 0.1546875 0.8875