0 0.8097826093749999 0.3326086953125 0.7333017859375001 0.4009644265625 0.409954834375 0.348248671875 0.37228343750000004 0.3369524109375 0.319293478125 0.3423913046875 0.305706521875 0.3565217390625 0.3084239125 0.413043478125 0.73641304375 0.46630434843749996 0.8043478265624999 0.3956521734375 0.8097826093749999 0.3326086953125
0 0.3196384546875 0.5014091765625001 0.3216985328125 0.5506661453125 0.7109308265625 0.6006966484375 0.7161996421875 0.555405884375 0.3196384546875 0.5014091765625001
0 0.707880434375 0.54891304375 0.7173913046875 0.5326086953125 0.7065217390625 0.509782609375 0.315217390625 0.45869565156250003 0.3111413046875 0.461956521875 0.3138586953125 0.4956521734375 0.6970108703125 0.55 0.707880434375 0.54891304375
0 0.7241847828125 0.5021739125 0.7201086953125 0.4978260875 0.747282609375 0.47391304375 0.7404891296875 0.46630434843749996 0.5475543484375 0.4456521734375 0.332880434375 0.41521739062499996 0.315217390625 0.41630434843749997 0.315217390625 0.45543478281249994 0.3790760875 0.46739130468749995 0.7105978265624999 0.509782609375 0.7241847828125 0.5021739125
0 0.3176517921875 0.5755028015625 0.3194332671875 0.6291330703125 0.704685921875 0.6918355875 0.709799946875 0.6311777265625 0.3176517921875 0.5755028015625
0 0.31841932968750003 0.5527179953125 0.3173024453125 0.57208058125 0.7038336046875 0.631034584375 0.7051121109375 0.6051357125 0.31841932968750003 0.5527179953125
0 0.313922234375 0.6688483171875 0.3168762875 0.7018131265625 0.69616263125 0.76178944375 0.6957365046875 0.7304381859375 0.313922234375 0.6688483171875
0 0.3181845875 0.6347494984375001 0.3138931171875 0.6668297828124999 0.69871964375 0.7271468750000001 0.7004242765625001 0.6968179515624999 0.3181845875 0.6347494984375001
0 0.376113121875 0.7463531 0.37483465 0.75453169375 0.6867870265625 0.8042847671875 0.6936056828125 0.7654364796875 0.31232385156250003 0.7076357234375 0.31602393906250004 0.73238135 0.3415938078125 0.7248843078125 0.368016025 0.7303366953125 0.376113121875 0.7463531
0 0.3746607546875 0.7638987734375 0.376113121875 0.8054171265625 0.650563046875 0.8490362609375 0.65525088125 0.8060986765625 0.3746607546875 0.7638987734375
4 0.87265625 0.65859375 0.25 0.29453125
4 0.396875 0.2171875 0.29921875 0.1671875