0 0.075 0.2265625 0.06796875 0.18203125
0 0.13828125 0.22734375 0.05859375 0.18125
0 0.20078125 0.228125 0.06015625 0.18203125
0 0.25859375 0.23046875 0.053125 0.18203125
0 0.4515625 0.31640625 0.3234375 0.009375
0 0.45234375 0.30234375 0.321875 0.0203125
0 0.45234375 0.28125 0.31875 0.01640625
0 0.45078125 0.2609375 0.321875 0.01953125
0 0.45 0.2390625 0.3234375 0.0203125
0 0.453125 0.215625 0.3234375 0.01953125
0 0.90390625 0.21484375 0.040625 0.21484375
0 0.95234375 0.21328125 0.0390625 0.21640625
0 0.06796875 0.55 0.05703125 0.19140625
0 0.11484375 0.55390625 0.02734375 0.18203125
0 0.14921875 0.55546875 0.0359375 0.18046875
0 0.190625 0.5546875 0.0375 0.178125
0 0.234375 0.55546875 0.0390625 0.178125
0 0.27109375 0.5546875 0.02890625 0.178125
0 0.53515625 0.55546875 0.03203125 0.17890625
0 0.5734375 0.55546875 0.03359375 0.18046875
0 0.61328125 0.55390625 0.0359375 0.18125
0 0.671875 0.553125 0.07265625 0.18046875
0 0.7296875 0.553125 0.034375 0.17890625
0 0.07421875 0.859375 0.03359375 0.190625
0 0.11875 0.86171875 0.04375 0.18359375
0 0.1671875 0.865625 0.04375 0.1734375
0 0.21171875 0.86484375 0.040625 0.1734375
0 0.25703125 0.86484375 0.04375 0.1734375
0 0.30546875 0.86328125 0.046875 0.17421875
0 0.3515625 0.8640625 0.0421875 0.1734375
0 0.3921875 0.86328125 0.03046875 0.1734375
0 0.42734375 0.86328125 0.02734375 0.171875
0 0.471875 0.86015625 0.0375 0.1734375
0 0.51875 0.86015625 0.03203125 0.171875
0 0.55078125 0.86015625 0.01796875 0.1734375
0 0.58125 0.86171875 0.03046875 0.171875