0 0.9812801921875 0.0008494734375 0.9103260875 0 0.9073067640625 0.31430513125 0.9858091796874999 0.3185524984375 0.9812801921875 0.0008494734375
0 0.8423913046875 0.31770302500000003 0.8967391296875 0.31770302500000003 0.8967391296875 0.001698946875 0.8378623187500001 0 0.8423913046875 0.31770302500000003
0 0.1253019328125 0.0900441734375 0.11926328593749999 0.13676520625 0.8242753625000001 0.141012571875 0.8242753625000001 0.09599048593750001 0.1253019328125 0.0900441734375
0 0.1147342984375 0.051817873437499995 0.10869565156250001 0.0891947 0.8182367140625001 0.09683995937499999 0.816727053125 0.065409446875 0.1147342984375 0.051817873437499995
0 0.8212560375000001 0.06031260625 0.8212560375000001 0.0339789328125 0.1147342984375 0.01613999375 0.11624396249999999 0.051817873437499995 0.8212560375000001 0.06031260625
0 0.11171497500000001 0.1834862390625 0.1102053140625 0.23020727187499998 0.8272946859375001 0.2319062171875 0.8257850250000001 0.1945293921875 0.11171497500000001 0.1834862390625
0 0.12228260937499999 0.14950730625 0.11926328593749999 0.1834862390625 0.8212560375000001 0.188583078125 0.816727053125 0.153754671875 0.12228260937499999 0.14950730625
0 0.1102053140625 0.23275569062499998 0.10869565156250001 0.27353041093749997 0.8288043484375001 0.281175671875 0.8318236718750001 0.23700305781250003 0.1102053140625 0.23275569062499998
0 0.1147342984375 0.27777777812500004 0.1177536234375 0.32364933749999997 0.8242753625000001 0.32959565 0.8257850250000001 0.28712198437500003 0.1147342984375 0.27777777812500004
0 0.9963768109375 0.49524295 0.887681159375 0.49354400312499996 0.8922101453125 0.8724091062499999 1 0.8749575265624999 0.9963768109375 0.49524295
0 0.7910628015625 0.8783554203125 0.8846618359375 0.8766564734375001 0.8816425125 0.4909955828125 0.788043478125 0.49184505625 0.7910628015625 0.8783554203125
0 0.78049516875 0.4757050625 0.6929347828125 0.477404009375 0.6944444437499999 0.8775059468749999 0.7774758453125 0.8766564734375001 0.78049516875 0.4757050625
0 0.6793478265624999 0.49439347656250004 0.5495169078125001 0.49354400312499996 0.5510265703125 0.8698606859375 0.6763285031249999 0.8715596328125 0.6793478265624999 0.49439347656250004
0 0.4453502421875 0.8724091062499999 0.5298913046875 0.8741080531250001 0.5314009656249999 0.49439347656250004 0.4408212546875 0.49354400312499996 0.4453502421875 0.8724091062499999
0 0.2460748796875 0.4672103296875 0.14492753593750002 0.46636085625 0.120772946875 0.865902140625 0.2158816421875 0.8656133203125 0.2460748796875 0.4672103296875
0 0.01358695625 0.8684505609375 0.120772946875 0.8684505609375 0.13435990312499999 0.47823649375 0.0301932359375 0.47823649375 0.01358695625 0.8684505609375