0 0.0256642515625 0.04530524375 0.028683575 0.15970098593749998 0.8484299515625 0.12911994531249998 0.8469202890625 0.0181220984375 0.0256642515625 0.04530524375
0 0.0120772953125 0.172159928125 0.0181159421875 0.2763619890625 0.8303140093750001 0.24578094843749998 0.8242753625000001 0.1540378296875 0.0120772953125 0.172159928125
0 0.0030193234374999997 0.28882093124999997 0.0015096609375 0.3760335265625 0.8378623187500001 0.355646165625 0.8303140093750001 0.2605051546875 0.0030193234374999997 0.28882093124999997
0 0.092089371875 0.3760335265625 0.0966183578125 0.4122777203125 0.9812801921875 0.3907577296875 0.9782608703125 0.3522482734375 0.092089371875 0.3760335265625
0 0.9616545890625 0.4258692953125 0.914855071875 0.42813455625 0.9103260875 0.9661343296875 0.9631642515625 0.9661343296875 0.9616545890625 0.4258692953125
0 0.9133454109375 0.42813455625 0.7336956515625 0.43266508124999997 0.7427536234375001 0.96386906875 0.9057971015625 0.9627364359374999 0.9133454109375 0.42813455625
0 0.60990338125 0.9797259031250001 0.7352053140625 0.9763280109375 0.7155797109375001 0.4213387703125 0.5857487921875 0.42247139999999994 0.60990338125 0.9797259031250001
0 0.5691425125 0.414542984375 0.42723429843750005 0.4179408765625 0.4544082125 0.9740627484375001 0.5932971015625 0.9706648546875 0.5691425125 0.414542984375
0 0.318538646875 0.9661343296875 0.4378019328125 0.9672669609375 0.40157004843750005 0.4168082453125 0.2732487921875 0.41907350781249997 0.318538646875 0.9661343296875
0 0.249094203125 0.4213387703125 0.0815217390625 0.4258692953125 0.143417875 0.9672669609375 0.292874396875 0.9729301156249999 0.249094203125 0.4213387703125
0 0.0618961359375 0.43153245 0.0045289843750000005 0.43153245 0.048309179687499995 0.983123796875 0.11624396249999999 0.9763280109375 0.0618961359375 0.43153245