0 0.0888208265625 0.0966666671875 0.0949464015625 0.1483333328125 0.8560490046875 0.10916666718750001 0.8637059718750001 0.04 0.0888208265625 0.0966666671875
0 0.0918836140625 0.1516666671875 0.10719755 0.2125 0.9632465546875 0.1933333328125 0.973966309375 0.1166666671875 0.0918836140625 0.1516666671875
0 0.128637059375 0.2166666671875 0.137825421875 0.26749999999999996 0.9418070437500001 0.275 0.9525268 0.20833333281250002 0.128637059375 0.2166666671875
0 0.136294028125 0.2716666671875 0.1424196015625 0.32166666718750003 0.9264931093750001 0.3441666671875 0.9356814703125 0.27999999999999997 0.136294028125 0.2716666671875
0 0.137825421875 0.3233333328125 0.1454823890625 0.38 0.7963246546875 0.42750000000000005 0.810107196875 0.3466666671875 0.137825421875 0.3233333328125
0 0.15773353750000002 0.3908333328125 0.16385911250000001 0.445 0.871362940625 0.49916666718749997 0.8805513015624999 0.43333333281249997 0.15773353750000002 0.3908333328125
0 0.134762634375 0.445 0.1393568140625 0.5141666671875 0.869831546875 0.5883333328125 0.8851454828125 0.5075000000000001 0.134762634375 0.445
0 0.7947932625 0.9444833328125 0.058192956250000004 0.78865 0.05513016875 0.8086499999999999 0.7565084234375 0.9778166671875 0.7917304749999999 0.9719833328125 0.7947932625 0.9444833328125
0 0.0673813171875 0.7474999999999999 0.0704441046875 0.7849999999999999 0.7978560484375 0.9419833328125 0.8085758046875 0.8878166671875001 0.0673813171875 0.7474999999999999
0 0.0658499234375 0.7166666671875 0.0689127109375 0.7458333328125 0.8238897390625001 0.8891666671875 0.8346094953125001 0.8458333328125001 0.0658499234375 0.7166666671875
0 0.10719755 0.6675 0.1041347625 0.7041666671875 0.7549770296875 0.8283333328125 0.767228178125 0.7825 0.10719755 0.6675
0 0.137825421875 0.6208333328125 0.137825421875 0.6641666671875 0.7932618687499999 0.7883333328125001 0.8070444109375 0.7366666671875 0.137825421875 0.6208333328125
0 0.1424196015625 0.5908333328125 0.1424196015625 0.62 0.8346094953125001 0.7241666671875 0.8437978562499999 0.6858333328125 0.1424196015625 0.5908333328125
0 0.125574271875 0.55 0.127105665625 0.58 0.8024502296874999 0.6725 0.8070444109375 0.6325000000000001 0.125574271875 0.55
0 0.1424196015625 0.5191666671874999 0.1454823890625 0.5483333328125 0.8545176109374999 0.6275000000000001 0.8606431859375 0.5925 0.1424196015625 0.5191666671874999