0 0.853033884375 0.1176283578125 0.7840819531250001 0.12875536406250002 0.8963751 0.9267207125000001 0.9633569734374999 0.9298998562499999 0.853033884375 0.1176283578125
0 0.79393223125 0.9155937046875 0.8628841609375 0.925131140625 0.764381403125 0.1255762203125 0.7092198578125 0.136703228125 0.79393223125 0.9155937046875
0 0.6836091421875 0.1080909234375 0.6225374312499999 0.1176283578125 0.7111899125 0.9044666984375 0.78014184375 0.9124145609375001 0.6836091421875 0.1080909234375
0 0.6323877078125 0.8917501187499999 0.6934594171875 0.8917501187499999 0.60874704375 0.1208075015625 0.5417651703125 0.13352408124999998 0.6323877078125 0.8917501187499999
0 0.492513790625 0.131934509375 0.44129235624999996 0.139882371875 0.52969858125 0.949570815625 0.5873226953125 0.9531473531250001 0.492513790625 0.131934509375
0 0.47281323906250006 0.898108409375 0.5220646171875 0.901287553125 0.445232465625 0.135113653125 0.468873128125 0.131934509375 0.46296296249999996 0.0953743453125 0.3999211984375 0.10650135000000001 0.47281323906250006 0.898108409375
0 0.4097714734375 0.8710856781249999 0.468873128125 0.8758543953125001 0.39401103125 0.1176283578125 0.34672970937500003 0.12239707656250001 0.4097714734375 0.8710856781249999
0 0.3388494875 0.11127006875 0.2679275015625 0.1192179296875 0.3250591015625 0.87267525 0.3959810875 0.874264821875 0.3388494875 0.11127006875
0 0.2620173375 0.8551899546874999 0.323089046875 0.8631378156249999 0.2639873921875 0.054045462499999995 0.2068557921875 0.06517246875 0.2620173375 0.8551899546874999
0 0.20291568125 0.06676204218750001 0.1438140265625 0.074709903125 0.1832151296875 0.8377046578125 0.24822695 0.8472420921875001 0.20291568125 0.06676204218750001
0 0.05516154375 0.8377046578125 0.1319936953125 0.84565251875 0.1182033109375 0.054045462499999995 0.039401103124999996 0.0699411859375 0.05516154375 0.8377046578125