0 0 0.4879432625 0.046099290625 0.48510638281249996 0.03014184375 0.2014184390625 0.0230496453125 0.1829787234375 0 0.1829787234375 0 0.4879432625
0 0.079787234375 0.150354609375 0.03014184375 0.146099290625 0.047872340624999996 0.48368794375 0.09574468124999999 0.4879432625 0.09751773124999999 0.40709219843750005 0.079787234375 0.150354609375
0 0.1329787234375 0.209929078125 0.125886525 0.20283687968750003 0.09397163124999999 0.20283687968750003 0.1028368796875 0.48226950312500005 0.106382978125 0.4893617015625 0.141843971875 0.4879432625 0.1329787234375 0.209929078125
0 0.19326241093750002 0.19858156093749998 0.1808510640625 0.1929078015625 0.138297871875 0.1971631203125 0.1471631203125 0.4865248234375 0.1914893609375 0.4893617015625 0.200354609375 0.48510638281249996 0.19326241093750002 0.19858156093749998
0 0.232269503125 0.21985815625 0.2234042546875 0.20425531874999997 0.19680851093750001 0.20425531874999997 0.203900709375 0.4865248234375 0.22695035468750002 0.4879432625 0.2429078015625 0.48368794375 0.232269503125 0.21985815625
0 0.2907801421875 0.1645390078125 0.2890070921875 0.15602836874999998 0.27836879375 0.15177305000000002 0.24113475156250003 0.1546099296875 0.25 0.4865248234375 0.2907801421875 0.4893617015625 0.296099290625 0.4865248234375 0.2907801421875 0.1645390078125
0 0.34574468125 0.1546099296875 0.294326240625 0.1531914890625 0.297872340625 0.48510638281249996 0.328014184375 0.4907801421875 0.34751773125 0.48368794375 0.34574468125 0.1546099296875
0 0.3989361703125 0.211583925 0.425531915625 0.1843971625 0.3953900703125 0.1531914890625 0.3510638296875 0.15177305000000002 0.3510638296875 0.48510638281249996 0.3812056734375 0.4907801421875 0.40070922031249995 0.48510638281249996 0.3989361703125 0.211583925
0 0.4450354609375 0.1971631203125 0.4361702125 0.1914893609375 0.40425531875000004 0.1914893609375 0.40070922031249995 0.2014184390625 0.40070922031249995 0.48510638281249996 0.4379432625 0.4893617015625 0.4468085109375 0.47517730468749997 0.4450354609375 0.1971631203125
0 0.485815603125 0.48368794375 0.487588653125 0.19574468125 0.450354609375 0.1929078015625 0.4485815609375 0.48510638281249996 0.450354609375 0.4907801421875 0.48049645312499994 0.4907801421875 0.485815603125 0.48368794375
0 0.5248226953125 0.48368794375 0.517730496875 0.3290780140625 0.53014184375 0.2765957453125 0.5390070921875 0.272340425 0.5390070921875 0.209929078125 0.52836879375 0.2 0.49113475156249997 0.2 0.487588653125 0.48226950312500005 0.49290780156249997 0.4907801421875 0.519503546875 0.49219858125 0.5248226953125 0.48368794375
5 0.918439715625 0.1843971625 0.9255319156249999 0.1730496453125 0.8847517734375 0.1588652484375 0.84751773125 0.1645390078125 0.8421985812499999 0.2397163125 0.84397163125 0.3489361703125 0.890070921875 0.35035460937499996 0.8971631203125 0.346099290625 0.918439715625 0.1843971625
5 0.6808510640625001 0.3489361703125 0.7127659578125 0.34751773125 0.7464539 0.3333333328125 0.767730496875 0.33191489375 0.7765957453125 0.185815603125 0.7765957453125 0.121985815625 0.767730496875 0.11063829843749999 0.7588652484375 0.11063829843749999 0.7517730499999999 0.12056737656250001 0.641843971875 0.10212765937499999 0.5531914890625 0.181560284375 0.5336879437500001 0.181560284375 0.544326240625 0.2709219859375 0.638297871875 0.2666666671875 0.671985815625 0.2950354609375 0.6808510640625001 0.3489361703125
0 0.0407801421875 0.9446808515624999 0.026595745312500002 0.7035461 0.00177305 0.70780141875 0 0.9631205671874999 0.03191489375 0.9702127656249999 0.0407801421875 0.965957446875 0.0407801421875 0.9446808515624999
0 0.0691489359375 0.9702127656249999 0.081560284375 0.965957446875 0.08333333281250001 0.9475177312499999 0.0691489359375 0.706382978125 0.0620567375 0.6893617015625 0.0531914890625 0.6893617015625 0.03014184375 0.7007092203124999 0.0425531921875 0.9631205671874999 0.046099290625 0.9687943265625 0.0691489359375 0.9702127656249999
0 0.127659575 0.9702127656249999 0.1294326234375 0.9503546093749999 0.12056737656250001 0.7354609921875 0.1294326234375 0.702127659375 0.15602836874999998 0.6836879437500001 0.15425531875 0.6553191484374999 0.1347517734375 0.649645390625 0.0726950359375 0.6879432624999999 0.0851063828125 0.9631205671874999 0.09397163124999999 0.974468084375 0.1187943265625 0.974468084375 0.127659575 0.9702127656249999
0 0.14375 0.84375 0.03828125 0.26015625
0 0.184375 0.85234375 0.0515625 0.25625
0 0.23359375 0.84375 0.03984375 0.26484375
0 0.275 0.84609375 0.04453125 0.25859375
0 0.31640625 0.8515625 0.0296875 0.25859375
0 0.36796875 0.84453125 0.07421875 0.265625
0 0.425 0.84453125 0.034375 0.26875
0 0.465625 0.85 0.03984375 0.25625
0 0.5265625 0.84609375 0.0484375 0.2734375
0 0.56875 0.85859375 0.01640625 0.2421875
0 0.6 0.8546875 0.03515625 0.259375
0 0.6375 0.84765625 0.0390625 0.27734375
0 0.6921875 0.83046875 0.05625 0.3078125