0 0.7446808515625001 0.091607565625 0.7003546093749999 0.09086879375 0.6924743906249999 0.41149527187499996 0.73286051875 0.4107565015625 0.7446808515625001 0.091607565625
0 0.6589834515625 0.092346334375 0.616627265625 0.092346334375 0.6156422375 0.40927895937500003 0.65110323125 0.40927895937500003 0.6589834515625 0.092346334375
0 0.6530732859375 0.40854018906249995 0.6826241140625 0.40854018906249995 0.695429471875 0.092346334375 0.6668636718750001 0.092346334375 0.6530732859375 0.40854018906249995
0 0.58671875 0.2515625 0.04921875 0.31796875
0 0.52578125 0.2515625 0.07109375 0.3203125
0 0.48364854218750003 0.09308510625000001 0.4314420796875 0.09308510625000001 0.43932230156249996 0.41445035468749997 0.48660362343749997 0.41223404218750004 0.48364854218750003 0.09308510625000001
0 0.38810086718750003 0.41223404218750004 0.4353821921875 0.41223404218750004 0.42750197031250003 0.09308510625000001 0.3762805359375 0.092346334375 0.38810086718750003 0.41223404218750004
0 0.373325453125 0.09086879375 0.3102836875 0.092346334375 0.32604412968749996 0.41445035468749997 0.38416075781250003 0.413711584375 0.373325453125 0.09086879375
0 0.2620173375 0.41518912500000005 0.32210401875 0.41445035468749997 0.306343578125 0.091607565625 0.2383766734375 0.09382387812500001 0.2620173375 0.41518912500000005
0 0.22951142500000002 0.0199468078125 0.1713948 0.0199468078125 0.1999606 0.4262706859375 0.2570921984375 0.42479314375 0.22951142500000002 0.0199468078125
0 0.328014184375 0.63682033125 0.287628053125 0.6375591015625 0.294523246875 0.9227245859375 0.3329393234375 0.9197695046875 0.328014184375 0.63682033125
0 0.373325453125 0.6346040187499999 0.334909378125 0.636081559375 0.3408195421875 0.9182919625 0.3802206453125 0.9168144203124999 0.373325453125 0.6346040187499999
0 0.3821907015625 0.912381796875 0.42750197031250003 0.910165484375 0.423561859375 0.6486406625 0.3812056734375 0.6486406625 0.3821907015625 0.912381796875
0 0.47084318437499995 0.64642435 0.43045705312500004 0.647901890625 0.4353821921875 0.9116430265625001 0.47281323906250006 0.9116430265625001 0.47084318437499995 0.64642435
0 0.480693459375 0.910165484375 0.5191095359375 0.9086879421875 0.5191095359375 0.647901890625 0.48561859687500003 0.6486406625 0.480693459375 0.910165484375
0 0.5732860515625 0.647901890625 0.526004728125 0.6508569734375 0.526004728125 0.9131205671875 0.5732860515625 0.9116430265625001 0.5732860515625 0.647901890625
0 0.5782111890625 0.9227245859375 0.6343577625 0.91607565 0.63731284375 0.614657209375 0.5801812453124999 0.6153959812500001 0.5782111890625 0.9227245859375
0 0.6836091421875 0.6456855796875 0.64125295625 0.6456855796875 0.63731284375 0.9094267140625 0.673758865625 0.9079491734375 0.6836091421875 0.6456855796875
0 0.678684003125 0.9086879421875 0.7111899125 0.9072104015625 0.7210401890625 0.647901890625 0.6836091421875 0.6471631203125 0.678684003125 0.9086879421875