0 0.154296875 0.08984375 0.12890625 0.21875 0.7734375 0.32421875 0.7890625 0.1953125 0.154296875 0.08984375
0 0.685546875 0.333984375 0.626953125 0.333984375 0.623046875 0.951171875 0.685546875 0.953125 0.685546875 0.333984375
0 0.681640625 0.9453125 0.728515625 0.943359375 0.744140625 0.32421875 0.703125 0.3203125 0.681640625 0.9453125
0 0.779296875 0.3203125 0.748046875 0.318359375 0.73046875 0.9609375 0.759765625 0.9609375 0.779296875 0.3203125
0 0.7578125 0.96484375 0.818359375 0.96484375 0.828125 0.283203125 0.78125 0.28125 0.7578125 0.96484375
0 0.884765625 0.330078125 0.837890625 0.330078125 0.8203125 0.958984375 0.86328125 0.958984375 0.884765625 0.330078125
0 0.869140625 0.955078125 0.9296875 0.95703125 0.947265625 0.333984375 0.884765625 0.333984375 0.869140625 0.955078125
0 0.99609375 0.34375 0.951171875 0.34375 0.935546875 0.9609375 0.98828125 0.9609375 0.99609375 0.34375
0 0.466796875 0.275390625 0.404296875 0.265625 0.3984375 0.94140625 0.462890625 0.9375 0.466796875 0.275390625
0 0.52734375 0.294921875 0.486328125 0.296875 0.474609375 0.931640625 0.517578125 0.9296875 0.52734375 0.294921875
0 0.51953125 0.94140625 0.61328125 0.9453125 0.619140625 0.3203125 0.53125 0.318359375 0.51953125 0.94140625
0 0.291015625 0.939453125 0.38671875 0.947265625 0.39453125 0.26171875 0.302734375 0.25390625 0.291015625 0.939453125
0 0.29296875 0.25390625 0.185546875 0.23828125 0.1875 0.95703125 0.27734375 0.95703125 0.29296875 0.25390625
0 0.078125 0.95703125 0.1875 0.9609375 0.185546875 0.228515625 0.080078125 0.2265625 0.078125 0.95703125