0 0.9007092203125 0.7553191484374999 0.6312056734375 0.797872340625 0.6320921984375001 0.8546099296874999 0.9015957453125001 0.8042553187499999 0.9007092203125 0.7553191484374999
0 0.6303191484374999 0.8574468078124999 0.6338652484375 0.9113475171875001 0.9007092203125 0.8574468078124999 0.9015957453125001 0.8106382984374999 0.6303191484374999 0.8574468078124999
0 0.40115248281250004 0.9568557921874999 0.43070331093750003 0.9533096921875 0.42922576718750005 0.7517730499999999 0.40115248281250004 0.7535461 0.40115248281250004 0.9568557921874999
0 0.449911346875 0.7393617015625 0.42922576718750005 0.7411347515625 0.432919621875 0.9497635921875001 0.4513888890625 0.9468085109375 0.449911346875 0.7393617015625
0 0.47517730468749997 0.7482269500000001 0.452127659375 0.7517730499999999 0.45567375937500004 0.9418439718749999 0.47695035468749997 0.937588653125 0.47517730468749997 0.7482269500000001
0 0.502659575 0.738297871875 0.4778368796875 0.7425531921874999 0.48049645312499994 0.9382978718749999 0.502659575 0.9326241140624999 0.502659575 0.738297871875
0 0.5079787234375 0.9340425531250001 0.53014184375 0.92836879375 0.5265957453125 0.7418439718750001 0.5035461 0.7432624109375 0.5079787234375 0.9340425531250001
0 0.5514184390625 0.737588653125 0.53014184375 0.7397163124999999 0.53191489375 0.9297872343750001 0.5549645390625 0.9234042546874999 0.5514184390625 0.737588653125
0 0.5567375890624999 0.921985815625 0.5851063828124999 0.91631205625 0.5842198578125 0.729787234375 0.5602836875 0.7326241140625 0.5567375890624999 0.921985815625
0 0.611702128125 0.727659575 0.5851063828124999 0.730496453125 0.5859929078125 0.9141843968750001 0.609929078125 0.9106382984374999 0.611702128125 0.727659575
0 0.3952423171875 0.7570921984375001 0.3656914890625 0.7606382984375 0.3686465734375 0.9639479906249999 0.3989361703125 0.959810875 0.3952423171875 0.7570921984375001
0 0.2711288421875 0.7754137125 0.230496453125 0.78191489375 0.23862293124999998 0.98995271875 0.27482269531250003 0.9846335703125 0.2711288421875 0.7754137125
0 0.32727541250000003 0.96808510625 0.3619976359375 0.961583925 0.356826240625 0.7588652484375 0.3235815609375 0.7635933796875001 0.32727541250000003 0.96808510625
0 0.31988770781250003 0.765957446875 0.280732859375 0.772458628125 0.2859042546875 0.9787234046875 0.3250591015625 0.9674940890625001 0.31988770781250003 0.765957446875
0 0.223108746875 0.7842789609375 0.18543144218750002 0.7890070921875 0.189125296875 0.9994089828125 0.22384751718749998 0.992316784375 0.223108746875 0.7842789609375
0 0.151447990625 0.9994089828125 0.1906028375 1 0.1787825046875 0.7541371156250001 0.141843971875 0.7588652484375 0.151447990625 0.9994089828125
0 0.1470153671875 1 0.1366725765625 0.762411346875 0.0901300234375 0.7683215140625 0.1034278953125 0.99349881875 0.10712174999999999 1 0.1470153671875 1
0 0.0864361703125 0.7683215140625 0.047281325 0.7748226953125 0.0531914890625 0.9107565 0.09530141875 0.9822695031249999 0.0864361703125 0.7683215140625
0 0.0391548453125 0.7234042546875 0.0731382984375 0.71985815625 0.0568853421875 0.47635933750000004 0.0229018921875 0.477541371875 0.0391548453125 0.7234042546875
0 0.108599290625 0.4734042546875 0.059101654687500005 0.47695035468749997 0.07239952656250001 0.7204491734375 0.1159869984375 0.713947990625 0.108599290625 0.4734042546875
0 0.15809692656250002 0.47163120625 0.1093380625 0.47281323906250006 0.1218971625 0.713947990625 0.16843971562499999 0.7074468078125 0.15809692656250002 0.47163120625
0 0.170656028125 0.7068557921874999 0.2164598109375 0.6991725765625 0.215721040625 0.4674940890625 0.1617907796875 0.47104018906249995 0.170656028125 0.7068557921874999
0 0.21941489375 0.667257684375 0.22163120625000002 0.69799054375 0.4816784875 0.6631205671875 0.4816784875 0.6365248234374999 0.21941489375 0.667257684375
0 0.21867612187500002 0.6365248234374999 0.21941489375 0.6648936171875001 0.48020094531249996 0.63416075625 0.48020094531249996 0.606382978125 0.21867612187500002 0.6365248234374999
0 0.217937353125 0.6010638296875 0.217937353125 0.633569740625 0.48020094531249996 0.6057919609375 0.48093971562500004 0.578014184375 0.217937353125 0.6010638296875
0 0.2164598109375 0.569739953125 0.21867612187500002 0.5986997625 0.48093971562500004 0.5750591015625 0.4816784875 0.5484633578125 0.2164598109375 0.569739953125
0 0.215721040625 0.5366430249999999 0.217937353125 0.5685579187500001 0.4838948 0.5449172578125 0.48093971562500004 0.5183215140625 0.215721040625 0.5366430249999999
0 0.531176121875 0.45685579218749994 0.48906619375 0.46040189062500003 0.4883274234375 0.667257684375 0.528221040625 0.661938534375 0.531176121875 0.45685579218749994
0 0.5710697390624999 0.452127659375 0.535608746875 0.45567375937500004 0.535608746875 0.6607565 0.5681146578125 0.6554373515624999 0.5710697390624999 0.452127659375
0 0.57476359375 0.6554373515624999 0.609485815625 0.6507092203125 0.611702128125 0.4491725765625 0.57919621875 0.4515366421875 0.57476359375 0.6554373515624999
0 0.6611997640625 0.44739952812499995 0.6198286046875 0.450354609375 0.6153959812500001 0.6513002375 0.65824468125 0.646572103125 0.6611997640625 0.44739952812499995
0 0.874704490625 0.4249408984375 0.8481087468749999 0.42730496406249996 0.838504728125 0.6264775421875 0.8628841609375 0.6217494078125 0.874704490625 0.4249408984375
0 0.8658392421875 0.6211583921875 0.8902186750000001 0.6170212765625 0.900561465625 0.40248226875000004 0.879137115625 0.40602836875000003 0.8658392421875 0.6211583921875
0 0.9360224593750001 0.40248226875000004 0.9079491718750001 0.40248226875000004 0.893173759375 0.618203309375 0.9227245875 0.6128841609375 0.9360224593750001 0.40248226875000004
0 0.92567966875 0.6134751765625001 0.9500591015625 0.6093380609375 0.9618794328125 0.398345153125 0.9419326234375 0.40070922031249995 0.92567966875 0.6134751765625001
0 0.76093380625 0.08274231562499999 0.7299054375 0.08274231562499999 0.7151300234375 0.2789598109375 0.7476359343750001 0.27836879375 0.76093380625 0.08274231562499999
0 0.6811465734375 0.2813238765625 0.7136524828125 0.28014184375 0.71808510625 0.09633569843749999 0.6892730499999999 0.09751773124999999 0.6811465734375 0.2813238765625
0 0.42479314375 0.0726950359375 0.42479314375 0.1371158390625 0.6870567375000001 0.1365248234375 0.690750590625 0.07683215156249999 0.42479314375 0.0726950359375
0 0.423315603125 0.1613475171875 0.42479314375 0.209810875 0.6841016546875001 0.205673759375 0.6870567375000001 0.15957446875 0.423315603125 0.1613475171875
0 0.55625 0.14765625 0.2609375 0.01796875
0 0.6804078015624999 0.2352245859375 0.6818853421875 0.2109929078125 0.42479314375 0.213947990625 0.42479314375 0.257683215625 0.6434692671875 0.25177305 0.6449468078125 0.237588653125 0.6804078015624999 0.2352245859375
0 0.425531915625 0.26182033125 0.425531915625 0.291962175 0.6434692671875 0.2848699765625 0.6442080375 0.25413711562499997 0.425531915625 0.26182033125
0 0.42257683124999995 0.0514184390625 0.373079196875 0.050236407812499995 0.3789893609375 0.29550827343749997 0.4262706859375 0.2931442078125 0.42257683124999995 0.0514184390625
0 0.339834515625 0.2966903078125 0.375295509375 0.2984633578125 0.3701241140625 0.049645390625 0.3331855796875 0.050236407812499995 0.339834515625 0.2966903078125
0 0.3309692671875 0.0472813234375 0.285165484375 0.0472813234375 0.294769503125 0.2966903078125 0.3361406609375 0.2966903078125 0.3309692671875 0.0472813234375
0 0.285165484375 0.0455082734375 0.244533096875 0.044326240625 0.2570921984375 0.299645390625 0.29107565 0.29728132343749997 0.285165484375 0.0455082734375
0 0.21498226874999998 0.3008274234375 0.25265957499999997 0.2990543734375 0.2408392421875 0.0431442078125 0.20759456250000002 0.044326240625 0.21498226874999998 0.3008274234375
0 0.201684396875 0.033096926562500004 0.166962175 0.03368794375 0.1832151296875 0.3008274234375 0.2098108734375 0.3002364078125 0.201684396875 0.033096926562500004
0 0.14406028437500001 0.30200945625000003 0.18026004843750001 0.3002364078125 0.16622340468750002 0.034278960937500005 0.1285461 0.0325059109375 0.14406028437500001 0.30200945625000003
0 0.124852246875 0.0348699765625 0.0834810875 0.034278960937500005 0.1012115828125 0.3031914890625 0.1411052 0.3008274234375 0.124852246875 0.0348699765625
0 0.05023640625 0.30555555624999997 0.1026891265625 0.3031914890625 0.0807722625 0 0.026595745312500002 0.0015760437499999999 0.05023640625 0.30555555624999997
0 0.046296296875 0.3049645390625 0.0275807734375 0.0007880234375 0.0029550828125 0.0007880234375 0.0019700546875 0.167060678125 0.0098502765625 0.3033884953125 0.046296296875 0.3049645390625