0 0.15248226874999998 0.8053977265625001 0.22872340468750002 0.7613636359375 0.235815603125 0.7514204546875 0.2446808515625 0.7514204546875 0.20212765937500002 0.75 0.18617021250000002 0.7329545453125 0.18794326249999999 0.5482954546875 0.1808510640625 0.5411931812499999 0.1843971625 0.31107954531250004 0.1950354609375 0.28125 0.20744680781249997 0.27840909062499997 0.21453900781250002 0.2613636359375 0.16843971562499999 0.2258522734375 0.141843971875 0.2144886359375 0.07801418437499999 0.21306818125000002 0.0531914890625 0.2201704546875 0.049645390625 0.7954545453125 0.0549645390625 0.8096590906250001 0.125886525 0.8096590906250001 0.15248226874999998 0.8053977265625001
0 0.2765957453125 0.7357954546875 0.2730496453125 0.31818181874999996 0.262411346875 0.29829545468749996 0.1914893609375 0.29971590937500003 0.1897163125 0.7315340906250001 0.200354609375 0.7457386359375 0.25531914843750003 0.7443181812499999 0.2765957453125 0.7357954546875
0 0.3510638296875 0.6846590906250001 0.34751773125 0.31960227343750003 0.3351063828125 0.3082386359375 0.2765957453125 0.3082386359375 0.28014184375 0.7471590906250001 0.28723404218750004 0.7514204546875 0.3368794328125 0.75 0.3510638296875 0.6846590906250001
0 0.4361702125 0.7201704546875 0.4361702125 0.6832386359375 0.421985815625 0.40056818125 0.423758865625 0.296875 0.4166666671875 0.28693181874999996 0.40425531875000004 0.2855113640625 0.361702128125 0.2855113640625 0.3546099296875 0.28977272656249997 0.361702128125 0.7215909093749999 0.3670212765625 0.7286931812499999 0.4290780140625 0.7258522734375 0.4361702125 0.7201704546875
0 0.4964539 0.7116477265625 0.47872340468749996 0.3125 0.47517730468749997 0.3082386359375 0.42730496406249996 0.31107954531250004 0.4414893609375 0.7230113640625 0.4485815609375 0.7471590906250001 0.49290780156249997 0.7485795453125 0.4964539 0.7116477265625
0 0.514184396875 0.7471590906250001 0.547872340625 0.7400568187500001 0.52836879375 0.28409090937500003 0.5248226953125 0.2769886359375 0.512411346875 0.27556818125000004 0.48049645312499994 0.27982954531250004 0.4946808515625 0.7002840906250001 0.5035461 0.7215909093749999 0.5017730499999999 0.7471590906250001 0.514184396875 0.7471590906250001
0 0.5620567375000001 0.3167613640625 0.5567375890624999 0.2926136359375 0.53191489375 0.2926136359375 0.547872340625 0.734375 0.5514184390625 0.7428977265625 0.576241134375 0.7428977265625 0.5620567375000001 0.3167613640625
0 0.638297871875 0.7485795453125 0.638297871875 0.7116477265625 0.6187943265625 0.31392045468749996 0.6152482265625 0.30965909062499997 0.5656028375 0.3125 0.581560284375 0.734375 0.5868794328125 0.7514204546875 0.6241134749999999 0.7528409093749999 0.638297871875 0.7485795453125
0 0.6790780140625 0.31960227343750003 0.670212765625 0.30681818125000004 0.6241134749999999 0.31107954531250004 0.641843971875 0.7428977265625 0.6507092203125 0.7514204546875 0.6985815609375 0.7514204546875 0.6790780140625 0.31960227343750003
0 0.7588652484375 0.7599431812499999 0.7748226953125 0.7571022734375 0.77836879375 0.7443181812499999 0.7553191484374999 0.32102272656249997 0.75 0.3125 0.6861702125 0.3167613640625 0.6879432624999999 0.497159090625 0.703900709375 0.75 0.7109929078125 0.7585227265625 0.7588652484375 0.7599431812499999
0 0.856382978125 0.7741477265625 0.9290780140624999 0.7755681812499999 0.9343971625 0.7727272734375 0.9343971625 0.7130681812499999 0.9148936171875001 0.25994318125000004 0.9078014187500001 0.25142045468749996 0.84574468125 0.25142045468749996 0.8244680843750001 0.25852272656249997 0.8049645390625001 0.27556818125000004 0.7836879437500001 0.31107954531250004 0.8138297874999999 0.32528409062499997 0.8351063828124999 0.7599431812499999 0.856382978125 0.7741477265625
0 0.8226950359374999 0.7642045453125 0.831560284375 0.7585227265625 0.831560284375 0.7357954546875 0.8085106390625001 0.32244318125000004 0.796099290625 0.3167613640625 0.762411346875 0.32244318125000004 0.767730496875 0.546875 0.78191489375 0.7428977265625 0.7907801421875 0.7627840906250001 0.8226950359374999 0.7642045453125