0 0.2336956515625 0.5152173906249999 0.2336956515625 0.4782608703125 0.21603260937500002 0.1695652171875 0.2065217390625 0.0913043484375 0.1970108703125 0.0836956515625 0.180706521875 0.08043478281250001 0.1521739125 0.08043478281250001 0.131793478125 0.086956521875 0.1616847828125 0.5173913046874999 0.16440217343750002 0.5206521734375 0.2269021734375 0.5184782609374999 0.2336956515625 0.5152173906249999
0 0.30298912968749997 0.47608695624999997 0.2853260875 0.15 0.2771739125 0.0934782609375 0.26358695625 0.0836956515625 0.2133152171875 0.08804347812499999 0.23641304375 0.514130434375 0.2934782609375 0.5163043484375 0.30298912968749997 0.514130434375 0.30298912968749997 0.47608695624999997
0 0.381793478125 0.513043478125 0.381793478125 0.4945652171875 0.3586956515625 0.0913043484375 0.350543478125 0.084782609375 0.32201087031250003 0.08043478281250001 0.3002717390625 0.0815217390625 0.2866847828125 0.08804347812499999 0.30434782656250003 0.510869565625 0.3084239125 0.5173913046874999 0.3763586953125 0.5173913046874999 0.381793478125 0.513043478125
0 0.4116847828125 0.086956521875 0.39266304375 0.0836956515625 0.36548912968749997 0.090217390625 0.38315217343749997 0.513043478125 0.434782609375 0.5163043484375 0.4157608703125 0.0934782609375 0.4116847828125 0.086956521875
0 0.48777173906250004 0.1163043484375 0.48097826093749996 0.1054347828125 0.466032609375 0.1021739125 0.43614130468749995 0.1032608703125 0.42527173906250004 0.11086956562500001 0.43885869531250005 0.513043478125 0.4470108703125 0.5184782609374999 0.497282609375 0.5173913046874999 0.48777173906250004 0.1163043484375
0 0.5529891296875 0.11086956562500001 0.538043478125 0.1043478265625 0.497282609375 0.1054347828125 0.4918478265625 0.11086956562500001 0.502717390625 0.514130434375 0.559782609375 0.5163043484375 0.5543478265624999 0.1184782609375 0.5529891296875 0.11086956562500001
0 0.618206521875 0.11413043437499999 0.6086956515625 0.1054347828125 0.5679347828125 0.1054347828125 0.5570652171875 0.10978260937499999 0.5638586953125 0.511956521875 0.5720108703125 0.5184782609374999 0.622282609375 0.5173913046874999 0.618206521875 0.11413043437499999
0 0.6793478265624999 0.11413043437499999 0.6711956515625 0.10869565156250001 0.6467391296875 0.1065217390625 0.6209239125 0.11086956562500001 0.625 0.514130434375 0.6779891296875 0.5173913046874999 0.684782609375 0.5152173906249999 0.6793478265624999 0.11413043437499999
0 0.698369565625 0.5173913046874999 0.7581521734375001 0.5173913046874999 0.7690217390625 0.513043478125 0.76766304375 0.138043478125 0.7486413046875 0.13369565156250002 0.6915760875 0.134782609375 0.684782609375 0.13695652187500001 0.690217390625 0.213664596875 0.690217390625 0.513043478125 0.698369565625 0.5173913046874999
0 0.8532608703125 0.1413043484375 0.778532609375 0.13586956562500002 0.7730978265624999 0.139130434375 0.7758152171875 0.513043478125 0.8410326093749999 0.5173913046874999 0.854619565625 0.510869565625 0.8532608703125 0.1413043484375
0 0.9415760875 0.325 0.9470108703125 0.1456521734375 0.9320652171875 0.140217390625 0.8559782609375001 0.138043478125 0.85733695625 0.514130434375 0.9307065218749999 0.5184782609374999 0.9442934781250001 0.513043478125 0.9415760875 0.325
0 0.9986413046875 0.14456521718749998 0.9646739125 0.140217390625 0.9429347828125 0.14456521718749998 0.9442934781250001 0.513043478125 0.9538043484375001 0.5173913046874999 0.9959239125 0.5184782609374999 0.9986413046875 0.14456521718749998
0 0.9660326093749999 0.8217391296875001 0.9660326093749999 0.6673913046875 0.8872282609375001 0.665217390625 0.8831521734375001 0.75108695625 0.8763586953125 0.99891304375 0.9524456515624999 0.99891304375 0.957880434375 0.990217390625 0.9660326093749999 0.8217391296875001
0 0.8722826093749999 0.99891304375 0.8736413046875 0.9956521734375 0.8831521734375001 0.6728260875000001 0.8705768203125 0.6701650640625 0.841901571875 0.6723147125 0.8051613890624999 0.6723147125 0.79891304375 0.7059782609374999 0.7907608703125 0.99891304375 0.8722826093749999 0.99891304375
0 0.79483695625 0.67391304375 0.7866847828125 0.6695652171875001 0.739130434375 0.6717391296875 0.716032609375 0.67608695625 0.7133152171875 0.6836956515625 0.7092391296875 0.9934782609375 0.7105978265624999 0.99891304375 0.7853260875 0.99891304375 0.79483695625 0.67391304375
0 0.645380434375 0.6706521734375 0.6413043484375 0.6836956515625 0.6345108703125 0.99891304375 0.70108695625 0.99891304375 0.7092391296875 0.6728260875000001 0.645380434375 0.6706521734375
0 0.5842391296875 0.6728260875000001 0.5788043484375 0.875 0.5774456515625 0.99891304375 0.6290760875 0.99891304375 0.6372282609375 0.6695652171875001 0.5842391296875 0.6728260875000001
0 0.5502717390625 0.6684782609375 0.528532609375 0.7032608703125 0.5230978265624999 0.8576086953125 0.5230978265624999 0.99891304375 0.5720108703125 0.99891304375 0.57608695625 0.6695652171875001 0.5502717390625 0.6684782609375