0 0.5377935671875 0.9049443531250001 0.31675547656249997 0.81736909375 0.3177422546875 0.8429118765625001 0.5368067890625 0.9386973187500001 0.5377935671875 0.9049443531250001
0 0.5041672359375 0.72881141875 0.5041672359375 0.757862828125 0.776062303125 0.7742831890625 0.7753791515625 0.7490210937499999 0.5041672359375 0.72881141875
0 0.5041672359375 0.70544398125 0.5041672359375 0.728179865625 0.776062303125 0.74586333125 0.7774286109374999 0.723759 0.5041672359375 0.70544398125
0 0.5048503890625 0.677024125 0.5041672359375 0.7029177718749999 0.77674545625 0.719969684375 0.77674545625 0.6934444859375 0.5048503890625 0.677024125
0 0.5028009296875 0.6523935828125 0.5021177765625 0.675761021875 0.7781117640625 0.692812934375 0.7787949171874999 0.66881394375 0.5028009296875 0.6523935828125
0 0.5028009296875 0.623973728125 0.5028009296875 0.6479727171875 0.7794780703125 0.66502463125 0.7801612234374999 0.6403940890625 0.5028009296875 0.623973728125
0 0.500068315625 0.595553871875 0.50075146875 0.6214475171875 0.7774286109374999 0.6397625375 0.7781117640625 0.6132373359375001 0.500068315625 0.595553871875
0 0.50075146875 0.5702917765625 0.50075146875 0.593659215625 0.7794780703125 0.6113426796875 0.7794780703125 0.5867121375 0.50075146875 0.5702917765625
0 0.50553354375 0.5425034734375 0.50553354375 0.56776556875 0.7828938390625 0.5841859296874999 0.7835769906250001 0.5551345203125 0.50553354375 0.5425034734375
0 0.5041672359375 0.521662246875 0.5041672359375 0.540608815625 0.7828938390625 0.5532398640625 0.7822106843750001 0.53618795 0.5041672359375 0.521662246875
0 0.5048503890625 0.5020841234375 0.5048503890625 0.5197675890625 0.7835769906250001 0.5349248453125 0.7835769906250001 0.5159782749999999 0.5048503890625 0.5020841234375
0 0.501434621875 0.47366426562499997 0.5028009296875 0.49766325624999996 0.7842601453125 0.51471516875 0.7842601453125 0.489453075 0.501434621875 0.47366426562499997
0 0.5028009296875 0.446507515625 0.5028009296875 0.471769609375 0.7849432984375 0.4850322078125 0.7849432984375 0.4604016671875 0.5028009296875 0.446507515625
0 0.49938516093749996 0.4199823171875 0.498702009375 0.4427182015625 0.7822106843750001 0.4572439046875 0.7828938390625 0.436402678125 0.49938516093749996 0.4199823171875
0 0.50075146875 0.39724643125000003 0.500068315625 0.42061386875 0.7822106843750001 0.43198181093750004 0.7822106843750001 0.40924592656250003 0.50075146875 0.39724643125000003
0 0.500068315625 0.367563471875 0.500068315625 0.39345711875 0.7822106843750001 0.40735126875 0.7822106843750001 0.38019451875 0.500068315625 0.367563471875
0 0.5012828093749999 0.338441890625 0.500296034375 0.363984675 0.7842601453125 0.3782998609375 0.7842601453125 0.354300871875 0.5012828093749999 0.338441890625
4 0.321875 0.46484375 0.3609375 0.24375
2 0.25078125 0.75546875 0.10546875 0.125