0 0.0658561296875 0.18652400156249999 0.018996960937499998 0.1850780796875 0.032928065625 0.43016194375000005 0.0759878421875 0.43522267187499997 0.0658561296875 0.18652400156249999
0 0.0924518734375 0.43377675 0.14437689843749998 0.43739155625 0.130445796875 0.18652400156249999 0.07725430625 0.1858010421875 0.0924518734375 0.43377675
0 0.1747720375 0.1959224984375 0.136778115625 0.1959224984375 0.14437689843749998 0.43522267187499997 0.18110435625000001 0.43956043906250003 0.1747720375 0.1959224984375
0 0.208966565625 0.1980913828125 0.17603850000000001 0.1959224984375 0.18110435625000001 0.435945634375 0.214032421875 0.4402834015625 0.208966565625 0.1980913828125
0 0.2469604859375 0.196645459375 0.2102330296875 0.1959224984375 0.21529888437500003 0.4402834015625 0.249493415625 0.4453441296875 0.2469604859375 0.196645459375
0 0.306484296875 0.196645459375 0.25329280625 0.196645459375 0.25329280625 0.45112782031250004 0.3039513671875 0.4561885484375 0.306484296875 0.196645459375
0 0.3888044578125 0.1973684203125 0.32294832812499996 0.196645459375 0.32294832812499996 0.4554655875 0.379939209375 0.45980335468750005 0.3888044578125 0.1973684203125
0 0.47745693906250003 0.1980913828125 0.390070921875 0.1973684203125 0.379939209375 0.4655870453125 0.467325228125 0.4720936953125 0.47745693906250003 0.1980913828125
0 0.5749746703125 0.19881434375 0.482522796875 0.19881434375 0.4723910828125 0.47137073437500004 0.548378925 0.47787738593749995 0.5749746703125 0.19881434375
0 0.6699594734375001 0.19881434375 0.5775076 0.19881434375 0.5509118546875 0.48004626874999995 0.6357649453125 0.48727588125 0.6699594734375001 0.19881434375
0 0.7535461 0.20026026562500002 0.673758865625 0.20026026562500002 0.638297871875 0.4887218046875 0.7142857140625 0.496674378125 0.7535461 0.20026026562500002
0 0.7142857140625 0.496674378125 0.7560790265625 0.5002891843749999 0.8004052671874999 0.200983228125 0.7535461 0.200983228125 0.7142857140625 0.496674378125
0 0.859929078125 0.2017061875 0.802938196875 0.200983228125 0.757345490625 0.5017351078125001 0.809270515625 0.506072875 0.859929078125 0.2017061875
0 0.8852583578125 0.200983228125 0.8611955421875 0.20026026562500002 0.81053698125 0.5050028921874999 0.8333333328125001 0.507171775 0.8852583578125 0.200983228125
0 0.9397163125000001 0.225563909375 0.8865248234375 0.22411798749999998 0.8383991890625 0.5082417578125 0.8839918953125 0.5133024875000001 0.9397163125000001 0.225563909375
0 0.9878419453125 0.22628687187500002 0.9397163125000001 0.22628687187500002 0.8865248234375 0.5133024875000001 0.9283181359375 0.51691729375 0.9878419453125 0.22628687187500002
0 1 0.657171775 0.9827760890624999 0.6564488140625 0.9257852078125 0.872614228125 0.9599797359375 0.8791208796875001 1 0.743927125 1 0.657171775
0 0.9777102328125 0.655725853125 0.937183384375 0.6477732796875 0.8877912875 0.8624927703124999 0.9245187421875001 0.871891265625 0.9777102328125 0.655725853125
0 0.9067882468749999 0.6260844421875 0.8839918953125 0.623192596875 0.8320668687499999 0.8523713125000001 0.8561296859375 0.8574320421875001 0.9067882468749999 0.6260844421875
0 0.859929078125 0.8530942749999999 0.8865248234375 0.8603238859375001 0.937183384375 0.63259109375 0.909321175 0.6296992484375 0.859929078125 0.8530942749999999
0 0.7864741656249999 0.8400809718750001 0.8282674765625 0.8502024296874999 0.8801925015625001 0.623192596875 0.8308004062500001 0.6159629843750001 0.7864741656249999 0.8400809718750001
0 0.733282675 0.61813186875 0.71301925 0.6152400234375001 0.6762917921875 0.8198380562500001 0.690222896875 0.8220069406249999 0.733282675 0.61813186875
0 0.7636778125 0.6152400234375001 0.7383485296875001 0.6101792953125 0.6940222890625 0.8241758234375001 0.7168186421875 0.8263447078124999 0.7636778125 0.6152400234375001
0 0.7244174265625001 0.82706766875 0.7459473156249999 0.832851359375 0.7839412359375 0.62463851875 0.7636778125 0.623192596875 0.7244174265625001 0.82706766875
0 0.819402228125 0.630422209375 0.787740628125 0.6260844421875 0.747213778125 0.8342972812499999 0.78014184375 0.8400809718750001 0.819402228125 0.630422209375
0 0.11927558281249999 0.5198091390624999 0.09774569375 0.51619433125 0.1066109421875 0.6998264890625 0.1268743671875 0.7034412953125 0.11927558281249999 0.5198091390624999
0 0.15220364687500001 0.5400520531249999 0.1382725421875 0.536437246875 0.1446048640625 0.7077790625 0.15980243125 0.7106709078125 0.15220364687500001 0.5400520531249999
0 0.1724670734375 0.5400520531249999 0.15726950312500002 0.53788316875 0.1610688953125 0.7106709078125 0.1724670734375 0.71211683125 0.1724670734375 0.5400520531249999
0 0.2053951359375 0.5443898203125 0.18386524843750002 0.5443898203125 0.1775329265625 0.715008675 0.207928065625 0.720069403125 0.2053951359375 0.5443898203125
0 0.24718844999999998 0.536437246875 0.21679331406250002 0.5320994796875 0.21679331406250002 0.7215153265625001 0.24718844999999998 0.7272990171875 0.24718844999999998 0.536437246875
0 0.2775835875 0.5537883171875 0.2611195546875 0.5516194328124999 0.259853090625 0.7294679015625001 0.2788500515625 0.73380566875 0.2775835875 0.5537883171875
0 0.321909828125 0.554511278125 0.299113475 0.5537883171875 0.2927811546875 0.7323597453125 0.3130445796875 0.735251590625 0.321909828125 0.554511278125
0 0.3548378921875 0.5646327359375001 0.33330800312500003 0.5610179296875 0.33457446874999996 0.7482648921874999 0.3485055734375 0.7504337765625 0.3548378921875 0.5646327359375001
0 0.37383485312500003 0.568970503125 0.3548378921875 0.565355696875 0.3485055734375 0.7504337765625 0.36750253437499997 0.7547715453125 0.37383485312500003 0.568970503125
0 0.4168946296875 0.5559572 0.37636778125000003 0.5501735109375 0.3725683890625 0.75838635 0.40802938125 0.7656159625 0.4168946296875 0.5559572
0 0.4536220875 0.5639097750000001 0.4168946296875 0.56029496875 0.40802938125 0.7663389234375 0.43969098281249996 0.7742914984375 0.4536220875 0.5639097750000001
0 0.475151975 0.5834297281249999 0.45995440781249997 0.579814921875 0.44855623125 0.7648930015625 0.462487334375 0.770676690625 0.475151975 0.5834297281249999
0 0.4637538 0.7735685359375 0.49288247187499995 0.7793522265624999 0.503014184375 0.5841526890625001 0.4738855125 0.58198380625 0.4637538 0.7735685359375
0 0.5410081046874999 0.58921341875 0.508080040625 0.5848756515625 0.49161600937500005 0.77718334375 0.5245440734375 0.7844129546875 0.5410081046874999 0.58921341875
0 0.587867275 0.597888953125 0.548606890625 0.5921052625 0.5296099296875 0.7880277625 0.570136778125 0.7974262578125 0.587867275 0.597888953125
0 0.57266970625 0.7988721796875 0.600531915625 0.8039329093750001 0.6207953390625 0.587044534375 0.59419959375 0.5841526890625001 0.57266970625 0.7988721796875
0 0.6499240125 0.5913823015624999 0.6245947328125 0.5877674953125 0.60433130625 0.7938114515625 0.6245947328125 0.7988721796875 0.6499240125 0.5913823015624999
0 0.699316109375 0.61813186875 0.6461246203125001 0.6116252171875 0.6245947328125 0.814777328125 0.6714539 0.8227299015625 0.699316109375 0.61813186875
0 0.12940729374999999 0.7634470796875 0.0990121578125 0.756940428125 0.10787740625 0.905147484375 0.1395390078125 0.9138230187499999 0.12940729374999999 0.7634470796875
0 0.18006585625 0.76923076875 0.140805471875 0.760555234375 0.15220364687500001 0.9102082125000001 0.18386524843750002 0.9196067093750001 0.18006585625 0.76923076875
0 0.1952634234375 0.7735685359375 0.182598784375 0.770676690625 0.186398175 0.9203296703125 0.197796353125 0.923221515625 0.1952634234375 0.7735685359375
0 0.2180597765625 0.77718334375 0.197796353125 0.7742914984375 0.19906281718750002 0.9246674374999999 0.22059270625 0.9297281671875 0.2180597765625 0.77718334375
0 0.254787234375 0.785858878125 0.219326240625 0.7779063046875 0.22059270625 0.9304511281250001 0.254787234375 0.9420185078125 0.254787234375 0.785858878125
0 0.2953140828125 0.7974262578125 0.259853090625 0.7880277625 0.2573201609375 0.9427414687500001 0.2927811546875 0.94997108125 0.2953140828125 0.7974262578125
0 0.339640325 0.8068247546875 0.3003799390625 0.7974262578125 0.29404761874999996 0.9514170046875 0.33457446874999996 0.9637073453125 0.339640325 0.8068247546875
0 0.4105623109375 0.832851359375 0.3523049640625 0.8191150953124999 0.3409067890625 0.9658762281250001 0.3991641328125 0.9832272984375001 0.4105623109375 0.832851359375
0 0.43842451875000005 0.832851359375 0.41182877500000004 0.825621746875 0.40549645312499993 0.9861191437500001 0.42829280625 0.9947946796875 0.43842451875000005 0.832851359375