0 0.1663542921875 0.0843203984375 0.11789213437499999 0.074477353125 0.11930325156249999 0.8782477343749999 0.165374003125 0.8782477343749999 0.1663542921875 0.0843203984375
0 0.17107843125 0.3323170734375 0.17034313750000002 0.353222996875 0.1713235296875 0.3728223 0.1705882359375 0.38458188125000003 0.1720588234375 0.529181184375 0.1713235296875 0.61541811875 0.171568628125 0.6533101046875001 0.17230392187500002 0.657229965625 0.171813725 0.6781358890625 0.1725490203125 0.68858885 0.17230392187500002 0.8031358890625 0.173774509375 0.8218641109375 0.1725490203125 0.8484320562500001 0.1735294125 0.8606271781249999 0.17279411718749998 0.8767421609375001 0.1740196078125 0.8793554 0.1811274515625 0.8841463421875 0.201225490625 0.887195121875 0.20465686249999998 0.8858885015625001 0.2100490203125 0.8806620203125 0.20931372499999998 0.8728222999999999 0.21053921562500003 0.8689024390625001 0.21053921562500003 0.845383275 0.20931372499999998 0.8418989546875 0.2102941171875 0.8301393734375001 0.2095588234375 0.8253484328124999 0.2102941171875 0.8218641109375 0.2088235296875 0.8179442515625001 0.2100490203125 0.8148954703125 0.20931372499999998 0.8105400703125 0.2100490203125 0.8061846687499999 0.209068628125 0.80182926875 0.2102941171875 0.789634146875 0.209068628125 0.7865853656249999 0.21102941249999999 0.7582752609375001 0.2102941171875 0.747386759375 0.211274509375 0.74041811875 0.211274509375 0.722560975 0.2095588234375 0.7164634140625 0.21053921562500003 0.7077526125 0.21102941249999999 0.6576655046875 0.2120098046875 0.64721254375 0.21102941249999999 0.6040940765625 0.21176470625000002 0.5805749125 0.21102941249999999 0.5762195125 0.21151960781249998 0.5670731703125 0.21053921562500003 0.560975609375 0.2107843140625 0.532229965625 0.21151960781249998 0.52656794375 0.211274509375 0.4699477359375 0.21053921562500003 0.46689895468750003 0.21102941249999999 0.4547038328125 0.2100490203125 0.4512195125 0.2102941171875 0.4237804875 0.20931372499999998 0.4198606265625 0.2095588234375 0.406794425 0.2088235296875 0.40418118437499995 0.209803921875 0.399825784375 0.20808823593749998 0.3963414640625 0.20931372499999998 0.39242160312499996 0.20857843125 0.3885017421875 0.2095588234375 0.38458188125000003 0.2075980390625 0.3806620203125 0.209068628125 0.3771777 0.20857843125 0.3728223 0.2095588234375 0.36977351875000003 0.20808823593749998 0.364982578125 0.20931372499999998 0.3619337984375 0.2088235296875 0.3571428578125 0.2095588234375 0.35278745625 0.2078431375 0.3493031359375 0.20931372499999998 0.3462543546875 0.20808823593749998 0.3414634140625 0.20931372499999998 0.3371080140625 0.2075980390625 0.3344947734375 0.209068628125 0.33057491250000004 0.2078431375 0.3266550515625 0.209068628125 0.32317073125 0.209068628125 0.32099303125 0.2078431375 0.3192508703125 0.209068628125 0.314024390625 0.2063725484375 0.31184669062500003 0.20490196093750002 0.30618466875 0.2056372546875 0.30357142812500004 0.205147059375 0.2996515671875 0.20588235312499997 0.288763065625 0.20465686249999998 0.283972125 0.20710784375000002 0.281794425 0.2078431375 0.279181184375 0.205147059375 0.277439025 0.1892156859375 0.277439025 0.1852941171875 0.27439024375 0.169117646875 0.2752613234375 0.1686274515625 0.28745644531250003 0.1708333328125 0.2983449484375 0.169852940625 0.308797909375 0.17107843125 0.3323170734375
0 0.2120098046875 0.41855400625000005 0.21299019531250002 0.484756096875 0.21225490156250001 0.4939024390625 0.21299019531250002 0.515243903125 0.21225490156250001 0.5348432062499999 0.21299019531250002 0.6258710796875 0.2125 0.7173344953125 0.21274509843749997 0.7604529609374999 0.2147058828125 0.7704703828125 0.21274509843749997 0.774825784375 0.2125 0.7783101046875001 0.2134803921875 0.78702090625 0.21225490156250001 0.7905052265625 0.21299019531250002 0.7983449484375 0.21225490156250001 0.8061846687499999 0.21225490156250001 0.8418989546875 0.21274509843749997 0.8440766546875 0.214460784375 0.845383275 0.2125 0.852351915625 0.2125 0.870209059375 0.2147058828125 0.8767421609375001 0.21397058750000003 0.8806620203125 0.2154411765625 0.8824041812500001 0.22352941249999997 0.8845818812499999 0.23284313750000002 0.8845818812499999 0.236274509375 0.8806620203125 0.23529411718749998 0.8763066203125 0.2372549015625 0.8689024390625001 0.2357843140625 0.8610627171875 0.23774509843749997 0.8571428578125 0.23676470625 0.8458188156249999 0.2375 0.8371080140625 0.23529411718749998 0.8305749125 0.23676470625 0.8262195125 0.23651960781249998 0.8214285718750001 0.236274509375 0.818379790625 0.2345588234375 0.8148954703125 0.236274509375 0.8101045296875 0.236274509375 0.8070557484374999 0.2357843140625 0.8022648078125 0.23357843125 0.7987804875 0.2372549015625 0.7944250875 0.23676470625 0.7861498265625 0.23529411718749998 0.783972125 0.2370098046875 0.779181184375 0.23651960781249998 0.7709059234375 0.2318627453125 0.7635017421875 0.234803921875 0.7621951218749999 0.23553921562500002 0.7591463421875 0.23357843125 0.7521777000000001 0.23431372499999997 0.747386759375 0.23210784375000001 0.7325783968749999 0.23284313750000002 0.7290940765625 0.23210784375000001 0.716027875 0.2330882359375 0.711236934375 0.2318627453125 0.7020905921875 0.2318627453125 0.6855400703125001 0.23284313750000002 0.6807491296875 0.23161764687500003 0.6694250875 0.2318627453125 0.6537456453125 0.23382352968750003 0.6502613234375 0.23210784375000001 0.6424216031250001 0.23210784375000001 0.6376306625 0.23529411718749998 0.6306620203125 0.23431372499999997 0.6228222999999999 0.23602941249999998 0.6184668984374999 0.23774509843749997 0.617160278125 0.23946078437499999 0.6110627171874999 0.23774509843749997 0.6071428578125 0.23823529375 0.60278745625 0.23676470625 0.5997386765625 0.23872549062499998 0.595383275 0.236274509375 0.5914634140625 0.2384803921875 0.5875435546875 0.2370098046875 0.58362369375 0.23946078437499999 0.5797038328124999 0.2370098046875 0.5783972125 0.2357843140625 0.5753484328125 0.2375 0.5718641109375 0.2372549015625 0.5670731703125 0.23897058750000003 0.5644599296874999 0.23774509843749997 0.5601045296875 0.23995097968749998 0.556620209375 0.23823529375 0.5531358890625 0.23995097968749998 0.5483449484375 0.23774509843749997 0.543989546875 0.24019607812500002 0.5409407671875 0.23823529375 0.5365853656249999 0.24019607812500002 0.5331010453125 0.23946078437499999 0.5304878046875 0.24019607812500002 0.5261324046875 0.23946078437499999 0.5135017421875 0.240686275 0.510017421875 0.23946078437499999 0.5056620203125 0.2404411765625 0.5013066203125 0.2392156859375 0.4982578390625 0.24019607812500002 0.4943379796875 0.2392156859375 0.48998257812499996 0.23995097968749998 0.48606271718749994 0.2384803921875 0.482578396875 0.2404411765625 0.47822299687500003 0.23897058750000003 0.4747386765625 0.24019607812500002 0.4699477359375 0.23872549062499998 0.46689895468750003 0.24019607812500002 0.46297909375 0.2392156859375 0.4590592328125 0.24019607812500002 0.4547038328125 0.23897058750000003 0.4512195125 0.23995097968749998 0.44729965156249996 0.2392156859375 0.4425087109375 0.24019607812500002 0.43902439062500004 0.2379901953125 0.4346689890625 0.2384803921875 0.4233449484375 0.2370098046875 0.4198606265625 0.23774509843749997 0.41637630625 0.2372549015625 0.40766550468749996 0.23897058750000003 0.4054878046875 0.2397058828125 0.4006968640625 0.23897058750000003 0.3954703828125 0.23995097968749998 0.3758710796875 0.23897058750000003 0.3728223 0.23897058750000003 0.36454703906249997 0.23995097968749998 0.35583623750000004 0.23946078437499999 0.3488675953125 0.24019607812500002 0.345383275 0.23946078437499999 0.341027875 0.2404411765625 0.3244773515625 0.2397058828125 0.2957317078125 0.24019607812500002 0.2661149828125 0.23946078437499999 0.26045296093750003 0.2404411765625 0.22778745625000002 0.2392156859375 0.22560975625 0.2296568625 0.2199477359375 0.2142156859375 0.22038327500000002 0.21299019531250002 0.220818815625 0.21176470625000002 0.2243031359375 0.211274509375 0.2626306625 0.21225490156250001 0.2752613234375 0.2125 0.30618466875 0.2120098046875 0.41855400625000005
0 0.21225490156250001 0.49303135937500003 0.21299019531250002 0.5182926828125 0.2120098046875 0.54355400625 0.21299019531250002 0.6419860625 0.21274509843749997 0.7613240421875 0.2147058828125 0.7704703828125 0.21274509843749997 0.773954703125 0.2125 0.7783101046875001 0.21323529375 0.7865853656249999 0.21225490156250001 0.789634146875 0.21225490156250001 0.8418989546875 0.21397058750000003 0.8466898953124999 0.21274509843749997 0.8493031359375 0.21225490156250001 0.8545296171875 0.21299019531250002 0.8645470390625001 0.2125 0.8710801390625 0.2147058828125 0.8763066203125 0.2142156859375 0.8806620203125 0.215686275 0.8824041812500001 0.2240196078125 0.8845818812499999 0.23210784375000001 0.8845818812499999 0.23504902031250002 0.8806620203125 0.23431372499999997 0.8763066203125 0.23651960781249998 0.8689024390625001 0.23504902031250002 0.8606271781249999 0.2370098046875 0.8571428578125 0.23676470625 0.8488675953125 0.23553921562500002 0.845383275 0.2370098046875 0.8371080140625 0.2345588234375 0.8305749125 0.2357843140625 0.8249128921875 0.23553921562500002 0.8214285718750001 0.23382352968750003 0.8175087109374999 0.23553921562500002 0.8057491296875 0.23333333281250002 0.7987804875 0.23651960781249998 0.7944250875 0.236274509375 0.7865853656249999 0.23333333281250002 0.7835365859375 0.236274509375 0.779616725 0.23529411718749998 0.7756968640624999 0.236274509375 0.7713414640625 0.23382352968750003 0.77003484375 0.23210784375000001 0.7648083625 0.232352940625 0.7630662015625 0.234068628125 0.7626306625 0.23529411718749998 0.75958188125 0.23333333281250002 0.7521777000000001 0.23382352968750003 0.747386759375 0.23210784375000001 0.733449478125 0.23161764687500003 0.688153309375 0.23357843125 0.674216028125 0.2318627453125 0.6698606265625 0.23259803906249998 0.66637630625 0.23210784375000001 0.654181184375 0.234803921875 0.649825784375 0.23504902031250002 0.6419860625 0.234068628125 0.6380662015625 0.23602941249999998 0.6306620203125 0.23529411718749998 0.6258710796875 0.23946078437499999 0.6110627171874999 0.2379901953125 0.6071428578125 0.23823529375 0.603222996875 0.2370098046875 0.5997386765625 0.23823529375 0.595383275 0.2372549015625 0.5914634140625 0.23872549062499998 0.58797909375 0.2375 0.5831881531249999 0.23897058750000003 0.5797038328124999 0.2370098046875 0.575783971875 0.23872549062499998 0.5718641109375 0.2375 0.568379790625 0.23897058750000003 0.5644599296874999 0.23823529375 0.5601045296875 0.23995097968749998 0.556620209375 0.2384803921875 0.5527003484375 0.23995097968749998 0.5487804875 0.2384803921875 0.5444250875 0.24019607812500002 0.54137630625 0.23872549062499998 0.5365853656249999 0.24019607812500002 0.5331010453125 0.2397058828125 0.5191637625000001 0.240686275 0.5104529609374999 0.23995097968749998 0.5060975609375 0.2404411765625 0.5008710796875 0.23946078437499999 0.4978223 0.24019607812500002 0.49477351875000003 0.23946078437499999 0.48998257812499996 0.23995097968749998 0.48606271718749994 0.23897058750000003 0.482578396875 0.2404411765625 0.47865853593749996 0.2392156859375 0.4747386765625 0.24019607812500002 0.4695121953125 0.23897058750000003 0.46689895468750003 0.24019607812500002 0.463414634375 0.23946078437499999 0.4594947734375 0.24019607812500002 0.4547038328125 0.2392156859375 0.4512195125 0.24019607812500002 0.43902439062500004 0.2375 0.4351045296875 0.23823529375 0.43205574843749994 0.2379901953125 0.42290940781249997 0.236274509375 0.4198606265625 0.2370098046875 0.41506968593750004 0.23602941249999998 0.40984320625 0.236274509375 0.40766550468749996 0.23872549062499998 0.4054878046875 0.23946078437499999 0.40156794375000004 0.2392156859375 0.3806620203125 0.23995097968749998 0.3763066203125 0.23872549062499998 0.3728223 0.23872549062499998 0.364982578125 0.23995097968749998 0.3536585359375 0.2392156859375 0.3414634140625 0.24019607812500002 0.3253484328125 0.23946078437499999 0.2957317078125 0.23995097968749998 0.266550521875 0.2384803921875 0.25740418125 0.23602941249999998 0.249564459375 0.2357843140625 0.24390243906250003 0.23774509843749997 0.239982578125 0.23529411718749998 0.2360627171875 0.236274509375 0.2343205578125 0.2397058828125 0.2338850171875 0.24019607812500002 0.22822299687499997 0.23651960781249998 0.22735191562499998 0.23210784375000001 0.22125435468750002 0.22892156875 0.2199477359375 0.21397058750000003 0.22038327500000002 0.21225490156250001 0.2221254359375 0.21151960781249998 0.225174215625 0.2125 0.3057491296875 0.2120098046875 0.45078397187499997 0.21299019531250002 0.4851916375 0.21225490156250001 0.49303135937500003
0 0.24142156875 0.4664634140625 0.2404411765625 0.581010453125 0.240931371875 0.6080139375 0.24019607812500002 0.6145470390625001 0.240931371875 0.6189024390625 0.240931371875 0.6389372828125001 0.24019607812500002 0.64503484375 0.240931371875 0.654616725 0.24019607812500002 0.66202090625 0.24142156875 0.668989546875 0.2404411765625 0.6781358890625 0.2416666671875 0.68641115 0.240931371875 0.6903310109375 0.2404411765625 0.7338850171875 0.23946078437499999 0.75522648125 0.2384803921875 0.75958188125 0.23946078437499999 0.7656794421875001 0.23823529375 0.7905052265625 0.2392156859375 0.841027875 0.2384803921875 0.8449477359375 0.2384803921875 0.8719512187499999 0.2392156859375 0.88022648125 0.240686275 0.882839721875 0.2438725484375 0.8854529609374999 0.2541666671875 0.8880662015624999 0.2634803921875 0.885017421875 0.2666666671875 0.8806620203125 0.2669117640625 0.875435540625 0.26887254843749997 0.8728222999999999 0.2671568625 0.8684668984374999 0.269117646875 0.864982578125 0.2666666671875 0.8610627171875 0.2681372546875 0.857578396875 0.2666666671875 0.8536585359375 0.2681372546875 0.8493031359375 0.26642156875 0.845383275 0.269117646875 0.8414634140624999 0.2693627453125 0.836236934375 0.269117646875 0.8327526125 0.2671568625 0.8301393734375001 0.2686274515625 0.8262195125 0.2671568625 0.8214285718750001 0.2686274515625 0.818379790625 0.2671568625 0.8162020906249999 0.2669117640625 0.81358885 0.269852940625 0.810975609375 0.2713235296875 0.806620209375 0.26960784375 0.799216028125 0.2713235296875 0.79355400625 0.2713235296875 0.78919860625 0.268382353125 0.783972125 0.2713235296875 0.7804878046875 0.271568628125 0.77439024375 0.2674019609375 0.7695993031249999 0.2666666671875 0.7669860625 0.268382353125 0.7635017421875 0.2669117640625 0.760017421875 0.2681372546875 0.7560975609375 0.2674019609375 0.754790940625 0.2674019609375 0.75 0.2708333328125 0.7491289203125 0.271813725 0.745209059375 0.2713235296875 0.7386759578125 0.2720588234375 0.720383275 0.27009803906249996 0.7164634140625 0.2713235296875 0.7155923343749999 0.2720588234375 0.7125435546875 0.27107843125 0.70862369375 0.271813725 0.7047038328124999 0.2708333328125 0.7016550515625 0.2720588234375 0.6977351921875 0.271813725 0.6846689890625 0.2727941171875 0.681620209375 0.2720588234375 0.6694250875 0.273039215625 0.6655052265625 0.273039215625 0.6576655046875 0.271813725 0.6537456453125 0.2725490203125 0.6424216031250001 0.27107843125 0.6385017421875 0.27230392187499997 0.635017421875 0.271568628125 0.6310975609375 0.27230392187499997 0.6263066203125 0.2713235296875 0.6228222999999999 0.2725490203125 0.6189024390625 0.271813725 0.614982578125 0.2725490203125 0.610627178125 0.2713235296875 0.6071428578125 0.27230392187499997 0.6036585359375 0.271568628125 0.5997386765625 0.27230392187499997 0.595383275 0.27107843125 0.5918989546875 0.2720588234375 0.58797909375 0.271568628125 0.58362369375 0.27230392187499997 0.5792682921875 0.2708333328125 0.5753484328125 0.271813725 0.5722996515625 0.2720588234375 0.5653310109375 0.271813725 0.543989546875 0.2727941171875 0.5409407671875 0.2720588234375 0.529181184375 0.2727941171875 0.5261324046875 0.27352941249999996 0.4939024390625 0.27377450937500003 0.4420731703125 0.2725490203125 0.4351045296875 0.2732843140625 0.4272648078125 0.2720588234375 0.41898954687499995 0.2720588234375 0.411585365625 0.27352941249999996 0.4011324046875 0.2727941171875 0.396777003125 0.27352941249999996 0.3763066203125 0.2725490203125 0.3728223 0.2732843140625 0.36890243906250003 0.2725490203125 0.333188153125 0.2740196078125 0.2831010453125 0.275 0.281358884375 0.2799019609375 0.28222996562499997 0.2828431375 0.2804878046875 0.2911764703125 0.279616725 0.2958333328125 0.2752613234375 0.29240196093750004 0.273954703125 0.290931371875 0.27090592343750003 0.2870098046875 0.27439024375 0.2828431375 0.271777003125 0.2813725484375 0.2591463421875 0.27892156875 0.254790940625 0.280147059375 0.2517421609375 0.2794117640625 0.24738675937500001 0.2806372546875 0.24390243906250003 0.2791666671875 0.2408536578125 0.2791666671875 0.2343205578125 0.2767156859375 0.23562717812499998 0.275 0.2386759578125 0.2725490203125 0.234756096875 0.26887254843749997 0.2330139375 0.2686274515625 0.2317073171875 0.2713235296875 0.2308362375 0.2727941171875 0.22822299687499997 0.26960784375 0.22604529687500002 0.2634803921875 0.2138501734375 0.259803921875 0.21689895468749998 0.2504901953125 0.215592334375 0.24289215625 0.2173344953125 0.24117647031249997 0.21951219531250002 0.240686275 0.26916376249999996 0.240686275 0.3806620203125 0.24142156875 0.414634146875 0.240686275 0.44599303125 0.24142156875 0.4664634140625
0 0.273039215625 0.40810104531249997 0.2740196078125 0.4159407671875 0.273039215625 0.42290940781249997 0.27352941249999996 0.4324912890625 0.2727941171875 0.44120209062500004 0.27352941249999996 0.46689895468750003 0.2725490203125 0.4721254359375 0.2740196078125 0.4808362375 0.2732843140625 0.5004355406250001 0.2740196078125 0.5135017421875 0.273039215625 0.516550521875 0.27230392187499997 0.5365853656249999 0.27230392187499997 0.6698606265625 0.273039215625 0.6750871078125 0.2720588234375 0.6894599296874999 0.2725490203125 0.7051393734375 0.2713235296875 0.7508710796875 0.2713235296875 0.7639372828125001 0.2725490203125 0.7678571421875 0.2708333328125 0.81358885 0.27107843125 0.8728222999999999 0.2725490203125 0.8845818812499999 0.2725490203125 0.9041811843750001 0.27352941249999996 0.9063588843750001 0.2752450984375 0.9081010453125 0.296568628125 0.9085365859375001 0.3024509796875 0.906794425 0.305882353125 0.9037456453124999 0.30784313750000003 0.896777003125 0.30661764687500004 0.892421603125 0.30784313750000003 0.8880662015624999 0.3061274515625 0.8845818812499999 0.3083333328125 0.8806620203125 0.3063725484375 0.8689024390625001 0.307352940625 0.8645470390625001 0.3063725484375 0.8610627171875 0.3068627453125 0.8484320562500001 0.3056372546875 0.8384146343750001 0.30661764687500004 0.8336236937500001 0.305882353125 0.831010453125 0.30661764687500004 0.8262195125 0.305882353125 0.8214285718750001 0.3068627453125 0.8188153312500001 0.305882353125 0.806620209375 0.3068627453125 0.8022648078125 0.3061274515625 0.7983449484375 0.30784313750000003 0.7948606265625 0.307352940625 0.7905052265625 0.3083333328125 0.78702090625 0.307352940625 0.7678571421875 0.3080882359375 0.7635017421875 0.30784313750000003 0.70862369375 0.3068627453125 0.6972996515625 0.3075980390625 0.6925087109375 0.3061274515625 0.6820557484374999 0.30710784375 0.6781358890625 0.3063725484375 0.6655052265625 0.307352940625 0.66202090625 0.3063725484375 0.6585365859375 0.3068627453125 0.6537456453125 0.3061274515625 0.6502613234375 0.30710784375 0.646777003125 0.3063725484375 0.6428571421875 0.3063725484375 0.6337108015624999 0.307352940625 0.6306620203125 0.3063725484375 0.6267421609375 0.30710784375 0.6210801390625 0.3063725484375 0.6189024390625 0.307352940625 0.6162891984375001 0.3068627453125 0.6101916375 0.30784313750000003 0.5993031359375001 0.30710784375 0.5792682921875 0.3083333328125 0.5714285718750001 0.307352940625 0.5653310109375 0.30784313750000003 0.55618466875 0.3068627453125 0.549216028125 0.3075980390625 0.5448606265625 0.30661764687500004 0.5331010453125 0.307352940625 0.529181184375 0.3063725484375 0.5178571421875 0.3061274515625 0.4851916375 0.30710784375 0.48214285781250005 0.30661764687500004 0.47822299687500003 0.30784313750000003 0.47517421562499995 0.3075980390625 0.46559233437499997 0.309068628125 0.45775261250000004 0.31053921562500003 0.4547038328125 0.30857843125 0.4516550515625 0.31004902031250003 0.43902439062500004 0.30784313750000003 0.4351045296875 0.309313725 0.4237804875 0.3083333328125 0.4202961671875 0.3095588234375 0.40810104531249997 0.30857843125 0.4033101046875 0.309803921875 0.4002613234375 0.31004902031250003 0.3928571421875 0.309068628125 0.3885017421875 0.31004902031250003 0.38458188125000003 0.309313725 0.38109756093749997 0.31004902031250003 0.3767421609375 0.3083333328125 0.3732578390625 0.309803921875 0.35409407656249997 0.309068628125 0.3488675953125 0.31004902031250003 0.33754355468749997 0.309068628125 0.3323170734375 0.31053921562500003 0.3227351921875 0.309313725 0.3179442515625 0.3110294125 0.3079268296875 0.31053921562500003 0.30182926875 0.3115196078125 0.2900696859375 0.31004902031250003 0.28571428593750003 0.30661764687500004 0.2804878046875 0.27475490156250004 0.2809233453125 0.2727941171875 0.2831010453125 0.2725490203125 0.2861498265625 0.27377450937500003 0.3832752609375 0.2732843140625 0.397648084375 0.2740196078125 0.40243902499999995 0.273039215625 0.40810104531249997
0 0.3142156859375 0.9128919859375 0.3345588234375 0.9120209062500001 0.3450980390625 0.9041811843750001 0.3455882359375 0.896777003125 0.34607843125 0.2164634140625 0.3174019609375 0.21297909375000001 0.3129901953125 0.21689895468749998 0.3120098046875 0.220818815625 0.3107843140625 0.2831010453125 0.3095588234375 0.840592334375 0.3107843140625 0.9054878046875 0.3120098046875 0.9115853656249999 0.3142156859375 0.9128919859375
0 0.4259803921875 0.918989546875 0.4583333328125 0.9163763062499999 0.4602941171875 0.9120209062500001 0.4620098046875 0.8658536578125 0.46960784375 0.53702090625 0.47524509843749996 0.20121951249999998 0.4747549015625 0.1210801390625 0.468382353125 0.1145470390625 0.4431372546875 0.11019163750000001 0.365196078125 0.101045296875 0.35612745156250003 0.103222996875 0.3529411765625 0.112804878125 0.35122549062499997 0.22038327500000002 0.35 0.9159407671875 0.35269607812500003 0.9185540062499999 0.3629901953125 0.9194250875 0.4259803921875 0.918989546875
0 0.5142156859375 0.9120209062500001 0.5203431375 0.9059233453125 0.521568628125 0.9033101046875001 0.5223039218750001 0.8889372828125 0.5267156859375001 0.7099303140625 0.5345588234374999 0.1380662015625 0.5291666671875 0.1145470390625 0.521568628125 0.1110627171875 0.4977941171875 0.1062717765625 0.48553921562499996 0.1062717765625 0.48333333281249996 0.10801393749999999 0.478186275 0.13066202031250002 0.4681372546875 0.8053135890625001 0.4681372546875 0.9081010453125 0.4705882359375 0.9120209062500001 0.477696078125 0.9128919859375 0.5142156859375 0.9120209062500001
0 0.5681372546875 0.922038328125 0.5703431375 0.9120209062500001 0.5730392156249999 0.79137630625 0.58210784375 0.1428571421875 0.5813725484375001 0.1263066203125 0.5799019609375 0.1241289203125 0.5401960781249999 0.1241289203125 0.5357843140624999 0.1263066203125 0.5350490203125 0.13066202031250002 0.53210784375 0.206010453125 0.5286764703125 0.39242160312499996 0.525 0.7621951218749999 0.52426470625 0.9120209062500001 0.5259803921875 0.9155052265625001 0.53210784375 0.9198606265624999 0.5681372546875 0.922038328125
0 0.6144607843750001 0.9285714281249999 0.6193627453125 0.9285714281249999 0.626960784375 0.9211672468750001 0.6289215687499999 0.8885017421875 0.6463235296875001 0.12325783906250001 0.6460784312500001 0.10714285781249999 0.6424019609375 0.101045296875 0.638725490625 0.0993031359375 0.606617646875 0.0949477359375 0.59460784375 0.0966898953125 0.59142156875 0.09843205625 0.5884803921875 0.103222996875 0.585539215625 0.11367595781249999 0.5838235296875001 0.1267421609375 0.5764705875 0.5252613234375 0.5735294125 0.841027875 0.5730392156249999 0.9163763062499999 0.5742647062499999 0.9211672468750001 0.5806372546875 0.9242160281249999 0.6144607843750001 0.9285714281249999
0 0.64142156875 0.9281358890625 0.653431371875 0.931620209375 0.6688725484375 0.9329268296875 0.7014705875 0.931620209375 0.7174019609375 0.9202961671875001 0.74142156875 0.154616725 0.7411764703125 0.14242160312500002 0.731617646875 0.1293554 0.682352940625 0.11498257812499998 0.6620098046875 0.1110627171875 0.6536764703125 0.1119337984375 0.65 0.12282230000000001 0.642647059375 0.3096689890625 0.636274509375 0.5126306625 0.6330882359375 0.7304006968750001 0.6330882359375 0.8885017421875 0.6338235296875 0.9124564453125 0.6357843140624999 0.9194250875 0.64142156875 0.9281358890625
0 0.7426470593750001 0.9429442515625001 0.7950980390625 0.9442508703125 0.8068627453125 0.9429442515625001 0.8134803921874999 0.939024390625 0.8169117640625 0.8728222999999999 0.8414215687500001 0.2321428578125 0.8436274515625 0.1385017421875 0.8433823531250001 0.1123693375 0.8416666671874999 0.10888501718750002 0.7620098046875 0.0892857140625 0.7517156859375 0.09407665468750001 0.734803921875 0.11585365781250001 0.7318627453125 0.12282230000000001 0.7235294125 0.8218641109375 0.7232843140624999 0.9172473875 0.7264705874999999 0.9272648078125 0.7330882359374999 0.9394599296875 0.7426470593750001 0.9429442515625001
0 0.834803921875 0.9507839718750001 0.8397058828124999 0.9525261328125 0.8767156859374999 0.9538327531249999 0.8843137249999999 0.9538327531249999 0.8872549015625 0.9507839718750001 0.8889705875 0.9211672468750001 0.9088235296875 0.22822299687499997 0.9088235296875 0.20470383281250001 0.9075980390625 0.20165505156250002 0.9044117640625 0.1999128921875 0.8556372546875 0.1942508703125 0.84926470625 0.19599303125 0.8438725484375 0.20078397187500002 0.83823529375 0.29355400625 0.8311274515625 0.497386759375 0.8208333328125 0.9006968640625 0.8205882359375 0.9202961671875001 0.8218137249999999 0.9351045296875 0.8259803921875 0.9429442515625001 0.834803921875 0.9507839718750001
0 0.9051470593750001 0.9507839718750001 0.965686275 0.9525261328125 0.9754901953124999 0.9512195125 0.9838235296875 0.9355400703125 0.9894607843750001 0.8257839718750001 0.994852940625 0.5918989546875 0.9997549015624999 0.24259581875 0.9997549015624999 0.1807491296875 0.9159313718750001 0.1729094078125 0.9002450984375001 0.1798780484375 0.915249571875 0.188784515625 0.894852940625 0.8414634140624999 0.8963235296875001 0.9355400703125 0.898039215625 0.9472996515625001 0.9051470593750001 0.9507839718750001