0 0.2765625 0.4734375 0.04765625 0.92421875
0 0.33125 0.54609375 0.05 0.76484375
0 0.37890625 0.5453125 0.046875 0.76328125
0 0.56640625 0.47578125 0.0390625 0.89453125
0 0.61328125 0.53984375 0.034375 0.76484375
0 0.65390625 0.5390625 0.03046875 0.7546875
0 0.696875 0.55078125 0.0359375 0.73125
0 0.74140625 0.534375 0.03828125 0.7578125
0 0.784375 0.5328125 0.040625 0.7640625
0 0.82265625 0.540625 0.02265625 0.72734375
0 0.85390625 0.546875 0.0359375 0.72265625
0 0.9 0.51953125 0.05 0.78046875
0 0.9515625 0.51875 0.0375 0.77890625
0 0.9890625 0.52109375 0.021875 0.78046875
0 0.4509803921875 0.7073170734375 0.4502450984375 0.71297909375 0.45392156874999995 0.8358013937500001 0.453431371875 0.8732578390624999 0.4544117640625 0.8763066203125 0.453186275 0.904616725 0.45392156874999995 0.9198606265624999 0.45514705937500005 0.922038328125 0.45857843125000003 0.9246515671875001 0.473774509375 0.9237804875 0.4754901953125 0.9202961671875001 0.47524509843749996 0.9063588843750001 0.47622549062499997 0.9033101046875001 0.47622549062499997 0.8880662015624999 0.47524509843749996 0.8845818812499999 0.4774509796875 0.8736933796875 0.4786764703125 0.8728222999999999 0.4794117640625 0.8562717765625001 0.478431371875 0.840592334375 0.47622549062499997 0.8336236937500001 0.4779411765625 0.8257839718750001 0.4754901953125 0.7983449484375 0.47401960781249997 0.7944250875 0.4754901953125 0.779181184375 0.4725490203125 0.6925087109375 0.46985294062499994 0.549216028125 0.4693627453125 0.4237804875 0.47009803906250003 0.3806620203125 0.4693627453125 0.3684668984375 0.47009803906250003 0.3488675953125 0.469117646875 0.28222996562499997 0.46985294062499994 0.2238675953125 0.46887254843750004 0.2042682921875 0.46960784375 0.164634146875 0.46764705937500006 0.1576655046875 0.46446078437500005 0.15592334531250002 0.446568628125 0.15592334531250002 0.4443627453125 0.1576655046875 0.44362745156249994 0.1602787453125 0.44558823593749997 0.325783971875 0.448774509375 0.4712543546875 0.45 0.6981707312500001 0.4509803921875 0.7073170734375
0 0.509375 0.53828125 0.053125 0.76640625
0 0.052450979687499996 0.6480836234375 0.0544117640625 0.77439024375 0.0546568625 0.8728222999999999 0.05588235312499999 0.913763065625 0.0563725484375 0.9211672468750001 0.0622549015625 0.9277003484374999 0.0727941171875 0.9281358890625 0.078431371875 0.92682926875 0.0838235296875 0.9229094078125 0.085539215625 0.9194250875 0.0877450984375 0.9120209062500001 0.086274509375 0.9107142859374999 0.0875 0.875435540625 0.0899509796875 0.8728222999999999 0.088725490625 0.8096689890625001 0.0877450984375 0.8083623687499999 0.086274509375 0.7521777000000001 0.0870098046875 0.747386759375 0.086274509375 0.74477351875 0.08529411718749999 0.6820557484374999 0.0857843140625 0.6424216031250001 0.08210784374999999 0.5406504062499999 0.081617646875 0.46559233437499997 0.078431371875 0.396777003125 0.0791666671875 0.38458188125000003 0.0779411765625 0.3340592328125 0.0786764703125 0.1729094078125 0.0806372546875 0.14764808437500002 0.0838235296875 0.144599303125 0.0857843140625 0.1385017421875 0.07892156875 0.13022648125 0.0725490203125 0.1271777 0.055147059374999995 0.125435540625 0.044852940625 0.1267421609375 0.0463235296875 0.3005226484375 0.0485294125 0.3741289203125 0.0485294125 0.48214285781250005 0.052450979687499996 0.6480836234375
0 0.0813725484375 0.36759581875 0.080882353125 0.3732578390625 0.086274509375 0.5479094078125 0.0875 0.652439025 0.0870098046875 0.6929442515625001 0.0892156859375 0.796167246875 0.0892156859375 0.8153310109374999 0.08823529375 0.8253484328124999 0.0889705875 0.8388501734375 0.08799019531249999 0.8484320562500001 0.088725490625 0.853222996875 0.08823529375 0.9237804875 0.09142156875 0.9320557484374999 0.11102941250000001 0.9324912890625001 0.119117646875 0.92682926875 0.12009803906250001 0.8919860625 0.117647059375 0.8719512187499999 0.11789215625 0.8619337984375001 0.1166666671875 0.8536585359375 0.1174019609375 0.8192508703125 0.11519607812499999 0.7351916375 0.11299019531250001 0.7325783968749999 0.11519607812499999 0.728222996875 0.11519607812499999 0.720383275 0.11323529375000001 0.717770034375 0.11323529375000001 0.7151567937500001 0.1147058828125 0.7125435546875 0.11323529375000001 0.7068815328125 0.113725490625 0.7047038328124999 0.11200980468749999 0.702961671875 0.11102941250000001 0.698606271875 0.1122549015625 0.69381533125 0.1125 0.6615853656249999 0.11102941250000001 0.657229965625 0.1100490203125 0.6254355406250001 0.11102941250000001 0.6228222999999999 0.1122549015625 0.5993031359375001 0.1107843140625 0.5892857140625 0.1115196078125 0.5844947734375 0.1107843140625 0.5679442515625001 0.10857843125 0.5644599296874999 0.11102941250000001 0.5605400703125001 0.109068628125 0.5570557484374999 0.11127450937500001 0.5527003484375 0.11053921562499999 0.551393728125 0.11102941250000001 0.5365853656249999 0.10857843125 0.5331010453125 0.1100490203125 0.529616725 0.109313725 0.5261324046875 0.1100490203125 0.5213414640625 0.1078431375 0.5174216031250001 0.109068628125 0.5126306625 0.1068627453125 0.5017421609375 0.1088235296875 0.4982578390625 0.1088235296875 0.49303135937500003 0.1068627453125 0.476045296875 0.1078431375 0.4664634140625 0.106617646875 0.443379790625 0.1068627453125 0.3841463421875 0.10588235312500001 0.38022648124999997 0.1068627453125 0.36890243906250003 0.10588235312500001 0.3623693375 0.10637254843749999 0.3366724734375 0.10392156875 0.189024390625 0.10514705937499999 0.1759581875 0.1068627453125 0.1724738671875 0.11102941250000001 0.174216028125 0.1232843140625 0.1729094078125 0.1264705875 0.16942508750000002 0.12426470625 0.1624564453125 0.1208333328125 0.1576655046875 0.1036764703125 0.1437282234375 0.0997549015625 0.1459059234375 0.080147059375 0.144599303125 0.07892156875 0.1511324046875 0.0791666671875 0.335365853125 0.081617646875 0.3619337984375 0.0806372546875 0.364982578125 0.0813725484375 0.36759581875
0 0.109313725 0.46297909375 0.10833333281249999 0.470383275 0.10857843125 0.5021777000000001 0.1102941171875 0.510017421875 0.1107843140625 0.5527003484375 0.1115196078125 0.5548780484375 0.10980392187500002 0.5675087109375 0.10980392187500002 0.5762195125 0.1122549015625 0.5945121953125 0.11176470624999998 0.654181184375 0.113725490625 0.6716027875 0.1127450984375 0.685975609375 0.1139705875 0.6920731703125 0.11323529375000001 0.6972996515625 0.11495097968750001 0.7190766546875 0.1166666671875 0.7944250875 0.11862745156250001 0.8096689890625001 0.11691176406249999 0.8549651562499999 0.117647059375 0.8728222999999999 0.1220588234375 0.898954703125 0.12230392187500001 0.9202961671875001 0.12107843125 0.9237804875 0.1227941171875 0.9329268296875 0.12745097968750002 0.9351045296875 0.146568628125 0.9324912890625001 0.1495098046875 0.9307491296875 0.1546568625 0.9311846687499999 0.1634803921875 0.9272648078125 0.1647058828125 0.9237804875 0.16813725468750002 0.9211672468750001 0.169852940625 0.9159407671875 0.169852940625 0.8841463421875 0.1575980390625 0.39416376249999996 0.15710784375 0.325783971875 0.1549019609375 0.2517421609375 0.155882353125 0.2295296171875 0.15539215625 0.18118466875 0.15049019531250002 0.1737804875 0.14730392187500002 0.1729094078125 0.107352940625 0.1737804875 0.10539215625000001 0.1798780484375 0.10539215625000001 0.225174215625 0.107352940625 0.289634146875 0.10833333281249999 0.4394599296875 0.109313725 0.46297909375
0 0.22573529374999998 0 0.22248217499999998 0.002613240625 0.1654411765625 0.002613240625 0.15808823593750002 0.0060975609375000005 0.15539215625 0.0130662015625 0.155147059375 0.034843206249999994 0.1568627453125 0.060975609374999996 0.155882353125 0.0644599296875 0.155147059375 0.1737804875 0.156617646875 0.183797909375 0.1625 0.5256968640624999 0.171568628125 0.9242160281249999 0.1732843140625 0.9277003484374999 0.18210784375 0.9307491296875 0.20931372499999998 0.9307491296875 0.2166666671875 0.931620209375 0.2205882359375 0.9355400703125 0.2370098046875 0.9351045296875 0.247303921875 0.9272648078125 0.248774509375 0.9133275265625 0.2477941171875 0.896777003125 0.248774509375 0.8863240421875 0.2485294125 0.8214285718750001 0.247303921875 0.806620209375 0.2477941171875 0.7987804875 0.24681372499999998 0.7957317078125 0.24803921562500003 0.7909407671875 0.2477941171875 0.7674216031250001 0.24975490156250002 0.7247386765625 0.25073529375 0.6306620203125 0.2490196078125 0.38022648124999997 0.2477941171875 0.3715156796875 0.2490196078125 0.355400696875 0.2490196078125 0.222560975 0.2482843140625 0.21777003437500003 0.2490196078125 0.1284843203125 0.2475490203125 0.110627178125 0.2490196078125 0.0892857140625 0.24803921562500003 0.08144599375 0.2490196078125 0.07665505156249999 0.2490196078125 0.014372821875 0.244117646875 0.004790940625 0.23161764687500003 0 0.22573529374999998 0
0 0.425 0.8005226484374999 0.42328431406249994 0.810975609375 0.4259803921875 0.8118466906249999 0.4259803921875 0.8275261328125 0.423774509375 0.8283972125 0.42352941250000004 0.8318815328125 0.423774509375 0.8497386765625 0.425 0.8519163765625001 0.423774509375 0.8571428578125 0.4240196078125 0.9198606265624999 0.4279411765625 0.9285714281249999 0.448039215625 0.9285714281249999 0.4509803921875 0.9272648078125 0.45269607812499996 0.9237804875 0.4522058828125 0.75958188125 0.45147058749999996 0.68118466875 0.45049019531249995 0.6724738671875 0.448039215625 0.5326655046875 0.444117646875 0.18118466875 0.44338235312499996 0.1737804875 0.44019607812499995 0.172038328125 0.4205882359375 0.1716027875 0.417647059375 0.17334494843749998 0.4161764703125 0.176393728125 0.41985294062499995 0.45675709375 0.42230392187500004 0.7635017421875 0.42303921562499996 0.7957317078125 0.425 0.8005226484374999