0 0.5265625 0.0875 0.7296875 0.07578125
0 0.5078125 0.165625 0.79453125 0.06640625
0 0.10190217343750001 0.19668938593750002 0.0951086953125 0.24342745937500002 0.9144021734375001 0.2551119765625 0.9144021734375001 0.20058422656250002 0.10190217343750001 0.19668938593750002
0 0.073369565625 0.24926971718750002 0.07608695625 0.3106134375 0.926630434375 0.3222979546875 0.9279891296875 0.26192794531249997 0.073369565625 0.24926971718750002
0 0.0638586953125 0.3154819859375 0.0665760875 0.398247321875 0.9334239125 0.40506329062499996 0.9334239125 0.324245375 0.0638586953125 0.3154819859375
0 0.07608695625 0.40214216093750005 0.07608695625 0.50438169375 0.9307065218749999 0.5111976625 0.9388586953125 0.4079844203125 0.07608695625 0.40214216093750005
0 0.0706521734375 0.5160662125 0.0706521734375 0.5842259000000001 0.9334239125 0.5890944499999999 0.9347826093749999 0.5209347609375 0.0706521734375 0.5160662125
0 0.49765625 0.6484375 0.896875 0.08984375
0 0.49140625 0.73515625 0.88203125 0.06796875
0 0.4921875 0.79765625 0.8984375 0.04375
0 0.4984375 0.8953125 0.95078125 0.13125