0 0.7921875 0.3796875 0.21015625 0.034375
0 0.79296875 0.34609375 0.203125 0.02734375
0 0.7953125 0.3140625 0.2125 0.03125
0 0.7953125 0.27734375 0.21015625 0.03125
0 0.79453125 0.24609375 0.20859375 0.02578125
0 0.79453125 0.21484375 0.20859375 0.0234375
0 0.7890625 0.18515625 0.20078125 0.02578125
0 0.7875 0.15625 0.19765625 0.02578125
0 0.48984375 0.29375 0.0328125 0.20625
0 0.5234375 0.29375 0.0296875 0.20625
0 0.553125 0.29375 0.0234375 0.20625
0 0.58203125 0.29296875 0.0296875 0.21015625
0 0.62265625 0.28046875 0.0421875 0.23046875
0 0.6671875 0.28359375 0.040625 0.2265625
0 0.1398739171875 0.18420015781250001 0.120173365625 0.18420015781250001 0.11623325468750001 0.20094562656249998 0.1093380625 0.20094562656249998 0.10835303437499999 0.3949960609375 0.1398739171875 0.39401103125 0.1398739171875 0.18420015781250001
0 0.1625 0.28984375 0.04140625 0.20859375
0 0.196875 0.2890625 0.021875 0.2078125
0 0.22890625 0.28984375 0.03515625 0.20859375
0 0.26328125 0.28984375 0.0328125 0.20859375
0 0.29453125 0.2921875 0.03125 0.20390625
0 0.12734375 0.58125 0.0296875 0.2125
0 0.1625 0.5828125 0.0296875 0.2109375
0 0.19375 0.58125 0.02265625 0.2109375
0 0.22734375 0.56953125 0.04140625 0.23671875
0 0.3703125 0.67265625 0.20859375 0.025
0 0.3703125 0.64375 0.20859375 0.0265625
0 0.36875 0.61484375 0.20859375 0.02265625
0 0.3671875 0.5859375 0.20859375 0.0296875
0 0.36640625 0.55 0.2109375 0.03359375
0 0.36875 0.52109375 0.20859375 0.0234375
0 0.3671875 0.48828125 0.2109375 0.0390625
0 0.7546875 0.584375 0.04453125 0.20859375
0 0.7890625 0.58359375 0.02578125 0.21171875
0 0.8203125 0.58203125 0.0328125 0.21171875
0 0.8546875 0.58359375 0.034375 0.21015625
0 0.88671875 0.58671875 0.02734375 0.21171875
0 0.64921875 0.58359375 0.02578125 0.20625
0 0.6914893609375 0.47872340468749996 0.6629235625 0.4777383765625 0.6648936171875001 0.68459416875 0.6944444453124999 0.685579196875 0.6914893609375 0.47872340468749996
0 0.6964145 0.6875492515625 0.7338455484375 0.6875492515625 0.7289204093749999 0.47872340468749996 0.6924743906249999 0.47576832031249994 0.6964145 0.6875492515625
0 0.8668242718749999 0.7673364859375 0.8421985812499999 0.7673364859375 0.8421985812499999 0.97320725 0.8678092984375001 0.9712371953125001 0.8668242718749999 0.7673364859375
0 0.88515625 0.86953125 0.02890625 0.20859375
0 0.7234375 0.86796875 0.034375 0.21015625
0 0.7640625 0.86953125 0.03828125 0.20703125
0 0.79765625 0.86640625 0.02890625 0.21171875
0 0.8265625 0.87109375 0.02734375 0.20703125
0 0.49113475156249997 0.7579787234375 0.46631205624999994 0.7579787234375 0.46187943281250005 0.96808510625 0.48847517656250006 0.96897163125 0.49113475156249997 0.7579787234375
0 0.5140625 0.8578125 0.04453125 0.2390625
0 0.39921875 0.86875 0.040625 0.20703125
0 0.4421875 0.86953125 0.03359375 0.21015625
0 0.3515625 0.86015625 0.04921875 0.2375
0 0.21796875 0.95234375 0.21171875 0.03515625
0 0.21796875 0.9203125 0.2109375 0.0265625
0 0.21640625 0.89296875 0.21015625 0.02265625
0 0.21796875 0.86796875 0.2109375 0.0203125
0 0.21796875 0.83984375 0.2125 0.02734375
0 0.21640625 0.8109375 0.2078125 0.02578125
0 0.21875 0.77734375 0.2109375 0.0375
0 0.21953125 0.74296875 0.21015625 0.025