0 0.9986413046875 1 1 0.13207483125 0.9499547109375 0.1428571421875 0.9748641296875 1 0.9986413046875 1
0 0.9646739125 1 0.93976449375 0.144557821875 0.8774909421875 0.14625850468749999 0.9035326093749999 1 0.9646739125 1
0 0.8333333328125001 1 0.8990036234375 0.9982993203125 0.859375 0.1411564625 0.8004981890625 0.1564625859375 0.8333333328125001 1
0 0.7925724640625 0.1564625859375 0.71897645 0.16156462656249998 0.7642663046875 0.9982993203125 0.8333333328125001 0.9914965984374999 0.7925724640625 0.1564625859375
0 0.70538949375 0.9795918374999999 0.7631340578125 0.98979591875 0.7133152171875 0.1513605453125 0.653306159375 0.168367346875 0.70538949375 0.9795918374999999
0 0.6510416671875 0.1564625859375 0.5853713765624999 0.16156462656249998 0.6419836953125 0.9795918374999999 0.70538949375 0.9744897953124999 0.6510416671875 0.1564625859375
0 0.5774456515625 0.1598639453125 0.5230978265624999 0.178571428125 0.5797101453125 0.9744897953124999 0.6374547109375001 0.9659863937500001 0.5774456515625 0.1598639453125
0 0.5230978265624999 0.1666666671875 0.46535326093749996 0.17346938750000002 0.52536231875 0.9659863937500001 0.5774456515625 0.9608843531250001 0.5230978265624999 0.1666666671875
0 0.45516304375 0.9591836734375001 0.5174365937500001 0.9591836734375001 0.45629528906249994 0.168367346875 0.3917572453125 0.1802721078125 0.45516304375 0.9591836734375001
0 0.390625 0.1819727890625 0.3396739125 0.1853741484375 0.40760869531250005 0.9387755109375 0.45176630468749995 0.9353741484375 0.390625 0.1819727890625
0 0.3634510875 0.9234693875 0.4019474640625 0.9285714281249999 0.33514492812499996 0.18367346874999999 0.2943840578125 0.1887755109375 0.3634510875 0.9234693875
0 0.2932518109375 0.18367346874999999 0.241168478125 0.1887755109375 0.31023550625 0.9268707484375 0.35892210156250004 0.9251700671875 0.2932518109375 0.18367346874999999
0 0.2536231890625 0.9166666671874999 0.305706521875 0.9132653062499999 0.238903984375 0.18707483125 0.184556159375 0.19557823125 0.2536231890625 0.9166666671874999
0 0.1868206515625 0.1938775515625 0.14266304375 0.20068027187499998 0.20946557968750001 0.9013605453125001 0.2513586953125 0.9047619046875001 0.1868206515625 0.1938775515625
0 0.163043478125 0.8928571421875 0.20606884062500003 0.8877551015625 0.14266304375 0.20068027187499998 0.09963768125 0.20918367343750002 0.163043478125 0.8928571421875
0 0.092844203125 0.20068027187499998 0.0532155796875 0.21258503437499998 0.11209239062500001 0.8877551015625 0.15398550625000001 0.886054421875 0.092844203125 0.20068027187499998
0 0.06680253593749999 0.88095238125 0.1098278984375 0.8775510203125 0.049818840625 0.20238095312499998 0.0079257234375 0.21258503437499998 0.06680253593749999 0.88095238125