0 0.0673758859375 0.9305740984374999 0.1613475171875 0.9225634171875001 0.19326241093750002 0.8985313749999999 0.20744680781249997 0.19492656875 0.1826241140625 0.185580775 0.0567375890625 0.1842456609375 0.047872340624999996 0.77169559375 0.039007092187499995 0.9212283046874999 0.044326240625 0.9292389859375 0.0673758859375 0.9305740984374999
0 0.297872340625 0.9212283046874999 0.3209219859375 0.8905206937499999 0.328014184375 0.20160213593749998 0.2890070921875 0.190921228125 0.2127659578125 0.1922563421875 0.20744680781249997 0.283044059375 0.20212765937500002 0.9212283046874999 0.21985815625 0.9265687578125 0.265957446875 0.9265687578125 0.297872340625 0.9212283046874999
0 0.40425531875000004 0.9145527375 0.41843971562500004 0.9078771703124999 0.4379432625 0.8838451265625 0.4361702125 0.8464619499999999 0.4432624109375 0.8130841125 0.4361702125 0.760480640625 0.4574468078125 0.6128170890625 0.452127659375 0.5291499765625 0.45390070937500004 0.208277703125 0.4468085109375 0.198931909375 0.41843971562500004 0.1895861140625 0.33865248281250004 0.18825100156250002 0.3333333328125 0.1922563421875 0.32446808437499997 0.7263017359374999 0.3226950359375 0.9038718296875 0.328014184375 0.9132176234375 0.34042553125 0.9158878500000001 0.40425531875000004 0.9145527375
0 0.9964539 0.7983978640625 0.5425531921875 0.7983978640625 0.4574468078125 0.8024032046875 0.450354609375 0.8117489984375 0.4485815609375 0.8838451265625 0.45390070937500004 0.9038718296875 0.99822695 0.9012016015625001 0.9964539 0.7983978640625
0 0.99822695 0.793057409375 0.9964539 0.70360480625 0.450354609375 0.7009345796875001 0.4432624109375 0.7263017359374999 0.4432624109375 0.779706275 0.45567375937500004 0.79706275 0.6897163125 0.7903871828125 0.99822695 0.793057409375
0 0.99822695 0.639519359375 0.9627659578125 0.6301735640625 0.9592198578125 0.6341789046875 0.9468085109375 0.6301735640625 0.5017730499999999 0.6288384515625001 0.45567375937500004 0.6301735640625 0.450354609375 0.640854471875 0.452127659375 0.7009345796875001 0.9468085109375 0.7009345796875001 0.99822695 0.6969292390625 0.99822695 0.639519359375
0 0.9858156031249999 0.6208277703125 0.99822695 0.6154873171874999 0.99822695 0.5567423234375 0.9822695031249999 0.5527369828124999 0.46453900781249996 0.555407209375 0.46276595781249996 0.61949265625 0.46985815625000005 0.6234979968750001 0.9468085109375 0.622162884375 0.9858156031249999 0.6208277703125
0 0.99822695 0.48331108125 0.9929078015625 0.4819759671875 0.4609929078125 0.4819759671875 0.4574468078125 0.5327102796875 0.46631205624999994 0.55006675625 0.99822695 0.546061415625 0.99822695 0.48331108125
0 0.99822695 0.39385847812499997 0.9929078015625 0.3911882515625 0.9627659578125 0.3951935921875 0.8421985812499999 0.38851802343749997 0.46631205624999994 0.38851802343749997 0.45390070937500004 0.39385847812499997 0.45390070937500004 0.4726301734375 0.46808510625000005 0.479305740625 0.99822695 0.47530039999999996 0.99822695 0.39385847812499997
0 0.99822695 0.38050734375 0.9946808515625 0.3164218953125 0.46276595781249996 0.3204272359375 0.4609929078125 0.38050734375 0.46985815625000005 0.385847796875 0.9751773046875 0.3845126828125 0.99822695 0.38050734375
0 0.9946808515625 0.23097463281250002 0.452127659375 0.2349799734375 0.452127659375 0.309746328125 0.46276595781249996 0.317757009375 0.99822695 0.309746328125 0.9946808515625 0.23097463281250002
0 0.9946808515625 0.14419225625 0.48226950312500005 0.148197596875 0.46808510625000005 0.1522029375 0.46453900781249996 0.1628838453125 0.46453900781249996 0.22563417812500003 0.47517730468749997 0.23097463281250002 0.99822695 0.2269692921875 0.9946808515625 0.14419225625