2 0.3226950359375 0.8764331203125 0.359929078125 0.8764331203125 0.388297871875 0.87006369375 0.40602836875000003 0.857324840625 0.4166666671875 0.8050955406250001 0.421985815625 0.7286624203125001 0.41489361718750006 0.7197452234374999 0.39184397187500003 0.7044585984375 0.35638297812499997 0.6968152859375001 0.328014184375 0.6968152859375001 0.28368794375 0.7082802546875 0.264184396875 0.7286624203125001 0.28014184375 0.8471337578125 0.28723404218750004 0.8598726109375001 0.3031914890625 0.8713375796875 0.3226950359375 0.8764331203125
0 0.1347517734375 0 0.1365248234375 0.0522293 0.1453900703125 0.08025477656249999 0.16843971562499999 0.0764331203125 0.21808510625 0.11464968125 0.21985815625 0.1248407640625 0.24645389999999998 0.1414012734375 0.28368794375 0.1439490453125 0.5514184390625 0.0993630578125 0.6241134749999999 0.09554140156249999 0.6613475171875 0.0815286625 0.6843971625 0.0815286625 0.6932624109375001 0.0751592359375 0.7003546093749999 0.0191082796875 0.6790780140625 0 0.1347517734375 0
0 0.3049645390625 0.28535031875 0.6897163125 0.1821656046875 0.7109929078125 0.1732484078125 0.7109929078125 0.1452229296875 0.7003546093749999 0.1401273890625 0.390070921875 0.2140127390625 0.34751773125 0.216560509375 0.34751773125 0.2292993625 0.326241134375 0.23694267500000002 0.31205673749999996 0.2382165609375 0.299645390625 0.231847134375 0.2907801421875 0.2471337578125 0.2907801421875 0.27388534999999997 0.294326240625 0.2840764328125 0.3049645390625 0.28535031875
0 0.299645390625 0.224203821875 0.6826241140625 0.1528662421875 0.6950354609375 0.1490445859375 0.6968085109375 0.127388534375 0.6861702125 0.1248407640625 0.514184396875 0.150318471875 0.46808510625000005 0.163057325 0.37411347500000003 0.1694267515625 0.27836879375 0.1859872609375 0.237588653125 0.1808917203125 0.23936170156249997 0.18980891718749998 0.2535461 0.2012738859375 0.27836879375 0.2178343953125 0.299645390625 0.224203821875
0 0.6897163125 0.1210191078125 0.6914893609375 0.0968152859375 0.6879432624999999 0.086624203125 0.6755319156249999 0.0840764328125 0.671985815625 0.089171975 0.643617021875 0.0968152859375 0.5868794328125 0.1006369421875 0.5656028375 0.10700636875 0.42730496406249996 0.12356687968749999 0.40957446875 0.12993630625000002 0.27836879375 0.1452229296875 0.2606382984375 0.1452229296875 0.235815603125 0.1363057328125 0.20921985781250002 0.11847133750000001 0.203900709375 0.1210191078125 0.20212765937500002 0.1401273890625 0.2588652484375 0.1847133765625 0.6843971625 0.12229299375 0.6897163125 0.1210191078125
0 0.4326241140625 0.7363057328125 0.4397163125 0.709554140625 0.5726950359375 0.6675159234375 0.5868794328125 0.6675159234375 0.6187943265625 0.653503184375 0.6365248234374999 0.653503184375 0.6843971625 0.628025478125 0.6861702125 0.6140127390625 0.35638297812499997 0.689171975 0.3510638296875 0.69299363125 0.40070922031249995 0.705732484375 0.425531915625 0.735031846875 0.4326241140625 0.7363057328125
0 0.65780141875 0.668789809375 0.6773049640625 0.649681528125 0.6755319156249999 0.6420382171875 0.6471631203125 0.649681528125 0.6471631203125 0.653503184375 0.6258865250000001 0.6560509546875 0.609929078125 0.668789809375 0.5744680843750001 0.67006369375 0.423758865625 0.7133757968750001 0.41843971562500004 0.7210191078125 0.42730496406249996 0.7414012734375001 0.59574468125 0.701910828125 0.65780141875 0.668789809375
0 0.25177305 0.4840764328125 0.297872340625 0.5184713375000001 0.3138297875 0.52229299375 0.4361702125 0.4840764328125 0.5088652484375 0.46878980937500003 0.6843971625 0.41146496875 0.7092198578125 0.394904459375 0.7163120562499999 0.3732484078125 0.6985815609375 0.3732484078125 0.6258865250000001 0.391082803125 0.31205673749999996 0.48025477656250004 0.2854609921875 0.4751592359375 0.2234042546875 0.43057324843749994 0.20921985781250002 0.4292993625 0.18617021250000002 0.4076433125 0.15248226874999998 0.405095540625 0.1489361703125 0.41146496875 0.15780141875 0.42165605156249997 0.200354609375 0.4598726109375 0.25177305 0.4840764328125
0 0.7221764609375 0.338927134375 0.2974910359375 0.44906894062499997 0.312329496875 0.47677676875 0.7273644484374999 0.35879733593749996 0.7221764609375 0.338927134375
0 0.7005600609375 0.3153312296875 0.2812760421875 0.3892655703125 0.2907130953125 0.4215127328125 0.7022893453125 0.35196695624999996 0.7005600609375 0.3153312296875
0 0.48958397812500004 0.3178150171875 0.3166527765625 0.35382983281249997 0.2967657265625 0.3457575140625 0.25857505468749997 0.349655546875 0.2630441296875 0.37928849531250003 0.6996954843750001 0.3171940578125 0.6962367796875 0.28552590312500004 0.48958397812500004 0.3178150171875
0 0.3083010296875 0.325578865625 0.313194203125 0.3513459984375 0.7083420421875 0.26938135937499996 0.70574805 0.242059796875 0.3083010296875 0.325578865625
0 0.7022893453125 0.22529429374999999 0.48871933749999996 0.258204340625 0.31154402812500004 0.2945121796875 0.317517484375 0.3178150171875 0.7005600609375 0.23585035312499997 0.7022893453125 0.22529429374999999
0 0.7092066203125 0.22529429374999999 0.7040187625 0.192384246875 0.5601739078125 0.2191754671875 0.365938209375 0.27248608124999996 0.365938209375 0.2762117375 0.7092066203125 0.22529429374999999
0 0.678943659375 0.49802709843750004 0.4520739609375 0.5383856609375 0.31492349062499997 0.577508021875 0.684996225 0.5172763640625 0.678943659375 0.49802709843750004
0 0.6824023640625 0.4632541984375 0.31154402812500004 0.5515890031249999 0.31405884687499996 0.573161359375 0.6806729453125 0.48001970156249996 0.6824023640625 0.4632541984375
0 0.2837958859375 0.52016503125 0.287254525 0.5412771281250001 0.6919135 0.4636590796875 0.6910489234375 0.43323281874999997 0.48666594375 0.47392228750000004 0.49131333125000004 0.468626653125 0.3071415734375 0.522027859375 0.2837958859375 0.52016503125
0 0.6919135 0.5856133406249999 0.27803304375 0.67585574375 0.28033725 0.70669749375 0.6971014890625 0.6098301796875 0.6919135 0.5856133406249999
0 0.692778209375 0.5688478375 0.26938505 0.651002396875 0.27428468437500003 0.668819896875 0.6971014890625 0.581266725 0.692778209375 0.5688478375
0 0.481802128125 0.5787829609374999 0.3158680265625 0.6238190453125 0.3201114125 0.646465884375 0.6573272593749999 0.5520823578125 0.481802128125 0.5787829609374999
0 0.6806729453125 0.525969596875 0.2628990515625 0.5865390234375 0.2760139703125 0.61352274375 0.6858609343750001 0.5489445421875 0.6806729453125 0.525969596875
4 0.8812056734375 0.1847133765625 0.90248226875 0.21019108281249999 0.8705673765625 0.2267515921875 0.8794326234375 0.257324840625 0.8634751765625 0.28662420312500003 0.891843971875 0.3044585984375 0.8865248234375 0.3082802546875 0.891843971875 0.3159235671875 0.9343971625 0.32993630625 0.918439715625 0.3414012734375 0.921985815625 0.35668789843750004 0.9343971625 0.36560509531249996 0.9539007093749999 0.36687898125 0.980496453125 0.3808917203125 0.9964539 0.383439490625 0.9946808515625 0.0968152859375 0.9574468078124999 0.09299363125 0.9131205671875 0.09554140156249999 0.8652482265625 0.1375796171875 0.8528368796875 0.1414012734375 0.84397163125 0.163057325 0.8049645390625001 0.1821656046875 0.8049645390625001 0.1859872609375 0.8386524828124999 0.1847133765625 0.84574468125 0.1936305734375 0.8812056734375 0.1847133765625