0 0.1475611421875 0.1126721375 0.0792458 0.1126721375 0.10930454999999999 0.496592015625 0.1694220515625 0.496592015625 0.1475611421875 0.1126721375
0 0.2090449515625 0.082069828125 0.18171881406249998 0.0778967859375 0.15029375625000002 0.11406315156249999 0.1762535859375 0.496592015625 0.23910370312499998 0.4952010015625 0.2090449515625 0.082069828125
0 0.2773602953125 0.0778967859375 0.21997540624999998 0.07928780156250001 0.240470009375 0.496592015625 0.28829075 0.496592015625 0.2773602953125 0.0778967859375
0 0.337477796875 0.0834608421875 0.2841918296875 0.0834608421875 0.295122284375 0.496592015625 0.3456756390625 0.4938099875 0.337477796875 0.0834608421875
0 0.3921300734375 0.07928780156250001 0.3443093328125 0.0778967859375 0.349774559375 0.4952010015625 0.3962289921875 0.4938099875 0.3921300734375 0.07928780156250001
0 0.3948626859375 0.07928780156250001 0.403060528125 0.4938099875 0.4618117234375 0.496592015625 0.460445415625 0.09319794218750001 0.412624675 0.07928780156250001 0.3948626859375 0.07928780156250001
0 0.50826615625 0.1043260546875 0.46864325781250005 0.09597996875 0.4645443375 0.496592015625 0.5096324640625001 0.4952010015625 0.50826615625 0.1043260546875
0 0.556086896875 0.10293503906249998 0.515097690625 0.101544025 0.515097690625 0.4938099875 0.5547205890625 0.4924189734375 0.556086896875 0.10293503906249998
0 0.63260008125 0.086242871875 0.56291843125 0.10293503906249998 0.569749965625 0.4952010015625 0.6339663890625 0.4910279609375 0.63260008125 0.086242871875
0 0.7036480390625 0.0737237453125 0.6530946859375 0.07233273125 0.63260008125 0.0848518578125 0.6380653093750001 0.4924189734375 0.70228173125 0.4924189734375 0.7036480390625 0.0737237453125
0 0.7705970765625 0.5675337328125 0.707746959375 0.5828348859375 0.7992895203125 0.97092780625 0.8662385578125 0.9528446234375 0.7705970765625 0.5675337328125
0 0.6886186640624999 0.5730977890625 0.6366990015625 0.5744888031250001 0.666757753125 0.9764918625 0.71457849375 0.9723188203124999 0.6886186640624999 0.5730977890625
0 0.5929771828125 0.9723188203124999 0.6380653093750001 0.9723188203124999 0.625768546875 0.5717067734375 0.5765815015625 0.575879815625 0.5929771828125 0.9723188203124999
0 0.568383659375 0.575879815625 0.500068315625 0.57866184375 0.5123650765625001 0.973709834375 0.57794780625 0.9751008484374999 0.568383659375 0.575879815625
0 0.4426834265625 0.9764918625 0.491870475 0.9778828765625001 0.489137859375 0.5730977890625 0.43858450624999995 0.5744888031250001 0.4426834265625 0.9764918625
0 0.4358518921875 0.5744888031250001 0.3730017765625 0.575879815625 0.375734390625 0.9764918625 0.4372181984375 0.9764918625 0.4358518921875 0.5744888031250001
0 0.3128842734375 0.9751008484374999 0.375734390625 0.9751008484374999 0.36480393437499997 0.5772708296875 0.30468643281249996 0.5772708296875 0.3128842734375 0.9751008484374999
0 0.2992212046875 0.575879815625 0.241836315625 0.5772708296875 0.2500341578125 0.9751008484374999 0.30605273906249997 0.9778828765625001 0.2992212046875 0.575879815625
0 0.2363710890625 0.5814438734375 0.18445142812499998 0.5800528593750001 0.198114496875 0.9792738921874999 0.2486678515625 0.9792738921874999 0.2363710890625 0.5814438734375
0 0.1803525078125 0.575879815625 0.12296761875 0.575879815625 0.1420959140625 0.97092780625 0.19674819062499999 0.97092780625 0.1803525078125 0.575879815625
0 0.1188686984375 0.5730977890625 0.07514687812500001 0.5730977890625 0.0942751734375 0.966754765625 0.1379969953125 0.9639727359375 0.1188686984375 0.5730977890625