0 0 0.3963133640625 0.0444049734375 0.3974654375 0.049733570312499996 0.395161290625 0.0444049734375 0.0322580640625 0.035523978125 0.0149769578125 0.0124333921875 0.012672810937500001 0 0.012672810937500001 0 0.3963133640625
0 0.0586145640625 0.3974654375 0.12611012500000002 0.3974654375 0.13499111875 0.3963133640625 0.1385435171875 0.389400921875 0.129662521875 0.023041475 0.10834813437499999 0.012672810937500001 0.05150976875 0.01728110625 0.046181171874999996 0.0207373265625 0.046181171874999996 0.06797235 0.0550621671875 0.3928571421875 0.0586145640625 0.3974654375
0 0.23978685624999999 0.395161290625 0.2433392546875 0.37211981562499996 0.2326820609375 0.24769585312500003 0.2309058609375 0.023041475 0.22735346406249998 0.01728110625 0.209591475 0.0149769578125 0.1367673171875 0.01728110625 0.14564831250000002 0.3905529953125 0.1492007109375 0.3963133640625 0.22912966250000003 0.3974654375 0.23978685624999999 0.395161290625
0 0.328596803125 0.01728110625 0.317939609375 0.013824884374999999 0.2433392546875 0.013824884374999999 0.23623445781250002 0.01728110625 0.2468916515625 0.395161290625 0.337477796875 0.3974654375 0.3339254 0.02880184375 0.328596803125 0.01728110625
0 0.40852575468749996 0.0241935484375 0.3996447609375 0.01728110625 0.34458259375 0.0161290328125 0.339253996875 0.0207373265625 0.3463587921875 0.3940092171875 0.349911190625 0.3974654375 0.410301953125 0.3974654375 0.40852575468749996 0.0241935484375
0 0.5275310828124999 0.38709677343750004 0.5222024859375 0.0207373265625 0.5133214921875 0.0149769578125 0.4298401421875 0.013824884374999999 0.4138543515625 0.023041475 0.41740674999999994 0.3928571421875 0.422735346875 0.3974654375 0.5186500890625 0.3974654375 0.5275310828124999 0.38709677343750004
0 0.6216696265625 0.01728110625 0.5310834812499999 0.0207373265625 0.5310834812499999 0.395161290625 0.6323268203125 0.3963133640625 0.6323268203125 0.023041475 0.6216696265625 0.01728110625
0 0.7531083484375001 0.0207373265625 0.712255771875 0.013824884374999999 0.6465364124999999 0.01728110625 0.641207815625 0.0207373265625 0.6429840140625 0.39170506875 0.7513321484375 0.3963133640625 0.7531083484375001 0.0207373265625
0 0.8365896984375001 0.395161290625 0.8330373 0.018433179687500002 0.7726465359375 0.0161290328125 0.7602131437499999 0.0218894015625 0.7584369453125 0.389400921875 0.7637655421875 0.3963133640625 0.8294849015624999 0.3963133640625 0.8365896984375001 0.395161290625
0 0.9147424515625 0.0149769578125 0.8365896984375001 0.018433179687500002 0.8401420953125 0.3940092171875 0.9342806390625 0.3940092171875 0.932504440625 0.019585253125 0.9147424515625 0.0149769578125
0 0.984014209375 0.08755760312500001 0.9769094140625001 0.081797234375 0.9413854359375 0.0841013828125 0.9431616343749999 0.39170506875 0.962699821875 0.395161290625 0.98934280625 0.39170506875 0.984014209375 0.08755760312500001
0 0.2375 0.98828125 0.47421875 0.02265625
0 0.23828125 0.95859375 0.4765625 0.0359375
0 0.240625 0.92578125 0.48046875 0.02578125
0 0.2390625 0.8984375 0.475 0.01875
0 0.23828125 0.88125 0.475 0.01953125
0 0.2390625 0.86171875 0.471875 0.01640625
0 0.2375 0.8390625 0.47421875 0.02578125
0 0.2390625 0.8125 0.478125 0.02734375
0 0.23359375 0.7796875 0.4671875 0.03671875
0 0.5 0.84921875 0.046875 0.3015625
0 0.565625 0.84765625 0.065625 0.3046875
0 0.61953125 0.84765625 0.0421875 0.3046875
0 0.66015625 0.84765625 0.04375 0.3
0 0.71640625 0.8484375 0.0671875 0.30234375
0 0.7703125 0.85 0.03359375 0.3
0 0.8046875 0.84765625 0.040625 0.3046875
0 0.85546875 0.84921875 0.0515625 0.3015625
0 0.90078125 0.84921875 0.03515625 0.3015625
0 0.9484375 0.84921875 0.04296875 0.3015625