0 0.1318126578125 0.199376359375 0.133682340625 0.2692998203125 0.6141908953125 0.3033166390625 0.6179302609375 0.2532363234375 0.1318126578125 0.199376359375
0 0.126203609375 0.154965509375 0.128073290625 0.198431446875 0.61699541875 0.246621940625 0.6179302609375 0.2135500328125 0.126203609375 0.154965509375
0 0.13461718281249999 0.37040536562500004 0.1318126578125 0.447888121875 0.6151257359375 0.4403288296875 0.6160605765625 0.384579040625 0.13461718281249999 0.37040536562500004
0 0.133682340625 0.277804025 0.13461718281249999 0.36662572031249996 0.61979994375 0.3770197484375 0.6244741515625 0.3070962875 0.133682340625 0.277804025
0 0.0822660546875 0.8060096375000001 0.08600542343749999 0.8721534546875 0.6310180421875 0.7606538796875 0.629148359375 0.7143532078125 0.0822660546875 0.8060096375000001
0 0.0953538390625 0.7370310875 0.096288678125 0.8041198156249999 0.626343834375 0.7115184718750001 0.6244741515625 0.6623830671875 0.0953538390625 0.7370310875
0 0.1028325703125 0.6557686859375 0.10376741249999999 0.7285268828125 0.6244741515625 0.6586034203125 0.6244741515625 0.60379854375 0.1028325703125 0.6557686859375
0 0.101897728125 0.5905697812499999 0.101897728125 0.6519890390625 0.626343834375 0.5990739875 0.6235393109375 0.5508834921875 0.101897728125 0.5905697812499999
0 0.09441899687500001 0.510252290625 0.0953538390625 0.5830104890625 0.6254089921875 0.5471038453125 0.6254089921875 0.497023528125 0.09441899687500001 0.510252290625
0 0.109376459375 0.4526126796875 0.1121809859375 0.50647264375 0.6216696265625 0.4894642359375 0.6244741515625 0.44883303437500005 0.109376459375 0.4526126796875
0 0.6394316156250001 0.20122680937499998 0.635731203125 0.26331538125 0.946566015625 0.2909934171875 0.946566015625 0.23862956406250002 0.6394316156250001 0.20122680937499998
0 0.641651865625 0.2700478765625 0.641651865625 0.30071813281250004 0.9547069265625 0.32241172812499996 0.9532267624999999 0.29473369374999997 0.641651865625 0.2700478765625
0 0.6401717 0.31119090312500003 0.6379514515625 0.358318371875 0.9517465953125 0.3643028140625 0.9510065140625 0.327648115625 0.6401717 0.31119090312500003
0 0.6438721140625 0.3598144828125 0.6438721140625 0.41816277812499997 0.9547069265625 0.41292639062500003 0.9547069265625 0.370287253125 0.6438721140625 0.3598144828125
0 0.6431320296874999 0.42414721718750004 0.6431320296874999 0.47351885156250006 0.9502664296875001 0.46529024531249996 0.9510065140625 0.42190305156249996 0.6431320296874999 0.42414721718750004
0 0.644612196875 0.5670257328125 0.644612196875 0.6298623578125 0.9473060984374999 0.5887193296875 0.9473060984374999 0.54009575 0.644612196875 0.5670257328125
0 0.6438721140625 0.52513465 0.644612196875 0.5602932375 0.946566015625 0.5333632546875 0.94804618125 0.510921603125 0.6438721140625 0.52513465
0 0.64091178125 0.4824955109375 0.64091178125 0.5213943750000001 0.9473060984374999 0.5019449421875 0.94804618125 0.47426690625 0.64091178125 0.4824955109375
0 0.6379514515625 0.6298623578125 0.6401717 0.6859664859375 0.946566015625 0.6380909640625 0.946566015625 0.5969479359375 0.6379514515625 0.6298623578125
0 0.6372113671874999 0.7315978453125 0.6379514515625 0.7592758828124999 0.9443457671875001 0.7024236984375001 0.9428656 0.6769898265625 0.6372113671874999 0.7315978453125
0 0.6401717 0.6904548171875 0.641651865625 0.7330939546875 0.94212551875 0.6769898265625 0.9428656 0.647815678125 0.6401717 0.6904548171875