0 0.0668303328125 0.25265957499999997 0.0709219859375 0.2905073640625 0.45690125468750004 0.2802782328125 0.45417348593750007 0.250613746875 0.0668303328125 0.25265957499999997
0 0.09410801875 0.2178805234375 0.098199671875 0.24754500781250002 0.42689579999999994 0.2424304421875 0.4214402625 0.20969721875 0.09410801875 0.2178805234375
0 0.0913802515625 0.1841243859375 0.0954719046875 0.2168576109375 0.4241680296875 0.206628478125 0.4228041453125 0.1759410796875 0.0913802515625 0.1841243859375
0 0.4214402625 0.138093290625 0.087288596875 0.1483224234375 0.087288596875 0.17798690625 0.4214402625 0.1708265140625 0.4214402625 0.138093290625
0 0.522367703125 0.2454991828125 0.522367703125 0.2802782328125 0.92607746875 0.2680032734375 0.9301691218749999 0.22810965625000001 0.522367703125 0.2454991828125
0 0.51554828125 0.198445171875 0.51827605 0.2434533546875 0.921985815625 0.224018003125 0.92607746875 0.17798690625 0.51554828125 0.198445171875
0 0.0490998375 0.36415712031249997 0.004091653125 0.3713175125 0.11047463125000001 0.6403437000000001 0.1459356234375 0.6362520453125 0.0490998375 0.36415712031249997
0 0.150027278125 0.6168166937499999 0.150027278125 0.6403437000000001 0.444626296875 0.6485270046875 0.4432624109375 0.6270458265625 0.150027278125 0.6168166937499999
0 0.14866339374999998 0.5932896890625 0.150027278125 0.6147708671875 0.444626296875 0.6239770859375 0.44189852656250006 0.6014729953125 0.14866339374999998 0.5932896890625
0 0.14320785625000002 0.56464811875 0.1459356234375 0.5912438625 0.44189852656250006 0.5973813421874999 0.44189852656250006 0.570785596875 0.14320785625000002 0.56464811875
0 0.43917075937499994 0.544189853125 0.14048008750000002 0.5380523734375 0.14048008750000002 0.561579378125 0.43917075937499994 0.5677168578125 0.43917075937499994 0.544189853125
0 0.13911620156249999 0.5094108015625001 0.13502455 0.5329378078125 0.43780687343749997 0.5400982 0.43780687343749997 0.518617021875 0.13911620156249999 0.5094108015625001
0 0.141843971875 0.48076923125000004 0.13911620156249999 0.503273321875 0.4364429890625 0.512479540625 0.4364429890625 0.4879296234375 0.141843971875 0.48076923125000004
0 0.144571740625 0.45621931250000003 0.14320785625000002 0.47770049062500003 0.43780687343749997 0.4828150578125 0.433715221875 0.4633797046875 0.144571740625 0.45621931250000003
0 0.4800872890625 0.6147708671875 0.4800872890625 0.6475040921875 0.8210583734375 0.6648936171875001 0.8210583734375 0.6260229140625 0.4800872890625 0.6147708671875
0 0.47872340468749996 0.5677168578125 0.47735951875 0.6096562999999999 0.8237861437499999 0.6219312609375 0.8237861437499999 0.5799918171875 0.47872340468749996 0.5677168578125
0 0.475995634375 0.5329378078125 0.475995634375 0.5677168578125 0.8292416812500001 0.577945990625 0.8292416812500001 0.5421440265624999 0.475995634375 0.5329378078125
0 0.47735951875 0.49815875624999995 0.47735951875 0.5298690671874999 0.8060556468750001 0.537029459375 0.8046917625000001 0.503273321875 0.47735951875 0.49815875624999995
0 0.4746317515625 0.46644844531249996 0.4746317515625 0.49713584375000003 0.8074195296875001 0.5012274953125 0.8074195296875001 0.469517184375 0.4746317515625 0.46644844531249996
0 0.4746317515625 0.43166939531250004 0.4732678671875 0.46133387968750006 0.811511184375 0.46542553125 0.8128750671875 0.43576104843749996 0.4746317515625 0.43166939531250004
0 0.9151663937500001 0.402004909375 0.8674304421875 0.40302782343750004 0.8428805234375 0.662847790625 0.8878887078125001 0.662847790625 0.9151663937500001 0.402004909375
0 0.9929078015625 0.3549509 0.9369885421875 0.3539279859375 0.90425531875 0.6648936171875001 0.9574468078124999 0.66796235625 0.9929078015625 0.3549509
0 0.5373704312500001 0.755932896875 0.4869067109375 0.755932896875 0.49509001562500005 0.958469721875 0.5400982 0.9564238953125 0.5373704312500001 0.755932896875
0 0.5905619203125 0.755932896875 0.54282596875 0.7569558093750001 0.5469176203125 0.958469721875 0.5946535734375 0.9615384609375001 0.5905619203125 0.755932896875
0 0.5987452265625001 0.9390343703124999 0.5987452265625001 0.9615384609375001 0.9233496999999999 0.9901800328125001 0.924713584375 0.968698853125 0.5987452265625001 0.9390343703124999
0 0.6028368796875 0.9144844515624999 0.6055646484375 0.9369885437500001 0.92607746875 0.9656301140625001 0.9288052375 0.94517185 0.6028368796875 0.9144844515624999
0 0.6055646484375 0.8858428796875 0.6028368796875 0.9134615390624999 0.92607746875 0.9380114562499999 0.9301691218749999 0.9124386250000001 0.6055646484375 0.8858428796875
0 0.6042007640625 0.858224221875 0.6042007640625 0.8858428796875 0.9315330046874999 0.9073240578125 0.9356246593750001 0.882774140625 0.6042007640625 0.858224221875
0 0.6001091093750001 0.8306055656250001 0.5987452265625001 0.856178396875 0.9369885421875 0.8807283140625 0.9356246593750001 0.8551554828124999 0.6001091093750001 0.8306055656250001
0 0.5973813421874999 0.8009410796875001 0.5973813421874999 0.8275368249999999 0.9397163125000001 0.85310965625 0.94244408125 0.8275368249999999 0.5973813421874999 0.8009410796875001
0 0.5973813421874999 0.7753682484375 0.5973813421874999 0.7999181671875 0.94244408125 0.823445171875 0.94517185 0.7988952546875 0.5973813421874999 0.7753682484375
0 0.94517185 0.7917348609375 0.9492635015625 0.7487725046875 0.6055646484375 0.730360065625 0.6028368796875 0.7702536828125 0.94517185 0.7917348609375
0 0.398254228125 0.7457037640624999 0.3546099296875 0.7436579375 0.37234042500000003 0.9390343703124999 0.4118930703125 0.9400572828125 0.398254228125 0.7457037640624999
0 0.45144571874999995 0.75081833125 0.40370976562500005 0.7457037640624999 0.41598472500000006 0.9441489359374999 0.4609929078125 0.950286415625 0.45144571874999995 0.75081833125
0 0.093318403125 0.895156775 0.096117953125 0.916153415625 0.3536767453125 0.9378499437500001 0.3536767453125 0.9147536390625 0.093318403125 0.895156775
0 0.0867861140625 0.8734602453125 0.091452034375 0.8923572234374999 0.3546099296875 0.9105543109375 0.3527435609375 0.8937569984374999 0.0867861140625 0.8734602453125
0 0.0839865625 0.8475643890625 0.0886524828125 0.86926091875 0.34994400937500003 0.8902575578125 0.348077640625 0.866461365625 0.0839865625 0.8475643890625
0 0.0783874578125 0.8209686453125 0.08491974687500001 0.8461646125 0.3471444578125 0.8629619249999999 0.3452780890625 0.839165734375 0.0783874578125 0.8209686453125
0 0.0709219859375 0.7964725640625 0.076521090625 0.8181690937500001 0.34621127343749997 0.8356662937499999 0.343411721875 0.8146696531250001 0.0709219859375 0.7964725640625
0 0.0668303328125 0.7774140765625 0.0695581015625 0.7948036015625 0.346426621875 0.8111702125000001 0.3436988546875 0.7937806875 0.0668303328125 0.7774140765625