0 0.1713948 0.10786051875 0.18764775312499998 0.2733451546875 0.8096926718749999 0.203900709375 0.8215130015625001 0.0886524828125 0.1713948 0.10786051875
0 0.152755046875 0.9288052375 0.1623022375 0.9615384609375001 0.8715220953125 0.7460447359375 0.8674304421875 0.7283142390624999 0.152755046875 0.9288052375
0 0.155482815625 0.8456082921875 0.1623022375 0.9124386265625001 0.8565193671875001 0.7160392796874999 0.8578832515625001 0.662847790625 0.155482815625 0.8456082921875
0 0.5782869609375 0.676486634375 0.1827605015625 0.781505728125 0.1936715765625 0.8319694484375001 0.8565193671875001 0.6396617578125 0.8524277140625 0.6164757234375 0.5782869609375 0.676486634375
0 0.12684124531250002 0.7528641578124999 0.13229678125 0.7787779593749999 0.8865248234375 0.6082924171874999 0.8837970531250001 0.5919258046875 0.12684124531250002 0.7528641578124999
0 0.20458265 0.7078559734375001 0.2086743046875 0.7351336609375 0.8442444078125 0.5864702671875001 0.8401527546875001 0.5646481171875 0.20458265 0.7078559734375001
0 0.8237861437499999 0.552373159375 0.8237861437499999 0.525095471875 0.1963993453125 0.6710310953125 0.1963993453125 0.698308784375 0.8237861437499999 0.552373159375
0 0.1713948 0.5658983453124999 0.18173758906249998 0.657505909375 0.812647753125 0.518617021875 0.8185579203125 0.440307328125 0.1713948 0.5658983453124999
0 0.17730496406250001 0.5053191484374999 0.184692671875 0.5526004734375001 0.8111702125000001 0.4151891265625 0.8111702125000001 0.3856382984375 0.17730496406250001 0.5053191484374999
0 0.1492316796875 0.42405437343749997 0.15809692656250002 0.494976359375 0.7904846328125 0.378250590625 0.7904846328125 0.329491725 0.1492316796875 0.42405437343749997
0 0.1477541359375 0.3634751765625 0.1521867609375 0.40336879375 0.8200354609374999 0.31619385312500004 0.8200354609374999 0.285165484375 0.1477541359375 0.3634751765625
0 0.161052009375 0.282210403125 0.166962175 0.359042553125 0.8185579203125 0.280732859375 0.8244680843750001 0.22163120625000002 0.161052009375 0.282210403125