5 0.5258152171875 0.37003058125 0.5163043484375 0.3843017328125 0.5122282609375 0.40774719687500005 0.5163043484375 0.4271151890625 0.5407608703125 0.457696228125 0.5638586953125 0.46279306875000004 0.622282609375 0.46381243593750004 0.622282609375 0.265035678125 0.60733695625 0.2670744140625 0.600543478125 0.2742099890625 0.582880434375 0.26911315 0.5815217390625 0.2507645265625 0.57608695625 0.2456676859375 0.5638586953125 0.24668705468750002 0.551630434375 0.2599388375 0.5353260875 0.3088685015625 0.5230978265624999 0.3139653421875 0.5013586953125 0.3333333328125 0.4959239125 0.3476044859375 0.5217391296875 0.3435270125 0.5258152171875 0.352701325 0.5258152171875 0.37003058125
0 0.1711956515625 0.2507645265625 0.1834239125 0.44036697187499996 0.2038043484375 0.4424057078125 0.1929347828125 0.24770642187499997 0.1711956515625 0.2507645265625
0 0.21467391249999998 0.24770642187499997 0.2133152171875 0.24464831875 0.194293478125 0.24770642187499997 0.2065217390625 0.44036697187499996 0.2241847828125 0.44444444375 0.2269021734375 0.425076453125 0.21467391249999998 0.24770642187499997
0 0.243206521875 0.4454638125 0.24728260937500002 0.41386340468749994 0.2377717390625 0.2415902140625 0.21875 0.2415902140625 0.21603260937500002 0.2762487265625 0.2269021734375 0.433231396875 0.22961956562500002 0.44444444375 0.243206521875 0.4454638125
0 0.278532609375 0.43934760468749995 0.278532609375 0.4260958203125 0.270380434375 0.2405708453125 0.26358695625 0.23547400624999998 0.24048912968749997 0.2415902140625 0.25 0.44036697187499996 0.256793478125 0.4464831796875 0.27173912968749997 0.4464831796875 0.278532609375 0.43934760468749995
0 0.28125 0.4362895 0.292119565625 0.43832823593750003 0.3111413046875 0.4352701328125 0.3070652171875 0.23241590156249997 0.2758152171875 0.2334352703125 0.27173912968749997 0.23547400624999998 0.27173912968749997 0.2619775734375 0.278532609375 0.41488277343749996 0.28125 0.4362895
0 0.3396739125 0.416921509375 0.35733695625 0.39551478125 0.35326087031250003 0.238532109375 0.350543478125 0.22426095781250002 0.3111413046875 0.2293577984375 0.3179347828125 0.43425076406249996 0.33423912968749997 0.4464831796875 0.3396739125 0.43832823593750003 0.3396739125 0.416921509375
0 0.3600543484375 0.43221202812500004 0.38451087031250003 0.42813455625 0.4008152171875 0.43425076406249996 0.42391304375 0.42813455625 0.45244565156250005 0.3893985734375 0.45108695625 0.38124362968750003 0.5054347828125 0.31906218124999997 0.533967390625 0.30275229375 0.5502717390625 0.2599388375 0.5638586953125 0.2456676859375 0.5788043484375 0.24260958281249997 0.58016304375 0.23241590156249997 0.5788043484375 0.2283384296875 0.569293478125 0.22731906249999997 0.403532609375 0.214067278125 0.3559782609375 0.2212028546875 0.3586956515625 0.3883792046875 0.3736413046875 0.3975535171875 0.3600543484375 0.4220183484375 0.3600543484375 0.43221202812500004
0 0.707880434375 0.38124362968750003 0.7092391296875 0.1651376140625 0.7065217390625 0.1610601421875 0.676630434375 0.164118246875 0.6304347828125 0.17329255937500002 0.6263586953125 0.181447503125 0.625 0.46585117187499997 0.6997282609375 0.4719673796875 0.70516304375 0.4678899078125 0.707880434375 0.38124362968750003
0 0.79483695625 0.3893985734375 0.792119565625 0.3588175328125 0.8043478265624999 0.185524975 0.83016304375 0.1743119265625 0.8369565218749999 0.17838939843749999 0.8722826093749999 0.171253821875 0.875 0.1620795109375 0.8247282609375001 0.14373088750000002 0.7961956515625 0.14169215156249998 0.7201086953125 0.154943934375 0.7065217390625 0.1651376140625 0.7065217390625 0.46992864375 0.7173913046875 0.47400611562500006 0.7853260875 0.4770642203125 0.79483695625 0.3893985734375
0 0.8057065218749999 0.23241590156249997 0.8002717390624999 0.2405708453125 0.8002717390624999 0.298674821875 0.9986413046875 0.28542303750000003 0.9986413046875 0.2130479109375 0.8057065218749999 0.23241590156249997
0 0.9986413046875 0.155963303125 0.8247282609375001 0.181447503125 0.8043478265624999 0.189602446875 0.8029891296875 0.2283384296875 0.8138586953125 0.23139653437500002 0.9986413046875 0.20998980625 0.9986413046875 0.155963303125
0 0.9986413046875 0.290519878125 0.801630434375 0.30275229375 0.7961956515625 0.3292558609375 0.79483695625 0.3710499484375 0.801630434375 0.37716615625 0.9986413046875 0.3710499484375 0.9986413046875 0.290519878125
0 0.9986413046875 0.406727828125 0.8029891296875 0.4046890921875 0.79483695625 0.40876656406249995 0.792119565625 0.4260958203125 0.7894021734375001 0.475025484375 0.7961956515625 0.48012232343749994 0.9986413046875 0.491335371875 0.9986413046875 0.406727828125
0 0.2024456515625 0.650356778125 0.2024456515625 0.5351681953125 0.292119565625 0.5239551484375 0.32201087031250003 0.5310907234375 0.336956521875 0.5290519875 0.34375 0.5219164125 0.332880434375 0.5188583078125 0.332880434375 0.51172273125 0.3274456515625 0.5096839953125001 0.2975543484375 0.507645259375 0.1779891296875 0.5229357796875 0.1888586953125 0.7125382265625 0.20516304375 0.717635065625 0.2133152171875 0.7155963296875 0.2024456515625 0.650356778125
0 0.2554347828125 0.5310907234375 0.2241847828125 0.5321100921874999 0.211956521875 0.5361875640625 0.22146739062499998 0.7196738015624999 0.243206521875 0.7247706421875 0.2350543484375 0.54638124375 0.2554347828125 0.5310907234375
0 0.22146739062499998 0.7206931703125 0.21603260937500002 0.5637105 0.211956521875 0.5351681953125 0.2038043484375 0.533129459375 0.1997282609375 0.5361875640625 0.1997282609375 0.5810397546875 0.20788043437499998 0.7166156984375001 0.22146739062499998 0.7206931703125
0 0.256793478125 0.5647298671875001 0.2649456515625 0.5392456671875 0.2377717390625 0.54638124375 0.243206521875 0.7166156984375001 0.2445652171875 0.7247706421875 0.25951087031250003 0.7319062187500001 0.256793478125 0.5647298671875001
0 0.25951087031250003 0.5494393468750001 0.2622282609375 0.7319062187500001 0.2798913046875 0.7400611625 0.2771739125 0.5514780828125 0.25951087031250003 0.5494393468750001
0 0.305706521875 0.5692603921875 0.3111413046875 0.5555555562500001 0.29076087031250003 0.5524974515625 0.278532609375 0.5555555562500001 0.2826086953125 0.7400611625 0.301630434375 0.74821610625 0.309782609375 0.7471967375 0.305706521875 0.5692603921875
0 0.33423912968749997 0.5706422015625 0.3478260875 0.559633028125 0.3383152171875 0.550458715625 0.3165760875 0.5555555562500001 0.3070652171875 0.56269113125 0.3111413046875 0.7471967375 0.336956521875 0.75535168125 0.33423912968749997 0.5706422015625
0 0.3559782609375 0.5820591234375 0.3627717390625 0.567787971875 0.372282609375 0.56269113125 0.36141304375 0.559633028125 0.33559782656250003 0.5657492359375 0.3383152171875 0.751274209375 0.341032609375 0.75637105 0.3600543484375 0.761467890625 0.3559782609375 0.5820591234375
0 0.377717390625 0.574923546875 0.368206521875 0.567787971875 0.3559782609375 0.5708460750000001 0.3600543484375 0.760448521875 0.36548912968749997 0.7655453624999999 0.3804347828125 0.768603465625 0.377717390625 0.574923546875
0 0.4008152171875 0.5769622828125 0.42255434843749995 0.5647298671875001 0.399456521875 0.5647298671875001 0.3804347828125 0.5718654437499999 0.381793478125 0.7675840984375 0.399456521875 0.776758409375 0.39809782656250003 0.5893403234375 0.4008152171875 0.5769622828125
0 0.4320652171875 0.6014271156250001 0.4429347828125 0.584097859375 0.51358695625 0.567787971875 0.51358695625 0.5647298671875001 0.45380434843749995 0.5637105 0.40760869531250005 0.5718654437499999 0.39809782656250003 0.5779816515625 0.4008152171875 0.7757390421875 0.42255434843749995 0.785932721875 0.4334239125 0.785932721875 0.4320652171875 0.6014271156250001
0 0.46739130468749995 0.6197757390625 0.5122282609375 0.6075433234375 0.5163043484375 0.6014271156250001 0.533967390625 0.593272171875 0.5679347828125 0.5851172265625 0.5720108703125 0.567787971875 0.54483695625 0.5616717640625 0.434782609375 0.5861365953125001 0.4375 0.7869520890625 0.461956521875 0.794087665625 0.4605978265625 0.62996941875 0.46739130468749995 0.6197757390625
0 0.7201086953125 0.8470948015624999 0.7146739125 0.839959225 0.46739130468749995 0.7635066265625 0.47010869531250005 0.7971457703125 0.6888586953125 0.87359836875 0.716032609375 0.8797145765625001 0.7201086953125 0.8470948015624999
0 0.4782608703125 0.7665647296875 0.716032609375 0.8409785937500001 0.71875 0.7971457703125 0.7092391296875 0.7900101937499999 0.7105978265624999 0.7828746171875001 0.694293478125 0.78083588125 0.6820652171875 0.769622834375 0.6576086953125 0.7655453624999999 0.6480978265624999 0.7747196734374999 0.635869565625 0.7747196734374999 0.479619565625 0.7298674828125 0.466032609375 0.727828746875 0.4646739125 0.73088685 0.466032609375 0.7889908250000001 0.47010869531250005 0.7889908250000001 0.46739130468749995 0.7726809375 0.4782608703125 0.7665647296875
0 0.7201086953125 0.7981651375000001 0.721467390625 0.7624872578125 0.7146739125 0.751274209375 0.6970108703125 0.7502548421874999 0.466032609375 0.6931702343749999 0.466032609375 0.7288481140624999 0.5217391296875 0.7410805296875 0.64266304375 0.7787971453125 0.7201086953125 0.7981651375000001
0 0.4646739125 0.659531090625 0.466032609375 0.6921508671875001 0.721467390625 0.7543323140625 0.71875 0.7155963296875 0.4646739125 0.659531090625
0 0.7228260875 0.6411824671875 0.7309782609375 0.6279306828125 0.7486413046875 0.6218144750000001 0.75 0.617737003125 0.7404891296875 0.61365953125 0.6413043484375 0.6034658515625 0.6304347828125 0.6167176343749999 0.6154891296875 0.6238532109375 0.555706521875 0.6248725796875 0.5271739125 0.6106014265625 0.528532609375 0.6024464828125 0.5258152171875 0.6075433234375 0.48505434843749995 0.61365953125 0.4633152171875 0.6238532109375 0.4605978265625 0.651376146875 0.47010869531250005 0.6585117234375 0.7201086953125 0.7145769625 0.7228260875 0.6411824671875
0 0.7595108703125 0.903160040625 0.7622282609375 0.8919469921875001 0.7663043484375 0.6636085625 0.774456521875 0.6401630984375 0.8029891296875 0.62283384375 0.8192934781250001 0.62283384375 0.83016304375 0.6146788984375 0.82608695625 0.6034658515625 0.778532609375 0.6116207953125 0.7377717390625 0.626911315625 0.7282608703125 0.634046890625 0.725543478125 0.6564729875 0.7201086953125 0.8807339453124999 0.729619565625 0.8960244640624999 0.752717390625 0.904179409375 0.7595108703125 0.903160040625
0 0.8070652171875 0.6493374109375 0.7771739125 0.6411824671875 0.770380434375 0.642201834375 0.7690217390625 0.6534148828124999 0.76358695625 0.7869520890625 0.7622282609375 0.904179409375 0.7826086953125 0.9174311921875 0.7975543484375 0.920489296875 0.8070652171875 0.6493374109375
0 0.8478260875 0.7665647296875 0.8532608703125 0.7533129453125 0.8559782609375001 0.6615698265625001 0.8084239125 0.65545361875 0.8043478265624999 0.7196738015624999 0.79891304375 0.920489296875 0.83016304375 0.9357798171875 0.8451086953125 0.936799184375 0.8478260875 0.7665647296875
0 0.9021739125 0.844036696875 0.9089673906250001 0.6697247703125 0.864130434375 0.6615698265625001 0.85733695625 0.66462793125 0.8505434781250001 0.7879714578125 0.8464673906250001 0.9388379203125 0.8872282609375001 0.953109071875 0.8940217390624999 0.9398572890624999 0.9021739125 0.844036696875
0 0.9076086953125 0.9622833843749999 0.9347826093749999 0.9683995921875 0.9375 0.920489296875 0.9429347828125 0.9092762484374999 0.95108695625 0.7573904171875 0.957880434375 0.7370030578125 0.9633152171875 0.6768603468750001 0.9157608703125 0.6687054031249999 0.9103260875 0.683995921875 0.9048913046875 0.8182127078124999 0.8913043484375001 0.9469928640624999 0.8940217390624999 0.954128440625 0.9076086953125 0.9622833843749999
0 0.9986413046875 0.87359836875 0.9986413046875 0.6615698265625001 0.96875 0.675840978125 0.9646739125 0.6890927625 0.9402173906250001 0.9694189609375 0.95516304375 0.9816513765625 0.9850543484375001 0.9887869515625001 0.9986413046875 0.87359836875