0 0.0421099296875 0.28368794375 0.0044326234375 0.2825797875 0.0254875890625 0.68816489375 0.058732268750000004 0.6826241140625 0.0421099296875 0.28368794375
0 0.0620567375 0.6892730499999999 0.1008421984375 0.69038120625 0.0864361703125 0.2570921984375 0.043218084375 0.2582003546875 0.0620567375 0.6892730499999999
0 0.13076241093750002 0.2548758859375 0.09751773124999999 0.2570921984375 0.109707446875 0.6892730499999999 0.14073581562499998 0.69038120625 0.13076241093750002 0.2548758859375
0 0.14516843906250002 0.6948138296875 0.1928191484375 0.6937056734375 0.1839539 0.24933510625 0.137411346875 0.25044326250000004 0.14516843906250002 0.6948138296875
0 0.2714982265625 0.24933510625 0.188386525 0.24822695 0.1928191484375 0.6948138296875 0.2703900703125 0.6959219859375 0.2714982265625 0.24933510625
0 0.31015625 0.47734375 0.0734375 0.45078125
0 0.36640625 0.51953125 0.03203125 0.38046875
0 0.3856382984375 0.703679078125 0.422207446875 0.7058953906250001 0.4266400703125 0.25155141875 0.391179078125 0.25044326250000004 0.3856382984375 0.703679078125
0 0.48648049687499995 0.299202128125 0.43328900781249996 0.29809397187500003 0.42442375937500004 0.704787234375 0.4798315609375 0.7103280140625 0.48648049687499995 0.299202128125
0 0.48648049687499995 0.7147606390625 0.5684840421875 0.7191932624999999 0.5884308515625001 0.2582003546875 0.487588653125 0.2570921984375 0.48648049687499995 0.7147606390625
0 0.65602836875 0.25044326250000004 0.611702128125 0.25155141875 0.5873226953125 0.71808510625 0.6327570921875 0.71808510625 0.65602836875 0.25044326250000004
0 0.732491134375 0.27925531875 0.6626773046875 0.2770390078125 0.640514184375 0.7125443265625 0.704787234375 0.7169769500000001 0.732491134375 0.27925531875
0 0.77792553125 0.31582446875 0.7380319156249999 0.31582446875 0.7103280140625 0.7147606390625 0.75022163125 0.7136524828125 0.77792553125 0.31582446875
0 0.7546542546875 0.71808510625 0.8355496453125 0.721409575 0.8699024828124999 0.265957446875 0.7912234046875 0.2604166671875 0.7546542546875 0.71808510625
0 0.984042553125 0.2703900703125 0.905363475 0.263741134375 0.8577127656249999 0.7236258859375 0.9275265953125 0.7291666671875 0.984042553125 0.2703900703125
0 0.8998226953125 0.2714982265625 0.87322695 0.268173759375 0.841090425 0.7191932624999999 0.8610372343750001 0.7236258859375 0.8998226953125 0.2714982265625