0 0.9048913046875 0.233180428125 0.9184782609375001 0.22859327187499998 0.9225543484375001 0.194954128125 0.9211956515624999 0.1865443421875 0.9157608703125 0.18425076406250002 0.11413043437499999 0.1857798171875 0.11005434843749999 0.1888379203125 0.11005434843749999 0.2178899078125 0.1154891296875 0.2293577984375 0.125 0.23241590156249997 0.9048913046875 0.233180428125
0 0.917119565625 0.27905198750000004 0.9225543484375001 0.2538226296875 0.9211956515624999 0.23547400624999998 0.9116847828125 0.233180428125 0.4008152171875 0.2347094796875 0.1576086953125 0.23241590156249997 0.1263586953125 0.2347094796875 0.1263586953125 0.27446483125 0.1413043484375 0.27905198750000004 0.9089673906250001 0.2844036703125 0.917119565625 0.27905198750000004
0 0.341032609375 0.33180428125 0.8940217390624999 0.34097859375 0.9035326093749999 0.33409785937500003 0.9103260875 0.29357798125 0.9076086953125 0.2851681953125 0.6711956515625 0.28593272187499996 0.1888586953125 0.2798165140625 0.125 0.281345565625 0.1263586953125 0.32186544375000004 0.1290760875 0.328746178125 0.13586956562500002 0.3310397546875 0.341032609375 0.33180428125
0 0.8682065218749999 0.44266055 0.8763586953125 0.44036697187499996 0.8845108703125 0.3929663609375 0.8790760875 0.38914373125 0.502717390625 0.38379204843750003 0.1345108703125 0.373088684375 0.12364130468750001 0.3753822625 0.125 0.4166666671875 0.1304347828125 0.42278287499999995 0.7228260875 0.43960244687500005 0.8682065218749999 0.44266055
0 0.5013586953125 0.3814984703125 0.8763586953125 0.387614678125 0.8899456515624999 0.3830275234375 0.895380434375 0.3470948015625 0.8913043484375001 0.3425076453125 0.1616847828125 0.3310397546875 0.125 0.3325688078125 0.127717390625 0.36620795156249997 0.13315217343750002 0.37155963281250004 0.14266304375 0.373088684375 0.5013586953125 0.3814984703125
0 0.84375 0.5512232421875 0.8722826093749999 0.550458715625 0.8817934781250001 0.545871559375 0.8845108703125 0.5366972484375 0.8845108703125 0.502293578125 0.118206521875 0.47400611562500006 0.11141304375000001 0.47782874687500004 0.11413043437499999 0.5137614671875 0.11956521718749999 0.5183486234375 0.14538043437499998 0.5229357796875 0.84375 0.5512232421875
0 0.8288043484375001 0.49923547343749997 0.85733695625 0.49923547343749997 0.864130434375 0.488532109375 0.8695652171875 0.4464831796875 0.86141304375 0.444189603125 0.125 0.425076453125 0.1263586953125 0.46483180468749996 0.1345108703125 0.4747706421875 0.14266304375 0.47629969375 0.8288043484375001 0.49923547343749997
0 0.8913043484375001 0.6636085625 0.8980978265624999 0.65825688125 0.895380434375 0.63914373125 0.9035326093749999 0.61085626875 0.895380434375 0.5665137609374999 0.8763586953125 0.5680428140625 0.8722826093749999 0.57262996875 0.8627717390624999 0.574159021875 0.8586956515624999 0.603211009375 0.8505434781250001 0.61085626875 0.8410326093749999 0.6131498468750001 0.8002717390624999 0.608562690625 0.5394021734375001 0.5970948015624999 0.524456521875 0.5925076453125 0.3451086953125 0.5856269109375 0.26358695625 0.5802752296875 0.2309782609375 0.574923546875 0.17663043437499998 0.5756880734375 0.14538043437499998 0.5680428140625 0.131793478125 0.5718654437499999 0.12364130468750001 0.5787461781250001 0.12364130468750001 0.61009174375 0.1304347828125 0.6185015296875 0.8369565218749999 0.6613149843749999 0.8913043484375001 0.6636085625
0 0.551630434375 0.59556575 0.7513586953125 0.608562690625 0.8586956515624999 0.61085626875 0.8600543484375001 0.5871559640624999 0.8559782609375001 0.5848623859375001 0.4144021734375 0.5657492359375 0.1684782609375 0.5519877671875 0.14809782656249998 0.555045871875 0.14809782656249998 0.5688073390625 0.1576086953125 0.5764526 0.47010869531250005 0.594036696875 0.551630434375 0.59556575
0 0.8532608703125 0.5848623859375001 0.85733695625 0.5802752296875 0.8600543484375001 0.555045871875 0.8464673906250001 0.5519877671875 0.39809782656250003 0.5321100921874999 0.3125 0.5321100921874999 0.1657608703125 0.52446483125 0.14266304375 0.5275229359375 0.14266304375 0.545871559375 0.1576086953125 0.5519877671875 0.8057065218749999 0.584097859375 0.8532608703125 0.5848623859375001
0 0.8410326093749999 0.7454128437499999 0.8491847828125 0.7400611625 0.854619565625 0.704128440625 0.8478260875 0.7003058109375 0.5271739125 0.6788990828125 0.497282609375 0.6796636078125 0.426630434375 0.6720183484375 0.2758152171875 0.6620795109375 0.15625 0.6574923546875 0.1576086953125 0.6934250765625001 0.17391304375 0.6987767578125 0.8125 0.74464831875 0.8410326093749999 0.7454128437499999
0 0.8451086953125 0.7010703359375 0.8532608703125 0.69724770625 0.85733695625 0.6720183484375 0.8532608703125 0.6620795109375 0.36548912968749997 0.6314984703125 0.1521739125 0.622324159375 0.1548913046875 0.6498470953125 0.1657608703125 0.655963303125 0.23233695625 0.65825688125 0.8451086953125 0.7010703359375