3 0.1290760875 0.7747196734374999 0.12228260937499999 0.8175331296874999 0.13586956562500002 0.8430173296874999 0.1372282609375 0.8715596328125 0.1467391296875 0.8878695203125 0.1684782609375 0.9072375125000001 0.19565217343750002 0.9143730890624999 0.3383152171875 0.9143730890624999 0.408967390625 0.9051987765625 0.440217390625 0.8888888890625 0.48233695625 0.826707440625 0.4959239125 0.7635066265625 0.551630434375 0.7155963296875 0.5625 0.6890927625 0.5747282609375 0.6768603468750001 0.57608695625 0.6320081546874999 0.5665760875 0.62283384375 0.54891304375 0.6248725796875 0.510869565625 0.650356778125 0.2649456515625 0.47400611562500006 0.3165760875 0.42915392499999994 0.3138586953125 0.41182466875 0.288043478125 0.40876656406249995 0.22826087031250003 0.416921509375 0.1657608703125 0.4362895 0.118206521875 0.4617737 0.073369565625 0.4974515796875 0.052989129687500004 0.5219164125 0.032608695312500005 0.5575942921875 0.020380434375 0.6034658515625 0.020380434375 0.6452599390625 0.03125 0.67991845 0.069293478125 0.7319062187500001 0.1290760875 0.7747196734374999
0 0.23641304375 0.5066258921875 0.2201086953125 0.534148828125 0.2201086953125 0.5616717640625 0.24592391249999998 0.5575942921875 0.24728260937500002 0.5015290515624999 0.23641304375 0.5066258921875
0 0.25 0.40876656406249995 0.24592391249999998 0.403669725 0.243206521875 0.2130479109375 0.24048912968749997 0.20998980625 0.22282608750000002 0.20998980625 0.180706521875 0.21610601406250002 0.184782609375 0.41488277343749996 0.1875 0.42099898125 0.2024456515625 0.4220183484375 0.25 0.40876656406249995
0 0.3125 0.53007135625 0.288043478125 0.5219164125 0.288043478125 0.5168195718749999 0.28125 0.5147808359375 0.278532609375 0.500509684375 0.278532609375 0.48419979687500003 0.2934782609375 0.4780835875 0.30434782656250003 0.45565749218749996 0.2866847828125 0.45463812499999995 0.2540760875 0.491335371875 0.252717390625 0.545361875 0.25951087031250003 0.5545361875 0.3125 0.534148828125 0.3125 0.53007135625
0 0.3125 0.4016309890625 0.3125 0.362385321875 0.319293478125 0.34148827656249997 0.3179347828125 0.20693170312500003 0.3138586953125 0.20387359843750003 0.28940217343749997 0.20387359843750003 0.2486413046875 0.2089704390625 0.2513586953125 0.4046890921875 0.2540760875 0.40774719687500005 0.3165760875 0.40876656406249995 0.3125 0.4016309890625
0 0.34375 0.500509684375 0.33016304375 0.5249745156250001 0.3274456515625 0.5412844031249999 0.33016304375 0.545361875 0.3695652171875 0.5545361875 0.38858695625 0.5657492359375 0.3913043484375 0.5779816515625 0.381793478125 0.592252803125 0.36548912968749997 0.5953109078125001 0.36141304375 0.6197757390625 0.3763586953125 0.63914373125 0.39673912968749997 0.642201834375 0.39673912968749997 0.197757390625 0.3804347828125 0.19469928593750002 0.32201087031250003 0.2028542296875 0.3247282609375 0.46381243593750004 0.33016304375 0.48012232343749994 0.341032609375 0.483180428125 0.34375 0.500509684375
0 0.471467390625 0.6656472984375 0.4769021734375 0.6472986749999999 0.4769021734375 0.19367991874999999 0.466032609375 0.188583078125 0.4008152171875 0.19367991874999999 0.4008152171875 0.6483180421875 0.40489130468749995 0.6707441390625 0.434782609375 0.672782875 0.471467390625 0.6656472984375
0 0.497282609375 0.6564729875 0.542119565625 0.625891946875 0.5611413046875 0.6197757390625 0.573369565625 0.6238532109375 0.58016304375 0.6411824671875 0.5788043484375 0.68093781875 0.5638586953125 0.68807339375 0.5611413046875 0.709480121875 0.5326086953125 0.7329255859375 0.5298913046875 0.7410805296875 0.5013586953125 0.7594291546874999 0.493206521875 0.7981651375000001 0.5230978265624999 0.8083588171875 0.5529891296875 0.8093781859375 0.5788043484375 0.794087665625 0.5842391296875 0.7828746171875001 0.5896739125 0.26095820625 0.6059782609375 0.24668705468750002 0.60733695625 0.2344546375 0.6195652171875 0.23241590156249997 0.622282609375 0.2283384296875 0.582880434375 0.196738021875 0.555706521875 0.1865443421875 0.493206521875 0.189602446875 0.479619565625 0.19367991874999999 0.48097826093749996 0.5147808359375 0.4741847828125 0.5637105 0.479619565625 0.6615698265625001 0.497282609375 0.6564729875
0 0.6508152171875 0.7706422015625 0.65625 0.24770642187499997 0.6440217390625 0.24362895 0.596467390625 0.248725790625 0.5923913046875 0.2803261984375 0.5855978265624999 0.7869520890625 0.6413043484375 0.795107034375 0.649456521875 0.7869520890625 0.6508152171875 0.7706422015625
0 0.7038043484375 0.8022426093749999 0.7105978265624999 0.6075433234375 0.716032609375 0.30275229375 0.716032609375 0.2456676859375 0.711956521875 0.23955147812500002 0.6752717390625 0.2415902140625 0.658967390625 0.24668705468750002 0.6521739125 0.5392456671875 0.6521739125 0.7828746171875001 0.658967390625 0.7981651375000001 0.6997282609375 0.8042813453125 0.7038043484375 0.8022426093749999
0 0.76766304375 0.8124362890624999 0.774456521875 0.8103975531250001 0.778532609375 0.795107034375 0.788043478125 0.2405708453125 0.7798913046875 0.23649337343750002 0.7241847828125 0.23955147812500002 0.71875 0.282364934375 0.70516304375 0.73088685 0.707880434375 0.795107034375 0.7146739125 0.80632008125 0.76766304375 0.8124362890624999
0 0.8451086953125 0.819571865625 0.8505434781250001 0.7196738015624999 0.8627717390624999 0.24770642187499997 0.8627717390624999 0.23955147812500002 0.8532608703125 0.230377165625 0.79483695625 0.23547400624999998 0.788043478125 0.4607543328125 0.7826086953125 0.811416921875 0.7907608703125 0.818552496875 0.8369565218749999 0.8256880734375001 0.8451086953125 0.819571865625
0 0.91983695625 0.8226299687499999 0.9211956515624999 0.6483180421875 0.9307065218749999 0.5688073390625 0.9388586953125 0.2334352703125 0.9320652171875 0.2252803265625 0.8777173906250001 0.2283384296875 0.8709239125 0.23547400624999998 0.8600543484375001 0.5514780828125 0.8491847828125 0.7043832828125 0.8451086953125 0.8175331296874999 0.8559782609375001 0.8287461781250001 0.9103260875 0.835881753125 0.91983695625 0.8226299687499999
0 0.9986413046875 0.8460754328125001 0.9986413046875 0.22018348593749998 0.9592391296875 0.222222221875 0.9442934781250001 0.2283384296875 0.9211956515624999 0.7461773703125 0.9211956515624999 0.836901121875 0.926630434375 0.8409785937500001 0.9836956515624999 0.8481141687499999 0.9986413046875 0.8460754328125001