0 0.01796875 0.1890625 0.03515625 0.2453125
0 0.05859375 0.1890625 0.04140625 0.24296875
0 0.1078125 0.19140625 0.05234375 0.2421875
0 0.15703125 0.1890625 0.04375 0.24140625
0 0.19609375 0.190625 0.03515625 0.240625
0 0.2375 0.190625 0.040625 0.2421875
0 0.28125 0.19140625 0.040625 0.2421875
0 0.31953125 0.19609375 0.0296875 0.234375
0 0.3515625 0.18984375 0.0328125 0.24765625
0 0.40390625 0.17734375 0.05703125 0.26875
0 0.4546875 0.178125 0.03984375 0.26796875
0 0.50390625 0.1796875 0.04765625 0.2703125
0 0.5515625 0.178125 0.03984375 0.2703125
0 0.60859375 0.17890625 0.0640625 0.26875
0 0.6671875 0.18203125 0.04609375 0.2640625
0 0.72265625 0.17890625 0.0546875 0.2703125
0 0.7765625 0.18046875 0.04765625 0.26328125
0 0.82265625 0.17734375 0.040625 0.26796875
0 0.86640625 0.18125 0.034375 0.2640625
0 0.90703125 0.19140625 0.03515625 0.23828125
0 0.94921875 0.1890625 0.040625 0.2484375
0 0.98671875 0.18984375 0.02578125 0.23984375
0 0.0375 0.55859375 0.0640625 0.228125
0 0.0890625 0.55078125 0.0453125 0.23828125
0 0.13984375 0.54140625 0.05859375 0.25703125
0 0.19296875 0.5375 0.04765625 0.26796875
0 0.246875 0.5421875 0.0546875 0.26015625
0 0.29765625 0.54375 0.0453125 0.25703125
0 0.340625 0.54375 0.034375 0.25625
0 0.378125 0.553125 0.034375 0.2375
0 0.41484375 0.55390625 0.03515625 0.240625
0 0.45703125 0.55390625 0.04609375 0.24296875
0 0.50390625 0.54453125 0.053125 0.2609375
0 0.5578125 0.53984375 0.04921875 0.26328125
0 0.61015625 0.53828125 0.05078125 0.265625
0 0.66015625 0.540625 0.04375 0.2625
0 0.709375 0.53828125 0.04921875 0.26796875
0 0.75625 0.53828125 0.0453125 0.26484375
0 0.803125 0.540625 0.040625 0.26015625
0 0.85 0.53671875 0.0421875 0.2640625
0 0.89375 0.53671875 0.0390625 0.26328125
0 0.93671875 0.5375 0.0390625 0.25859375
0 0.98125 0.53671875 0.0375 0.26015625
0 0.9975331484375 0.7553341390625 0.9636139375000001 0.7553341390625 0.9535923531250001 0.9988929140625 0.995991365625 0.9993961359375 0.9975331484375 0.7553341390625
0 0.9551341343749999 0.754327696875 0.9004008640625001 0.7553341390625 0.8903792781250001 0.9988929140625 0.9489670046875001 1 0.9551341343749999 0.754327696875
0 0.894233734375 0.7578502421875 0.861085415625 0.7563405796875 0.8564600671875 0.9988929140625 0.88575393125 0.9988929140625 0.894233734375 0.7578502421875
0 0.8572309593749999 0.750805153125 0.8209990749999999 0.750805153125 0.8163737281250001 0.9993961359375 0.8541473937499999 0.9993961359375 0.8572309593749999 0.750805153125
0 0.8148319453124999 0.7518115937500001 0.7693493671875 0.7518115937500001 0.7654949109375 0.9998993546875001 0.8117483812499999 0.9993961359375 0.8148319453124999 0.7518115937500001
0 0.766265803125 0.750805153125 0.71692876875 0.7513083734375 0.7130743140625 0.9988929140625 0.7639531296875 0.9993961359375 0.766265803125 0.750805153125
0 0.69140625 0.875 0.0375 0.25
0 0.62421875 0.89296875 0.0234375 0.2140625
0 0.65234375 0.87421875 0.028125 0.25078125
0 0.58671875 0.89921875 0.04609375 0.2015625
0 0.53984375 0.8890625 0.0421875 0.221875
0 0.496875 0.88984375 0.04375 0.2203125
0 0.4733271671875 0.780998390625 0.4247610234375 0.781501609375 0.4293863703125 0.9998993546875001 0.475639840625 0.9998993546875001 0.4733271671875 0.780998390625
0 0.4185938953125 0.780998390625 0.3877582484375 0.780998390625 0.39161270312499996 0.9998993546875001 0.4247610234375 0.9998993546875001 0.4185938953125 0.780998390625
0 0.380820228125 0.7749597421875001 0.334566759375 0.7749597421875001 0.339962996875 0.9993961359375 0.3877582484375 0.9998993546875001 0.380820228125 0.7749597421875001
0 0.2952513109375 0.9993961359375 0.3384212140625 0.9998993546875001 0.329170521875 0.7538244765625 0.2860006171875 0.7528180359375 0.2952513109375 0.9993961359375
0 0.2913968546875 1 0.28137526875 0.78200483125 0.24128893125 0.781501609375 0.2513105140625 1 0.2913968546875 1
0 0.21199506562499998 0.9998993546875001 0.24745605781250002 1 0.238205365625 0.78200483125 0.2004316984375 0.78200483125 0.21199506562499998 0.9998993546875001
0 0.1965772421875 0.783011271875 0.16265803125 0.7825080515625 0.173450509375 0.9998993546875001 0.208140609375 0.9998993546875001 0.1965772421875 0.783011271875
0 0.160345359375 0.7825080515625 0.124113475 0.78200483125 0.132593278125 0.9993961359375 0.17113783437500002 0.9998993546875001 0.160345359375 0.7825080515625
0 0.11794634531249999 0.7608695640625001 0.0832562453125 0.7613727859375 0.0925069375 0.9998993546875001 0.1310514953125 0.9998993546875001 0.11794634531249999 0.7608695640625001
0 0.078630896875 0.7568438000000001 0.0185013890625 0.755837359375 0.028522973437499998 0.9998993546875001 0.0894233734375 0.9998993546875001 0.078630896875 0.7568438000000001