0 0.26704134062499996 0.04378470625 0.26699057656249997 0.0839465359375 0.97262565625 0.1764906390625 0.982161209375 0.1483250609375 0.26704134062499996 0.04378470625
0 0.3698641875 0.0160711671875 0.3706903734375 0.0478241015625 0.9607061453125001 0.14305070312499998 0.9690497656250001 0.11555567343749999 0.3698641875 0.0160711671875
0 0.4410154125 0.0008814359375 0.3445310234375 0.0010065453125 0.34685135312500004 0.0097065078125 0.9738175890624999 0.11096852343750001 0.97977734375 0.0935326859375 0.4410154125 0.0008814359375
0 0.23404255312500002 0.24351297343749997 0.7234042546875 0.2754491015625 0.9007092203125 0.28443113750000004 0.9521276593750001 0.283433134375 0.9539007093749999 0.2544910171875 0.9468085109375 0.2504990015625 0.27836879375 0.1956087828125 0.2588652484375 0.1966067859375 0.2588652484375 0.22226974687499998 0.2429078015625 0.23552894218749998 0.24645389999999998 0.24051896250000002 0.23404255312500002 0.24351297343749997
0 0.26704134062499996 0.1461167734375 0.2646067109375 0.18661286562499999 0.959514121875 0.250320753125 0.9618980781250001 0.2161196796875 0.26704134062499996 0.1461167734375
0 0.26704134062499996 0.1033386140625 0.269374534375 0.140986184375 0.9607061453125001 0.20804713281249998 0.965473878125 0.1839052015625 0.26704134062499996 0.1033386140625
0 0.6843971625 0.34031936093750004 0.84397163125 0.34231536875 0.9308510640625001 0.34830339375 0.9592198578125 0.3443113765625 0.955673759375 0.294411178125 0.9503546093749999 0.288423153125 0.9326241140624999 0.28542914218750004 0.5549645390625 0.2674650703125 0.2765957453125 0.24750499062500003 0.24113475156250003 0.24750499062500003 0.2446808515625 0.3213572859375 0.25531914843750003 0.3253493015625 0.6843971625 0.34031936093750004
0 0.2551198515625 0.3306500109375 0.26103082031249997 0.37572473125 0.9678578328125 0.385783875 0.97143363125 0.354935846875 0.2551198515625 0.3306500109375
0 0.259590409375 0.3826548328125 0.25864695625 0.4354552375 0.96428194375 0.4300903671875 0.9630900109375 0.3932068453125 0.259590409375 0.3826548328125
0 0.965473878125 0.43347705156250005 0.24021798749999998 0.443047528125 0.24791937812499998 0.49450255624999995 0.97143363125 0.472372396875 0.965473878125 0.43347705156250005
0 0.950574984375 0.8606510937499999 0.9517670078125 0.823096959375 0.29088431875 0.9614181671875001 0.2961939265625 0.9981260375 0.3164570578125 1 0.950574984375 0.8606510937499999
0 0.9624944953125001 0.7934093812499999 0.29833525 0.9152848578125001 0.30572948125 0.952343821875 0.9648784499999999 0.8195631234375 0.9624944953125001 0.7934093812499999
0 0.9553428046875 0.764215765625 0.2938646921875 0.8775394234375 0.2985777921875 0.9070556062499999 0.9589186953125 0.7896989343749999 0.9553428046875 0.764215765625
0 0.9577267624999999 0.7279629375 0.287903946875 0.8339224765625 0.2890421484375 0.8694615656250001 0.960110628125 0.75881095 0.9577267624999999 0.7279629375
0 0.954150871875 0.697785509375 0.28194320156249997 0.7877891671875 0.2842744171875 0.8225188515624999 0.954150871875 0.7252804765625 0.954150871875 0.697785509375
0 0.960110628125 0.6609019890625001 0.287903946875 0.7307516203125 0.281890459375 0.779599834375 0.9553428046875 0.6924206140625 0.960110628125 0.6609019890625001
0 0.29088431875 0.6913286109375 0.28546635 0.7238824890625 0.960110628125 0.655480315625 0.9613025609375001 0.63536204375 0.29088431875 0.6913286109375
0 0.9589186953125 0.5836494375 0.2834333890625 0.6384850015625 0.28665828125 0.68893510625 0.9613025609375001 0.6272390531250001 0.9589186953125 0.5836494375
0 0.9553428046875 0.530671278125 0.284923575 0.5688656453125 0.28546635 0.6305921015625 0.9577267624999999 0.57426089375 0.9553428046875 0.530671278125
0 0.9535543671875001 0.482471484375 0.2700217125 0.5067953734375 0.2681825109375 0.562944621875 0.9499785671875 0.5267317 0.9535543671875001 0.482471484375
0 0.9553428046875 0.8648828734375 0.3996679109375 0.995808453125 0.5870299109375 0.9990047687500001 0.9636865171875 0.8984133468750001 0.9553428046875 0.8648828734375
0 0.6202154703125 0.999163603125 0.946999184375 0.992298675 0.9481911171874999 0.928590775 0.6202154703125 0.999163603125