0 0.009259259374999999 0.8747622937499999 0.009259259374999999 0.956261884375 0.47106481406249995 0.9915783765624999 0.47222222187499996 0.8992121718750001 0.009259259374999999 0.8747622937499999
0 0.0081018515625 0.7932627 0.0081018515625 0.8666123328124999 0.4699074078125 0.8856289046875 0.47222222187499996 0.812279271875 0.0081018515625 0.7932627
0 0.0231481484375 0.7362129859375 0.0231481484375 0.7769627828125001 0.446759259375 0.7986960078124999 0.446759259375 0.7660961687500001 0.0231481484375 0.7362129859375
0 0.0023148140625 0.638413475 0.0057870375 0.7362129859375 0.4606481484375 0.7606628625 0.46180555468750006 0.6601467000000001 0.0023148140625 0.638413475
0 0.46527777812500004 0.5378973109375 0.0208333328125 0.5134474328125 0.0196759265625 0.61668025 0.46296296249999996 0.61668025 0.46527777812500004 0.5378973109375
0 0.028935185937500003 0.41564792187500005 0.028935185937500003 0.4971475140625 0.4641203703125 0.5161640859375 0.46296296249999996 0.43466449375 0.028935185937500003 0.41564792187500005
0 0.0300925921875 0.3178484109375 0.03125 0.40206465468749997 0.4733796296875 0.431947840625 0.478009259375 0.34773159374999996 0.0300925921875 0.3178484109375
0 0.0196759265625 0.2472154296875 0.0208333328125 0.3124151046875 0.4733796296875 0.328715021875 0.47569444531249994 0.266232003125 0.0196759265625 0.2472154296875
0 0.0208333328125 0.1358326546875 0.0208333328125 0.239065471875 0.47106481406249995 0.260798696875 0.47569444531249994 0.17114914375 0.0208333328125 0.1358326546875
0 0 0.13039934687500002 0.48726851875 0.157565878125 0.4918981484375 0.046183103125 0 0.027166531249999997 0 0.13039934687500002
0 0.48032407343749994 0.6248302109375 0.478009259375 0.7389296375 0.9398148140625 0.7497962515625 0.9421296296874999 0.6465634328125 0.48032407343749994 0.6248302109375
0 0.4861111109375 0.5378973109375 0.48842592656250006 0.6221135546875 0.9768518515625001 0.6438467796875 0.978009259375 0.5677804937500001 0.4861111109375 0.5378973109375
0 0.4826388890625 0.4292311875 0.48032407343749994 0.5406139640625 0.9571759265625 0.5541972296875 0.9641203703125001 0.45639771875 0.4826388890625 0.4292311875
0 0.490740740625 0.34773159374999996 0.4895833328125 0.4237978796875 0.9733796296874999 0.4428144515625 0.9745370375 0.3640315140625 0.490740740625 0.34773159374999996
0 0.48032407343749994 0.2472154296875 0.47569444531249994 0.33414832968749997 0.9675925921875 0.34773159374999996 0.9699074078125 0.2526487359375 0.48032407343749994 0.2472154296875
0 0.4837962953125 0.1657158390625 0.4826388890625 0.23634881874999997 0.9733796296874999 0.23634881874999997 0.9768518515625001 0.17386579687499998 0.4837962953125 0.1657158390625
0 0.5011574078125001 0.0760662859375 0.5 0.152132571875 0.990740740625 0.152132571875 0.9918981484374999 0.08421624375 0.5011574078125001 0.0760662859375
0 0.478009259375 0.877478946875 0.47453703750000004 0.9698451515625001 0.9618055546875001 0.9970116828125001 0.9675925921875 0.9155120875 0.478009259375 0.877478946875
0 0.4837962953125 0.7715294765625 0.4826388890625 0.8693289875 0.9351851859375 0.893778865625 0.940972221875 0.801412659375 0.4837962953125 0.7715294765625