0 0.0040760875000000005 0 0.0149456515625 0.20998980625 0.01766304375 0.24260958281249997 0.0230978265625 0.248725790625 0.061141304687499995 0.24770642187499997 0.0502717390625 0 0.0040760875000000005 0
0 0.051630434375 0 0.06521739062500001 0.2497451578125 0.118206521875 0.24770642187499997 0.10733695624999999 0 0.051630434375 0
0 0.10869565156250001 0 0.11413043437499999 0.1753312953125 0.12228260937499999 0.248725790625 0.13858695625 0.248725790625 0.1304347828125 0 0.10869565156250001 0
0 0.1345108703125 0 0.1399456515625 0.2456676859375 0.14266304375 0.2497451578125 0.1684782609375 0.2497451578125 0.1725543484375 0.2375127421875 0.16440217343750002 0.0061162078125 0.1616847828125 0 0.1345108703125 0
0 0.20923912968749997 0.2497451578125 0.2133152171875 0.24260958281249997 0.2133152171875 0.012232415625 0.2024456515625 0.0040774718750000005 0.1711956515625 0.005096840625 0.17663043437499998 0.23547400624999998 0.17934782656249998 0.24770642187499997 0.1970108703125 0.2507645265625 0.20923912968749997 0.2497451578125
0 0.252717390625 0.0101936796875 0.24728260937500002 0.0061162078125 0.21875 0.0040774718750000005 0.2201086953125 0.248725790625 0.252717390625 0.2507645265625 0.256793478125 0.248725790625 0.252717390625 0.0101936796875
0 0.30298912968749997 0.24770642187499997 0.29891304375 0.01732925625 0.2934782609375 0.008154943750000001 0.26358695625 0.008154943750000001 0.26766304375 0.248725790625 0.270380434375 0.25178389375 0.29891304375 0.25178389375 0.30298912968749997 0.24770642187499997
0 0.332880434375 0.0152905203125 0.3288043484375 0.0091743125 0.3138586953125 0.0091743125 0.3111413046875 0.0152905203125 0.315217390625 0.248725790625 0.33016304375 0.25178389375 0.33559782656250003 0.23241590156249997 0.332880434375 0.0152905203125
0 0.38451087031250003 0.248725790625 0.385869565625 0.24362895 0.38315217343749997 0.020387359375 0.375 0.008154943750000001 0.336956521875 0.0101936796875 0.33559782656250003 0.24770642187499997 0.350543478125 0.25178389375 0.3763586953125 0.25178389375 0.38451087031250003 0.248725790625
0 0.426630434375 0.0407747203125 0.41847826093749996 0.011213048437500001 0.399456521875 0.0071355765625 0.385869565625 0.0091743125 0.38858695625 0.2497451578125 0.41983695625 0.25178389375 0.41983695625 0.08086986093750001 0.426630434375 0.0407747203125
0 0.7622282609375 0.062181446875000004 0.426630434375 0.062181446875000004 0.426630434375 0.09582059062500001 0.7595108703125 0.09683995937499999 0.7649456515625 0.0856269109375 0.7622282609375 0.062181446875000004
0 0.5953125 0.1109375 0.3390625 0.02890625
0 0.59296875 0.13984375 0.34140625 0.0234375
0 0.59375 0.1703125 0.33828125 0.03125
0 0.5921875 0.20390625 0.334375 0.025
0 0.5921875 0.23515625 0.33203125 0.0296875
0 0.770380434375 0.2507645265625 0.8152173906250001 0.2497451578125 0.82608695625 0.12640163124999998 0.8274456515624999 0.0183486234375 0.770380434375 0.016309887500000002 0.7700670640625 0.0287127078125 0.7705709890625 0.0374044953125 0.7705709890625 0.051764851562500006 0.76766304375 0.0642201828125 0.7595108703125 0.24770642187499997 0.770380434375 0.2507645265625
0 0.8980978265624999 0.01732925625 0.895380434375 0.0142711515625 0.8451086953125 0.013251784375 0.83016304375 0.0193679921875 0.8206521734375001 0.24770642187499997 0.8817934781250001 0.2497451578125 0.8899456515624999 0.24770642187499997 0.8980978265624999 0.01732925625
0 0.9673913046875 0.17838939843749999 0.9714673906250001 0.0152905203125 0.9157608703125 0.012232415625 0.9035326093749999 0.016309887500000002 0.8994565218749999 0.0265035671875 0.8913043484375001 0.24770642187499997 0.957880434375 0.248725790625 0.9633152171875 0.238532109375 0.9673913046875 0.17838939843749999
0 0.049974415625000004 0.4042529734375 0.067512053125 0.6417854234375 0.0955304453125 0.64318616875 0.08370044843749999 0.41019474687499996 0.049974415625000004 0.4042529734375
0 0.1263586953125 0.62283384375 0.11413043437499999 0.40774719687500005 0.082880434375 0.40774719687500005 0.09646739062500001 0.642201834375 0.100543478125 0.6452599390625 0.12364130468750001 0.6452599390625 0.1263586953125 0.62283384375
0 0.16440217343750002 0.6483180421875 0.16983695625 0.6452599390625 0.16983695625 0.6238532109375 0.1576086953125 0.406727828125 0.118206521875 0.4057084609375 0.11413043437499999 0.4108053 0.127717390625 0.643221203125 0.13315217343750002 0.6483180421875 0.16440217343750002 0.6483180421875
0 0.225543478125 0.6452599390625 0.21467391249999998 0.37716615625 0.20788043437499998 0.374108053125 0.1603260875 0.3751274203125 0.1711956515625 0.642201834375 0.17934782656249998 0.6493374109375 0.211956521875 0.6493374109375 0.225543478125 0.6452599390625
0 0.2663043484375 0.6493374109375 0.2866847828125 0.642201834375 0.2798913046875 0.419469928125 0.2784879328125 0.4074143640625 0.2768545109375 0.4003711109375 0.2764461625 0.394246546875 0.2756294375 0.3755666296875 0.21875 0.374108053125 0.21603260937500002 0.406727828125 0.2269021734375 0.6401630984375 0.2309782609375 0.6483180421875 0.2663043484375 0.6493374109375
0 0.332880434375 0.63914373125 0.33423912968749997 0.62283384375 0.32608695625 0.41488277343749996 0.3179347828125 0.4046890921875 0.28125 0.406727828125 0.288043478125 0.642201834375 0.29076087031250003 0.6452599390625 0.3125 0.6452599390625 0.332880434375 0.63914373125
0 0.35234375 0.52578125 0.03984375 0.23671875
0 0.61328125 0.53125 0.0265625 0.21875
0 0.6603260875 0.6381243624999999 0.6644021734375001 0.6106014265625 0.6576086953125 0.4974515796875 0.658967390625 0.4220183484375 0.631793478125 0.42099898125 0.6290760875 0.48012232343749994 0.6345108703125 0.6320081546874999 0.6399456515625 0.6381243624999999 0.6603260875 0.6381243624999999
0 0.7092391296875 0.6238532109375 0.7092391296875 0.4220183484375 0.6616847828125 0.4220183484375 0.6657608703125 0.635066259375 0.6684782609375 0.63914373125 0.7038043484375 0.63914373125 0.7092391296875 0.6238532109375
0 0.7486413046875 0.6411824671875 0.7595108703125 0.6381243624999999 0.7622282609375 0.4220183484375 0.75 0.4189602453125 0.721467390625 0.42099898125 0.716032609375 0.42915392499999994 0.716032609375 0.635066259375 0.721467390625 0.6401630984375 0.7486413046875 0.6411824671875
0 0.8097826093749999 0.6381243624999999 0.8111413046875 0.6065239546875001 0.8138586953125 0.4189602453125 0.7663043484375 0.42099898125 0.76358695625 0.5321100921874999 0.76358695625 0.63914373125 0.7717391296875 0.642201834375 0.8057065218749999 0.6411824671875 0.8097826093749999 0.6381243624999999
0 0.8355978265624999 0.6381243624999999 0.8423913046875 0.4617737 0.8396739125 0.4189602453125 0.8165760875 0.4220183484375 0.8125 0.5382263 0.8111413046875 0.6360856265625 0.8138586953125 0.6401630984375 0.82608695625 0.6411824671875 0.8355978265624999 0.6381243624999999
0 0.8831521734375001 0.4352701328125 0.8804347828125 0.4179408765625 0.84375 0.4199796125 0.8396739125 0.4760448515625 0.8342391296875 0.6381243624999999 0.8600543484375001 0.6411824671875 0.8709239125 0.6381243624999999 0.8831521734375001 0.4352701328125
0 0.9361413046875 0.4352701328125 0.9361413046875 0.4199796125 0.9320652171875 0.4179408765625 0.8845108703125 0.4199796125 0.8736413046875 0.5718654437499999 0.8722826093749999 0.6381243624999999 0.8804347828125 0.642201834375 0.91983695625 0.6411824671875 0.9361413046875 0.4352701328125
0 0.95108695625 0.6279306828125 0.9660326093749999 0.4189602453125 0.9361413046875 0.4199796125 0.9252717390624999 0.63914373125 0.9429347828125 0.642201834375 0.9497282609375001 0.6381243624999999 0.95108695625 0.6279306828125
0 0.12228260937499999 0.95718654375 0.12364130468750001 0.9429153921875001 0.11141304375000001 0.752293578125 0.11005434843749999 0.74821610625 0.09646739062500001 0.752293578125 0.0774456515625 0.752293578125 0.0720108703125 0.74821610625 0.06521739062500001 0.751274209375 0.0774456515625 0.9551478078125 0.0855978265625 0.9633027515625001 0.1127717390625 0.9633027515625001 0.12228260937499999 0.95718654375
0 0.1548913046875 0.751274209375 0.1508152171875 0.74821610625 0.11413043437499999 0.7492354734375 0.125 0.9592252796875 0.1290760875 0.9633027515625001 0.1616847828125 0.9622833843749999 0.1548913046875 0.751274209375
0 0.2024456515625 0.9582059125000001 0.194293478125 0.7461773703125 0.1779891296875 0.7471967375 0.1657608703125 0.73904179375 0.1576086953125 0.74821610625 0.1657608703125 0.9602446484374999 0.19565217343750002 0.9633027515625001 0.2024456515625 0.9582059125000001
0 0.2418478265625 0.9266055046874999 0.2336956515625 0.752293578125 0.22961956562500002 0.7492354734375 0.1970108703125 0.7492354734375 0.2038043484375 0.9622833843749999 0.23641304375 0.96636085625 0.2418478265625 0.9622833843749999 0.2418478265625 0.9266055046874999
0 0.25703125 0.859375 0.03984375 0.2140625
0 0.29765625 0.85625 0.0359375 0.22109375
0 0.340625 0.85859375 0.040625 0.2125
2 0.533967390625 0.80632008125 0.569293478125 0.7889908250000001 0.5747282609375 0.7787971453125 0.569293478125 0.7339449546875 0.51358695625 0.7206931703125 0.471467390625 0.73904179375 0.4741847828125 0.784913353125 0.48233695625 0.7961264015625 0.520380434375 0.80632008125 0.533967390625 0.80632008125
0 0.6738054671875 0.8293695734375 0.3646585046875 0.8225636625 0.365145384375 0.8453880515625001 0.6764755359375 0.85299681875 0.6738054671875 0.8293695734375
0 0.36666139062499997 0.8491109015625 0.3672814484375 0.8806286984374999 0.673271421875 0.8886379375000001 0.67540744375 0.8590037468749999 0.36666139062499997 0.8491109015625
0 0.6770095031250001 0.8910407031249999 0.37267004375 0.88617685625 0.37208758125 0.9174711828125 0.6780775140624999 0.9210753468749999 0.6770095031250001 0.8910407031249999
0 0.6791456078125 0.9270822765625001 0.37267004375 0.9272499406250001 0.3731555921875 0.958718775 0.679679571875 0.9623229390624999 0.6791456078125 0.9270822765625001
4 0.6956521734375001 0.9633027515625001 0.698369565625 0.986748215625 0.7105978265624999 0.99898063125 0.778532609375 0.99898063125 0.7853260875 0.9857288484375 0.778532609375 0.9612640156250001 0.8043478265624999 0.9510703359375 0.8220108703125 0.95005096875 0.8410326093749999 0.9347604484375 0.8423913046875 0.9255861359375 0.8315217390624999 0.904179409375 0.8247282609375001 0.8990825687499999 0.8002717390624999 0.8950050968750001 0.7894021734375001 0.8950050968750001 0.7798913046875 0.9001019375 0.76358695625 0.8980632015625 0.7581521734375001 0.870540265625 0.7269021734375001 0.8613659531250001 0.70516304375 0.8725790015625 0.70108695625 0.8837920484374999 0.7024456515625 0.9143730890624999 0.694293478125 0.919469928125 0.7024456515625 0.9378185531250001 0.6956521734375001 0.9633027515625001
0 0.7015625 0.80703125 0.03203125 0.1125
0 0.7546875 0.809375 0.03984375 0.109375
0 0.80390625 0.82578125 0.0453125 0.13984375
0 0.8515625 0.859375 0.02890625 0.2078125
0 0.91015625 0.86171875 0.05390625 0.20546875