0 0.586558959375 0.25531741874999997 0.251779390625 0.2414782578125 0.247395803125 0.3114993234375 0.58751703125 0.326821678125 0.586558959375 0.25531741874999997
0 0.2397162796875 0.184869978125 0.24277293906250003 0.2431863 0.6001604734375 0.224285621875 0.6029968390625 0.180814040625 0.2397162796875 0.184869978125
0 0.421875 0.1421875 0.37890625 0.0703125
0 0.6099242234375 0.19356590468749998 0.6124273046875001 0.247656215625 0.9784169531250001 0.2463793734375 0.9803331 0.1748750890625 0.6099242234375 0.19356590468749998
0 0.9784169531250001 0.3322933671875 0.586558959375 0.3527231890625 0.5846427390625 0.42295060781249993 0.9774588062499999 0.39996705 0.9784169531250001 0.3322933671875
0 0.9515904609374999 0.2642554140625 0.6578365765624999 0.275016903125 0.6555413375 0.3242679453125 0.9458418734375 0.3217142109375 0.9515904609374999 0.2642554140625
0 0.14876783124999998 0.565685175 0.1602098125 0.8610344 0.18895245 0.864865075 0.1793715703125 0.562248640625 0.14876783124999998 0.565685175
0 0.208114209375 0.5124510453125 0.1799108609375 0.5033991171875 0.2004494765625 0.8993402640625 0.229192115625 0.905724575 0.208114209375 0.5124510453125
0 0.267515634375 0.56863295 0.23021883124999998 0.5720734890625 0.25122816875 0.8789104421875 0.282845028125 0.8827410656250001 0.267515634375 0.56863295
0 0.278131184375 0.56887933125 0.2953002 0.868695553125 0.32979135312499996 0.875079865625 0.3144619609375 0.5699098421875 0.278131184375 0.56887933125
0 0.32364791875 0.5704764109375 0.33841415937499997 0.875079865625 0.3623663578125 0.8725261296875001 0.34607881875 0.576294153125 0.32364791875 0.5704764109375
0 0.340417240625 0.504996196875 0.3604501390625 0.8852947515625 0.38823470625 0.8916790609374999 0.3623663578125 0.5098973124999999 0.340417240625 0.504996196875
0 0.3787471234375 0.506593275 0.389192778125 0.9044477328125 0.42272585625000003 0.9108320421875 0.4045222453125 0.5073435765625 0.3787471234375 0.506593275
0 0.42067043281250005 0.500204959375 0.43326488281250003 0.905724575 0.4696721828125 0.90061710625 0.4629655953125 0.503513 0.42067043281250005 0.500204959375
0 0.5491935125 0.4498847796875 0.5033192390625 0.4538896859375 0.5099119203125 0.9338155031250001 0.553983953125 0.9236006640625 0.5491935125 0.4498847796875
0 0.5608140625 0.45229260781249997 0.5673971984375 0.9363692859375 0.6191338921875 0.9248775078125 0.6210501109375001 0.442223653125 0.5608140625 0.45229260781249997
0 0.6258405515625001 0.4779757328125 0.6267986234375 0.9121088859375 0.650750896875 0.9082782593750001 0.6651222156250001 0.4715914234375 0.6258405515625001 0.4779757328125
0 0.6949686484375001 0.44590429374999996 0.6804515359375001 0.92743119375 0.7321883734375 0.9287081328125 0.742727253125 0.4447773375 0.6949686484375001 0.44590429374999996
0 0.7476722375 0.441113059375 0.73027208125 0.9338155031250001 0.7848832125 0.9325386625000001 0.8078772656250001 0.435839340625 0.7476722375 0.441113059375
0 0.8433264906250001 0.46393026875 0.8099582968749999 0.46506923437500003 0.7887155046875 0.905724575 0.818416290625 0.9095552015624999 0.8433264906250001 0.46393026875
0 0.872244353125 0.4347247453125 0.8299133171875 0.9159395109374999 0.8873985953125001 0.9236006640625 0.9257221156250001 0.42945503125 0.872244353125 0.4347247453125
0 0.9345304109375 0.4283364328125 0.891230890625 0.9414767546875 0.9535066078125001 0.9491379078125 0.9994948593749999 0.42945503125 0.9345304109375 0.4283364328125