0 0.40888888906250004 0.0958333328125 0.4011111109375 0.1125 0.652222221875 0.0983333328125 0.65 0.08499999999999999 0.40888888906250004 0.0958333328125
0 0.6588888890625 0.1358333328125 0.6588888890625 0.1566666671875 0.9322222218749999 0.1158333328125 0.9322222218749999 0.0991666671875 0.6588888890625 0.1358333328125
0 0.6599999999999999 0.0858333328125 0.6588888890625 0.10333333281249998 0.9322222218749999 0.0941666671875 0.9311111109375 0.07416666718750001 0.6599999999999999 0.0858333328125
0 0.3933333328125 0.1616666671875 0.3933333328125 0.1816666671875 0.6333333328124999 0.16999999999999998 0.63444444375 0.1516666671875 0.3933333328125 0.1616666671875
0 0.34888888906250004 0.19055555468750002 0.32444444375 0.1894444453125 0.28148148281249996 0.3255555546875 0.3059259265625 0.32777777812500003 0.34888888906250004 0.19055555468750002
0 0.3814814828125 0.18444444531249998 0.35555555625 0.1833333328125 0.317777778125 0.315 0.3437037046875 0.317222221875 0.3814814828125 0.18444444531249998
0 0.41037037187500003 0.1916666671875 0.3866666671875 0.1911111109375 0.3459259265625 0.3238888890625 0.37259259375 0.3261111109375 0.41037037187500003 0.1916666671875
0 0.440740740625 0.19055555468750002 0.41259259375 0.19055555468750002 0.374814815625 0.3266666671875 0.40222222187499995 0.3266666671875 0.440740740625 0.19055555468750002
0 0.46740740625 0.19055555468750002 0.44148148281250005 0.1894444453125 0.40740740625000005 0.32277777812499997 0.4311111109375 0.3238888890625 0.46740740625 0.19055555468750002
0 0.43481481562499996 0.3211111109375 0.46666666718750005 0.322222221875 0.4962962953125 0.1888888890625 0.4718518515625 0.1888888890625 0.43481481562499996 0.3211111109375
0 0.525185184375 0.1855555546875 0.4985185171875 0.1861111109375 0.47037037187499997 0.3211111109375 0.49925925937500004 0.32277777812499997 0.525185184375 0.1855555546875
0 0.5555555562500001 0.185 0.529629628125 0.185 0.5037037046874999 0.32 0.5259259265625 0.3211111109375 0.5555555562500001 0.185
0 0.5866666671874999 0.1833333328125 0.5570370375 0.1838888890625 0.5311111109375 0.317222221875 0.560740740625 0.3188888890625 0.5866666671874999 0.1833333328125
0 0.6229629625 0.18 0.589629628125 0.18111111093750001 0.5629629625 0.317222221875 0.5985185171875 0.3166666671875 0.6229629625 0.18
0 0.6562962953125 0.18722222187499998 0.6259259265625 0.185 0.5985185171875 0.32777777812500003 0.6288888890625 0.32777777812500003 0.6562962953125 0.18722222187499998
0 0.68740740625 0.18111111093750001 0.6562962953125 0.18444444531249998 0.6318518515625 0.3244444453125 0.6688888890625 0.3255555546875 0.68740740625 0.18111111093750001
0 0.7214814828125 0.1866666671875 0.6940740734374999 0.1855555546875 0.6725925937499999 0.3305555546875 0.7007407406249999 0.33166666718750004 0.7214814828125 0.1866666671875
0 0.7533333328125 0.1855555546875 0.7259259265625 0.185 0.7088888890625 0.332222221875 0.739259259375 0.32999999999999996 0.7533333328125 0.1855555546875
0 0.7837037046875001 0.185 0.759259259375 0.185 0.7437037046875 0.3311111109375 0.769629628125 0.3305555546875 0.7837037046875001 0.185
0 0.7770370375 0.32999999999999996 0.8118518515625001 0.3294444453125 0.8177777781250001 0.177777778125 0.7859259265625 0.1805555546875 0.7770370375 0.32999999999999996
0 0.8548148156250001 0.1666666671875 0.8214814828125 0.1661111109375 0.814814815625 0.31277777812499996 0.8444444437499999 0.315 0.8548148156250001 0.1666666671875
0 0.8459259265625001 0.3116666671875 0.8859259265625001 0.31 0.8888888890625 0.1633333328125 0.8525925937500001 0.162777778125 0.8459259265625001 0.3116666671875
0 0.9162962953125 0.1566666671875 0.8940740734375 0.157777778125 0.890370371875 0.31444444531250004 0.9170370374999999 0.3155555546875 0.9162962953125 0.1566666671875
0 0.92444444375 0.3094444453125 0.9533333328125 0.3094444453125 0.9540740734375 0.15722222187499998 0.9207407406250001 0.157777778125 0.92444444375 0.3094444453125
0 0.269934640625 0.484313725 0.265359478125 0.50539215625 0.5006535953125 0.5093137249999999 0.501960784375 0.4916666671875 0.269934640625 0.484313725
0 0.27908496718750003 0.46176470625 0.2764705890625 0.48333333281249996 0.501960784375 0.486274509375 0.5052287578125 0.46519607812499997 0.27908496718750003 0.46176470625
0 0.2921568625 0.4421568640625 0.2875817 0.45784313593750003 0.5130718953125 0.46176470625 0.514379084375 0.445588234375 0.2921568625 0.4421568640625
0 0.5457516328125 0.42549019687499995 0.330718953125 0.425 0.3254901953125 0.44117647031249996 0.5437908484375 0.4431372546875 0.5457516328125 0.42549019687499995
0 0.513725490625 0.46225490156250004 0.5130718953125 0.48676470624999996 0.7803921578125 0.486274509375 0.7810457515625 0.459803921875 0.513725490625 0.46225490156250004
0 0.54444444375 0.4426470578125 0.54444444375 0.4588235296875 0.8045751640625 0.45735294218749994 0.8039215687500001 0.43823529375000003 0.54444444375 0.4426470578125
0 0.5496732015625 0.41960784375 0.550980390625 0.4372549015625 0.815686275 0.43480392187500005 0.8163398687500001 0.41715686406249997 0.5496732015625 0.41960784375
0 0.5039215687499999 0.488725490625 0.5006535953125 0.5093137249999999 0.7607843140624999 0.5171568640624999 0.761437909375 0.4916666671875 0.5039215687499999 0.488725490625
0 0.85686274375 0.501960784375 0.8130718953124999 0.5 0.7921568625 0.719686275 0.8405228749999999 0.7226274515625 0.85686274375 0.501960784375
0 0.746405228125 0.71870588125 0.78823529375 0.7216470578124999 0.8078431374999999 0.5023627453125 0.7745098046875001 0.5018725484375001 0.746405228125 0.71870588125
0 0.7647058828125 0.5195196078125 0.726143790625 0.5185392156249999 0.690196078125 0.726509803125 0.738562090625 0.7299411765625 0.7647058828125 0.5195196078125
0 0.6522875828125 0.7235686265625 0.6888888890625 0.7260196078125001 0.722222221875 0.5195196078125 0.68823529375 0.5180490203125 0.6522875828125 0.7235686265625
0 0.68366013125 0.5170686265625 0.64313725625 0.5170686265625 0.6045751640625 0.7216666671875 0.6477124171875001 0.72460784375 0.68366013125 0.5170686265625
0 0.5673202625 0.7123529421875 0.601960784375 0.7152941187499999 0.6379084984375 0.5151372546874999 0.609803921875 0.5141568640624999 0.5673202625 0.7123529421875
0 0.606535946875 0.5146470578125 0.5823529421875 0.5131764703125 0.534640521875 0.709813725 0.561437909375 0.709813725 0.606535946875 0.5146470578125
0 0.5803921578125 0.5122549015625 0.554901959375 0.5117647062499999 0.5032679734375 0.709313725 0.530718953125 0.71176470625 0.5803921578125 0.5122549015625
0 0.4542483671875 0.70392156875 0.49869281093750006 0.7068627453125 0.550980390625 0.51323529375 0.5091503265624999 0.5122549015625 0.4542483671875 0.70392156875
0 0.5045751640625 0.5117647062499999 0.47581699375 0.5093137249999999 0.415686275 0.7 0.445098040625 0.704411765625 0.5045751640625 0.5117647062499999
0 0.3967320265625 0.7034313734375 0.414379084375 0.70392156875 0.47385620937499995 0.5122549015625 0.454901959375 0.5117647062499999 0.3967320265625 0.7034313734375
0 0.45294117500000003 0.513725490625 0.42483660156249997 0.51323529375 0.36535947812499997 0.69607843125 0.3928104578125 0.69607843125 0.45294117500000003 0.513725490625
0 0.41633986875 0.51323529375 0.394117646875 0.5122549015625 0.3359477140625 0.69460784375 0.359477125 0.695588234375 0.41633986875 0.51323529375
0 0.389542484375 0.511274509375 0.36535947812499997 0.51029411875 0.306535946875 0.6975490203125 0.33202614375 0.699509803125 0.389542484375 0.511274509375
0 0.28039215781250004 0.6970588234374999 0.306535946875 0.6975490203125 0.3640522859375 0.509803921875 0.33660130625 0.5093137249999999 0.28039215781250004 0.6970588234374999
0 0.33660130625 0.51029411875 0.309803921875 0.509803921875 0.24771241718749998 0.6936274515624999 0.2705882359375 0.694117646875 0.33660130625 0.51029411875
0 0.286274509375 0.5078431359375 0.252941175 0.5068627453125 0.18758170000000002 0.6911764703125 0.222222221875 0.6926470578125 0.286274509375 0.5078431359375
0 0.2254901953125 0.694117646875 0.24771241718749998 0.695098040625 0.3091503265625 0.51029411875 0.28562091562499997 0.509803921875 0.2254901953125 0.694117646875