0 0.147121534375 0.0607142859375 0.106609809375 0.0607142859375 0.1034115140625 0.2742857140625 0.1460554359375 0.2742857140625 0.147121534375 0.0607142859375
0 0.19616204843750001 0.0578571421875 0.153518121875 0.0578571421875 0.1481876328125 0.2728571421875 0.189765459375 0.2742857140625 0.19616204843750001 0.0578571421875
0 0.23773987187499998 0.061428571875000004 0.197228146875 0.061428571875000004 0.191897653125 0.2757142859375 0.2324093828125 0.2742857140625 0.23773987187499998 0.061428571875000004
0 0.2846481875 0.0571428578125 0.2409381671875 0.058571428125000005 0.23454157968749997 0.2742857140625 0.27825160000000004 0.275 0.2846481875 0.0571428578125
0 0.33582089531250003 0.061428571875000004 0.286780384375 0.0607142859375 0.282515990625 0.2757142859375 0.32835820937500004 0.2757142859375 0.33582089531250003 0.061428571875000004
0 0.373134328125 0.0628571421875 0.33688699375 0.062142857812499994 0.3326226 0.275 0.3688699375 0.2757142859375 0.373134328125 0.0628571421875
0 0.4307036234375 0.0642857140625 0.37739871875 0.0628571421875 0.37100213125 0.2757142859375 0.42857142968749995 0.27642857187500003 0.4307036234375 0.0642857140625
0 0.46908315468749995 0.066428571875 0.43603411718749996 0.065 0.4307036234375 0.27714285781250003 0.4658848625 0.27714285781250003 0.46908315468749995 0.066428571875
0 0.47014925312500006 0.27642857187500003 0.5095948828125 0.27714285781250003 0.513859275 0.065 0.47334755 0.065 0.47014925312500006 0.27642857187500003
0 0.5682302781249999 0.0657142859375 0.5191897640625001 0.0657142859375 0.5095948828125 0.27642857187500003 0.55863539375 0.27642857187500003 0.5682302781249999 0.0657142859375
0 0.36862200624999997 0.386511628125 0.341548075 0.386511628125 0.34293648125 0.60093023125 0.367927803125 0.6 0.36862200624999997 0.386511628125
0 0.3828125 0.49296875 0.0265625 0.21328125
0 0.4171875 0.49453125 0.0203125 0.2109375
0 0.44609375 0.49296875 0.02265625 0.2125
0 0.32421875 0.50078125 0.03671875 0.19375
0 0.13953488281249998 0.3860465125 0.09996528906249999 0.3855813953125 0.10343630781249999 0.60093023125 0.1437001046875 0.6004651156249999 0.13953488281249998 0.3860465125
0 0.1707740359375 0.38465116250000003 0.1409232890625 0.3851162796875 0.1443943078125 0.6013953484375001 0.17493925625 0.599534884375 0.1707740359375 0.38465116250000003
0 0.20270739375 0.4041860453125 0.1714682390625 0.4037209296875 0.17702186875 0.5986046515625 0.2082610203125 0.5972093015625 0.20270739375 0.4041860453125
0 0.23464075 0.4027906984375 0.20548420625000002 0.4027906984375 0.2089552234375 0.5976744187499999 0.2381117671875 0.5967441859375 0.23464075 0.4027906984375
0 0.2672683109375 0.4037209296875 0.2367233609375 0.4037209296875 0.23950017343750002 0.5967441859375 0.270739325 0.5962790703125 0.2672683109375 0.4037209296875
0 0.30197848125000004 0.4046511625 0.2728219375 0.4046511625 0.27559875 0.5976744187499999 0.3068379046875 0.5962790703125 0.30197848125000004 0.4046511625
0 0.4998264484375 0.38697674375 0.46789309218749997 0.3855813953125 0.46233946562500006 0.6004651156249999 0.49635543281250005 0.6004651156249999 0.4998264484375 0.38697674375
0 0.528982990625 0.38976744218750004 0.50607428125 0.3893023265625 0.5005206531249999 0.601860465625 0.5213467546875 0.60093023125 0.528982990625 0.38976744218750004
0 0.55223880625 0.4045454546875 0.5318860234375 0.4045454546875 0.526458615625 0.60181818125 0.546811396875 0.599090909375 0.55223880625 0.4045454546875
0 0.595658075 0.3854545453125 0.5549525109375 0.3854545453125 0.55359565625 0.60181818125 0.5915875171875 0.60181818125 0.595658075 0.3854545453125
0 0.6227951171874999 0.41 0.5997286296875 0.410909090625 0.595658075 0.59818181875 0.6187245578125 0.597272728125 0.6227951171874999 0.41
0 0.6499321578125 0.409090909375 0.6227951171874999 0.40818181875 0.6200814125 0.597272728125 0.6458616 0.597272728125 0.6499321578125 0.409090909375
0 0.7014925375 0.41 0.6607869734375 0.407272728125 0.6540027140625 0.597272728125 0.696065128125 0.5954545453125 0.7014925375 0.41
0 0.7408412484375 0.407272728125 0.706919946875 0.407272728125 0.7001356859375 0.59818181875 0.732700134375 0.59818181875 0.7408412484375 0.407272728125
0 0.7747625515625 0.40636363593749997 0.7476255078125 0.40636363593749997 0.7354138390625 0.597272728125 0.7666214390625 0.599090909375 0.7747625515625 0.40636363593749997
0 0.8100407046875 0.407272728125 0.7761194031249999 0.40636363593749997 0.7679782890625 0.5945454546875 0.8046132984375 0.5945454546875 0.8100407046875 0.407272728125
0 0.85210311875 0.409090909375 0.8141112625 0.40636363593749997 0.8059701499999999 0.5954545453125 0.843962009375 0.5954545453125 0.85210311875 0.409090909375
0 0.9009497968750001 0.409090909375 0.8548168234375 0.40636363593749997 0.845318859375 0.5954545453125 0.8887381281250001 0.5936363640625 0.9009497968750001 0.409090909375
0 0.125 0.8171875 0.04453125 0.2109375
0 0.1671875 0.8171875 0.040625 0.209375
0 0.2078125 0.81484375 0.04296875 0.2125
0 0.24453125 0.8171875 0.0265625 0.21015625
0 0.28359375 0.8265625 0.0171875 0.16640625
0 0.3140625 0.8234375 0.02421875 0.1484375