0 0.09956355624999999 0.1513911609375 0.0354609921875 0.152755046875 0.08183306093750001 0.8306055640625001 0.144571740625 0.8265139109374999 0.09956355624999999 0.1513911609375
0 0.167757775 0.28505182812499996 0.11047463125000001 0.28641571250000003 0.1459356234375 0.8224222593749999 0.1936715765625 0.8210583734375 0.167757775 0.28505182812499996
0 0.23458810625 0.147299509375 0.167757775 0.147299509375 0.1936715765625 0.8196944890625 0.255046371875 0.81833060625 0.23458810625 0.147299509375
0 0.2536824875 0.8306055640625001 0.3300600109375 0.8251500265624999 0.3191489359375 0.2114020734375 0.235951990625 0.2127659578125 0.2536824875 0.8306055640625001
0 0.3996181109375 0.1718494265625 0.32187670625 0.1718494265625 0.3314238953125 0.8128750671875 0.39689034375 0.811511184375 0.3996181109375 0.1718494265625
0 0.4118930703125 0.8128750671875 0.4746317515625 0.8101473 0.475995634375 0.21549372656250002 0.4105291875 0.2086743046875 0.4118930703125 0.8128750671875
0 0.536006546875 0.2100381875 0.4869067109375 0.2100381875 0.47872340468749996 0.8074195296875001 0.525095471875 0.8074195296875001 0.536006546875 0.2100381875
0 0.5346426625 0.7937806875 0.568739771875 0.789689034375 0.5769230765625 0.2809601734375 0.54282596875 0.2809601734375 0.5346426625 0.7937806875
0 0.7337697765625 0.20049099843749998 0.632842334375 0.1909438078125 0.624659028125 0.78832515 0.7064920890625 0.7828696140625 0.7337697765625 0.20049099843749998
0 0.7610474625 0.1882160390625 0.7392253140625 0.1868521546875 0.7105837421875 0.76923076875 0.7324058921875001 0.76923076875 0.7610474625 0.1882160390625
0 0.7637752328125 0.78559738125 0.8060556468750001 0.781505728125 0.836061103125 0.21412984218750003 0.78832515 0.2100381875 0.7637752328125 0.78559738125
0 0.8769776328125 0.260501909375 0.8387888703125 0.2564102578125 0.8074195296875001 0.7787779593749999 0.841516640625 0.777414075 0.8769776328125 0.260501909375
0 0.8715220953125 0.786961265625 0.9056192031249999 0.7828696140625 0.946535734375 0.2100381875 0.90425531875 0.2100381875 0.8715220953125 0.786961265625
0 1 0.20458265 0.9492635015625 0.20049099843749998 0.9151663937500001 0.78014184375 0.960174578125 0.773322421875 1 0.20458265