0 0.86328125 0.26875 0.04453125 0.34375
0 0.8203125 0.26953125 0.040625 0.34296875
0 0.37734375 0.29921875 0.04140625 0.30703125
0 0.4125 0.30234375 0.03203125 0.3046875
0 0.4484375 0.3125 0.04453125 0.2828125
0 0.48984375 0.28515625 0.0328125 0.33203125
0 0.53203125 0.28515625 0.04609375 0.33125
0 0.575 0.28984375 0.03984375 0.3265625
0 0.12421875 0.31484375 0.0328125 0.265625
0 0.16171875 0.3265625 0.03515625 0.24140625
0 0.1890625 0.31953125 0.01875 0.26015625
0 0.20859375 0.32109375 0.0171875 0.265625
0 0.2296875 0.32109375 0.02109375 0.2609375
0 0.25546875 0.321875 0.0234375 0.2609375
0 0.28515625 0.3203125 0.028125 0.26015625
0 0.32109375 0.30546875 0.03828125 0.2921875
0 0.1143617015625 0.14657210468749998 0.1143617015625 0.178486996875 0.296099290625 0.1891252953125 0.298758865625 0.158392434375 0.1143617015625 0.14657210468749998
0 0.38359375 0.1328125 0.15 0.02734375
0 0.44921875 0.10546875 0.2625 0.01875
0 0.9546875 0.2625 0.0265625 0.37578125
0 0.984375 0.27265625 0.03125 0.3515625
0 0.95390625 0.71015625 0.0265625 0.375
0 0.9828125 0.71796875 0.03359375 0.365625
0 0.54765625 0.71953125 0.0640625 0.35546875
0 0.60703125 0.71953125 0.053125 0.35234375
0 0.665625 0.7171875 0.05546875 0.35546875
0 0.72421875 0.7171875 0.05859375 0.353125
0 0.77890625 0.71484375 0.053125 0.35546875
0 0.83359375 0.7125 0.05 0.36171875
0 0.87578125 0.7046875 0.034375 0.37109375
0 0.48828125 0.71640625 0.05703125 0.359375
0 0.4296875 0.71640625 0.059375 0.359375
0 0.37890625 0.7140625 0.03984375 0.359375
0 0.33046875 0.71484375 0.05078125 0.3546875
0 0.271875 0.7140625 0.059375 0.35703125
0 0.21328125 0.7125 0.05390625 0.35234375
0 0.15625 0.70859375 0.059375 0.35078125
0 0.115625 0.72265625 0.01953125 0.31796875
0 0.46875 0.52265625 0.2484375 0.0234375
0 0.48203125 0.49609375 0.2578125 0.0234375
0 0.50390625 0.98125 0.2796875 0.0375
0 0.50234375 0.94375 0.265625 0.034375
0 0.643617021875 0.1004728125 0.5992907796875 0.1004728125 0.59751773125 0.45153664375 0.6462765953125 0.44799054375 0.643617021875 0.1004728125
0 0.3040780140625 0.101654846875 0.1196808515625 0.0933806140625 0.11702127656250001 0.14302600468749999 0.295212765625 0.1477541375 0.3040780140625 0.101654846875
0 0.6675531921875 0.10401891249999999 0.6471631203125 0.1004728125 0.6507092203125 0.445626478125 0.671985815625 0.450354609375 0.6675531921875 0.10401891249999999
0 0.6152482265625 0.485815603125 0.6161347515625 0.514184396875 0.8962765953125 0.505910165625 0.8953900703125001 0.4810874703125 0.6152482265625 0.485815603125
0 0.1046099296875 0.4893617015625 0.1037234046875 0.52836879375 0.33865248281250004 0.53191489375 0.33865248281250004 0.49763593437500003 0.1046099296875 0.4893617015625
0 0.359042553125 0.9444444437499999 0.1320921984375 0.9314420796875 0.127659575 0.9858156031249999 0.359042553125 0.9964539 0.359042553125 0.9444444437499999
0 0.8971631203125 0.9527186765625 0.6507092203125 0.9609929078125001 0.6507092203125 0.9988179671875 0.8998226953125 0.9869976359375 0.8971631203125 0.9527186765625