0 0.0317028984375 0.0079284171875 0.0015096609375 0.0090610484375 0.0015096609375 0.45645033437500004 0.052838164062500005 0.455317703125 0.0317028984375 0.0079284171875
0 0.0845410625 0.0101936796875 0.037741546875 0.0067957875 0.0588768109375 0.45645033437500004 0.1041666671875 0.455317703125 0.0845410625 0.0101936796875
0 0.14039855 0.0101936796875 0.08907004843750001 0.0101936796875 0.1102053140625 0.454185071875 0.1600241546875 0.45305244062499994 0.14039855 0.0101936796875
0 0.206823671875 0.0169894671875 0.143417875 0.0135915734375 0.16757246406249998 0.45305244062499994 0.2264492765625 0.455317703125 0.206823671875 0.0169894671875
0 0.25513284999999997 0.0169894671875 0.2113526578125 0.014724203124999998 0.232487921875 0.455317703125 0.27475845312499997 0.454185071875 0.25513284999999997 0.0169894671875
0 0.30683876718750003 0.0186884125 0.2615489125 0.0169894671875 0.278532609375 0.4544682296875 0.3249547109375 0.4544682296875 0.30683876718750003 0.0186884125
0 0.36118659375 0.025484200000000002 0.321557971875 0.025484200000000002 0.33627717343749997 0.4544682296875 0.3725090578125 0.4544682296875 0.36118659375 0.025484200000000002
0 0.44723731874999995 0.021236832812500002 0.37477355 0.0195378875 0.3826992765625 0.455317703125 0.45629528906249994 0.455317703125 0.44723731874999995 0.021236832812500002
0 0.48799818906250003 0.0246347265625 0.45176630468749995 0.0246347265625 0.46875 0.426435609375 0.510643115625 0.4272850828125 0.48799818906250003 0.0246347265625
0 0.53102355 0.0008494734375 0.504981884375 0 0.526494565625 0.45361875625000003 0.5570652171875 0.45361875625000003 0.53102355 0.0008494734375
0 0.5876358703125 0.0314305125 0.537817028125 0.029731567187500002 0.56046195625 0.45361875625000003 0.6136775359375 0.4510703359375 0.5876358703125 0.0314305125
0 0.6623641296875 0.0339789328125 0.6000905796875 0.033129459374999996 0.6306612328125001 0.45701665 0.6974637671874999 0.455317703125 0.6623641296875 0.0339789328125
0 0.7212409421875 0.0373768265625 0.6657608703125 0.03482840625 0.6997282609375 0.455317703125 0.7506793484375 0.45616717656250005 0.7212409421875 0.0373768265625
0 0.788043478125 0.017838940625 0.7223731890625 0.017838940625 0.7574728265624999 0.45701665 0.8197463765625 0.45361875625000003 0.788043478125 0.017838940625
0 0.8208786234375 0.45276928281249995 0.901268115625 0.4510703359375 0.8695652171875 0.0161399921875 0.7914402171875 0.0169894671875 0.8208786234375 0.45276928281249995
0 0.9567481890625 0.0195378875 0.8718297109375 0.02208630625 0.9024003625000001 0.4544682296875 0.9759963765625 0.45276928281249995 0.9567481890625 0.0195378875
0 0.9997735499999999 0.5139313624999999 0.942028984375 0.512232415625 0.9159873187500001 0.9565069656249999 0.9839221015625 0.9565069656249999 0.9997735499999999 0.5139313624999999
0 0.8118206515624999 0.9734964328125001 0.9159873187500001 0.9700985390625 0.9386322453125 0.5130818890625 0.8242753625000001 0.5130818890625 0.8118206515624999 0.9734964328125001
0 0.8163496374999999 0.5258239890625 0.68727355 0.5241250421875 0.68953804375 0.965851171875 0.8050271734375001 0.9785932718750001 0.8163496374999999 0.5258239890625
0 0.6170742765624999 0.9590553859375 0.68727355 0.959904859375 0.6850090578125 0.5198776765625001 0.6080163046875 0.5207271484375 0.6170742765624999 0.9590553859375
0 0.5649909421875 0.5088345234375 0.4166666671875 0.5088345234375 0.42006340625 0.9921848453125 0.56272645 0.984539584375 0.5649909421875 0.5088345234375
0 0.37590579687500003 0.5496092421875 0.2943840578125 0.5496092421875 0.3011775359375 0.976894325 0.3826992765625 0.9743459046874999 0.37590579687500003 0.5496092421875
0 0.238903984375 0.9811416921875 0.292119565625 0.9794427453125 0.28872282656250003 0.5479102953125 0.23211050625000001 0.5479102953125 0.238903984375 0.9811416921875
0 0.2241847828125 0.5351681953125 0.114356884375 0.5351681953125 0.127943840625 0.9811416921875 0.2309782609375 0.9811416921875 0.2241847828125 0.5351681953125
0 0.071331521875 0.9887869515625001 0.1132246375 0.9887869515625001 0.10869565156250001 0.5113829421875 0.0543478265625 0.5096839953125001 0.071331521875 0.9887869515625001