0 0.9964094453125 0.8626275265625001 0.6267259187499999 0.9985664390625001 0.721580703125 1 0.9964094453125 0.898200246875 0.9964094453125 0.8626275265625001
0 1 0.8016458468750001 0.5186697140625001 0.9826758234374999 0.6045238125 1 1 0.855004828125 1 0.8016458468750001
0 0.486888478125 0.941360215625 0.5001906734375 0.987131946875 1 0.8016458468750001 0.9989541171875 0.7686140921875 0.486888478125 0.941360215625
0 1 0.7246698968749999 0.8182796296875001 0.7704061828125 0.4773541078125 0.884153990625 0.4900117875 0.9330243828125001 1 0.7602426171875 1 0.7246698968749999
0 0.993864771875 0.661736715625 0.44875099531249996 0.79198840625 0.45438598125 0.8497637796875 0.993864771875 0.7201775296874999 0.993864771875 0.661736715625
0 0.4392166234375 0.7411384296875 0.441662421875 0.769020246875 0.9989541171875 0.608943203125 0.9989541171875 0.573370484375 0.4392166234375 0.7411384296875
0 0.36277630312500003 0.7054179453125 0.355142090625 0.6825498515625 0.30891355625 0.7030009453125 0.316971415625 0.7740226140625001 0.9989541171875 0.5682090921875 1 0.49960461875 0.36277630312500003 0.7054179453125
0 0.993864771875 0.41373155468749995 0.36611978125 0.5949447421875 0.365320975 0.6957720546874999 0.9989541171875 0.5001222921874999 0.993864771875 0.41373155468749995
0 0.993864771875 0.266359040625 0.45510724218750004 0.455107303125 0.4594753265625 0.5611042625 0.9964094453125 0.352749778125 0.993864771875 0.266359040625
0 0.9913201 0.17234550937499998 0.4042572640625 0.3216261109375 0.42130465 0.4188133859375 0.993864771875 0.2612772109375 0.9913201 0.17234550937499998
0 1 0.12155925781250002 0.8310031875 0.1495091828125 0.33478441718749996 0.274013603125 0.34241853125 0.3426180765625 0.9989541171875 0.1622137109375 1 0.12155925781250002
0 0.6426944875 0.0885275015625 0.3754998609375 0.1571318796875 0.3449633015625 0.1393456171875 0.28666669218749996 0.15000743593750002 0.29152429999999996 0.23844088281250003 1 0.1139365609375 0.9964094453125 0.025004857812499996 0.6426944875 0.0885275015625
0 0.6369495625 0 0.34939716718749997 0.06871795 0.362120725 0.139863290625 0.9219573828125001 0.000113475 0.6369495625 0