0 0.9973958328125001 0.2021484375 0.9140625 0.197265625 0.8971354171874999 0.50390625 0.9778645828125001 0.505859375 0.9973958328125001 0.2021484375
0 0.9049479171874999 0.19880022343749998 0.8296130953124999 0.19391741093749998 0.8082217265624999 0.49874441875000003 0.8872767859374999 0.5022321437499999 0.9049479171874999 0.19880022343749998
0 0.7719494046875 0.19461495625 0.7496279765625 0.192522321875 0.7328869046875 0.498046875 0.757068453125 0.49874441875000003 0.7719494046875 0.19461495625
0 0.7579985125 0.498046875 0.7970610125 0.49944196406249997 0.8119419640625001 0.185546875 0.776599703125 0.183454240625 0.7579985125 0.498046875
0 0.6556919640625 0.49665178593750003 0.7319568453125 0.498046875 0.74032738125 0.20577566875 0.6677827375 0.205078125 0.6556919640625 0.49665178593750003
0 0.5543154765625 0.49176897343750003 0.643601190625 0.495954240625 0.6705729171875 0.1446533203125 0.5769856765625 0.13427734375 0.5543154765625 0.49176897343750003
0 0.56640625 0.17333984375 0.47119140625 0.167236328125 0.46006944531249994 0.49072265625 0.5457899296875001 0.4931640625 0.56640625 0.17333984375
0 0.46332465312500004 0.1676432296875 0.3938802078125 0.1668294265625 0.38628472187499996 0.4874674484375 0.44379340312500004 0.4890950515625 0.46332465312500004 0.1676432296875
0 0.3190104171875 0.4842122390625 0.3786892359375 0.48828125 0.38628472187499996 0.1554361984375 0.3298611109375 0.1521809890625 0.3190104171875 0.4842122390625
0 0.23763020781250002 0.48095703125 0.2745225703125 0.4842122390625 0.2799479171875 0.18310546875 0.248480903125 0.1822916671875 0.23763020781250002 0.48095703125
0 0.3211805546875 0.15625 0.2897135421875 0.1546223953125 0.2799479171875 0.4833984375 0.3103298609375 0.4850260421875 0.3211805546875 0.15625
0 0.2452256953125 0.1546223953125 0.0987413203125 0.1407877609375 0.078125 0.4768880203125 0.230034721875 0.4833984375 0.2452256953125 0.1546223953125
0 0.9993489578125001 0.6722005203125 0.9407552078125001 0.6689453125 0.913628471875 0.9342447921874999 0.961371528125 0.9375 0.9993489578125001 0.6722005203125
0 0.8713107640625 0.93505859375 0.9049479171874999 0.9375 0.9342447921874999 0.6266276046875 0.9006076390625 0.6282552078125 0.8713107640625 0.93505859375
0 0.9060329859375 0.5729166671875 0.873480903125 0.5729166671875 0.835503471875 0.9407552078125001 0.8669704859375 0.9423828125 0.9060329859375 0.5729166671875
0 0.8094618046875001 0.9407552078125001 0.8387586796875001 0.9415690109374999 0.8713107640625 0.5745442703125 0.8409288203124999 0.5753580734375 0.8094618046875001 0.9407552078125001
0 0.8289930546875001 0.654296875 0.757378471875 0.6502278640625 0.732421875 0.9383138015625001 0.8040364578125001 0.93994140625 0.8289930546875001 0.654296875
0 0.7560221359375 0.626220703125 0.6884765625 0.62255859375 0.6624348953125 0.9307861328125 0.7283528640625 0.9326171875 0.7560221359375 0.626220703125
0 0.6290690109375 0.936279296875 0.6632486984375 0.9368896484375 0.68115234375 0.625 0.64697265625 0.6243896484375 0.6290690109375 0.936279296875
0 0.6412760421875 0.65185546875 0.56640625 0.6488037109375 0.5517578125 0.9368896484375 0.62255859375 0.9393310546875 0.6412760421875 0.65185546875
0 0.4557291671875 0.93994140625 0.5403645828125 0.93994140625 0.5647786453125 0.6231689453125 0.4720052078125 0.6195068359375 0.4557291671875 0.93994140625
0 0.4671223953125 0.6201171875 0.3776041671875 0.6195068359375 0.3597005203125 0.941162109375 0.44677734375 0.9393310546875 0.4671223953125 0.6201171875
0 0.2970377609375 0.947265625 0.3515625 0.948486328125 0.37353515625 0.6201171875 0.3173828125 0.6182861328125 0.2970377609375 0.947265625
0 0.30970982187499996 0.6159319187500001 0.22786458281250002 0.6138392859375 0.21298363125000003 0.94308035625 0.2892485109375 0.9423828125 0.30970982187499996 0.6159319187500001
0 0.14136904687500002 0.93819754375 0.20833333281250002 0.93819754375 0.2241443453125 0.6131417406249999 0.155319940625 0.6110491062500001 0.14136904687500002 0.93819754375
0 0.1184895828125 0.55078125 0.0859375 0.55078125 0.06770833281250001 0.9365234375 0.09505208281250001 0.9365234375 0.1184895828125 0.55078125
0 0.10137648749999999 0.9402901781249999 0.137648809375 0.9388950890625001 0.1510416671875 0.5849609375 0.1171875 0.5859375 0.10137648749999999 0.9402901781249999