0 0.14483129374999998 0.654339359375 0.121297221875 0.39761181562500003 0.076295465625 0.39735540468749997 0.1107474453125 0.7030080890625 0.1456428015625 0.7017913890624999 0.14483129374999998 0.654339359375
0 0.126009278125 0.39659447812500004 0.1480773234375 0.645213971875 0.1983915578125 0.5953285203124999 0.1837841859375 0.40004524999999996 0.126009278125 0.39659447812500004
0 0.60234375 0.31796875 0.43359375 0.04453125
0 0.8191489359374999 0.3736702125 0.8173758859375001 0.34042553125 0.39184397187500003 0.3390957453125 0.390070921875 0.3736702125 0.3953900703125 0.37765957499999997 0.8156028375 0.3789893609375 0.8191489359374999 0.3736702125
0 0.8173758859375001 0.40957446875 0.8156028375 0.38031914843750003 0.39184397187500003 0.38031914843750003 0.390070921875 0.41489361718750006 0.3953900703125 0.421542553125 0.8120567375000001 0.424202128125 0.8173758859375001 0.40957446875
0 0.8120567375000001 0.513297871875 0.8120567375000001 0.46675531875000004 0.39361702187500003 0.46143617031249995 0.390070921875 0.46808510625000005 0.388297871875 0.5093085109375 0.39361702187500003 0.515957446875 0.8067375890624999 0.5212765953125 0.8120567375000001 0.513297871875
0 0.8156028375 0.4335106390625 0.8120567375000001 0.4281914890625 0.7907801421875 0.4268617015625 0.39361702187500003 0.425531915625 0.39184397187500003 0.45877659531250004 0.3971631203125 0.46010638281249994 0.8102836874999999 0.46276595781249996 0.8156028375 0.4335106390625
0 0.8102836874999999 0.5864361703125 0.8085106390625001 0.5611702125 0.4734042546875 0.5531914890625 0.390070921875 0.5571808515625001 0.390070921875 0.5890957453125 0.40780141875 0.59175531875 0.8049645390625001 0.5984042546875 0.8102836874999999 0.5864361703125
0 0.8102836874999999 0.5252659578125 0.390070921875 0.5212765953125 0.39184397187500003 0.5505319156249999 0.797872340625 0.5585106390625 0.8120567375000001 0.5518617015625 0.8102836874999999 0.5252659578125
0 0.8067375890624999 0.639627659375 0.797872340625 0.6369680843750001 0.59751773125 0.6356382984375 0.37234042500000003 0.6196808515625001 0.37765957499999997 0.6662234046875 0.797872340625 0.6755319156249999 0.8067375890624999 0.6648936171875001 0.8067375890624999 0.639627659375
0 0.5886524828125 0.6316489359374999 0.609929078125 0.6356382984375 0.8049645390625001 0.6343085109375 0.8067375890624999 0.6037234046875 0.7925531921875 0.5984042546875 0.3865248234375 0.59441489375 0.3847517734375 0.6236702125 0.390070921875 0.6263297875 0.5567375890624999 0.6356382984375 0.5886524828125 0.6316489359374999
0 0.8031914890625 0.6768617015625 0.37765957499999997 0.6675531921875 0.3687943265625 0.690159575 0.3705673765625 0.704787234375 0.7925531921875 0.7114361703125 0.8014184390624999 0.7087765953125 0.8031914890625 0.6768617015625