0 0 0.8442077234375001 0.03191489375 0.842876165625 0.0354609921875 0.8255659124999999 0.039007092187499995 0.575233021875 0.02836879375 0.5712383484375 0 0.5712383484375 0 0.8442077234375001
0 0.08333333281250001 0.8255659124999999 0.0886524828125 0.6231691078125 0.0886524828125 0.5818908125 0.07801418437499999 0.5739014640625 0.0425531921875 0.5739014640625 0.039007092187499995 0.6178428765625 0.0354609921875 0.8415446078125 0.074468084375 0.842876165625 0.081560284375 0.84021305 0.08333333281250001 0.8255659124999999
0 0.125886525 0.5832223703125 0.09751773124999999 0.5818908125 0.09042553125 0.5885486015625 0.0868794328125 0.6777629828125 0.0851063828125 0.836218375 0.11347517656249999 0.8415446078125 0.122340425 0.7696404796875 0.125886525 0.5832223703125
0 0.19326241093750002 0.5778961390624999 0.1808510640625 0.57256990625 0.140070921875 0.5739014640625 0.1312056734375 0.5778961390624999 0.127659575 0.5912117171875 0.12056737656250001 0.8415446078125 0.17553191562499998 0.8442077234375001 0.1826241140625 0.8255659124999999 0.19326241093750002 0.5778961390624999
0 0.22695035468750002 0.6071904124999999 0.22695035468750002 0.5805592546875 0.21985815625 0.57656458125 0.19326241093750002 0.5792276968750001 0.1843971625 0.7416777625 0.1808510640625 0.836218375 0.1843971625 0.842876165625 0.2127659578125 0.842876165625 0.22695035468750002 0.6071904124999999
0 0.237588653125 0.575233021875 0.22872340468750002 0.5818908125 0.21985815625 0.7549933421875 0.21808510625 0.8415446078125 0.2606382984375 0.842876165625 0.2765957453125 0.575233021875 0.237588653125 0.575233021875
0 0.28191489375 0.5792276968750001 0.28014184375 0.584553928125 0.267730496875 0.7709720375 0.265957446875 0.838881490625 0.294326240625 0.8415446078125 0.3138297875 0.5792276968750001 0.28191489375 0.5792276968750001
0 0.3303713765625 0.773282825 0.344045746875 0.5876634671875001 0.3258133390625 0.583386525 0.3018832109375 0.8323046265625 0.31555758125 0.841713921875 0.318976109375 0.8100645328124999 0.326952846875 0.8015106453125 0.3303713765625 0.773282825
0 0.571875 0.8359375 0.5046875 0.04921875
0 0.8209219859375001 0.8055925437499999 0.8209219859375001 0.7842876171875 0.8102836874999999 0.7736351531250001 0.34751773125 0.768308921875 0.329787234375 0.7842876171875 0.328014184375 0.8082556593750001 0.34397163124999997 0.8095872171874999 0.797872340625 0.8095872171874999 0.8209219859375001 0.8055925437499999
0 0.6134751765625001 0.7629826890625 0.608156028125 0.47270306250000005 0.5620567375000001 0.47270306250000005 0.5567375890624999 0.4766977359375 0.5514184390625 0.5166444734375 0.5549645390625 0.7629826890625 0.5638297875 0.7709720375 0.6046099296875 0.7723035953124999 0.6134751765625001 0.7629826890625
0 0.6613475171875 0.7616511312500001 0.65780141875 0.5006657796875 0.65425531875 0.47003994687499995 0.6134751765625001 0.47137150468750005 0.6134751765625001 0.73635153125 0.6152482265625 0.7629826890625 0.6312056734375 0.768308921875 0.6613475171875 0.7616511312500001
0 0.7269503546875 0.4687083890625 0.6613475171875 0.4687083890625 0.6613475171875 0.758988015625 0.6666666671875 0.768308921875 0.7269503546875 0.7696404796875 0.7269503546875 0.4687083890625
0 0.78014184375 0.4740346203125 0.7748226953125 0.4660452734375 0.730496453125 0.4660452734375 0.732269503125 0.7669773640625 0.767730496875 0.7696404796875 0.78014184375 0.76564580625 0.78014184375 0.4740346203125
0 0.78191489375 0.7696404796875 0.8102836874999999 0.7723035953124999 0.8120567375000001 0.44340878906250003 0.8085106390625001 0.43941411406249997 0.7836879437500001 0.44074567187499997 0.7588652484375 0.455392809375 0.7553191484374999 0.46205059843749996 0.764184396875 0.46205059843749996 0.78014184375 0.4740346203125 0.78191489375 0.7696404796875