0 0.0602836875 0.15780141875 0.0035461 0.1507092203125 0 0.262411346875 0.047872340624999996 0.7535461 0.109929078125 0.7730496453125 0.0602836875 0.15780141875
0 0.170212765625 0.7907801421875 0.17907801406249998 0.7854609921875 0.17907801406249998 0.764184396875 0.1507092203125 0.425531915625 0.1365248234375 0.328014184375 0.127659575 0.1613475171875 0.108156028125 0.15425531875 0.0656028375 0.15425531875 0.0638297875 0.1950354609375 0.11347517656249999 0.769503546875 0.127659575 0.78014184375 0.170212765625 0.7907801421875
0 0.237588653125 0.8067375890624999 0.22163120625000002 0.517730496875 0.203900709375 0.3156028375 0.19858156093749998 0.3138297875 0.1950354609375 0.17553191562499998 0.1914893609375 0.1648936171875 0.1347517734375 0.1613475171875 0.1329787234375 0.200354609375 0.1826241140625 0.7854609921875 0.1897163125 0.796099290625 0.237588653125 0.8067375890624999
0 0.3085106390625 0.78014184375 0.264184396875 0.17730496406250001 0.262411346875 0.17198581562499998 0.200354609375 0.16843971562499999 0.2429078015625 0.796099290625 0.25177305 0.8138297874999999 0.30673758906250004 0.8226950359374999 0.3085106390625 0.78014184375
0 0.35815602812499997 0.84042553125 0.3652482265625 0.78191489375 0.329787234375 0.31205673749999996 0.328014184375 0.17730496406250001 0.269503546875 0.170212765625 0.265957446875 0.20921985781250002 0.3102836875 0.8226950359374999 0.329787234375 0.8351063828124999 0.35815602812499997 0.84042553125
0 0.4432624109375 0.84042553125 0.4166666671875 0.39184397187500003 0.41312056718749995 0.1826241140625 0.40957446875 0.17553191562499998 0.33156028437499996 0.17198581562499998 0.3705673765625 0.84042553125 0.37588652499999997 0.84751773125 0.4379432625 0.861702128125 0.4432624109375 0.84042553125
0 0.4893617015625 0.1950354609375 0.48226950312500005 0.1843971625 0.41489361718750006 0.1808510640625 0.4450354609375 0.856382978125 0.45567375937500004 0.8705673765625 0.512411346875 0.8812056734375 0.4893617015625 0.1950354609375
0 0.608156028125 0.9007092203125 0.6134751765625001 0.8829787234375001 0.59042553125 0.1950354609375 0.49822695 0.1914893609375 0.5212765953125 0.8705673765625 0.52836879375 0.890070921875 0.59751773125 0.90602836875 0.608156028125 0.9007092203125
0 0.6968085109375 0.918439715625 0.6968085109375 0.856382978125 0.6826241140625 0.48049645312499994 0.6808510640625001 0.2606382984375 0.6861702125 0.200354609375 0.6843971625 0.1950354609375 0.59574468125 0.1914893609375 0.6170212765625 0.8989361703125001 0.6453900703125 0.9148936171875001 0.6897163125 0.921985815625 0.6968085109375 0.918439715625
0 0.8031914890625 0.9414893609374999 0.8031914890625 0.20212765937500002 0.6914893609375 0.19858156093749998 0.7003546093749999 0.9255319156249999 0.7092198578125 0.9343971625 0.794326240625 0.9521276593750001 0.8031914890625 0.9414893609374999
0 0.8971631203125 0.9609929078125001 0.8989361703125001 0.3670212765625 0.9078014187500001 0.20744680781249997 0.8102836874999999 0.20212765937500002 0.8049645390625001 0.4609929078125 0.8049645390625001 0.9468085109375 0.8244680843750001 0.9609929078125001 0.8812056734375 0.9734042546874999 0.8971631203125 0.9609929078125001
0 0.9822695031249999 0.9361702125000001 0.9893617015625 0.9148936171875001 0.9822695031249999 0.8953900703125001 0.9893617015625 0.84042553125 0.9822695031249999 0.6932624109375001 0.987588653125 0.668439715625 0.9946808515625 0.3173758859375 0.9911347515625 0.235815603125 0.980496453125 0.2127659578125 0.9166666671874999 0.205673759375 0.90957446875 0.21808510625 0.90248226875 0.6028368796875 0.9007092203125 0.980496453125 0.97163120625 0.99822695 0.9858156031249999 0.9893617015625 0.9822695031249999 0.9361702125000001