0 0.93046875 0.12734375 0.06171875 0.21015625
0 0.86796875 0.1296875 0.0609375 0.21015625
0 0.8046875 0.12890625 0.06328125 0.209375
0 0.740625 0.128125 0.05859375 0.2078125
0 0.678125 0.12890625 0.06171875 0.209375
0 0.615625 0.128125 0.0546875 0.21015625
0 0.55546875 0.128125 0.06328125 0.21328125
0 0.4109375 0.1421875 0.03671875 0.20078125
0 0.44296875 0.14140625 0.0265625 0.2015625
0 0.49765625 0.12890625 0.0484375 0.2109375
0 0.9390625 0.38828125 0.07421875 0.2609375
0 0.85390625 0.3875 0.0828125 0.26328125
0 0.76953125 0.3890625 0.0828125 0.2625
0 0.68203125 0.38828125 0.0828125 0.26328125
0 0.596875 0.38828125 0.0828125 0.2625
0 0.51484375 0.390625 0.0546875 0.2546875
0 0.46015625 0.38984375 0.046875 0.2578125
0 0.4109375 0.38984375 0.04921875 0.25703125
0 0.34921875 0.38984375 0.071875 0.25546875
0 0.278125 0.3890625 0.065625 0.253125
0 0.2171875 0.3890625 0.05 0.25546875
0 0.1625 0.38984375 0.05 0.25625
0 0.10703125 0.38984375 0.05703125 0.25703125
0 0.05234375 0.38671875 0.04453125 0.25703125
0 0.97109375 0.62109375 0.015625 0.16328125
0 0.94453125 0.61953125 0.034375 0.16953125
0 0.90859375 0.61953125 0.0359375 0.1703125
0 0.86875 0.6203125 0.04140625 0.16953125
0 0.8375 0.61875 0.01875 0.16953125
0 0.6205673765624999 0.53776095 0.5585106390625 0.537249284375 0.5642097265625 0.7035407296875 0.6193009109375 0.70405239375 0.6205673765624999 0.53776095
0 0.53671875 0.6203125 0.04140625 0.165625
0 0.50234375 0.61953125 0.02421875 0.16875
0 0.475 0.6203125 0.02890625 0.16796875
0 0.4375 0.6203125 0.040625 0.16796875
0 0.3953125 0.6203125 0.04140625 0.16875
0 0.35703125 0.62109375 0.03203125 0.16796875
0 0.325 0.62109375 0.02890625 0.1671875
0 0.22421875 0.6203125 0.025 0.1671875
0 0.24921875 0.6203125 0.0234375 0.16796875
0 0.27109375 0.6203125 0.0171875 0.16796875
0 0.2953125 0.62109375 0.0265625 0.16796875
0 0.1875 0.61796875 0.02421875 0.1703125
0 0.16171875 0.61796875 0.021875 0.17265625
0 0.1390625 0.61796875 0.025 0.17109375
0 0.11640625 0.61796875 0.02421875 0.17109375
0 0.0515625 0.61796875 0.0203125 0.1703125
0 0.07109375 0.61796875 0.0171875 0.17109375
0 0.09296875 0.6171875 0.02421875 0.17109375
0 0.21796875 0.86328125 0.04296875 0.26796875
0 0.171875 0.8625 0.040625 0.26796875
0 0.1296875 0.8625 0.03984375 0.265625
0 0.09140625 0.8625 0.0359375 0.26640625
0 0.05 0.86171875 0.0453125 0.26640625
0 0.28515625 0.86796875 0.06484375 0.2640625
0 0.359375 0.86640625 0.0671875 0.2609375
0 0.75234375 0.87109375 0.07890625 0.25234375
0 0.6640625 0.88046875 0.08984375 0.23125
0 0.5796875 0.88203125 0.07421875 0.23125
0 0.503125 0.88203125 0.075 0.23046875
0 0.46508456093749995 0.76702666875 0.3975722859375 0.7675776953125 0.40370976562500005 0.9973550796874999 0.46713038593749995 0.99680405625 0.46508456093749995 0.76702666875
0 0.9515625 0.8671875 0.05625 0.2546875
0 0.890625 0.86796875 0.05859375 0.253125
0 0.82578125 0.86796875 0.0609375 0.25703125