0 0 0.1826241125 0.000591015625 0.20966312031249998 0.15248226874999998 0.2065602828125 0.155437353125 0.17819148906249999 0 0.1826241125
0 0.15189125312500001 0.1183510640625 0.002364065625 0.125 0.00177305 0.1498226953125 0.15189125312500001 0.14317375937500001 0.15189125312500001 0.1183510640625
0 0 0.1538120578125 0.001182034375 0.1804078015625 0.15248226874999998 0.17553191562499998 0.15248226874999998 0.1476063828125 0 0.1538120578125
0 0.075 0.225 0.15 0.025
0 0.1804711234375 0 0.14944275468749998 0.001424771875 0.15957446875 0.238411853125 0.18553698125 0.23793692968750002 0.1804711234375 0
0 0.18743667656250002 0.23746200625 0.220364740625 0.2365121578125 0.21213272500000002 0 0.1836372859375 0.0009498484375 0.18743667656250002 0.23746200625
0 0.3703125 0.11640625 0.03984375 0.23203125
0 0.32890625 0.1171875 0.04140625 0.23359375
0 0.2921875 0.11796875 0.03203125 0.2359375
0 0.24316109375 0 0.24569402343750002 0.236037234375 0.276089159375 0.236037234375 0.2754559265625 0 0.24316109375 0
0 0.218465046875 0.23556230937499997 0.2469604859375 0.23556230937499997 0.23872847031250002 0.0009498484375 0.214032421875 0.0009498484375 0.218465046875 0.23556230937499997
0 0.40390625 0.11484375 0.028125 0.2296875
0 0.4359375 0.115625 0.03203125 0.23046875
0 0.47265625 0.1140625 0.03828125 0.22734375
0 0.50859375 0.11328125 0.03125 0.22578125
0 0.5453125 0.1140625 0.03359375 0.2265625
0 0.6053698062499999 0.0009498484375 0.5699088140625 0 0.5648429593750001 0.2260638296875 0.601570415625 0.22463905781250001 0.6053698062499999 0.0009498484375
0 0.6085359687499999 0 0.6009371828125001 0.2232142859375 0.636398175 0.22083966562500001 0.6458966562499999 0 0.6085359687499999 0
0 0.7155521796875 0.0004749234375 0.6490628171874999 0.0004749234375 0.6414640312500001 0.22083966562500001 0.7073201609375 0.2179901203125 0.7155521796875 0.0004749234375
0 0.7560790265625 0.0004749234375 0.7174518734374999 0.0009498484375 0.7111195546875 0.2179901203125 0.751013171875 0.21609042500000003 0.7560790265625 0.0004749234375
0 0.76051165 0 0.75417933125 0.21609042500000003 0.8073708203125 0.21324088125000001 0.813069909375 0 0.76051165 0
0 0.870060790625 0.0004749234375 0.81623606875 0 0.8086372859375001 0.21371580625000003 0.8643617015625 0.2099164140625 0.870060790625 0.0004749234375
0 0.9194528890625 0.0009498484375 0.8719604859375 0.0004749234375 0.8656281671875 0.2099164140625 0.911854103125 0.20754179375 0.9194528890625 0.0009498484375
0 0.9181864234375 0 0.9131205671875 0.20706687031249998 0.9587132734375 0.20564209687499999 0.9682117531250001 0 0.9181864234375 0
0 1 0.0004749234375 0.9739108406250001 0.0009498484375 0.963145896875 0.20421732656249997 0.9954407281250001 0.20279255312500002 1 0.0004749234375
0 0.6398396546875 0.376965771875 0.6398396546875 0.40356151718750005 0.928923834375 0.3983580015625 0.9296947265625001 0.3659805734375 0.6398396546875 0.376965771875
0 0.6390687640625 0.404717853125 0.63752698125 0.4301572625 0.928923834375 0.4307354296875 0.9281529453124999 0.40009250625000004 0.6390687640625 0.404717853125
0 0.60052420625 0.4318917671875 0.599753315625 0.46716003749999996 0.9998458203125 0.47236355156250004 0.9998458203125 0.432469934375 0.60052420625 0.4318917671875
0 0.605149553125 0.47178538437500006 0.6036077718749999 0.507631821875 0.99907493125 0.51456984375 1 0.47698889843750003 0.605149553125 0.47178538437500006
0 0.6028368796875 0.5116790015625 0.6028368796875 0.546369103125 1 0.5475254390625001 0.9998458203125 0.518617021875 0.6028368796875 0.5116790015625
0 0.6020659875 0.55041628125 0.601295096875 0.592622571875 0.99907493125 0.5943570765625 0.9998458203125 0.553885290625 0.6020659875 0.55041628125
0 0.6020659875 0.59666975 0.6020659875 0.6359852 0.9998458203125 0.6377197031249999 0.99907493125 0.6001387609375 0.6020659875 0.59666975
0 0.5766265796875001 0.378122109375 0.540394696875 0.376965771875 0.5311440015625 0.6336725249999999 0.5727721234375001 0.6348288609375 0.5766265796875001 0.378122109375
0 0.4972247921875 0.6319380203125 0.527289546875 0.6307816828125 0.5296022203125 0.37754394062499996 0.5041628125 0.376965771875 0.4972247921875 0.6319380203125
0 0.486432315625 0.3792784453125 0.4509713234375 0.378700278125 0.446345975 0.6307816828125 0.4841196421875 0.6296253468749999 0.486432315625 0.3792784453125
0 0.40394696249999995 0.6244218312500001 0.44480419375 0.6261563359375 0.4432624109375 0.37349676249999997 0.40625963593750003 0.37176225625 0.40394696249999995 0.6244218312500001
0 0.399321615625 0.3746530984375 0.3646315140625 0.37407493125 0.3600061671875 0.6232654953125001 0.3970089421875 0.6238436640625 0.399321615625 0.3746530984375
0 0.321461609375 0.6215309890625 0.3592352765625 0.6238436640625 0.36154794843750004 0.37291859375 0.3276287390625 0.37349676249999997 0.321461609375 0.6215309890625
0 0.2682701203125 0.3804347828125 0.2335800171875 0.378700278125 0.23589269218750003 0.6151711390625 0.26749922812500004 0.6169056421875 0.2682701203125 0.3804347828125
0 0.2690410109375 0.6169056421875 0.2944804203125 0.6192183171875 0.2913968546875 0.378700278125 0.26981190312500003 0.378700278125 0.2690410109375 0.6169056421875
0 0.32069071875 0.3810129515625 0.2952513109375 0.37985661406250004 0.293709528125 0.6203746531250001 0.321461609375 0.6215309890625 0.32069071875 0.3810129515625
0 0.1996608078125 0.6134366328125 0.23589269218750003 0.61459296875 0.23126734531249998 0.38390379218750004 0.1950354609375 0.383325625 0.1996608078125 0.6134366328125
0 0.1857847671875 0.378700278125 0.1557200125 0.37985661406250004 0.160345359375 0.610545790625 0.1934936796875 0.6128584640625 0.1857847671875 0.378700278125
0 0.114091890625 0.60707678125 0.151094665625 0.610545790625 0.1403021890625 0.3706059203125 0.108695653125 0.369449584375 0.114091890625 0.60707678125
0 0.10715387031250001 0.39373265625 0.0747764421875 0.3931544859375 0.0894233734375 0.603029603125 0.111779215625 0.60707678125 0.10715387031250001 0.39373265625
0 0.0447116859375 0.6047641078125 0.0809435703125 0.60592044375 0.07400555 0.369449584375 0.0354609921875 0.36887141562500003 0.0447116859375 0.6047641078125
0 0.036231884375 0.378122109375 0.0030835640625 0.37754394062499996 0.0161887140625 0.6001387609375 0.04085723125 0.603029603125 0.036231884375 0.378122109375
0 0.25208140625 0.73658649375 0.22432932499999997 0.7348519890625 0.2281837796875 0.973057353125 0.260561209375 0.975370028125 0.25208140625 0.73658649375
0 0.2227875421875 0.733117484375 0.1904101140625 0.7302266421875 0.197348134375 0.9586031453125001 0.227412890625 0.96207215625 0.2227875421875 0.733117484375
0 0.160345359375 0.9574468078124999 0.1965772421875 0.9603376499999999 0.1880974421875 0.724444959375 0.151094665625 0.7273358 0.160345359375 0.9574468078124999
0 0.114091890625 0.724444959375 0.1248843671875 0.9539777984375 0.15417823125000002 0.9545559671875001 0.14492753593750002 0.724444959375 0.114091890625 0.724444959375
0 0.11486278125 0.72675763125 0.063213075 0.7284921375 0.073234659375 0.9372109156249999 0.11948812812500001 0.9377890843750001 0.11486278125 0.72675763125
0 0.040086340625 0.9406799250000001 0.0747764421875 0.9401017578124999 0.063213075 0.722132284375 0.0346901015625 0.7203977796875 0.040086340625 0.9406799250000001
0 0 0.9366327468750001 0.037002775 0.938945421875 0.0354609921875 0.7105689171875 0 0.7099907484375 0 0.9366327468750001
0 0.27058279375 0.8048103609374999 0.26749922812500004 0.8423913046875 0.5989824234375 0.8793940796875 0.599753315625 0.843547640625 0.27058279375 0.8048103609374999
0 0.26672833906250004 0.7712765953125 0.265957446875 0.8013413515625001 0.595898859375 0.8406567984375 0.5974406421875 0.8053885296875001 0.26672833906250004 0.7712765953125
0 0.265957446875 0.7371646625 0.26672833906250004 0.7678075843750001 0.5889608390625 0.8019195187499999 0.58973173125 0.7724329328125 0.265957446875 0.7371646625
0 0.26441566562499996 0.7013182234374999 0.26518655468749996 0.7342738203125 0.5889608390625 0.76491674375 0.5889608390625 0.72791396875 0.26441566562499996 0.7013182234374999
0 0.2636447734375 0.6793478265624999 0.2636447734375 0.6990055500000001 0.586648165625 0.724444959375 0.585877275 0.704787234375 0.2636447734375 0.6793478265624999
0 0.262102990625 0.6550647546875 0.2613321 0.6776133203125 0.58741905625 0.7024745609374999 0.5889608390625 0.674722478125 0.262102990625 0.6550647546875
0 0.271353684375 0.8788159109375 0.26749922812500004 0.9192876968749999 0.5974406421875 0.966119334375 0.599753315625 0.92391304375 0.271353684375 0.8788159109375
0 0.26981190312500003 0.8441258093749999 0.2690410109375 0.879972246875 0.59666975 0.9216003703125001 0.59666975 0.88459759375 0.26981190312500003 0.8441258093749999
0 0.5989824234375 0.9701665125 0.26749922812500004 0.92391304375 0.2613321 0.9724791859374999 0.45790934375000003 0.9996530984374999 0.595898859375 1 0.5989824234375 0.9701665125
0 0.651403021875 0.77358926875 0.606691334375 0.769542090625 0.5989824234375 0.9996530984374999 0.6529448046875 1 0.651403021875 0.77358926875
0 0.705365403125 0.778792784375 0.6583410421875 0.77474560625 0.6537156953125 0.9996530984374999 0.70613629375 1 0.705365403125 0.778792784375
0 0.75393154375 0.7822617953125001 0.7146160953125 0.780527290625 0.710761640625 0.99907493125 0.74853530625 1 0.75393154375 0.7822617953125001
0 0.8071230343750001 0.7759019421875 0.76164045625 0.77474560625 0.7570151093749999 0.9996530984374999 0.8009559046874999 0.99907493125 0.8071230343750001 0.7759019421875
0 0.851834721875 0.779370953125 0.8086648171874999 0.7764801109375 0.8071230343750001 0.9996530984374999 0.8464384828125 0.9996530984374999 0.851834721875 0.779370953125
0 0.9004008640625001 0.7822617953125001 0.8564600671875 0.7822617953125001 0.8472093734374999 1 0.8934628421875 0.99907493125 0.9004008640625001 0.7822617953125001
0 0.9458834421875 0.7822617953125001 0.90425531875 0.7816836265625 0.895775515625 0.99907493125 0.9350909640625 0.9984967625 0.9458834421875 0.7822617953125001
0 0.992136909375 1 1 0.79209065625 0.9566759171875001 0.789199815625 0.9412580937499999 1 0.992136909375 1