0 0.07608695625 0.6775362312500001 0.0665760875 0.6884057968749999 0.052989129687500004 0.726449275 0.052989129687500004 0.788043478125 0.058423912499999994 0.7952898546875 0.1399456515625 0.7916666671875 0.1467391296875 0.786231884375 0.149456521875 0.7699275359375 0.1372282609375 0.2192028984375 0.131793478125 0.21376811562500003 0.0353260875 0.2173913046875 0.0461956515625 0.5923913046875 0.0720108703125 0.614130434375 0.082880434375 0.6340579703125 0.07608695625 0.6775362312500001
0 0.20108695625 0.7807971015625 0.20108695625 0.7282608703125 0.1888586953125 0.22826087031250003 0.1861413046875 0.2210144921875 0.1413043484375 0.2192028984375 0.1508152171875 0.7789855078125 0.15625 0.7916666671875 0.194293478125 0.789855071875 0.20108695625 0.7807971015625
0 0.26358695625 0.6340579703125 0.2540760875 0.2210144921875 0.24592391249999998 0.21557970937499998 0.1915760875 0.2192028984375 0.2038043484375 0.789855071875 0.25951087031250003 0.789855071875 0.26358695625 0.784420290625 0.26358695625 0.6340579703125
0 0.323369565625 0.7789855078125 0.3138586953125 0.226449275 0.30434782656250003 0.2192028984375 0.256793478125 0.2192028984375 0.26766304375 0.7789855078125 0.27173912968749997 0.7916666671875 0.309782609375 0.7916666671875 0.323369565625 0.7789855078125
0 0.3804347828125 0.7789855078125 0.3763586953125 0.22463768125 0.368206521875 0.2192028984375 0.3179347828125 0.2210144921875 0.3274456515625 0.7826086953125 0.3315217390625 0.788043478125 0.372282609375 0.788043478125 0.3804347828125 0.7789855078125
0 0.43885869531250005 0.786231884375 0.4320652171875 0.23913043437499998 0.38315217343749997 0.235507246875 0.38451087031250003 0.7789855078125 0.3913043484375 0.789855071875 0.430706521875 0.788043478125 0.43885869531250005 0.786231884375
0 0.5 0.7789855078125 0.4945652171875 0.22463768125 0.489130434375 0.2173913046875 0.43614130468749995 0.2210144921875 0.440217390625 0.7789855078125 0.4456521734375 0.788043478125 0.4945652171875 0.788043478125 0.5 0.7789855078125
0 0.5461956515625 0.23731884062500003 0.542119565625 0.2192028984375 0.5 0.2192028984375 0.5040760875 0.7826086953125 0.520380434375 0.789855071875 0.54483695625 0.788043478125 0.5461956515625 0.23731884062500003
0 0.604619565625 0.7789855078125 0.6059782609375 0.7445652171875 0.600543478125 0.2427536234375 0.5896739125 0.235507246875 0.5638586953125 0.235507246875 0.5529891296875 0.23913043437499998 0.5502717390625 0.25 0.5529891296875 0.7789855078125 0.5625 0.789855071875 0.591032609375 0.789855071875 0.604619565625 0.7789855078125
0 0.6888586953125 0.7916666671875 0.6929347828125 0.786231884375 0.690217390625 0.21376811562500003 0.680706521875 0.20833333281250002 0.6100543484375 0.210144928125 0.5951086953125 0.22826087031250003 0.6059782609375 0.25181159375 0.6086956515625 0.786231884375 0.6127717390625 0.7916666671875 0.6888586953125 0.7916666671875
0 0.7717391296875 0.77536231875 0.770380434375 0.21376811562500003 0.7663043484375 0.20833333281250002 0.7092391296875 0.20833333281250002 0.694293478125 0.21557970937499998 0.6956521734375001 0.7789855078125 0.70516304375 0.7934782609375 0.7649456515625 0.7916666671875 0.7717391296875 0.77536231875
0 0.8125 0.211956521875 0.7730978265624999 0.210144928125 0.7717391296875 0.7807971015625 0.7771739125 0.7916666671875 0.8097826093749999 0.7916666671875 0.8125 0.211956521875
0 0.8654891296875 0.7771739125 0.8695652171875 0.2210144921875 0.8682065218749999 0.210144928125 0.8627717390624999 0.20833333281250002 0.8165760875 0.211956521875 0.8138586953125 0.764492753125 0.8192934781250001 0.786231884375 0.8600543484375001 0.786231884375 0.8654891296875 0.7771739125
0 0.8682065218749999 0.7807971015625 0.9021739125 0.786231884375 0.9076086953125 0.7807971015625 0.9103260875 0.7463768109375 0.9130434781250001 0.21557970937499998 0.9089673906250001 0.210144928125 0.8695652171875 0.21557970937499998 0.8763586953125 0.23188405781250002 0.8777173906250001 0.264492753125 0.8668478265624999 0.762681159375 0.8682065218749999 0.7807971015625
0 0.9701086953125 0.762681159375 0.9741847828125 0.235507246875 0.9660326093749999 0.22826087031250003 0.917119565625 0.23188405781250002 0.9130434781250001 0.7771739125 0.926630434375 0.788043478125 0.9633152171875 0.788043478125 0.9701086953125 0.762681159375