0 0.540625 0.1421875 0.60859375 0.08203125
0 0.208825846875 0.18931710625 0.21473601250000002 0.2512959203125 0.786052009375 0.2501690328125 0.79393223125 0.18480955625 0.208825846875 0.18931710625
0 0.21473601250000002 0.123957628125 0 0.11494252812500001 0.0019700546875 0.17241379375000002 0.208825846875 0.18480955625 0.21473601250000002 0.123957628125
0 0.20291568125 0.18819021875 0.0078802203125 0.18368266875 0 0.24791525781249998 0.208825846875 0.2558034703125 0.20291568125 0.18819021875
0 0.819542946875 0.18931710625 0.831363278125 0.262564796875 0.9968479109375 0.2546765828125 0.998817965625 0.18368266875 0.819542946875 0.18931710625
0 0.8451536656249999 0.1408609421875 0.849093775 0.18706333125000002 0.998817965625 0.17804823125 0.9968479109375 0.1329727296875 0.8451536656249999 0.1408609421875
0 0.7993498812500001 0.2569303578125 0.7461583921875 0.2569303578125 0.731382978125 0.5434415140625 0.78014184375 0.5434415140625 0.7993498812500001 0.2569303578125
0 0.7840819531250001 0.5476673421875 0.8353033890624999 0.5487942296874999 0.8510638296874999 0.2648185703125 0.8037825046875 0.2648185703125 0.7840819531250001 0.5476673421875
0 0.9495665890625 0.2636916828125 0.8569739953125 0.2659454578125 0.8451536656249999 0.5510480046875 0.910165484375 0.5454135671875 0.9495665890625 0.2636916828125
0 1 0.2648185703125 0.955476753125 0.262564796875 0.9239558703125 0.5465404546875 0.9889676921874999 0.5499211171875 1 0.2648185703125
0 0.650118203125 0.5425963484375 0.72251773125 0.5451318453125 0.7461583921875 0.2535496953125 0.6515957453125 0.2518593640625 0.650118203125 0.5425963484375
0 0.650118203125 0.255240028125 0.543735225 0.255240028125 0.5496453906250001 0.5451318453125 0.6486406609375 0.54428668125 0.650118203125 0.255240028125
0 0.4624704484375 0.546822178125 0.54669030625 0.5459770109375001 0.5407801421875 0.2560851921875 0.44621749531250005 0.2569303578125 0.4624704484375 0.546822178125
0 0.437352246875 0.271298175 0.3560874703125 0.271298175 0.3826832140625 0.551893171875 0.45656028437499996 0.5502028390625 0.437352246875 0.271298175
0 0.265957446875 0.5510480046875 0.3826832140625 0.5502028390625 0.3486997640625 0.2510141984375 0.21719858125 0.2518593640625 0.265957446875 0.5510480046875
0 0.19946808437500002 0.255240028125 0.07239952656250001 0.2543948609375 0.1433215125 0.55780933125 0.2630023640625 0.55442866875 0.19946808437500002 0.255240028125
0 0 0.3608857328125 0.075354609375 0.5502028390625 0.1433215125 0.5459770109375001 0.029550828125 0.2493238671875 0 0.2493238671875 0 0.3608857328125
0 0.35299806562499997 0.8141250234375 0.3546099296875 0.8528489765625 0.79303675 0.8500829796874999 0.7914248859375 0.8113590265624999 0.35299806562499997 0.8141250234375
0 0.3094777578125 0.7873870546874999 0.31108961874999996 0.8085930296875 0.75274016875 0.8122810250000001 0.7543520296875 0.7818550625 0.3094777578125 0.7873870546874999
0 0.3191489359375 0.7624930859375 0.3239845265625 0.7855430578125 0.75596389375 0.778167065625 0.7575757578125 0.7541950953125001 0.3191489359375 0.7624930859375
0 0.30786589375 0.7274571265625001 0.3127014828125 0.7597270875000001 0.75274016875 0.752351096875 0.7511283046874999 0.72376913125 0.30786589375 0.7274571265625001
0 0.521875 0.7046875 0.4375 0.03359375
0 0.1375 0.72421875 0.275 0.059375
0 0.14140625 0.80625 0.28203125 0.04609375
0 0.14453125 0.7703125 0.28671875 0.02265625
0 0 0.893416928125 0.0016118640625 0.94320486875 0.328820115625 0.950580859375 0.328820115625 0.9044809140625001 0 0.893416928125
0 0.14375 0.8703125 0.2875 0.040625
0 0.13984375 0.83984375 0.27890625 0.0203125
0 0.57265625 0.8796875 0.45390625 0.04609375
0 0.559375 0.93359375 0.44453125 0.05390625
0 0.575 0.98046875 0.4203125 0.03828125
0 0.91015625 0.82578125 0.1796875 0.0578125
0 0.9171875 0.89375 0.16484375 0.02890625
0 0.9375 0.95625 0.125 0.034375
0 0.0032237265625 0.94320486875 0 0.9846948187500001 0.340103159375 0.9929928078125 0.3368794328125 0.9551908546875 0.0032237265625 0.94320486875