0 0.9547190390625 0.109110746875 0.8687943265625 0.12002182343750001 0.8851609375 0.949263503125 0.9738134203125 0.949263503125 0.9547190390625 0.109110746875
0 0.781505728125 0.936533915625 0.872885978125 0.9456264781250001 0.8633387890625001 0.12002182343750001 0.7665029999999999 0.127295871875 0.781505728125 0.936533915625
0 0.7610474625 0.13275140937500002 0.6833060546875 0.141843971875 0.692853246875 0.9256228421875001 0.7760501921875 0.9328968906249999 0.7610474625 0.13275140937500002
0 0.5905619203125 0.920167303125 0.686033825 0.920167303125 0.673758865625 0.141843971875 0.5769230765625 0.1636661203125 0.5905619203125 0.920167303125
0 0.5728314234375 0.16184760781250002 0.500545553125 0.1782142203125 0.5128205125 0.911074740625 0.5837424984374999 0.9183487890625001 0.5728314234375 0.16184760781250002
0 0.425531915625 0.903800690625 0.5032733234375 0.907437715625 0.49509001562500005 0.176395709375 0.41734860781250005 0.1782142203125 0.425531915625 0.903800690625
0 0.4105291875 0.1782142203125 0.3546099296875 0.18366975937500002 0.35733769843749996 0.9019821796875 0.4214402625 0.903800690625 0.4105291875 0.1782142203125
0 0.24822695 0.2036733953125 0.1963993453125 0.2127659578125 0.1950354609375 0.8892525906250001 0.24959083437500001 0.8910711046875001 0.24822695 0.2036733953125
0 0.24959083437500001 0.898345153125 0.30005455468750003 0.894708128125 0.3014184390625 0.1963993453125 0.24822695 0.2054919078125 0.24959083437500001 0.898345153125
0 0.3505182765625 0.1891252953125 0.30005455468750003 0.1945808328125 0.3014184390625 0.894708128125 0.35733769843749996 0.9001636671875 0.3505182765625 0.1891252953125
0 0.13229678125 0.8856155671874999 0.1882160390625 0.887434078125 0.1963993453125 0.20912893124999998 0.13638843437499998 0.2236770328125 0.13229678125 0.8856155671874999
0 0.028641570312499996 0.8710674656249999 0.0736497546875 0.8747044921875 0.0763775234375 0.22549554375 0.025913803125000003 0.2309510828125 0.028641570312499996 0.8710674656249999
0 0.128205128125 0.21822149375 0.0777414078125 0.23276959375 0.0763775234375 0.8837970546875 0.133660665625 0.881978540625 0.128205128125 0.21822149375