0 0.9184782609375001 0.2939160234375 0.9932065218749999 0.29477292187500004 0.9986413046875 0.29220222812499996 0.9986413046875 0.22193658906249997 0.9945652171875 0.2210796921875 0.2866847828125 0.20994001718750002 0.24728260937500002 0.20994001718750002 0.24592391249999998 0.2125107109375 0.2445652171875 0.2682090828125 0.2513586953125 0.2776349609375 0.614130434375 0.281062553125 0.9184782609375001 0.2939160234375
0 0.9986413046875 0.21765210000000002 0.9986413046875 0.153384746875 0.26358695625 0.141388175 0.243206521875 0.1448157671875 0.24048912968749997 0.1585261359375 0.24048912968749997 0.19794344531250002 0.2445652171875 0.20651242500000003 0.2513586953125 0.2082262203125 0.9986413046875 0.21765210000000002
0 0.9959239125 0.0985432734375 0.8491847828125 0.0942587828125 0.778532609375 0.0942587828125 0.7581521734375001 0.097686375 0.7459239125 0.0916880890625 0.7228260875 0.090831190625 0.252717390625 0.0848329046875 0.23641304375 0.0865467015625 0.23233695625 0.0934018859375 0.2309782609375 0.1311053984375 0.2377717390625 0.13881748124999999 0.9986413046875 0.14738646093750002 0.9959239125 0.0985432734375
0 0.9986413046875 0.09511568125 0.9986413046875 0.041988003125 0.9904891296875 0.040274207812500004 0.7717391296875 0.039417309375 0.24728260937500002 0.029134532812500002 0.24592391249999998 0.0545558421875 0.23641304375 0.0796915171875 0.25 0.083119109375 0.9986413046875 0.09511568125
0 0.9701086953125 0.011139675 0.350543478125 0.00257069375 0.25 0.00257069375 0.24728260937500002 0.0051413875 0.25 0.027420737499999997 0.9986413046875 0.0385604109375 0.9986413046875 0.0128534703125 0.9701086953125 0.011139675
0 0.0081521734375 0.9502999140625 0.01358695625 0.9537275062499999 0.059782609375 0.9571550984374999 0.073369565625 0.9502999140625 0.07608695625 0.93487575 0.073369565625 0.2776349609375 0.0625 0.2682090828125 0.051630434375 0.2664952875 0.0095108703125 0.2656383890625 0.002717390625 0.26906598125 0 0.6743787484375 0.0054347828124999996 0.7155098546875001 0.0054347828124999996 0.93487575 0.0081521734375 0.9502999140625
0 0.180706521875 0.9520137109375 0.1820652171875 0.9365895453125 0.1861413046875 0.28534704375 0.184782609375 0.2793487578125 0.1779891296875 0.278491859375 0.086956521875 0.2776349609375 0.0774456515625 0.28020565625 0.0788043484375 0.9520137109375 0.1032608703125 0.9580119968749999 0.17391304375 0.9562982 0.180706521875 0.9520137109375
0 0.2173913046875 0.9545844046875 0.23233695625 0.955441303125 0.243206521875 0.9511568125000001 0.24592391249999998 0.9357326484374999 0.2486413046875 0.2862039421875 0.24728260937500002 0.2819194515625 0.2377717390625 0.2793487578125 0.1861413046875 0.281062553125 0.1861413046875 0.9528706078125 0.1888586953125 0.9571550984374999 0.21467391249999998 0.9580119968749999 0.2173913046875 0.9545844046875
0 0.3383152171875 0.9511568125000001 0.3451086953125 0.29048843125 0.3396739125 0.2844901453125 0.3288043484375 0.2819194515625 0.25815217343749997 0.281062553125 0.2513586953125 0.2862039421875 0.2486413046875 0.9545844046875 0.2798913046875 0.9597257921875 0.3315217390625 0.9571550984374999 0.3383152171875 0.9511568125000001
0 0.4279891296875 0.9545844046875 0.440217390625 0.9502999140625 0.44972826093749996 0.2930591265625 0.4456521734375 0.28363324687499997 0.43614130468749995 0.281062553125 0.35326087031250003 0.281062553125 0.3478260875 0.2870608390625 0.3423913046875 0.9511568125000001 0.3451086953125 0.9545844046875 0.372282609375 0.9571550984374999 0.4279891296875 0.9545844046875
0 0.5747282609375 0.9537275062499999 0.5855978265624999 0.740359896875 0.5951086953125 0.2939160234375 0.586956521875 0.28363324687499997 0.4605978265625 0.281062553125 0.45380434843749995 0.2862039421875 0.4429347828125 0.805484146875 0.4415760875 0.946872321875 0.4456521734375 0.9588688953125001 0.466032609375 0.9631533843750001 0.5747282609375 0.9537275062499999
0 0.725543478125 0.93487575 0.73233695625 0.737789203125 0.7418478265624999 0.2844901453125 0.64266304375 0.28277635 0.6086956515625 0.28363324687499997 0.600543478125 0.2870608390625 0.5951086953125 0.378748928125 0.5842391296875 0.9502999140625 0.6032608703125 0.9528706078125 0.7201086953125 0.9520137109375 0.725543478125 0.93487575
0 0.832880434375 0.9580119968749999 0.8532608703125 0.9511568125000001 0.8682065218749999 0.3024850046875 0.7690217390625 0.2999143109375 0.75 0.30676949375 0.739130434375 0.52442159375 0.7282608703125 0.9434447296874999 0.7309782609375 0.9511568125000001 0.7513586953125 0.9588688953125001 0.832880434375 0.9580119968749999
0 0.864130434375 0.9537275062499999 0.9497282609375001 0.9511568125000001 0.98233695625 0.313624678125 0.98233695625 0.30676949375 0.9701086953125 0.3024850046875 0.8872282609375001 0.30162810625 0.8763586953125 0.305912596875 0.8559782609375001 0.7120822625 0.85733695625 0.789203084375 0.8491847828125 0.884318765625 0.8519021734375001 0.9511568125000001 0.864130434375 0.9537275062499999