0 0.102040815625 0.5302197796875 0.10068027187499999 0.20604395625 0.07346938750000001 0.1881868125 0.0299319734375 0.1923076921875 0.0326530609375 0.5370879125 0.036734693750000005 0.5425824171875 0.0965986390625 0.541208790625 0.102040815625 0.5302197796875
0 0.356462584375 0.528846153125 0.356462584375 0.4601648359375 0.3510204078125 0.1895604390625 0.31020408125 0.18406593437500002 0.299319728125 0.1895604390625 0.30204081562499996 0.5370879125 0.3047619046875 0.541208790625 0.352380953125 0.541208790625 0.356462584375 0.528846153125
0 0.3972789109375 0.18131868125 0.355102040625 0.18406593437500002 0.3591836734375 0.5384615390625 0.40680272031250003 0.5398351640625 0.40544217656250003 0.1868131875 0.3972789109375 0.18131868125
0 0.46666666718750005 0.29827315468750004 0.4664047734375 0.27465143125 0.4648885421875 0.22568734375 0.467162946875 0.1996751515625 0.462585034375 0.18406593437500002 0.41224489843749995 0.18406593437500002 0.41360544218750006 0.5329670328125 0.41632653125 0.5398351640625 0.46666666718750005 0.5398351640625 0.46666666718750005 0.29827315468750004
0 0.8122448984374999 0.4917582421875 0.47210884374999995 0.4986263734375 0.47346938749999995 0.5384615390625 0.817687075 0.5329670328125 0.81632653125 0.49313186875000004 0.8122448984374999 0.4917582421875
0 0.8149659859374999 0.48076923125000004 0.8108843531250001 0.43818681249999997 0.47210884374999995 0.446428571875 0.4707483 0.48626373593750005 0.47482993125000006 0.49450549375 0.8068027203125 0.4890109890625 0.8149659859374999 0.48076923125000004
0 0.8136054421875001 0.38186813124999996 0.47210884374999995 0.3887362640625 0.47346938749999995 0.44230769218750005 0.809523809375 0.43543956093749997 0.81632653125 0.41895604375 0.8136054421875001 0.38186813124999996
0 0.8136054421875001 0.32829670312500003 0.4707483 0.3379120875 0.4707483 0.38598901093750004 0.808163265625 0.37912087968749997 0.81632653125 0.372252746875 0.8136054421875001 0.32829670312500003
0 0.8149659859374999 0.32554945 0.817687075 0.3145604390625 0.8136054421875001 0.2802197796875 0.4707483 0.291208790625 0.4693877546875 0.3296703296875 0.47482993125000006 0.3351648359375 0.7972789109375 0.3269230765625 0.8149659859374999 0.32554945
0 0.8217687078125 0.327609890625 0.8231292515625 0.5302197796875 0.8272108843750001 0.534340659375 0.8748299312500001 0.5329670328125 0.880272109375 0.5315934062500001 0.880272109375 0.48626373593750005 0.8721088437500001 0.1854395609375 0.8217687078125 0.1854395609375 0.8136054421875001 0.196428571875 0.81632653125 0.20604395625 0.8108843531250001 0.21703296718749998 0.817687075 0.232731553125 0.8217687078125 0.327609890625
0 0.9346938781249999 0.5315934062500001 0.92517006875 0.40070643749999996 0.9210884359374999 0.1854395609375 0.918367346875 0.18131868125 0.880272109375 0.18131868125 0.8734693874999999 0.1854395609375 0.881632653125 0.5302197796875 0.8870748296875 0.534340659375 0.9238095234375001 0.534340659375 0.9346938781249999 0.5315934062500001
0 0.9659863953125001 0.18131868125 0.9238095234375001 0.1826923078125 0.92789115625 0.524725275 0.9306122453125001 0.5329670328125 0.9673469390625 0.5329670328125 0.9659863953125001 0.18131868125
0 0.0870748296875 0.965659340625 0.0870748296875 0.597527471875 0.080272109375 0.58104395625 0.036734693750000005 0.5824175828125 0.0340136046875 0.5920329671875 0.0326530609375 0.9739010984375 0.0680272109375 0.9766483515625 0.0843537421875 0.9739010984375 0.0870748296875 0.965659340625
0 0.1442176875 0.597527471875 0.09251700625 0.596153846875 0.09115646250000001 0.975274725 0.1414965984375 0.975274725 0.14557823125 0.9684065937499999 0.1442176875 0.597527471875
0 0.2 0.9546703296875 0.1972789109375 0.5989010984375 0.14829932031249998 0.596153846875 0.14693877500000002 0.9739010984375 0.1931972796875 0.975274725 0.1972789109375 0.9739010984375 0.2 0.9546703296875
0 0.20272108906250003 0.596153846875 0.20136054374999998 0.9725274718750001 0.2312925171875 0.9739010984375 0.23401360468750002 0.597527471875 0.20272108906250003 0.596153846875
0 0.281632653125 0.5989010984375 0.2775510203125 0.5934065937499999 0.23673469374999997 0.5947802203125 0.23537415 0.9725274718750001 0.27482993125 0.9739010984375 0.281632653125 0.9670329671875001 0.281632653125 0.5989010984375
0 0.3210884359375 0.9271978015625001 0.319727890625 0.596153846875 0.3142857140625 0.5920329671875 0.2843537421875 0.5934065937499999 0.282993196875 0.9697802203125001 0.3142857140625 0.9725274718750001 0.319727890625 0.9684065937499999 0.3210884359375 0.9271978015625001
0 0.353741496875 0.5989010984375 0.3496598640625 0.5934065937499999 0.32380952343749997 0.5934065937499999 0.3210884359375 0.9670329671875001 0.3414965984375 0.971153846875 0.353741496875 0.965659340625 0.353741496875 0.5989010984375
0 0.3959183671875 0.9670329671875001 0.3972789109375 0.60576923125 0.3959183671875 0.5934065937499999 0.356462584375 0.5934065937499999 0.355102040625 0.965659340625 0.3605442171875 0.971153846875 0.3877551015625 0.971153846875 0.3959183671875 0.9670329671875001
0 0.43945578281250003 0.965659340625 0.43945578281250003 0.5947802203125 0.39863945625 0.5947802203125 0.3972789109375 0.965659340625 0.4027210890625 0.9697802203125001 0.4326530609375 0.9697802203125001 0.43945578281250003 0.965659340625
0 0.4857142859375 0.5947802203125 0.481632653125 0.590659340625 0.4408163265625 0.5934065937499999 0.4408163265625 0.9684065937499999 0.480272109375 0.971153846875 0.4857142859375 0.9505494499999999 0.4857142859375 0.5947802203125
0 0.52789115625 0.5947802203125 0.4870748296875 0.5947802203125 0.4857142859375 0.9684065937499999 0.5088435375 0.9725274718750001 0.52789115625 0.9670329671875001 0.52789115625 0.5947802203125
0 0.5605442171874999 0.9560439562499999 0.5591836734375 0.5920329671875 0.552380953125 0.5879120875 0.5292517 0.590659340625 0.5292517 0.9670329671875001 0.5496598640625 0.9725274718750001 0.5591836734375 0.9670329671875001 0.5605442171874999 0.9560439562499999
0 0.6217687078125 0.61813186875 0.6 0.61950549375 0.5891156468750001 0.609432234375 0.5850340140625 0.5879120875 0.5619047625 0.590659340625 0.5619047625 0.9725274718750001 0.6272108843749999 0.9739010984375 0.625850340625 0.622252746875 0.6217687078125 0.61813186875
0 0.8843537421875001 0.6236263734375 0.8394557828125 0.61950549375 0.8408163265624999 0.9546703296875 0.8557823125 0.9697802203125001 0.8870748296875 0.971153846875 0.8843537421875001 0.6236263734375
0 0.9306122453125001 0.9574175828125 0.9224489796875 0.627747253125 0.919727890625 0.61950549375 0.8870748296875 0.6208791203125 0.89251700625 0.9670329671875001 0.9129251703125 0.9725274718750001 0.92789115625 0.9697802203125001 0.9306122453125001 0.9574175828125
0 0.9700680265624999 0.9725274718750001 0.9673469390625 0.622252746875 0.9265306125 0.6208791203125 0.9265306125 0.853021978125 0.9319727890625 0.9670329671875001 0.9346938781249999 0.9725274718750001 0.9700680265624999 0.9725274718750001