0 0 0.38251804375 0.033967390624999996 0.38251804375 0.038043478125 0.375300721875 0.0461956515625 0.033680834375 0.04483695625 0.008019246875 0.0394021734375 0.007217321875 0 0.01283079375 0 0.38251804375
0 0.0502717390625 0 0.0475543484375 0.008019246875 0.0394021734375 0.2935044109375 0.0394021734375 0.38091419375 0.1032608703125 0.38251804375 0.10869565156250001 0.38011226875 0.118206521875 0.2870890140625 0.11141304375000001 0.20208500468750001 0.12228260937499999 0.0224538890625 0.11413043437499999 0 0.0502717390625 0
0 0.1290760875 0 0.12228260937499999 0.1956696078125 0.12092391250000001 0.38091419375 0.1603260875 0.3833199671875 0.17663043437499998 0.37289494843750004 0.180706521875 0.35685645625 0.1875 0 0.1290760875 0
0 0.20516304375 0 0.2024456515625 0.006415396875 0.184782609375 0.3047313546875 0.1834239125 0.3769045703125 0.1915760875 0.3833199671875 0.21603260937500002 0.38251804375 0.22961956562500002 0.3712910984375 0.23913043437499998 0 0.20516304375 0
0 0.2622282609375 0 0.2513586953125 0.270248596875 0.2486413046875 0.38171611875 0.29483695625 0.3833199671875 0.30298912968749997 0.38171611875 0.305706521875 0.37289494843750004 0.32201087031250003 0 0.2622282609375 0
0 0.3274456515625 0 0.3179347828125 0.19727345624999998 0.3138586953125 0.38011226875 0.3179347828125 0.3833199671875 0.368206521875 0.3833199671875 0.3736413046875 0.38091419375 0.375 0.3584603046875 0.38858695625 0 0.3274456515625 0
0 0.3913043484375 0 0.377717390625 0.30312750624999996 0.3763586953125 0.38251804375 0.45108695625 0.3841218921875 0.4605978265625 0.3576583796875 0.479619565625 0 0.3913043484375 0
0 0.48369565156250005 0 0.48233695625 0.008019246875 0.4592391296875 0.38091419375 0.461956521875 0.3841218921875 0.5054347828125 0.3849238171875 0.5543478265624999 0.38171611875 0.559782609375 0.3769045703125 0.586956521875 0 0.48369565156250005 0
0 0.591032609375 0 0.5679347828125 0.27506014375 0.5611413046875 0.38011226875 0.565217390625 0.38251804375 0.6086956515625 0.38251804375 0.6168478265624999 0.37289494843750004 0.6195652171875 0.3400160390625 0.63858695625 0.09141940625 0.6399456515625 0 0.591032609375 0
0 0.6508152171875 0 0.649456521875 0.005613471875 0.6168478265624999 0.376102646875 0.622282609375 0.3833199671875 0.67391304375 0.38171611875 0.6793478265624999 0.375300721875 0.7133152171875 0 0.6508152171875 0
0 0.7146739125 0 0.6875 0.2862870890625 0.6793478265624999 0.38011226875 0.7269021734375001 0.38171611875 0.739130434375 0.3704891734375 0.7622282609375 0.13873295937500002 0.7622282609375 0.0732424484375 0.770380434375 0.045709703125 0.7663043484375 0.0280673609375 0.774456521875 0.01363271875 0.7717391296875 0 0.7146739125 0
0 0.7758152171875 0 0.7377717390625 0.3680834 0.7377717390625 0.3777064953125 0.7459239125 0.38091419375 0.7975543484375 0.38011226875 0.8002717390624999 0.3777064953125 0.8369565218749999 0.020048115624999998 0.8369565218749999 0 0.7758152171875 0
0 0.854619565625 0 0.8192934781250001 0.3592622296875 0.8220108703125 0.38171611875 0.8722826093749999 0.38171611875 0.89266304375 0.376102646875 0.91983695625 0.255813953125 0.926630434375 0.1836407375 0.9320652171875 0.0817963109375 0.92391304375 0 0.854619565625 0
0 0.948369565625 0 0.9470108703125 0.0032076984375 0.9130434781250001 0.3336006421875 0.9103260875 0.375300721875 0.9157608703125 0.3793103453125 0.9986413046875 0.3769045703125 0.9986413046875 0 0.948369565625 0
3 0.457880434375 0.5485164390625 0.4592391296875 0.558941459375 0.4782608703125 0.578989575 0.475543478125 0.611066559375 0.5230978265624999 0.61748195625 0.5326086953125 0.610264634375 0.542119565625 0.5902165203124999 0.5570652171875 0.5838011234375 0.5611413046875 0.5757818765625 0.565217390625 0.5445068156249999 0.5584239125 0.5284683234374999 0.5679347828125 0.51403368125 0.5665760875 0.46832397812500004 0.555706521875 0.45950280625 0.5 0.46190858125 0.479619565625 0.46912590156249995 0.4592391296875 0.4835605453125 0.4646739125 0.51403368125 0.48233695625 0.5308740984375 0.48097826093749996 0.5469125906250001 0.457880434375 0.5485164390625
0 0 0.9206094625000001 0.006793478125 0.9117882921874999 0.0095108703125 0.834803528125 0.0149456515625 0.5477145140624999 0.01358695625 0.5388933437500001 0.0081521734375 0.5364875703124999 0 0.5364875703124999 0 0.9206094625000001
0 0.0665760875 0.9302325578125 0.069293478125 0.9206094625000001 0.0747282609375 0.69687249375 0.0842391296875 0.5613472328125 0.082880434375 0.5485164390625 0.059782609375 0.5388933437500001 0.020380434375 0.5364875703124999 0.016304348437499998 0.53969526875 0.0122282609375 0.6800320765625 0.0095108703125 0.9206094625000001 0.032608695312500005 0.9302325578125 0.059782609375 0.9326383312500001 0.0665760875 0.9302325578125
0 0.118206521875 0.939855653125 0.11956521718749999 0.9230152359374999 0.1345108703125 0.6166800328125001 0.13586956562500002 0.5493183640625 0.131793478125 0.5477145140624999 0.09918478281250001 0.545308740625 0.086956521875 0.5477145140624999 0.08016304375 0.6535685640625 0.0706521734375 0.9318364078125001 0.0855978265625 0.9390537296874999 0.1127717390625 0.9430633515625001 0.118206521875 0.939855653125
0 0.1834239125 0.5549318359375001 0.1467391296875 0.5493183640625 0.1399456515625 0.5501202890625 0.1372282609375 0.5549318359375001 0.1263586953125 0.7650360859374999 0.11956521718749999 0.9438652765625 0.14538043437499998 0.953488371875 0.163043478125 0.9542902968750001 0.1834239125 0.5549318359375001
0 0.2540760875 0.967121090625 0.256793478125 0.9510825984375 0.260869565625 0.570970328125 0.2853260875 0.5629510828125001 0.34375 0.559743384375 0.3627717390625 0.5533279875 0.372282609375 0.5541299125 0.3736413046875 0.5501202890625 0.24728260937500002 0.5565356859375 0.184782609375 0.5549318359375001 0.1725543484375 0.77626303125 0.1657608703125 0.955092221875 0.1752717390625 0.9623095421875 0.22961956562500002 0.9719326390624999 0.2540760875 0.967121090625
0 0.315217390625 0.9847634328125 0.32065217343749997 0.59182036875 0.3165760875 0.570970328125 0.2690217390625 0.5693664796875 0.26358695625 0.571772253125 0.25951087031250003 0.6840417000000001 0.256793478125 0.9695268640625001 0.2622282609375 0.9775461109375 0.270380434375 0.979951884375 0.315217390625 0.9847634328125
0 0.3695652171875 0.999198075 0.375 0.994386528125 0.377717390625 0.942261428125 0.3804347828125 0.578989575 0.32201087031250003 0.577385725 0.319293478125 0.61908580625 0.3179347828125 0.9831595828124999 0.32201087031250003 0.9895749796875 0.3451086953125 0.999198075 0.3695652171875 0.999198075
0 0.4157608703125 0.57818765 0.3872282609375 0.577385725 0.38315217343749997 0.5797915 0.3790760875 0.744186046875 0.377717390625 0.999198075 0.4144021734375 0.999198075 0.42119565156250005 0.5846030468750001 0.4157608703125 0.57818765
0 0.466032609375 0.8067361671875 0.4646739125 0.664795509375 0.47010869531250005 0.6295108265625 0.466032609375 0.5829991984375 0.434782609375 0.57818765 0.42119565156250005 0.578989575 0.41983695625 0.5878107453125 0.417119565625 0.742582196875 0.4144021734375 0.9967923015625001 0.4157608703125 0.999198075 0.4592391296875 0.999198075 0.466032609375 0.8067361671875
0 0.5298913046875 0.6230954296875 0.5258152171875 0.6158781078125 0.5081521734375001 0.6166800328125001 0.4741847828125 0.60772520625 0.4741847828125 0.587008821875 0.46875 0.7129109859375 0.4633152171875 0.999198075 0.5230978265624999 0.999198075 0.528532609375 0.9631114671875001 0.5298913046875 0.6230954296875
0 0.6086956515625 0.999198075 0.6168478265624999 0.5958299921875 0.5475543484375 0.59182036875 0.5394021734375001 0.5950280671875 0.5353260875 0.61828388125 0.53125 0.9831595828124999 0.5366847828125 0.9903769046875001 0.5788043484375 0.999198075 0.6086956515625 0.999198075
0 0.70108695625 0.6728147546875001 0.7105978265624999 0.6054530875 0.694293478125 0.599839615625 0.622282609375 0.5950280671875 0.6168478265624999 0.613472334375 0.61141304375 0.8684843624999999 0.6100543484375 0.999198075 0.694293478125 0.999198075 0.6956521734375001 0.7850842015625 0.70108695625 0.6728147546875001
0 0.7146739125 0.6030473140625 0.707880434375 0.7586206890625 0.7038043484375 0.999198075 0.752717390625 0.999198075 0.760869565625 0.6038492375 0.7146739125 0.6030473140625
0 0.8383152171875 0.612670409375 0.778532609375 0.6070569359375 0.7649456515625 0.610264634375 0.752717390625 0.9109863671875 0.7513586953125 0.999198075 0.8288043484375001 0.999198075 0.8423913046875 0.61828388125 0.8383152171875 0.612670409375
0 0.9008152171875 0.6166800328125001 0.8654891296875 0.612670409375 0.8491847828125 0.612670409375 0.8451086953125 0.6230954296875 0.8342391296875 0.8989574984375001 0.832880434375 0.999198075 0.88858695625 0.999198075 0.9076086953125 0.6214915796875 0.9008152171875 0.6166800328125001
0 0.9605978265624999 0.623897353125 0.9279891296875 0.6206896546875 0.9116847828125 0.6214915796875 0.9076086953125 0.6303127500000001 0.895380434375 0.8829190062500001 0.89266304375 0.999198075 0.9497282609375001 0.999198075 0.9660326093749999 0.6287089015625 0.9605978265624999 0.623897353125
0 0.9945652171875 0.6150761828125 0.9714673906250001 0.626303128125 0.95516304375 0.9318364078125001 0.9538043484375001 0.999198075 0.9986413046875 0.999198075 0.9986413046875 0.6166800328125001 0.9945652171875 0.6150761828125