0 0.598579040625 0.27024185 0.9040852578124999 0.27024185 0.9431616343749999 0.26813880156250003 0.9502664296875001 0.2649842265625 0.952042628125 0.2555205046875 0.9502664296875001 0.2334384859375 0.9431616343749999 0.2281808625 0.9289520421875 0.2271293375 0.82238010625 0.2313354359375 0.433392540625 0.2323869609375 0.0852575484375 0.23869610937500002 0.0852575484375 0.275499475 0.09236234531250001 0.2776025234375 0.5328596796875 0.27444795 0.598579040625 0.27024185
0 0.9360568390624999 0.27444795 0.9307282421874999 0.2723449 0.07104795781249999 0.283911671875 0.07104795781249999 0.3333333328125 0.078152753125 0.3459516296875 0.9360568390624999 0.33017875937499996 0.9360568390624999 0.27444795
0 0.9644760218749999 0.420609884375 0.9822380109375001 0.41219768593749995 0.9804618125 0.34174553125 0.962699821875 0.3354363828125 0.07104795781249999 0.350157728125 0.0657193609375 0.35751840156250003 0.07104795781249999 0.44269190312499995 0.08348135 0.44689800156250004 0.9644760218749999 0.420609884375
0 0.90586145625 0.5425867515625 0.9218472468750001 0.5415352265625 0.9342806390625 0.535226078125 0.932504440625 0.48159831718749996 0.9182948484375 0.47844374375000004 0.317939609375 0.5036803359375 0.1278863234375 0.5099894843749999 0.07992895156249999 0.5078864359375 0.08348135 0.5646687703125 0.0852575484375 0.5741324921875 0.09236234531250001 0.577287065625 0.90586145625 0.5425867515625
0 0.9182948484375 0.47528916875 0.9253996453125 0.4689800203125 0.9253996453125 0.43112513124999996 0.9200710484375 0.4258675078125 0.088809946875 0.45005257656250003 0.0763765546875 0.45110410156249997 0.08348135 0.5015772875 0.8934280640625 0.47634069375 0.9182948484375 0.47528916875
0 0.2699822375 0.8107255515625 0.360568384375 0.807570978125 0.8134991125000001 0.7749737125 0.9342806390625 0.7718191375 0.9662522203125 0.761303890625 0.962699821875 0.7581493171875 0.973357015625 0.7444794953125 0.969089353125 0.7161231828125 0.7513321484375 0.7276551 0.4458259328125 0.7455310203125001 0.3108348140625 0.7592008406249999 0.13499111875 0.7665615140625001 0.140319715625 0.8159831750000001 0.1438721140625 0.8212407984375 0.16163410312499998 0.8212407984375 0.2699822375 0.8107255515625
0 0.7602131437499999 0.7266035750000001 0.78152753125 0.7266035750000001 0.78152753125 0.7318611984375 0.7904085249999999 0.7318611984375 0.8046181171875 0.7234490015625 0.8632326828125001 0.716088328125 0.8667850796875 0.7118822296875 0.932504440625 0.7097791796874999 0.9378330375000001 0.70347003125 0.9502664296875001 0.70347003125 0.9502664296875001 0.6656151421875001 0.9342806390625 0.65930599375 0.1278863234375 0.7150368031250001 0.13321492031249998 0.7655099890625 0.7158081703125 0.7287066249999999 0.7531083484375001 0.7318611984375 0.7602131437499999 0.7266035750000001
0 0.9342806390625 0.65720294375 0.9378330375000001 0.6288117765625 0.9342806390625 0.603575184375 0.9147424515625 0.5993690859374999 0.1065719359375 0.6435331234375 0.11190053281250001 0.7087276546875 0.131438721875 0.7118822296875 0.8845470687500001 0.6645636171875 0.9342806390625 0.65720294375
0 0.9449378328125 0.600420609375 0.9573712249999999 0.5846477390625 0.953818828125 0.5499474234374999 0.932504440625 0.5425867515625 0.1030195375 0.579390115625 0.1047957375 0.6161934812500001 0.11367673125 0.6382755 0.7904085249999999 0.602523659375 0.9449378328125 0.600420609375
0 0.9153335625000001 0.8882698828125 0.1303545234375 0.9582571359375001 0.1504401078125 1 0.9221751859375 0.9222767218750001 0.9153335625000001 0.8882698828125
0 0.939963446875 0.8299394671875 0.121801075 0.8944543453125 0.1326519515625 0.9497730750000001 0.93585843125 0.882569071875 0.939963446875 0.8299394671875
0 0.9262802000000001 0.775159965625 0.12009038593750002 0.833689784375 0.12717863437500002 0.8820385875 0.9372268406250001 0.818883109375 0.9262802000000001 0.775159965625