0 0.9008456078125 0.2900527375 0.8572013078125 0.28732496875 0.8319694484375001 0.75922895 0.8722040375000001 0.7583196953125 0.9008456078125 0.2900527375
0 0.792416803125 0.7610474640625 0.829923621875 0.75922895 0.8490180031250001 0.2964175296875 0.8135570109374999 0.2964175296875 0.792416803125 0.7610474640625
0 0.8060556468750001 0.2891434796875 0.7630932890625 0.2900527375 0.749454446875 0.7646844875000001 0.7917348609375 0.7610474640625 0.8060556468750001 0.2891434796875
0 0.7146753953125 0.7646844875000001 0.742635025 0.76377523125 0.754909984375 0.2918712484375 0.7228587015625 0.295508275 0.7146753953125 0.7646844875000001
0 0.7187670484375001 0.2964175296875 0.6771685765625 0.295508275 0.6675917359375 0.7698632953125 0.7064920890625 0.7655937453125 0.7187670484375001 0.2964175296875
0 0.6413814359375001 0.7678075859375 0.666049953125 0.7708911515625 0.6729879734375 0.3073286046875 0.6483194578125 0.30630075 0.6413814359375001 0.7678075859375
0 0.6413814359375001 0.3073286046875 0.6028368796875 0.3073286046875 0.59821153125 0.76164045625 0.638297871875 0.7626683125 0.6413814359375001 0.3073286046875
0 0.59561334375 0.31608440625 0.5522721296875 0.31608440625 0.5526004734375001 0.7683215125 0.594710403125 0.7683215125 0.59561334375 0.31608440625
0 0.51492316875 0.7693065406249999 0.5526004734375001 0.7683215125 0.54816785 0.31126871562499997 0.5075354609375 0.3122537421875 0.51492316875 0.7693065406249999
0 0.504580378125 0.328014184375 0.46764184374999995 0.32899921249999997 0.4750295515625 0.7693065406249999 0.5097517734375 0.7683215125 0.504580378125 0.328014184375
0 0.4321808515625 0.781126871875 0.47207446875 0.7781717890625 0.4624704484375 0.295508275 0.423315603125 0.295508275 0.4321808515625 0.781126871875
0 0.4174054375 0.32702915625 0.3812056734375 0.32604412968749996 0.39154846249999997 0.7752167062499999 0.4314420796875 0.7702915671875 0.4174054375 0.32702915625
0 0.359042553125 0.7771867609374999 0.39154846249999997 0.77324665 0.37234042500000003 0.3142237984375 0.34648345156250004 0.31717888125 0.359042553125 0.7771867609374999
0 0.342789596875 0.334909378125 0.2888593390625 0.3378644609375 0.3043735234375 0.7840819546875 0.356826240625 0.779156815625 0.342789596875 0.334909378125
0 0.2859042546875 0.31520882499999997 0.25044326250000004 0.31717888125 0.26669621875 0.7840819546875 0.3014184390625 0.7821118984375001 0.2859042546875 0.31520882499999997
0 0.23788416093750003 0.7899921203125 0.263741134375 0.790977146875 0.2430555546875 0.31619385312500004 0.21719858125 0.31619385312500004 0.23788416093750003 0.7899921203125
0 0.2127659578125 0.28467297187499996 0.1699172578125 0.28467297187499996 0.19355792031250002 0.7949172578125 0.23197399531250001 0.7949172578125 0.2127659578125 0.28467297187499996
0 0.1507092203125 0.7949172578125 0.19355792031250002 0.7939322296875 0.1647458640625 0.2915681625 0.12337470312500001 0.29255319218750003 0.1507092203125 0.7949172578125