0 0.0372340421875 0.8879432625 0.0868794328125 0.8794326234375 0.0992907796875 0.872340425 0.08333333281250001 0.3687943265625 0.079787234375 0.3602836875 0.0035461 0.36453900781250004 0 0.6127659578125 0.014184396875 0.862411346875 0.015957446875 0.8879432625 0.0372340421875 0.8879432625
0 0.17553191562499998 0.85957446875 0.1666666671875 0.370212765625 0.1613475171875 0.3546099296875 0.0868794328125 0.3574468078125 0.0992907796875 0.858156028125 0.1028368796875 0.873758865625 0.122340425 0.873758865625 0.17553191562499998 0.85957446875
0 0.237588653125 0.37588652499999997 0.232269503125 0.3673758859375 0.170212765625 0.37588652499999997 0.17730496406250001 0.8567375890625 0.1914893609375 0.8609929078125 0.237588653125 0.849645390625 0.237588653125 0.37588652499999997
0 0.294326240625 0.365957446875 0.2854609921875 0.3602836875 0.24113475156250003 0.3631205671875 0.23936170156249997 0.8397163125 0.24645389999999998 0.849645390625 0.2907801421875 0.8382978718749999 0.294326240625 0.365957446875
0 0.8138297874999999 0.614184396875 0.78191489375 0.614184396875 0.4946808515625 0.65248226875 0.297872340625 0.6907801421875 0.297872340625 0.726241134375 0.3102836875 0.727659575 0.8102836874999999 0.649645390625 0.8138297874999999 0.614184396875
0 0.8102836874999999 0.609929078125 0.8191489359374999 0.59574468125 0.8191489359374999 0.5645390078125 0.7996453906250001 0.5631205671874999 0.297872340625 0.6368794328125 0.297872340625 0.6865248234375 0.37234042500000003 0.6794326234375 0.41489361718750006 0.6680851062500001 0.8102836874999999 0.609929078125
0 0.8209219859375001 0.5560283687500001 0.8226950359374999 0.521985815625 0.3014184390625 0.5872340421875 0.299645390625 0.629787234375 0.3794326234375 0.6226950359375001 0.8102836874999999 0.5617021281250001 0.8209219859375001 0.5560283687500001
0 0.8244680843750001 0.51631205625 0.828014184375 0.46808510625000005 0.7393617015625 0.47234042499999995 0.3014184390625 0.526241134375 0.297872340625 0.5787234046874999 0.3014184390625 0.5843971625 0.3138297875 0.5843971625 0.8244680843750001 0.51631205625
0 0.8156028375 0.46524822656250003 0.8333333328125001 0.458156028125 0.8351063828124999 0.4156028375 0.8297872343750001 0.40851063906249996 0.8120567375000001 0.40992907812499996 0.299645390625 0.46666666718750005 0.297872340625 0.5234042546875 0.3031914890625 0.5248226953125 0.609929078125 0.48510638281249996 0.8156028375 0.46524822656250003
0 0.8333333328125001 0.40425531875000004 0.8386524828124999 0.3631205671875 0.769503546875 0.361702128125 0.6631205671875 0.3787234046875 0.622340425 0.3773049640625 0.3014184390625 0.40992907812499996 0.297872340625 0.462411346875 0.3049645390625 0.46382978750000003 0.828014184375 0.40567375937500005 0.8333333328125001 0.40425531875000004
0 0.841376146875 0.3042108640625 0.2964553296875 0.35935914375 0.29743364843750003 0.40870165468749997 0.8381889515625 0.3543324546875 0.841376146875 0.3042108640625
0 0.8095045187500001 0.6979667421875 0.2951271234375 0.7833221765625 0.301683215625 0.8364382578124999 0.8126917140625001 0.7446902609375 0.8095045187500001 0.6979667421875
0 0.8652482265625 0.7163120562499999 0.9113475171875001 0.3092198578125 0.9078014187500001 0.2992907796875 0.84397163125 0.30780141875 0.8226950359374999 0.575886525 0.8138297874999999 0.69219858125 0.8209219859375001 0.74042553125 0.859929078125 0.73191489375 0.8652482265625 0.7163120562499999
0 0.918439715625 0.28936170156249996 0.9131205671875 0.297872340625 0.877659575 0.5843971625 0.8670212765624999 0.727659575 0.918439715625 0.7191489359375 0.9663120562499999 0.282269503125 0.918439715625 0.28936170156249996
0 0.99822695 0.5631205671874999 0.99822695 0.28085106406250004 0.9769503546875 0.282269503125 0.9698581562499999 0.2950354609375 0.921985815625 0.69219858125 0.921985815625 0.717730496875 0.9539007093749999 0.7148936171875 0.980496453125 0.7049645390625 0.99822695 0.5631205671874999