0 0.0673758859375 0.627659575 0.0638297875 0.5704787234375 0.0691489359375 0.559840425 0.0691489359375 0.12367021250000002 0.0567375890625 0.106382978125 0.00177305 0.08776595781249999 0 0.9986702125000001 0.0620567375 0.9986702125000001 0.0602836875 0.6702792546875 0.0673758859375 0.627659575
0 0.08333333281250001 0.7898936171875001 0.0709219859375 0.9148936171875001 0.07801418437499999 0.9986702125000001 0.235815603125 0.9986702125000001 0.23936170156249997 0.1795212765625 0.2251773046875 0.170212765625 0.1028368796875 0.13430851093750001 0.0868794328125 0.13430851093750001 0.07624113437499999 0.14627659531249998 0.0726950359375 0.6343085109375 0.07624113437499999 0.684840425 0.081560284375 0.6875 0.07801418437499999 0.77792553125 0.08333333281250001 0.7898936171875001
0 0.3226950359375 0.9760638296874999 0.329787234375 0.96675531875 0.3351063828125 0.23005319218750003 0.328014184375 0.204787234375 0.25531914843750003 0.1808510640625 0.2429078015625 0.1821808515625 0.23936170156249997 0.2127659578125 0.237588653125 0.981382978125 0.24113475156250003 0.9986702125000001 0.27482269531250003 0.9986702125000001 0.3226950359375 0.9760638296874999
0 0.4166666671875 0.3218085109375 0.40248226875000004 0.295212765625 0.40425531875000004 0.2593085109375 0.388297871875 0.24734042500000003 0.3546099296875 0.236702128125 0.34751773125 0.22872340468750002 0.3368794328125 0.2260638296875 0.3333333328125 0.231382978125 0.3333333328125 0.950797871875 0.41489361718750006 0.90292553125 0.41843971562500004 0.497340425 0.4166666671875 0.3218085109375
0 0.48226950312500005 0.875 0.485815603125 0.40292553125 0.484042553125 0.26994680781249997 0.47695035468749997 0.263297871875 0.4379432625 0.2513297875 0.41843971562500004 0.25531914843750003 0.4166666671875 0.8896276593750001 0.425531915625 0.90425531875 0.4734042546875 0.8896276593750001 0.48226950312500005 0.875
0 0.5407801421875 0.8510638296874999 0.5425531921875 0.3045212765625 0.5390070921875 0.28324468125 0.4964539 0.26861702187500003 0.484042553125 0.26994680781249997 0.484042553125 0.8763297874999999 0.4893617015625 0.877659575 0.53191489375 0.861702128125 0.5407801421875 0.8510638296874999
0 0.606382978125 0.3683510640625 0.6046099296875 0.3204787234375 0.59397163125 0.3138297875 0.5531914890625 0.3058510640625 0.544326240625 0.3138297875 0.5425531921875 0.84175531875 0.5585106390625 0.84707446875 0.606382978125 0.825797871875 0.606382978125 0.3683510640625
0 0.609929078125 0.8191489359374999 0.6205673765624999 0.8218085109375 0.6489361703125 0.809840425 0.65248226875 0.8031914890625 0.65248226875 0.34441489375 0.6489361703125 0.3138297875 0.622340425 0.30718085156249997 0.59397163125 0.3085106390625 0.5886524828125 0.30984042500000003 0.5992907796875 0.31515957499999997 0.606382978125 0.328679078125 0.609929078125 0.8191489359374999
0 0.7074468078125 0.328457446875 0.6968085109375 0.3204787234375 0.65425531875 0.31515957499999997 0.65425531875 0.8045212765624999 0.6613475171875 0.8071808515625 0.702127659375 0.7872340421875 0.7074468078125 0.328457446875
0 0.7570921984375001 0.7726063828124999 0.7553191484374999 0.3337765953125 0.7127659578125 0.325797871875 0.7074468078125 0.3364361703125 0.703900709375 0.77925531875 0.7074468078125 0.7859042546875 0.7287234046875 0.7898936171875001 0.7570921984375001 0.7726063828124999
0 0.7588652484375 0.6010638296875 0.7588652484375 0.764627659375 0.762411346875 0.7739361703125 0.78191489375 0.7765957453125 0.8120567375000001 0.7593085109375 0.8138297874999999 0.34707446875 0.8102836874999999 0.34042553125 0.7925531921875 0.3337765953125 0.7588652484375 0.3364361703125 0.7570921984375001 0.53324468125 0.7588652484375 0.5890957453125 0.764184396875 0.59042553125 0.7588652484375 0.6010638296875