0 0.9738134203125 0.09980039843750001 0.8483360609374999 0.0967296171875 0.8374249859375 0.26255181875 0.9506273859375 0.2648549046875 0.9738134203125 0.09980039843750001
0 0.8483360609374999 0.0951942265625 0.76923076875 0.095961921875 0.7460447359375 0.4130201140625 0.8237861437499999 0.41455550468749996 0.8483360609374999 0.0951942265625
0 0.6914893609375 0.41225241874999996 0.7433169656249999 0.41225241874999996 0.7528641578124999 0.1305082140625 0.7051282062500001 0.1312759109375 0.6914893609375 0.41225241874999996
0 0.45008183281249997 0.0875172734375 0.3436988546875 0.086749578125 0.3505182765625 0.41609089531250004 0.44599018125 0.41609089531250004 0.45008183281249997 0.0875172734375
0 0.5946535734375 0.410717028125 0.63147845 0.4099493328125 0.6342062203125 0.10901274375 0.60692853125 0.1113158296875 0.5946535734375 0.410717028125
0 0.7037643203124999 0.10594196250000001 0.6396617578125 0.1051742671875 0.6260229125000001 0.4099493328125 0.6901254765625 0.410717028125 0.7037643203124999 0.10594196250000001
0 0.5864702671875001 0.1642868109375 0.522367703125 0.16351911562500002 0.525095471875 0.41225241874999996 0.5851063828124999 0.41225241874999996 0.5864702671875001 0.1642868109375
0 0.3382433171875 0.0921234453125 0.2645935625 0.09135575 0.276868521875 0.3661906953125 0.340971084375 0.37156456250000003 0.3382433171875 0.0921234453125
0 0.20594653593749998 0.10287118125000001 0.150027278125 0.101335790625 0.1623022375 0.3677260859375 0.2100381875 0.3661906953125 0.20594653593749998 0.10287118125000001
0 0.0163666109375 0.0859818828125 0.0027277687500000002 0.0859818828125 0.015002726562499999 0.381544603125 0.040916529687499995 0.381544603125 0.0163666109375 0.0859818828125
0 0.10365520937499999 0.1197604796875 0.051827604687499994 0.12206356562500001 0.10911074843749999 0.375403040625 0.152755046875 0.3661906953125 0.10365520937499999 0.1197604796875
0 0.4859375 0.26875 0.05703125 0.2828125
0 0.0234375 0.61640625 0.046875 0.1359375
0 0.07734375 0.60625 0.04609375 0.15234375
0 0.115625 0.66640625 0.0171875 0.17890625
0 0.15625 0.66953125 0.059375 0.2421875
0 0.21015625 0.6671875 0.0484375 0.24453125
0 0.259375 0.665625 0.04921875 0.24453125
0 0.321118990625 0.6548015078125 0.323089046875 0.673098246875 0.7387706859375001 0.6531381671875 0.735815603125 0.635950321875 0.321118990625 0.6548015078125
0 0.349684790625 0.6215347078125 0.349684790625 0.64260368125 0.7299054375 0.633732534375 0.7318754921874999 0.6143269015625 0.349684790625 0.6215347078125
0 0.31126871562499997 0.602683521875 0.3122537421875 0.6215347078125 0.723995271875 0.6148813484375 0.7230102453125 0.5960301609374999 0.31126871562499997 0.602683521875
0 0.30240346875 0.577733421875 0.30240346875 0.60323796875 0.7397557124999999 0.595475715625 0.7387706859375001 0.5727434015624999 0.30240346875 0.577733421875
0 0.2974783296875 0.7679086265625 0.30535855 0.7889776015625001 0.7476359343750001 0.7773342203125 0.74665090625 0.757374140625 0.2974783296875 0.7679086265625
0 0.3083136328125 0.7268795734375 0.3083136328125 0.7612552671875 0.7525610703125001 0.7457307609375 0.7555161546875 0.71745398125 0.3083136328125 0.7268795734375
0 0.2856579984375 0.7080283875 0.287628053125 0.7285429140625 0.78014184375 0.7163450874999999 0.781126871875 0.6980483468750001 0.2856579984375 0.7080283875
0 0.2974783296875 0.6875138609375 0.299448384375 0.7024839218750001 0.73286051875 0.6991572421875001 0.73286051875 0.685296075 0.2974783296875 0.6875138609375
0 0.849093775 0.5178531828125 0.7880220640625 0.5178531828125 0.7742316796875001 0.781215346875 0.8343183609375 0.781215346875 0.849093775 0.5178531828125