0 0.653125 0.2359375 0.07578125 0.3875
0 0.74609375 0.2328125 0.09375 0.38828125
0 0.5484375 0.23515625 0.12421875 0.38359375
0 0.4328125 0.23515625 0.1015625 0.38828125
0 0.34921875 0.23515625 0.06328125 0.3859375
0 0.8561296859375 0.0383337578125 0.802938196875 0.0383337578125 0.787740628125 0.42806031093749997 0.8409321171874999 0.42806031093749997 0.8561296859375 0.0383337578125
0 0.8421985812499999 0.429338103125 0.8966565359375 0.429338103125 0.9156534953125 0.0396115515625 0.8561296859375 0.04088934375 0.8421985812499999 0.429338103125
0 0.9815096265625 0.0383337578125 0.9194528890625 0.0345003828125 0.8979229984374999 0.429338103125 0.9587132734375 0.429338103125 0.9815096265625 0.0383337578125
0 0.4828125 0.7953125 0.06328125 0.3703125
0 0.54609375 0.79765625 0.06015625 0.36796875
0 0.41328125 0.79453125 0.06875 0.365625
0 0.60078125 0.79765625 0.03984375 0.36328125
0 0.65859375 0.796875 0.065625 0.36640625
0 0.3265625 0.79375 0.09765625 0.36484375
0 0.24765625 0.79765625 0.05 0.35234375
0 0.72890625 0.79765625 0.06796875 0.3703125
0 0.10546875 0.7953125 0.06953125 0.3625
0 0.1828125 0.796875 0.0796875 0.35703125
0 0.84441489375 0.6149373875 0.763519503125 0.6149373875 0.764627659375 0.982781753125 0.8377659578125 0.9850178890624999 0.84441489375 0.6149373875
0 0.8421985812499999 0.9771914125000001 0.8964982265625 0.9760733453125001 0.9009308515625 0.610465115625 0.8488475171875001 0.6138193203125 0.8421985812499999 0.9771914125000001
0 0.9618794328125 0.6115831843749999 0.9086879437500001 0.610465115625 0.8987145390625001 0.9816636843750001 0.950797871875 0.9805456171875001 0.9618794328125 0.6115831843749999