0 0.9442934781250001 0.1155063296875 0.9456521734375001 0.07120253125 0.9415760875 0.0672468359375 0.92391304375 0.06566455624999999 0.0720108703125 0.058544303124999995 0.0665760875 0.075158228125 0.0665760875 0.11629746875 0.0951086953125 0.1202531640625 0.9347826093749999 0.1313291140625 0.9442934781250001 0.1155063296875
0 0.9279891296875 0.030063290625 0.9157608703125 0.026898734375 0.48505434843749995 0.021360759375 0.4103260875 0.0174050640625 0.3586956515625 0.01977848125 0.0706521734375 0.0166139234375 0.0720108703125 0.056962025000000006 0.9211956515624999 0.064082278125 0.9279891296875 0.0506329109375 0.9279891296875 0.030063290625
0 0.9116847828125 0.1795886078125 0.9144021734375001 0.146624471875 0.926630434375 0.13370253125 0.92391304375 0.130537975 0.9089673906250001 0.1297468359375 0.6875 0.1273734171875 0.684782609375 0.125 0.40760869531250005 0.125 0.08016304375 0.121044303125 0.069293478125 0.1186708859375 0.059782609375 0.12183544375 0.055706521875000005 0.137658228125 0.0543478265625 0.16376582343749999 0.059782609375 0.1724683546875 0.8994565218749999 0.181962025 0.9116847828125 0.1795886078125
0 0.5171875 0.2375 0.96015625 0.11875
0 0.0353260875 0.760284809375 0.0353260875 0.5941455703125 0.042119565625 0.44857595000000006 0.0434782609375 0.3132911390625 0.0366847828125 0.3006329109375 0.0081521734375 0.2990506328125 0 0.2990506328125 0.002717390625 0.77531645625 0.03125 0.7729430374999999 0.0353260875 0.760284809375
0 0.04483695625 0.77531645625 0.09918478281250001 0.7761075953125001 0.118206521875 0.771360759375 0.12228260937499999 0.751582278125 0.131793478125 0.30379746875 0.11684782656249999 0.299841771875 0.051630434375 0.299841771875 0.0475543484375 0.319620253125 0.0394021734375 0.685917721875 0.0366847828125 0.75641701875 0.03125 0.768196203125 0.04483695625 0.77531645625
0 0.1997282609375 0.7705696203125 0.2024456515625 0.7492088609375 0.2133152171875 0.521360759375 0.21603260937500002 0.30617088593749997 0.1929347828125 0.30300632968749996 0.1372282609375 0.30379746875 0.13315217343750002 0.33227848125000004 0.12228260937499999 0.771360759375 0.1372282609375 0.7745253171875001 0.184782609375 0.7737341765625 0.1997282609375 0.7705696203125
0 0.25 0.7476265828125 0.25951087031250003 0.5174050640625001 0.2622282609375 0.30617088593749997 0.25951087031250003 0.30142405 0.23913043437499998 0.2990506328125 0.2241847828125 0.3006329109375 0.21603260937500002 0.30617088593749997 0.2133152171875 0.568037975 0.2038043484375 0.6969936703124999 0.2024456515625 0.771360759375 0.20923912968749997 0.7745253171875001 0.2445652171875 0.7737341765625 0.25 0.7476265828125
0 0.341032609375 0.76977848125 0.34375 0.717563290625 0.35190217343749997 0.7009493671875 0.3600543484375 0.4738924046875 0.3586956515625 0.367879746875 0.364130434375 0.30933544375 0.3586956515625 0.305379746875 0.346467390625 0.30379746875 0.2771739125 0.302215190625 0.26358695625 0.30617088593749997 0.2513586953125 0.66772151875 0.25 0.771360759375 0.25951087031250003 0.7737341765625 0.332880434375 0.7745253171875001 0.341032609375 0.76977848125
0 0.4415760875 0.7761075953125001 0.45244565156250005 0.771360759375 0.45108695625 0.6756329109375 0.461956521875 0.3866033765625 0.4646739125 0.328322784375 0.47010869531250005 0.30933544375 0.45516304375 0.30300632968749996 0.372282609375 0.302215190625 0.368206521875 0.32357595 0.364130434375 0.55379746875 0.350543478125 0.7737341765625 0.3627717390625 0.7761075953125001 0.4415760875 0.7761075953125001
0 0.5951086953125 0.7721518984375 0.596467390625 0.6099683546875 0.61141304375 0.34968354375 0.61141304375 0.3125 0.6032608703125 0.30617088593749997 0.533967390625 0.30379746875 0.4741847828125 0.30617088593749997 0.46875 0.4153481015625 0.45652173906250004 0.7721518984375 0.46739130468749995 0.7761075953125001 0.5883152171875 0.776898734375 0.5951086953125 0.7721518984375
0 0.680706521875 0.7721518984375 0.6834239125 0.7674050640625001 0.6861413046875 0.5387658234375 0.6970108703125 0.3362341765625 0.6929347828125 0.314082278125 0.6195652171875 0.314082278125 0.6127717390625 0.41297468281249994 0.600543478125 0.7674050640625001 0.60733695625 0.7745253171875001 0.6657608703125 0.7745253171875001 0.680706521875 0.7721518984375
0 0.73641304375 0.7721518984375 0.7486413046875 0.356803796875 0.7486413046875 0.32199367031250004 0.7404891296875 0.319620253125 0.70108695625 0.31882911406250003 0.698369565625 0.3259493671875 0.6875 0.6170886078125 0.684782609375 0.7729430374999999 0.694293478125 0.7761075953125001 0.7309782609375 0.7761075953125001 0.73641304375 0.7721518984375
0 0.8315217390624999 0.7737341765625 0.8355978265624999 0.7579113921875 0.8464673906250001 0.3401898734375 0.8464673906250001 0.32199367031250004 0.8369565218749999 0.319620253125 0.7581521734375001 0.31882911406250003 0.752717390625 0.3259493671875 0.739130434375 0.689082278125 0.7377717390625 0.768196203125 0.7418478265624999 0.7729430374999999 0.747282609375 0.77531645625 0.8315217390624999 0.7737341765625
0 0.9089673906250001 0.760284809375 0.9184782609375001 0.3544303796875 0.9184782609375001 0.3291139234375 0.9116847828125 0.32120253125 0.8505434781250001 0.32199367031250004 0.8423913046875 0.507120253125 0.8355978265624999 0.771360759375 0.8410326093749999 0.776898734375 0.9035326093749999 0.7776898734375 0.9089673906250001 0.760284809375
0 0.979619565625 0.7776898734375 0.98233695625 0.7674050640625001 0.9945652171875 0.3473101265625 0.9945652171875 0.32120253125 0.9904891296875 0.31882911406250003 0.9375 0.31882911406250003 0.92391304375 0.32199367031250004 0.9184782609375001 0.4612341765625 0.9130434781250001 0.7729430374999999 0.92391304375 0.780063290625 0.96875 0.780063290625 0.979619565625 0.7776898734375
0 0.48125 0.95546875 0.825 0.03515625
0 0.48515625 0.92265625 0.81484375 0.02578125
0 0.4859375 0.89140625 0.78671875 0.03046875