0 0 0.143617021875 0.8492907796875 0.142287234375 0.8634751765625 0.139627659375 0.8670212765624999 0.12632978749999998 0.8670212765624999 0.09042553125 0.859929078125 0.079787234375 0.0248226953125 0.0890957453125 0 0.09042553125 0 0.143617021875
0 0 0.20345744687499998 0.0053191484375 0.204787234375 0.872340425 0.204787234375 0.8865248234375 0.19680851093750001 0.8865248234375 0.1515957453125 0.861702128125 0.1449468078125 0.0088652484375 0.1449468078125 0 0.14627659531249998 0 0.20345744687499998
0 0 0.30718085156249997 0.9007092203125 0.3085106390625 0.9166666671874999 0.3018617015625 0.9148936171875001 0.2247340421875 0.9078014187500001 0.2101063828125 0.8847517734375 0.20744680781249997 0 0.20744680781249997 0 0.30718085156249997
0 0 0.37765957499999997 0.4308510640625 0.38031914843750003 0.90248226875 0.3736702125 0.9078014187500001 0.3656914890625 0.9202127656249999 0.3643617015625 0.921985815625 0.3510638296875 0.918439715625 0.30984042500000003 0.1489361703125 0.30984042500000003 0 0.3111702125 0 0.37765957499999997
0 0.861702128125 0.452127659375 0.84397163125 0.48138297812499997 0.872340425 0.482712765625 0.872340425 0.4574468078125 0.891843971875 0.4281914890625 0.888297871875 0.3763297875 0.0035461 0.392287234375 0 0.4481382984375 0.0053191484375 0.452127659375 0.856382978125 0.4428191484375 0.861702128125 0.452127659375
0 0 0.53058510625 0.3847517734375 0.5265957453125 0.8333333328125001 0.52925531875 0.8386524828124999 0.5226063828124999 0.8386524828124999 0.4640957453125 0.8368794328125 0.450797871875 0.8297872343750001 0.4468085109375 0.0514184390625 0.45611702187500003 0 0.4574468078125 0 0.53058510625
0 0.96808510625 0.622340425 0.9645390078125 0.547872340625 0.9574468078124999 0.53324468125 0.7848699765625 0.5372340421875 0.40780141875 0.53058510625 0.0053191484375 0.53191489375 0 0.53324468125 0.00177305 0.627659575 0.9627659578125 0.627659575 0.96808510625 0.622340425
0 0.99822695 0.6369680843750001 0.980496453125 0.6316489359374999 0.0035461 0.6329787234375 0 0.731382978125 0.0053191484375 0.732712765625 0.99822695 0.734042553125 0.99822695 0.6369680843750001
0 0 0.8071808515625 0.1843971625 0.809840425 0.99822695 0.8018617015625 0.9946808515625 0.7393617015625 0.049645390625 0.736702128125 0 0.7380319156249999 0 0.8071808515625
0 0.99822695 0.809840425 0.9822695031249999 0.8071808515625 0.4397163125 0.8085106390625001 0.15248226874999998 0.8178191484375 0.00177305 0.8138297874999999 0 0.8696808515625 0.017730496875 0.8710106390625001 0.99822695 0.8643617015625 0.99822695 0.809840425
0 0 0.940159575 0.0053191484375 0.9414893609374999 0.99822695 0.9361702125000001 0.9946808515625 0.8710106390625001 0.0053191484375 0.872340425 0 0.8736702125000001 0 0.940159575
0 0 0.9986702125000001 0.99822695 0.9986702125000001 0.9964539 0.9428191484375 0.0053191484375 0.9481382984375 0 0.9494680843750001 0 0.9986702125000001