0 0.94609375 0.134375 0.05078125 0.15234375
0 0.85859375 0.16015625 0.06796875 0.234375
0 0.9197695031249999 0.061465720312500007 0.8916962187499999 0.0602836875 0.8939125296875 0.2789598109375 0.9153368796875 0.2795508265625 0.9197695031249999 0.061465720312500007
0 0.8096926718749999 0.0791962171875 0.7513297875 0.0774231671875 0.7565011828125 0.2807328609375 0.811908984375 0.2771867609375 0.8096926718749999 0.0791962171875
0 0.6959219859375 0.2795508265625 0.7513297875 0.28014184375 0.748374703125 0.079787234375 0.6944444453124999 0.07801418437499999 0.6959219859375 0.2795508265625
0 0.6914893609375 0.0774231671875 0.626477540625 0.0750591015625 0.625 0.27836879375 0.6914893609375 0.27836879375 0.6914893609375 0.0774231671875
0 0.5732860515625 0.27836879375 0.6176122921875 0.2789598109375 0.6161347515625 0.07624113437499999 0.5695921984375001 0.0750591015625 0.5732860515625 0.27836879375
0 0.5695921984375001 0.0726950359375 0.518617021875 0.071513003125 0.51787825 0.2765957453125 0.5695921984375001 0.2771867609375 0.5695921984375001 0.0726950359375
0 0.469119384375 0.2765957453125 0.51270685625 0.276004728125 0.5112293140624999 0.071513003125 0.46542553125 0.0709219859375 0.469119384375 0.2765957453125
0 0.45951536718749997 0.067966903125 0.42036051875 0.06678486875 0.42036051875 0.27482269531250003 0.458037825 0.276004728125 0.45951536718749997 0.067966903125
0 0.3797281328125 0.274231678125 0.4166666671875 0.27482269531250003 0.4174054375 0.0650118203125 0.3812056734375 0.0638297875 0.3797281328125 0.274231678125
0 0.376034278125 0.0632387703125 0.344267140625 0.0626477546875 0.342789596875 0.27364066249999996 0.37234042500000003 0.27364066249999996 0.376034278125 0.0632387703125
0 0.30289598125 0.272458628125 0.34131205625 0.2730496453125 0.34131205625 0.0626477546875 0.3014184390625 0.0620567375 0.30289598125 0.272458628125
0 0.0864361703125 0.0472813234375 0.046542553125000004 0.0466903078125 0.051713948437500004 0.26359337968749996 0.089391253125 0.264184396875 0.0864361703125 0.0472813234375
0 0.30067966875 0.0585106390625 0.2334515375 0.0567375890625 0.2334515375 0.270685578125 0.2999408984375 0.2712765953125 0.30067966875 0.0585106390625
0 0.231235225 0.055555556250000006 0.203900709375 0.0549645390625 0.20833333281250002 0.269503546875 0.2297576828125 0.2689125296875 0.231235225 0.055555556250000006
0 0.20242316875 0.0549645390625 0.1433215125 0.052009456249999995 0.1447990546875 0.2671394796875 0.20463948125 0.267730496875 0.20242316875 0.0549645390625
0 0.092346334375 0.2665484640625 0.1425827421875 0.267730496875 0.13888888906250002 0.0531914890625 0.0879137109375 0.0508274234375 0.092346334375 0.2665484640625
0 0.93203125 0.49375 0.03984375 0.1890625
0 0.896875 0.49609375 0.02578125 0.1859375
0 0.79609375 0.496875 0.02421875 0.18984375
0 0.821875 0.49609375 0.02265625 0.18984375
0 0.84453125 0.49375 0.0203125 0.1921875
0 0.86953125 0.49375 0.0234375 0.18984375
0 0.76796875 0.496875 0.025 0.18984375
0 0.740625 0.49453125 0.0265625 0.196875
0 0.71171875 0.49453125 0.025 0.1984375
0 0.6859375 0.49609375 0.02578125 0.19609375
0 0.65859375 0.4984375 0.0234375 0.1921875
0 0.63203125 0.49921875 0.0234375 0.19375
0 0.584375 0.49921875 0.01875 0.19375
0 0.60546875 0.5 0.02265625 0.19453125
0 0.49140625 0.5 0.025 0.19765625
0 0.51328125 0.5 0.01796875 0.19453125
0 0.53359375 0.5 0.01796875 0.196875
0 0.559375 0.5 0.028125 0.19609375
0 0.46328125 0.5 0.0234375 0.1984375
0 0.38515625 0.5015625 0.0234375 0.19765625
0 0.4078125 0.49921875 0.0203125 0.1984375
0 0.434375 0.49921875 0.02421875 0.196875
0 0.35546875 0.496875 0.0328125 0.20859375
0 0.325 0.49765625 0.02890625 0.20859375
0 0.29375 0.4984375 0.02890625 0.20625
0 0.259375 0.5 0.03515625 0.21015625
0 0.2265625 0.50078125 0.02578125 0.20390625
0 0.19609375 0.49765625 0.02578125 0.21171875
0 0.1640625 0.49765625 0.03046875 0.21328125
0 0.13125 0.50078125 0.03046875 0.20625
0 0.10234375 0.5015625 0.02578125 0.20546875
0 0.0703125 0.49765625 0.03984375 0.21484375
0 0.2565011828125 0.7513002375 0.2281323890625 0.7531914890625 0.222222221875 0.975886525 0.2470449171875 0.973995271875 0.2565011828125 0.7513002375
0 0.052009456249999995 0.9867612296875 0.0969267140625 0.982033096875 0.098995271875 0.732269503125 0.0531914890625 0.7328605203125 0.052009456249999995 0.9867612296875
0 0.21867612187500002 0.75602836875 0.18144207968749998 0.7569739953125 0.17730496406250001 0.975886525 0.213947990625 0.973995271875 0.21867612187500002 0.75602836875
0 0.13888888906250002 0.98014184375 0.17434988125 0.9768321515625 0.17612293125 0.7569739953125 0.14302600468749999 0.7588652484375 0.13888888906250002 0.98014184375
0 0.138297871875 0.7593380609375 0.10401891249999999 0.7607565000000001 0.1022458640625 0.9810874703125 0.1341607578125 0.98014184375 0.138297871875 0.7593380609375
0 0.54593435625 0.83621969375 0.5471713671875 0.861289790625 0.7888009234375 0.852713178125 0.7867392375 0.828632690625 0.54593435625 0.83621969375
0 0.547996040625 0.8645884875000001 0.548820715625 0.8972455890625 0.7904502718749999 0.8876793656249999 0.7888009234375 0.8566716140624999 0.547996040625 0.8645884875000001
0 0.5496453906250001 0.9272637312500001 0.5500577265625 0.9503546093749999 0.79457364375 0.9401286499999999 0.79457364375 0.9167078999999999 0.5496453906250001 0.9272637312500001
0 0.548820715625 0.8982351968750001 0.549233053125 0.9252845125 0.7925119578125 0.9153884218749999 0.7920996203125 0.891967671875 0.548820715625 0.8982351968750001
0 0.9923537234375001 0.736702128125 0.95135195 0.7371453906250001 0.95135195 0.9326241140624999 0.9923537234375001 0.9299645390625001 0.9923537234375001 0.736702128125
0 0.928125 0.83515625 0.034375 0.19765625
0 0.903701240625 0.736702128125 0.8710106390625001 0.737588653125 0.8771054968750001 0.9361702125000001 0.9086879437500001 0.9343971625 0.903701240625 0.736702128125
0 0.827792553125 0.93927305 0.8699024828124999 0.9388297874999999 0.8660239359374999 0.7420212765625 0.8239140078125 0.7429078015624999 0.827792553125 0.93927305
0 0.8205895390625001 0.7415780140625 0.7973182624999999 0.7433510640625001 0.8050753546875 0.9432624109375001 0.825576240625 0.9419326234375 0.8205895390625001 0.7415780140625