1 0.6258865250000001 0.8550531921875001 0.668439715625 0.856382978125 0.7109929078125 0.8244680843750001 0.7163120562499999 0.763297871875 0.7109929078125 0.7446808515625001 0.7003546093749999 0.735372340625 0.6861702125 0.734042553125 0.5496453906250001 0.7619680843750001 0.5230496453125 0.77792553125 0.5265957453125 0.8537234046875 0.5496453906250001 0.872340425 0.5833333328125 0.8683510640625001 0.6258865250000001 0.8550531921875001
4 0.46985815625000005 0.4281914890625 0.4609929078125 0.4335106390625 0.5567375890624999 0.674202128125 0.5620567375000001 0.731382978125 0.5709219859375 0.7553191484374999 0.6258865250000001 0.7486702125 0.673758865625 0.735372340625 0.703900709375 0.734042553125 0.7127659578125 0.71675531875 0.7127659578125 0.53058510625 0.705673759375 0.5066489359374999 0.6914893609375 0.4986702125 0.6914893609375 0.4920212765625 0.7251773046875 0.48138297812499997 0.769503546875 0.4574468078125 0.764184396875 0.3976063828125 0.7748226953125 0.3816489359375 0.7748226953125 0.3670212765625 0.762411346875 0.359042553125 0.7393617015625 0.3656914890625 0.7269503546875 0.3510638296875 0.7003546093749999 0.3364361703125 0.65780141875 0.34308510625 0.6489361703125 0.3390957453125 0.6312056734375 0.34175531875 0.622340425 0.328457446875 0.6028368796875 0.328457446875 0.579787234375 0.3364361703125 0.5673758859375 0.328457446875 0.5549645390625 0.329787234375 0.5106382984375 0.35638297812499997 0.49290780156249997 0.3523936171875 0.46985815625000005 0.3656914890625 0.47517730468749997 0.38696808437499997 0.5035461 0.4308510640625 0.49290780156249997 0.4335106390625 0.46985815625000005 0.4281914890625
0 0.56782481875 0.7541871625 0.5587818671875 0.732155209375 0.23100949062499998 0.869253353125 0.234744028125 0.8999370234375 0.520349484375 0.7767840500000001 0.56782481875 0.7541871625
0 0.5550139859375001 0.6958372859375 0.243257140625 0.8106059562500001 0.2543370015625 0.8574049453124999 0.5602890546875 0.7291677 0.5550139859375001 0.6958372859375
0 0.5497389734375 0.6718130515625 0.2328937453125 0.7752761984375 0.23926547343750001 0.807959225 0.552753290625 0.694409928125 0.5497389734375 0.6718130515625
0 0.5504925390625 0.635199378125 0.2328937453125 0.7307607046875 0.23851190937500003 0.7702157125 0.5572747375 0.6657051578125001 0.5504925390625 0.635199378125
0 0.5497389734375 0.5991329390625 0.2272409828125 0.6918979703125 0.22946901562500002 0.7301947953125 0.5572747375 0.630768546875 0.5497389734375 0.5991329390625
0 0.5429567750000001 0.5635428421875 0.22535672812500002 0.632543978125 0.23097614531250002 0.6787869093750001 0.5467246578125 0.601392603125 0.5429567750000001 0.5635428421875
0 0.520349484375 0.7841280312500001 0.2357201234375 0.9144754421875 0.24303335625 0.9434360140625 0.52110305 0.81293905 0.520349484375 0.7841280312500001
0 0.7625 0.67421875 0.04296875 0.27890625
0 0.81015625 0.67421875 0.0359375 0.28046875
0 0.87578125 0.67734375 0.03515625 0.26796875
0 0.921875 0.68203125 0.0390625 0.259375