0 0.50625 0.0828125 0.82421875 0.09140625
0 0.2828125 0.51796875 0.0421875 0.59921875
0 0.32890625 0.51640625 0.03515625 0.6015625
0 0.257774140625 0.21992635 0.18957992343750002 0.21992635 0.1759410796875 0.815261865625 0.2509547203125 0.8173076921875 0.257774140625 0.21992635
0 0.17866885 0.237315875 0.098199671875 0.2383387890625 0.0859247125 0.8142389515625 0.1718494265625 0.8142389515625 0.17866885 0.237315875
0 0.010911075000000001 0.8162847796875001 0.08183306093750001 0.8173076921875 0.09410801875 0.2209492640625 0.0272776859375 0.2189034375 0.010911075000000001 0.8162847796875001
0 0.41462084062500004 0.157528640625 0.3627932359375 0.15650572812500002 0.3491543921875 0.8203764328125001 0.41462084062500004 0.8213993453124999 0.41462084062500004 0.157528640625
0 0.4214402625 0.8213993453124999 0.48145117343750005 0.8213993453124999 0.48145117343750005 0.1544599015625 0.42825968437500006 0.1544599015625 0.4214402625 0.8213993453124999
0 0.676486634375 0.1544599015625 0.4991816703125 0.15650572812500002 0.489634478125 0.8193535187500001 0.6778505171875 0.823445171875 0.676486634375 0.1544599015625
0 0.6969448984375 0.8203764328125001 0.8565193671875001 0.8203764328125001 0.8537915999999999 0.15957446875 0.7051282062500001 0.15957446875 0.6969448984375 0.8203764328125001
0 0.921985815625 0.1616202953125 0.8633387890625001 0.1616202953125 0.8647026734375001 0.8203764328125001 0.92607746875 0.8213993453124999 0.921985815625 0.1616202953125