2 0.12056737656250001 0.7539893609375 0.17907801406249998 0.7420212765625 0.1914893609375 0.7287234046875 0.1897163125 0.611702128125 0.1666666671875 0.6037234046875 0.122340425 0.6010638296875 0.0620567375 0.609042553125 0.03191489375 0.622340425 0.03014184375 0.639627659375 0.0549645390625 0.7433510640625001 0.0726950359375 0.752659575 0.12056737656250001 0.7539893609375
2 0.19326241093750002 0.6213430843750001 0.1950354609375 0.700797871875 0.230496453125 0.6968085109375 0.230496453125 0.579787234375 0.2127659578125 0.5678191484374999 0.19680851093750001 0.5678191484374999 0.15780141875 0.5704787234375 0.1294326234375 0.5864361703125 0.1294326234375 0.5997340421875 0.1666666671875 0.6023936171875001 0.18794326249999999 0.610372340625 0.19326241093750002 0.6213430843750001
2 0 0.72074468125 0.044326240625 0.71542553125 0.02836879375 0.6263297875 0.0372340421875 0.6170212765625 0.08333333281250001 0.5997340421875 0.0585106390625 0.5851063828124999 0.015957446875 0.5851063828124999 0 0.5864361703125 0 0.72074468125
0 0.423758865625 0.497340425 0.99822695 0.5039893609375 0.99822695 0.4441489359375 0.37234042500000003 0.4441489359375 0.232269503125 0.4388297875 0.22163120625000002 0.4428191484375 0.22163120625000002 0.4906914890625 0.232269503125 0.4986702125 0.40248226875000004 0.4933510640625 0.423758865625 0.497340425
0 0.99822695 0.3789893609375 0.25 0.38031914843750003 0.22695035468750002 0.3843085109375 0.22695035468750002 0.434840425 0.235815603125 0.4388297875 0.99822695 0.4414893609375 0.99822695 0.3789893609375
0 0.875886525 0.32446808437499997 0.32446808437499997 0.328457446875 0.3226950359375 0.37765957499999997 0.328014184375 0.3816489359375 0.877659575 0.3763297875 0.875886525 0.32446808437499997
0 0.547872340625 0.5851063828124999 0.99822695 0.5864361703125 0.99822695 0.5398936171875001 0.9911347515625 0.513297871875 0.9822695031249999 0.52792553125 0.9929078015625 0.53457446875 0.9645390078125 0.5398936171875001 0.5868794328125 0.5372340421875 0.24822695 0.5252659578125 0.24113475156250003 0.52925531875 0.235815603125 0.53457446875 0.235815603125 0.5744680843750001 0.2429078015625 0.577127659375 0.547872340625 0.5851063828124999
0 0.9946808515625 0.5093085109375 0.9202127656249999 0.5177304953124999 0.9148936171875001 0.5066489359374999 0.875886525 0.5053191484374999 0.235815603125 0.5 0.23404255312500002 0.515957446875 0.2429078015625 0.5252659578125 0.99822695 0.5398936171875001 0.9946808515625 0.5093085109375
0 0.99822695 0.6821808515625001 0.9929078015625 0.6808510640625001 0.25 0.6622340421875 0.23936170156249997 0.6755319156249999 0.24645389999999998 0.7566489359374999 0.99822695 0.767287234375 0.99822695 0.6821808515625001
0 0.99822695 0.6755319156249999 0.99822695 0.6303191484374999 0.235815603125 0.6210106390625 0.230496453125 0.625 0.230496453125 0.6489361703125 0.2429078015625 0.65824468125 0.99822695 0.6755319156249999
0 0.3652482265625 0.5824468078125 0.23936170156249997 0.5824468078125 0.23404255312500002 0.5864361703125 0.235815603125 0.622340425 0.99822695 0.6263297875 0.99822695 0.59042553125 0.3652482265625 0.5824468078125