0 0.9671428578124999 0.26923076875 0.9128571421875 0.26556776718749997 0.9157142859375 0.85714285625 0.9657142859375 0.8608058609375 0.9671428578124999 0.26923076875
0 0.8485714281250001 0.8644688640625 0.9157142859375 0.8626373609375 0.911428571875 0.2619047609375 0.86 0.258241759375 0.8485714281250001 0.8644688640625
0 0.6528571421875 0.8882783875 0.711428571875 0.8846153843750001 0.698571428125 0.239926740625 0.6428571421875 0.2344322328125 0.6528571421875 0.8882783875
0 0.7457142859375 0.252747253125 0.7 0.241758240625 0.711428571875 0.8846153843750001 0.7542857140625 0.8809523828125 0.7457142859375 0.252747253125
0 0.7542857140625 0.8736263750000001 0.8028571421875 0.875457875 0.7928571421874999 0.25641025625 0.7471428578125 0.252747253125 0.7542857140625 0.8736263750000001
0 0.841428571875 0.26923076875 0.7928571421874999 0.2637362640625 0.8042857140624999 0.8717948718749999 0.8400000000000001 0.8663003671875 0.841428571875 0.26923076875
0 0.6457142859375 0.23260073281250002 0.581428571875 0.22710622812499998 0.5842857140625 0.897435896875 0.651428571875 0.897435896875 0.6457142859375 0.23260073281250002
0 0.5171428578125 0.8956043953125 0.5842857140625 0.897435896875 0.5757142859375 0.2362637359375 0.51 0.23260073281250002 0.5171428578125 0.8956043953125
0 0.39714285781249997 0.9102564109375001 0.47000000000000003 0.9102564109375001 0.46285714218749996 0.21062271093749999 0.4 0.20512820468749998 0.39714285781249997 0.9102564109375001
0 0.5071428578125 0.2509157515625 0.46142857187499997 0.2362637359375 0.47000000000000003 0.9047619046875001 0.511428571875 0.902930403125 0.5071428578125 0.2509157515625
0 0.398571428125 0.21062271093749999 0.3542857140625 0.1959706953125 0.34857142812499997 0.9212454203125 0.39 0.9194139203124999 0.398571428125 0.21062271093749999
0 0.27714285781250003 0.9139194125 0.34571428593750003 0.9157509156250001 0.3542857140625 0.172161171875 0.29428571406250004 0.153846153125 0.27714285781250003 0.9139194125
0 0.288571428125 0.15567765625000002 0.2157142859375 0.14652014687499998 0.1957142859375 0.9304029312500001 0.2728571421875 0.926739925 0.288571428125 0.15567765625000002
0 0.12 0.9322344328125001 0.1928571421875 0.9285714281249999 0.2142857140625 0.1611721609375 0.15 0.14652014687499998 0.12 0.9322344328125001
0 0.1442857140625 0.1611721609375 0.0742857140625 0.14652014687499998 0.0457142859375 0.946886446875 0.1171428578125 0.9487179484375 0.1442857140625 0.1611721609375
0 0.038571428125 0.954212453125 0.071428571875 0.13736263906249999 0.021428571875 0.126373625 0.001428571875 0.474358975 0 0.9560439562499999 0.038571428125 0.954212453125