0 0.5591016546875001 0.489125609375 0.6205673765624999 0.5317354640625 0.84042553125 0.3710608078125 0.7907801421875 0.34442965000000003 0.5591016546875001 0.489125609375
0 0.5330969265625 0.4651575671875 0.5567375890624999 0.4775854421875 0.781323878125 0.341766534375 0.7576832140625 0.329338659375 0.5330969265625 0.4651575671875
0 0.49881796562499997 0.42964935625 0.5330969265625 0.455392809375 0.7470449171875 0.3275632484375 0.7127659578125 0.30714602812499997 0.49881796562499997 0.42964935625
0 0.46453900781249996 0.40568131406249996 0.49290780156249997 0.42077230312499997 0.7068557921874999 0.3053706171875 0.686761228125 0.2902796265625 0.46453900781249996 0.40568131406249996
0 0.4314420796875 0.37993786093750004 0.456264775 0.3994673765625 0.6784869984374999 0.2920550375 0.6513002359375 0.271637815625 0.4314420796875 0.37993786093750004
0 0.3959810875 0.36129605 0.421985815625 0.37727474375000003 0.6406619375 0.267199290625 0.621749409375 0.2521083 0.3959810875 0.36129605
0 0.36406619375 0.33732800625000003 0.390070921875 0.3577452296875 0.61229314375 0.2485574796875 0.5886524828125 0.2334664890625 0.36406619375 0.33732800625000003
0 0.3321513 0.3142476703125 0.3557919625 0.33288948125 0.5756501187499999 0.22991566875 0.557919621875 0.2166000890625 0.3321513 0.3142476703125
0 0.2895981078125 0.28850421718749997 0.32387706875 0.3115845546875 0.54846335625 0.2157123828125 0.5200945625 0.197070571875 0.2895981078125 0.28850421718749997
0 0.26004728125 0.267199290625 0.28723404218750004 0.2876165109375 0.5106382984375 0.19440745625 0.4905437359375 0.1793164671875 0.26004728125 0.267199290625
0 0.22458628906250003 0.23879272031249998 0.24940898437499998 0.26364846875 0.47872340468749996 0.174877940625 0.456264775 0.1562361296875 0.22458628906250003 0.23879272031249998
0 0.1938534265625 0.22015090937499998 0.21513002343749998 0.24056813125 0.4468085109375 0.1562361296875 0.42789598125 0.1384820234375 0.1938534265625 0.22015090937499998
0 0.1654846328125 0.20328450937500003 0.1843971625 0.22015090937499998 0.42080378124999995 0.140257434375 0.4030732859375 0.1251664453125 0.1654846328125 0.20328450937500003
0 0.6808510640625001 0.5601420328125 0.7352245875000001 0.5974256546875 0.9385342781249999 0.43675099843750004 0.890070921875 0.40568131406249996 0.6808510640625001 0.5601420328125
0 0.621749409375 0.5352862843749999 0.670212765625 0.56813138125 0.890070921875 0.40390590312499997 0.849881796875 0.37905015625 0.621749409375 0.5352862843749999
0 1 0.4704837984375 0.98817966875 0.4687083890625 0.795508275 0.6364846875 0.8522458640625 0.67110519375 1 0.5335108749999999 1 0.4704837984375
0 0.7482269500000001 0.5947625390625 0.7895981078125 0.61873058125 0.9799054375 0.4678206828125 0.9432624109375001 0.443852640625 0.7482269500000001 0.5947625390625
0 0.8073286046874999 0.64802485625 0.7742316796875001 0.6284953390625 0.5082742328125 0.839769196875 0.543735225 0.86640035625 0.8073286046874999 0.64802485625
0 0.8416075656249999 0.676431425 0.8132387718749999 0.6542387921875 0.546099290625 0.8717265875000001 0.58037825 0.8956946296874999 0.8416075656249999 0.676431425
0 0.765957446875 0.6213936984374999 0.7163120562499999 0.5885486015625 0.4491725765625 0.7980470484375 0.5023640656249999 0.83710608125 0.765957446875 0.6213936984374999
0 0.3829787234375 0.7501109625 0.437352246875 0.793608521875 0.6962174953125 0.5858854859375 0.650118203125 0.5539280953125 0.3829787234375 0.7501109625
0 0.63947990625 0.5486018640625 0.5992907796875 0.524633821875 0.3321513 0.713715046875 0.3806146578125 0.7465601421875 0.63947990625 0.5486018640625
0 0.28250590937500003 0.678206834375 0.326241134375 0.707501109375 0.5969267140625 0.513093653125 0.5673758859375 0.491788725 0.28250590937500003 0.678206834375
0 0.24940898437499998 0.6347092765625 0.2895981078125 0.6640035515625 0.5555555546875001 0.49445184218750005 0.5224586296875 0.46959609531249996 0.24940898437499998 0.6347092765625
0 0.2293144203125 0.59565024375 0.26477541250000003 0.6222814015625 0.526004728125 0.46249445156249996 0.4952718671875 0.43941411406249997 0.2293144203125 0.59565024375
0 0.17257683125 0.5699067906249999 0.2104018921875 0.59653795 0.47872340468749996 0.438526409375 0.4468085109375 0.41544607187500004 0.17257683125 0.5699067906249999
0 0.1489361703125 0.529960053125 0.1832151296875 0.5565912109375 0.4491725765625 0.4083444296875 0.41962175 0.3852640921875 0.1489361703125 0.529960053125
0 0.10874704375 0.5024411890625 0.14302600468749999 0.52818464375 0.41489361718750006 0.3852640921875 0.3806146578125 0.3630714609375 0.10874704375 0.5024411890625
0 0.08392435000000001 0.47314691406250003 0.11702127656250001 0.49800266249999997 0.3829787234375 0.3595206390625 0.3522458640625 0.33999112187499997 0.08392435000000001 0.47314691406250003
0 0.0189125296875 0.42787394531249995 0.074468084375 0.4687083890625 0.34397163124999997 0.332001775 0.30260047343749996 0.300044384375 0.0189125296875 0.42787394531249995
0 0.24349881718750002 0.265423878125 0.001182034375 0.3710608078125 0 0.41189525 0.0165484625 0.4252108296875 0.294326240625 0.294718153125 0.24349881718750002 0.265423878125
0 0 0.30714602812499997 0.001182034375 0.369285396875 0.24113475156250003 0.26187305781250003 0.1962174953125 0.22902796250000002 0 0.30714602812499997
0 0 0.3053706171875 0.1843971625 0.23169107812499998 0.15248226874999998 0.2050599203125 0 0.260097646875 0 0.3053706171875