0 0.0815217390625 0.08460754375 0.06793478281250001 0.0825688078125 0.020380434375 0.0907237515625 0.0149456515625 0.1314984703125 0.0122282609375 0.25178389375 0.0720108703125 0.24770642187499997 0.0774456515625 0.2405708453125 0.0815217390625 0.08460754375
0 0.14266304375 0.23955147812500002 0.1440217390625 0.21202854218749997 0.1467391296875 0.07645260000000001 0.0855978265625 0.083588175 0.082880434375 0.11009174375 0.0788043484375 0.24464831875 0.09918478281250001 0.24668705468750002 0.13858695625 0.24260958281249997 0.14266304375 0.23955147812500002
0 0.3111413046875 0.06320081562499999 0.3070652171875 0.0489296640625 0.270380434375 0.055045871875 0.26766304375 0.1151885828125 0.2663043484375 0.23139653437500002 0.278532609375 0.23241590156249997 0.305706521875 0.22731906249999997 0.3111413046875 0.06320081562499999
0 0.3491847828125 0.22018348593749998 0.35326087031250003 0.0489296640625 0.315217390625 0.053007135937500005 0.3125 0.07135575937500001 0.3084239125 0.22731906249999997 0.319293478125 0.2283384296875 0.3451086953125 0.22629969375 0.3491847828125 0.22018348593749998
0 0.399456521875 0.21610601406250002 0.4008152171875 0.046890928124999995 0.39809782656250003 0.0438328234375 0.36548912968749997 0.046890928124999995 0.3586956515625 0.054026503125 0.3559782609375 0.22324159062499999 0.3627717390625 0.2252803265625 0.3913043484375 0.222222221875 0.399456521875 0.21610601406250002
0 0.444293478125 0.2130479109375 0.4456521734375 0.037716615625 0.40760869531250005 0.0438328234375 0.40489130468749995 0.087665646875 0.403532609375 0.22018348593749998 0.4103260875 0.2212028546875 0.4375 0.21814475 0.444293478125 0.2130479109375
0 0.85733695625 0.008154943750000001 0.8532608703125 0.005096840625 0.8247282609375001 0.008154943750000001 0.475543478125 0.055045871875 0.46875 0.0652395515625 0.47010869531250005 0.1233435265625 0.542119565625 0.1121304796875 0.854619565625 0.0774719671875 0.85733695625 0.008154943750000001
0 0.8448971734375 0.10645169218749999 0.45934539531249996 0.149787403125 0.46012776874999994 0.21490145 0.8440207859375001 0.180723359375 0.8448971734375 0.10645169218749999
0 0.8491847828125 0.1029561671875 0.8491847828125 0.079510703125 0.466032609375 0.12640163124999998 0.4646739125 0.1457696234375 0.471467390625 0.147808359375 0.83016304375 0.1070336390625 0.8491847828125 0.1029561671875
0 0.8736413046875 0 0.8722826093749999 0.0091743125 0.8668478265624999 0.17838939843749999 0.8695652171875 0.181447503125 0.9035326093749999 0.180428134375 0.9184782609375001 0.17737003125 0.91983695625 0.171253821875 0.9252717390624999 0 0.8736413046875 0
0 0.9334239125 0 0.9279891296875 0.055045871875 0.92391304375 0.17329255937500002 0.926630434375 0.17737003125 0.9673913046875 0.1743119265625 0.9728260875 0.16819571875 0.9809782609375001 0 0.9334239125 0
0 0.5372373890625 0.41819817343750004 0.2314259140625 0.41779340625000005 0.22872066093750001 0.45960626250000003 0.5346079578125 0.4655217140625 0.5372373890625 0.41819817343750004
0 0.058423912499999994 0.48114169218749997 0.0217391296875 0.482161059375 0.020380434375 0.5188583078125 0.01766304375 0.6962283390625 0.0502717390625 0.6992864421875 0.055706521875000005 0.6870540265625 0.058423912499999994 0.48114169218749997
0 0.09375 0.48114169218749997 0.0638586953125 0.48114169218749997 0.061141304687499995 0.48419979687500003 0.058423912499999994 0.5412844031249999 0.055706521875000005 0.698267075 0.09103260937499999 0.702344546875 0.09646739062500001 0.5616717640625 0.09375 0.48114169218749997
0 0.13858695625 0.69724770625 0.1413043484375 0.482161059375 0.10461956562500001 0.48114169218749997 0.09918478281250001 0.482161059375 0.0978260875 0.48827726875 0.09375 0.7003058109375 0.09918478281250001 0.7043832828125 0.13315217343750002 0.70642201875 0.13858695625 0.69724770625
0 0.15859375 0.59609375 0.03359375 0.22734375
0 0.20261676562500003 0.5660842734375 0.2113814421875 0.5627979171875 0.21488732812500003 0.48326804531249995 0.18321217812499999 0.4827396453125 0.18070506718749998 0.7126557250000001 0.19560506093750002 0.7126557250000001 0.20261676562500003 0.5660842734375
0 0.54483695625 0.47400611562500006 0.5353260875 0.46890927656250003 0.23233695625 0.46585117187499997 0.225543478125 0.46992864375 0.22146739062499998 0.508664628125 0.2269021734375 0.5127421 0.5407608703125 0.5198776765625001 0.54483695625 0.47400611562500006
0 0.5407608703125 0.5229357796875 0.2350543484375 0.5147808359375 0.225543478125 0.5168195718749999 0.22282608750000002 0.53007135625 0.2241847828125 0.5616717640625 0.5163043484375 0.5728848109375 0.5407608703125 0.5708460750000001 0.5407608703125 0.5229357796875
0 0.533967390625 0.752293578125 0.5407608703125 0.7471967375 0.5407608703125 0.7033639140625 0.53125 0.7003058109375 0.23641304375 0.6768603468750001 0.2024456515625 0.6768603468750001 0.20108695625 0.6860346578125001 0.1970108703125 0.7196738015624999 0.2038043484375 0.7217125375 0.48641304375 0.7492354734375 0.533967390625 0.752293578125
0 0.5407608703125 0.650356778125 0.2866847828125 0.635066259375 0.20108695625 0.634046890625 0.2024456515625 0.6748216109375 0.5081521734375001 0.69724770625 0.5407608703125 0.6962283390625 0.5407608703125 0.650356778125
0 0.542119565625 0.6106014265625 0.538043478125 0.6075433234375 0.24048912968749997 0.5942915390625 0.2065217390625 0.5942915390625 0.2038043484375 0.6014271156250001 0.2038043484375 0.62996941875 0.524456521875 0.650356778125 0.5407608703125 0.6462793062500001 0.542119565625 0.6106014265625
0 0.5366847828125 0.5739041796875 0.23233695625 0.56269113125 0.20788043437499998 0.5637105 0.20516304375 0.566768603125 0.2065217390625 0.592252803125 0.5394021734375001 0.60448521875 0.5407608703125 0.5769622828125 0.5366847828125 0.5739041796875
0 0.5951086953125 0.7319062187500001 0.596467390625 0.4770642203125 0.5896739125 0.4719673796875 0.5461956515625 0.47400611562500006 0.54483695625 0.7471967375 0.551630434375 0.751274209375 0.591032609375 0.7533129453125 0.5951086953125 0.7319062187500001
0 0.63858695625 0.75637105 0.6399456515625 0.7155963296875 0.6372282609375 0.4719673796875 0.5978260875 0.47400611562500006 0.596467390625 0.5249745156250001 0.5951086953125 0.751274209375 0.5991847828125 0.75535168125 0.6345108703125 0.7584097859375001 0.63858695625 0.75637105
0 0.6413043484375 0.47400611562500006 0.6399456515625 0.7584097859375001 0.67391304375 0.7624872578125 0.6793478265624999 0.47400611562500006 0.6413043484375 0.47400611562500006
0 0.729619565625 0.475025484375 0.684782609375 0.4719673796875 0.6793478265624999 0.508664628125 0.6779891296875 0.761467890625 0.7201086953125 0.769622834375 0.7282608703125 0.7624872578125 0.729619565625 0.475025484375
0 0.7350543484375 0.47094801249999996 0.73233695625 0.508664628125 0.729619565625 0.7675840984375 0.78125 0.7747196734374999 0.7866847828125 0.46992864375 0.7350543484375 0.47094801249999996
0 0.8274456515624999 0.7787971453125 0.832880434375 0.46992864375 0.792119565625 0.46992864375 0.7894021734375001 0.4729867484375 0.7866847828125 0.5861365953125001 0.7853260875 0.7726809375 0.788043478125 0.776758409375 0.8002717390624999 0.7787971453125 0.8274456515624999 0.7787971453125
0 0.8777173906250001 0.76452599375 0.8817934781250001 0.6330275234375 0.8845108703125 0.4760448515625 0.8804347828125 0.46992864375 0.8369565218749999 0.47094801249999996 0.832880434375 0.533129459375 0.8274456515624999 0.777777778125 0.8722826093749999 0.784913353125 0.8763586953125 0.7838939859375 0.8777173906250001 0.76452599375
0 0.9225543484375001 0.48012232343749994 0.885869565625 0.482161059375 0.8804347828125 0.6493374109375 0.8790760875 0.78185525 0.9144021734375001 0.785932721875 0.9211956515624999 0.709480121875 0.9225543484375001 0.48012232343749994
0 0.9673913046875 0.7737003062500001 0.9755434781250001 0.5239551484375 0.9755434781250001 0.482161059375 0.9701086953125 0.4780835875 0.926630434375 0.482161059375 0.9225543484375001 0.6381243624999999 0.91983695625 0.78185525 0.926630434375 0.7900101937499999 0.9619565218749999 0.793068296875 0.9673913046875 0.7737003062500001