0 0.9765625 0.4784658515625 0.9358016296875 0.47910295625000004 0.9256114125 0.7902013250000001 0.9663722828125 0.7927497453125001 0.9765625 0.4784658515625
0 0.8814538046875 0.782556065625 0.917119565625 0.7863786953125 0.9230638593749999 0.47976554531250004 0.8882472828125 0.48103975468750004 0.8814538046875 0.782556065625
0 0.8840013593749999 0.4702089703125 0.8372961953125 0.4702089703125 0.8305027171875 0.7799566765625 0.8755095109375001 0.7831422015625 0.8840013593749999 0.4702089703125
0 0.7888926625 0.7754969421875 0.82625679375 0.7799566765625 0.8322010875 0.4694826703125 0.7931385875 0.468845565625 0.7888926625 0.7754969421875
0 0.788043478125 0.468845565625 0.735394021875 0.4694826703125 0.7319972828125 0.769762996875 0.782099184375 0.7754969421875 0.788043478125 0.468845565625
0 0.6793478265624999 0.76466615625 0.7260529890625 0.769762996875 0.7302989125 0.472031090625 0.6818953796875 0.472031090625 0.6793478265624999 0.76466615625
0 0.67764945625 0.472031090625 0.6419836953125 0.47139398593750004 0.6419836953125 0.7576325171875 0.6759510875 0.762092253125 0.67764945625 0.472031090625
0 0.639436140625 0.47273190625000006 0.600373640625 0.47145769687500005 0.598675271875 0.753695209375 0.63858695625 0.7562436296875 0.639436140625 0.47273190625000006
0 0.59188179375 0.47273190625000006 0.546875 0.47145769687500005 0.546025815625 0.7498725796875 0.591032609375 0.7530581046875 0.59188179375 0.47273190625000006
0 0.22843070625 0.4198521921875 0.2250339671875 0.461264015625 0.5375339671875 0.46381243593750004 0.5375339671875 0.4198521921875 0.22843070625 0.4198521921875
0 0.22673233750000002 0.467635065625 0.2241847828125 0.509046890625 0.53328804375 0.518603465625 0.53328804375 0.47273190625000006 0.22673233750000002 0.467635065625
0 0.2250339671875 0.51732925625 0.21993885937500002 0.5593781859375 0.5366847828125 0.572757390625 0.5358355984375 0.52688583125 0.2250339671875 0.51732925625
0 0.2046535328125 0.5937818546875 0.20125679375 0.6281855249999999 0.5366847828125 0.6511213046875 0.5375339671875 0.613532109375 0.2046535328125 0.5937818546875
0 0.2038043484375 0.564475025 0.20295516249999998 0.5905963296875 0.5375339671875 0.60588685 0.5358355984375 0.577217125 0.2038043484375 0.564475025
0 0.1987092390625 0.634556575 0.1978600546875 0.6753312953124999 0.5392323375 0.6989041796875 0.540081521875 0.6555810390625 0.1987092390625 0.634556575
0 0.1970108703125 0.6778797140624999 0.19616168437499998 0.71992864375 0.5349864125 0.7526885828125 0.53328804375 0.7017201828124999 0.1970108703125 0.6778797140624999
0 0.0543478265625 0.48037716562500005 0.0229279890625 0.48037716562500005 0.016983695312499998 0.696355759375 0.04500679375 0.699541284375 0.0543478265625 0.48037716562500005
0 0.056895379687500004 0.699541284375 0.09171195625 0.7033639140625 0.0959578796875 0.4816513765625 0.0628396734375 0.481014271875 0.056895379687500004 0.699541284375
0 0.1384171203125 0.48037716562500005 0.10020380468750001 0.48037716562500005 0.0959578796875 0.70400101875 0.1333220109375 0.70782365 0.1384171203125 0.48037716562500005
0 0.1392663046875 0.7084607546874999 0.1740828796875 0.7097349640624999 0.1783288046875 0.4816513765625 0.143512228125 0.4816513765625 0.1392663046875 0.7084607546874999
0 0.2038043484375 0.56192660625 0.21399456562500002 0.56192660625 0.21399456562500002 0.4829255859375 0.18172554375 0.48228848125 0.17663043437499998 0.7116462796875 0.19616168437499998 0.7135575937499999 0.2038043484375 0.56192660625
0 0.9375 0 0.9281589671875 0.1764780828125 0.9714673906250001 0.175840978125 0.9808084234375001 0 0.9375 0
0 0.8755095109375001 0 0.8687160328125 0.18030071406249998 0.91796875 0.1796636078125 0.9264605984375001 0 0.8755095109375001 0
0 0.46875 0.05606523906250001 0.4670516296875 0.11722731875 0.858525815625 0.07517838906249999 0.860224184375 0.005096840625 0.46875 0.05606523906250001
0 0.4585597828125 0.14908256875 0.45771059843749995 0.214067278125 0.8440896734375001 0.17838939843749999 0.8474864125 0.10448521875000001 0.4585597828125 0.14908256875
0 0.463654890625 0.12614678906250001 0.4645040765625 0.14717125312499998 0.8508831515624999 0.10321100937500001 0.8508831515624999 0.07772680937500001 0.463654890625 0.12614678906250001
0 0.44651679843750003 0.03521453125 0.4063735171875 0.042628115625000004 0.4039031609375 0.22148086406249998 0.4440464421875 0.2187007703125 0.44651679843750003 0.03521453125
0 0.35758399218750003 0.22472430625 0.3940217390625 0.22194421250000002 0.3989624515625 0.0430914640625 0.3619071140625 0.04726160625 0.35758399218750003 0.22472430625
0 0.35449604687499997 0.0463349078125 0.31497035625 0.052358446875 0.31002964375 0.2293577984375 0.348937746875 0.22611435468750002 0.35449604687499997 0.0463349078125
0 0.26741600781249997 0.23167454375 0.30385375468750003 0.22889445 0.305706521875 0.04772495625 0.27050395312500003 0.052358446875 0.26741600781249997 0.23167454375
0 0.146986165625 0.075062553125 0.0870800390625 0.0834028359375 0.0796689734375 0.2483551109375 0.144515809375 0.2423315734375 0.146986165625 0.075062553125
0 0.0111166 0.25437865 0.0771986171875 0.2483551109375 0.0765810265625 0.08154943906249999 0.017910078125 0.0898897234375 0.0111166 0.25437865