0 0.13551165 0.2147923 0.0873860171875 0.21783181406250002 0.111448834375 0.7355623109375 0.15324214687499998 0.7011144875 0.13551165 0.2147923
0 0.21149949218750003 0.2765957453125 0.1621073953125 0.2765957453125 0.16970618125 0.7284701124999999 0.230496453125 0.7284701124999999 0.21149949218750003 0.2765957453125
0 0.287487334375 0.2563323203125 0.219098278125 0.2563323203125 0.2342958453125 0.7315096249999999 0.3014184390625 0.730496453125 0.287487334375 0.2563323203125
0 0.3508105375 0.268490375 0.2988855125 0.26747720468749997 0.30521783125 0.7234042546875 0.36220871250000003 0.7213779140625001 0.3508105375 0.268490375
0 0.40400202656250006 0.262411346875 0.3634751765625 0.262411346875 0.3634751765625 0.69300911875 0.4103343453125 0.6909827765625 0.40400202656250006 0.262411346875
0 0.447061803125 0.2502532921875 0.4103343453125 0.2502532921875 0.4154002015625 0.6818642359375 0.4495947328125 0.6798378921875 0.447061803125 0.2502532921875
0 0.48125 0.5140625 0.053125 0.43125
0 0.546875 0.4953125 0.05078125 0.4609375
0 0.6 0.47890625 0.046875 0.4296875
0 0.65 0.490625 0.040625 0.43125
0 0.7 0.48203125 0.05078125 0.4203125
0 0.74375 0.509375 0.0203125 0.43671875
0 0.76953125 0.509375 0.021875 0.39140625
0 0.796875 0.51328125 0.0265625 0.43671875
0 0.83828125 0.47890625 0.0453125 0.4328125
0 0.8984375 0.4953125 0.0515625 0.42734375