0 0.178125 0.45546875 0.35625 0.0203125
0 0.1828125 0.43671875 0.3625 0.0171875
0 0 0.53125 0.37411347500000003 0.5326704546875 0.37411347500000003 0.47869318125 0.08333333281250001 0.47727272656249997 0 0.47727272656249997 0 0.53125
0 0.3794326234375 0.6917613640625 0.0035461 0.6931818187500001 0.0035461 0.7357954546875 0.390070921875 0.7329545453125 0.390070921875 0.6974431812499999 0.3794326234375 0.6917613640625
0 0.37765957499999997 0.6647727265625 0.0035461 0.6633522734375 0 0.6889204546875 0.3705673765625 0.6903409093749999 0.3794326234375 0.6860795453125 0.37765957499999997 0.6647727265625
0 0 0.6619318187500001 0.3812056734375 0.6619318187500001 0.3794326234375 0.6349431812499999 0.106382978125 0.6335227265625 0 0.6335227265625 0 0.6619318187500001
0 0 0.6321022734375 0.3652482265625 0.6335227265625 0.3812056734375 0.6306818187500001 0.37234042500000003 0.609375 0 0.609375 0 0.6321022734375
0 0 0.6079545453125 0.3102836875 0.609375 0.3670212765625 0.6079545453125 0.3705673765625 0.6036931812499999 0.3687943265625 0.5852272734375 0.3634751765625 0.5838068187500001 0.0053191484375 0.5823863640625 0 0.5838068187500001 0 0.6079545453125
0 0 0.5809659093749999 0.37234042500000003 0.5838068187500001 0.3794326234375 0.5795454546875 0.37765957499999997 0.5596590906250001 0 0.5596590906250001 0 0.5809659093749999
0 0 0.5568181812499999 0.37765957499999997 0.5539772734375 0.37234042500000003 0.5355113640625 0.012411346875 0.5340909093749999 0 0.5355113640625 0 0.5568181812499999
0 0 0.8139204546875 0.39361702187500003 0.8096590906250001 0.388297871875 0.7372159093749999 0.0407801421875 0.7357954546875 0 0.7372159093749999 0 0.8139204546875
0 0.4592198578125 0.80681818125 0.4485815609375 0.5014204546875 0.4397163125 0.424715909375 0.4432624109375 0.32528409062499997 0.4397163125 0.30255681874999996 0.4326241140625 0.296875 0.37411347500000003 0.29829545468749996 0.3971631203125 0.8053977265625001 0.40248226875000004 0.8125 0.4361702125 0.8139204546875 0.4592198578125 0.80681818125
0 0.5 0.8125 0.5070921984375001 0.8096590906250001 0.5088652484375 0.7940340906250001 0.49113475156249997 0.3125 0.487588653125 0.29829545468749996 0.4450354609375 0.29971590937500003 0.4432624109375 0.3863636359375 0.4609929078125 0.7997159093749999 0.47163120625 0.8125 0.5 0.8125
0 0.5602836875 0.7528409093749999 0.546099290625 0.3011363640625 0.5425531921875 0.29545454531250004 0.49290780156249997 0.29971590937500003 0.5088652484375 0.7982954546875 0.5106382984375 0.8096590906250001 0.5567375890624999 0.8096590906250001 0.5602836875 0.7528409093749999
0 0.608156028125 0.29971590937500003 0.6028368796875 0.29545454531250004 0.5496453906250001 0.29829545468749996 0.5602836875 0.7982954546875 0.5638297875 0.8096590906250001 0.6187943265625 0.8096590906250001 0.608156028125 0.29971590937500003
0 0.6489361703125 0.29829545468749996 0.611702128125 0.29971590937500003 0.622340425 0.7982954546875 0.6258865250000001 0.8096590906250001 0.65248226875 0.8096590906250001 0.6489361703125 0.29829545468749996
0 0.6932624109375001 0.29403409062499997 0.65425531875 0.296875 0.65957446875 0.8096590906250001 0.6950354609375 0.8139204546875 0.6950354609375 0.29829545468749996 0.6932624109375001 0.29403409062499997
0 0.7588652484375 0.296875 0.75 0.2926136359375 0.7003546093749999 0.29403409062499997 0.7003546093749999 0.8096590906250001 0.7411347515625 0.8139204546875 0.762411346875 0.8096590906250001 0.7588652484375 0.296875
0 0.8226950359374999 0.8096590906250001 0.8226950359374999 0.29829545468749996 0.8067375890624999 0.2926136359375 0.762411346875 0.29403409062499997 0.762411346875 0.80255681875 0.767730496875 0.8125 0.8173758859375001 0.8125 0.8226950359374999 0.8096590906250001
0 0.891843971875 0.29545454531250004 0.828014184375 0.29545454531250004 0.8262411343749999 0.8096590906250001 0.8333333328125001 0.8139204546875 0.8829787234375001 0.8139204546875 0.891843971875 0.29545454531250004
0 0.9414893609374999 0.29403409062499997 0.8953900703125001 0.296875 0.890070921875 0.6178977265625 0.888297871875 0.8139204546875 0.9273049640625001 0.8153409093749999 0.9361702125000001 0.8125 0.9414893609374999 0.29403409062499997
0 0.9822695031249999 0.7926136359375 0.9893617015625 0.28835227343750003 0.9521276593750001 0.2926136359375 0.9414893609374999 0.6619318187500001 0.9397163125000001 0.8139204546875 0.97163120625 0.8167613640625 0.980496453125 0.8139204546875 0.9822695031249999 0.7926136359375