0 0.75429248125 0.0994229921875 0.714031971875 0.0994229921875 0.7211367671875 0.41899689375 0.7566607453125 0.4198845984375 0.75429248125 0.0994229921875
0 0.6524570749999999 0.4225477140625 0.7164002359375 0.42166000937500003 0.708111309375 0.1011984015625 0.6524570749999999 0.10208610781250001 0.6524570749999999 0.4225477140625
0 0.6062759015625 0.105636928125 0.5743043218749999 0.10830004374999999 0.583777384375 0.4225477140625 0.6133806984375 0.42343541875 0.6062759015625 0.105636928125
0 0.644168146875 0.10386151875 0.6121965671875 0.10386151875 0.6204854937500001 0.42343541875 0.650088809375 0.42343541875 0.644168146875 0.10386151875
0 0.5612788625 0.10830004374999999 0.5127294265625 0.10918775 0.519834221875 0.42343541875 0.5707519234375 0.42166000937500003 0.5612788625 0.10830004374999999
0 0.46299585624999995 0.112738571875 0.4345766734375 0.112738571875 0.44760213125000003 0.4252108296875 0.47483718125 0.424323125 0.46299585624999995 0.112738571875
0 0.47720544687500005 0.424323125 0.5174659562499999 0.424323125 0.5068087625000001 0.10918775 0.4677323859375 0.11007545468749999 0.47720544687500005 0.424323125
0 0.4298401421875 0.112738571875 0.3730017765625 0.113626275 0.3824748359375 0.42609853593749997 0.4428656 0.424323125 0.4298401421875 0.112738571875
0 0.37063351093749997 0.11096315937500001 0.2889283609375 0.11007545468749999 0.30076968593750003 0.42787394531249995 0.3789224390625 0.42609853593749997 0.37063351093749997 0.11096315937500001
0 0.283007696875 0.112738571875 0.2356423921875 0.11451398125000001 0.249851984375 0.42698624062499996 0.29603315625 0.42787394531249995 0.283007696875 0.112738571875
0 0.2309058609375 0.11451398125000001 0.1847246890625 0.11628939218750001 0.196566015625 0.4287616515625 0.2474837171875 0.42787394531249995 0.2309058609375 0.11451398125000001
0 0.17169923125 0.10830004374999999 0.13972765 0.11185086562499999 0.1492007109375 0.42787394531249995 0.1882770875 0.42787394531249995 0.17169923125 0.10830004374999999
0 0.28537596249999997 0.62494451875 0.28656009375 0.6533510875 0.7021906453125 0.6498002656249999 0.7033747781249999 0.6205059921875 0.28537596249999997 0.62494451875
0 0.1728833625 0.61873058125 0.13499111875 0.6196182859375 0.1420959140625 0.9658233468749999 0.17761989375 0.9649356421874999 0.1728833625 0.61873058125
0 0.181172290625 0.9631602296875 0.2202486671875 0.9631602296875 0.2166962703125 0.6551264984375 0.1788040265625 0.6551264984375 0.181172290625 0.9631602296875
0 0.249851984375 0.6533510875 0.2202486671875 0.6542387921875 0.22498519843749998 0.9640479359375 0.25695677968749997 0.9631602296875 0.249851984375 0.6533510875
0 0.260509178125 0.9631602296875 0.3031379515625 0.9631602296875 0.2984014203125 0.6551264984375 0.25932504375 0.6533510875 0.260509178125 0.9631602296875
0 0.369449378125 0.6551264984375 0.30787448125 0.6551264984375 0.31379514531249997 0.9649356421874999 0.375370040625 0.9658233468749999 0.369449378125 0.6551264984375
0 0.390763765625 0.9622725265625001 0.45825932500000005 0.9640479359375 0.4440497328125 0.656014203125 0.3777383078125 0.656014203125 0.390763765625 0.9622725265625001
0 0.49023090625 0.6551264984375 0.4547069265625 0.6551264984375 0.4641799875 0.9649356421874999 0.49615156875000005 0.9649356421874999 0.49023090625 0.6551264984375
0 0.5020722328125 0.9658233468749999 0.5447010078125001 0.9667110515624999 0.5340438140625 0.6533510875 0.493783303125 0.6533510875 0.5020722328125 0.9658233468749999
0 0.6027235046875 0.6524633828125 0.541148609375 0.6524633828125 0.5447010078125001 0.9640479359375 0.6015393734375001 0.9631602296875 0.6027235046875 0.6524633828125
0 0.62995855625 0.6533510875 0.6027235046875 0.6542387921875 0.6062759015625 0.9622725265625001 0.6323268203125 0.9622725265625001 0.62995855625 0.6533510875
0 0.6702190640625 0.6524633828125 0.6323268203125 0.6533510875 0.63587921875 0.9649356421874999 0.6796921265625 0.9649356421874999 0.6702190640625 0.6524633828125
0 0.729425696875 0.6533510875 0.6773238593750001 0.6542387921875 0.686796921875 0.9649356421874999 0.740082890625 0.9667110515624999 0.729425696875 0.6533510875
0 0.7791592671875 0.642698625 0.7424511546875 0.6435863281249999 0.7507400828125 0.9675987578124999 0.7886323265625 0.9667110515624999 0.7791592671875 0.642698625
0 0.8288928359375 0.6498002656249999 0.78744819375 0.6489125609374999 0.7945529890625 0.9667110515624999 0.832445234375 0.9667110515624999 0.8288928359375 0.6498002656249999