0 0.019342359375 0.0007169484375 0 0 0.0016118640625 0.18927444843750002 0.021760154687499998 0.18927444843750002 0.019342359375 0.0007169484375
0 0.049161831249999996 0.0007169484375 0.0209542234375 0 0.02498388125 0.19142529375 0.0539974203125 0.193576140625 0.049161831249999996 0.0007169484375
0 0.0741457125 0.001433896875 0.054803353124999996 0.0007169484375 0.055609284375 0.193576140625 0.0781753703125 0.1950100375 0.0741457125 0.001433896875
0 0.10074145781249999 0.0007169484375 0.0765635078125 0.0007169484375 0.081399096875 0.1964439359375 0.1055770484375 0.19859478125000002 0.10074145781249999 0.0007169484375
0 0.114442296875 0.0007169484375 0.10315925156250001 0.0007169484375 0.106382978125 0.20002867812499997 0.114442296875 0.20002867812499997 0.114442296875 0.0007169484375
0 0.116860090625 0 0.114442296875 0.2007456265625 0.1386202453125 0.2028964734375 0.1386202453125 0 0.116860090625 0
0 0.1676337859375 0.0007169484375 0.142649903125 0 0.141843971875 0.201462575 0.16682785312499998 0.20433037031249998 0.1676337859375 0.0007169484375
0 0.16924564687500002 0 0.16924564687500002 0.2028964734375 0.1942295296875 0.20719816406249997 0.19181173437500001 0 0.16924564687500002 0
0 0.1974532546875 0 0.2006769828125 0.206481215625 0.2272727265625 0.20934901093749997 0.226466796875 0 0.1974532546875 0
0 0.2272727265625 0 0.22969052343750002 0.20934901093749997 0.253868471875 0.21149985624999998 0.2498388140625 0 0.2272727265625 0
0 0.28529980625 0.0007169484375 0.255480334375 0 0.2562862671875 0.2129337546875 0.2869116703125 0.21508460000000001 0.28529980625 0.0007169484375
0 0.31511927812499996 0.0143389734375 0.290941328125 0.008603382812500001 0.2917472609375 0.2158015484375 0.315925209375 0.21651849687500002 0.31511927812499996 0.0143389734375
0 0.342520953125 0.0193576140625 0.3167311421875 0.015055923437499999 0.3183430046875 0.21723544687500002 0.342520953125 0.21866934374999997 0.342520953125 0.0193576140625
0 0.37072856249999997 0.0200745625 0.3441328171875 0.01720676875 0.3441328171875 0.21866934374999997 0.37234042500000003 0.22082018906249998 0.37072856249999997 0.0200745625
0 0.4013539640625 0.02365930625 0.37234042500000003 0.0207915109375 0.3715344953125 0.222971034375 0.4013539640625 0.222971034375 0.4013539640625 0.02365930625
0 0 0.532692859375 0.0233720171875 0.5334098078125 0.019342359375 0.2874964140625 0 0.2867794671875 0 0.532692859375
0 0.0539974203125 0.28606251718750003 0.022566087500000002 0.2846286203125 0.0257898140625 0.5298250640625 0.055609284375 0.5283911671875 0.0539974203125 0.28606251718750003
0 0.084622825 0.2889303125 0.05963894374999999 0.2874964140625 0.0588330109375 0.5298250640625 0.0854287546875 0.5305420125 0.084622825 0.2889303125
0 0.1120245 0.291081159375 0.0854287546875 0.2896472625 0.0878465515625 0.5305420125 0.1120245 0.5305420125 0.1120245 0.291081159375
0 0.13700838125 0.293948953125 0.114442296875 0.2917981078125 0.1152482265625 0.5298250640625 0.1378143140625 0.5298250640625 0.13700838125 0.293948953125
0 0.17085751093749998 0.2960998 0.1386202453125 0.293948953125 0.1378143140625 0.5298250640625 0.17166344375 0.5305420125 0.17085751093749998 0.2960998
0 0.204706640625 0.2982506453125 0.1748871703125 0.296816746875 0.1756931015625 0.5298250640625 0.204706640625 0.52767421875 0.204706640625 0.2982506453125
0 0.23372018125 0.2989675953125 0.20712443593750002 0.2989675953125 0.20712443593750002 0.5319759093750001 0.23210831718749997 0.5312589625 0.23372018125 0.2989675953125
0 0.260315925 0.301118440625 0.2377498390625 0.2989675953125 0.23533204375 0.5298250640625 0.25950999218750004 0.5291081156249999 0.260315925 0.301118440625
0 0.28932946406250004 0.3032692859375 0.260315925 0.3025523375 0.263539653125 0.5283911671875 0.290941328125 0.52767421875 0.28932946406250004 0.3032692859375
0 0.3191489359375 0.303986234375 0.29255319218750003 0.3032692859375 0.2941650546875 0.5283911671875 0.32237266249999996 0.5269572703125001 0.3191489359375 0.303986234375
0 0.16682785312499998 0.9076570109375 0.1676337859375 0.9349010609375 0.4037717609375 0.9069400625 0.40457769218750006 0.8811299109374999 0.16682785312499998 0.9076570109375
0 0.166021921875 0.8825638093749999 0.166021921875 0.906223115625 0.4053836234375 0.8775451671875001 0.4053836234375 0.8553197593749999 0.166021921875 0.8825638093749999
0 0.16521598906249998 0.8546028109374999 0.166021921875 0.8804129625 0.40457769218750006 0.8531689124999999 0.4037717609375 0.8302265546875001 0.16521598906249998 0.8546028109374999
0 0.16682785312499998 0.8309435046875 0.166021921875 0.8510180671875001 0.4053836234375 0.8266418124999999 0.4053836234375 0.8044164031250001 0.16682785312499998 0.8309435046875
0 0.1644100578125 0.8008316609374999 0.16521598906249998 0.8266418124999999 0.4053836234375 0.801548609375 0.40457769218750006 0.78290794375 0.1644100578125 0.8008316609374999
0 0.1676337859375 0.7671350718750001 0.16843971562499999 0.797963865625 0.40215989687500003 0.7750215078125 0.4013539640625 0.7527961000000001 0.1676337859375 0.7671350718750001
0 0.17166344375 0.74204186875 0.16924564687500002 0.7649842265625 0.40215989687500003 0.74921135625 0.3997421015625 0.7298537421875 0.17166344375 0.74204186875
0 0.17166344375 0.7169486671875 0.1724693734375 0.74204186875 0.40215989687500003 0.7262689984375 0.4013539640625 0.7083452828125 0.17166344375 0.7169486671875
0 0.17408123749999999 0.6947232578125 0.17327530625 0.714080871875 0.40215989687500003 0.701175796875 0.40215989687500003 0.683252078125 0.17408123749999999 0.6947232578125
0 0.17327530625 0.6674792078125 0.1724693734375 0.690421565625 0.4037717609375 0.680384284375 0.402965828125 0.6595927734375 0.17327530625 0.6674792078125
0 0.1724693734375 0.64166905625 0.1724693734375 0.6674792078125 0.40054803437500003 0.657441928125 0.3989361703125 0.63521651875 0.1724693734375 0.64166905625
0 0.17166344375 0.6115572125 0.17166344375 0.6388012625 0.40215989687500003 0.631631775 0.40215989687500003 0.60868941875 0.17166344375 0.6115572125
0 0.17408123749999999 0.5843131625 0.17408123749999999 0.6108402640625 0.40054803437500003 0.606538571875 0.4013539640625 0.5835962140625 0.17408123749999999 0.5843131625
0 0.36589297187500003 0.555635215625 0.1724693734375 0.5577860625 0.1748871703125 0.579294521875 0.37072856249999997 0.5757097796874999 0.36589297187500003 0.555635215625
0 0.09590586718750001 0.704043590625 0.0717279171875 0.7061944375 0.0701160546875 0.9463722390625 0.0950999359375 0.9449383421875 0.09590586718750001 0.704043590625
0 0.10154738906250001 0.9435044453125 0.12653126875 0.9392027531249999 0.128949065625 0.70189274375 0.10396518437499999 0.70189274375 0.10154738906250001 0.9435044453125
0 0.1587685375 0.6997418984375 0.1353965171875 0.7004588468749999 0.1345905875 0.93705190625 0.1571566734375 0.9341841125 0.1587685375 0.6997418984375
0 0.029819471874999996 0.7004588468749999 0.0056415218750000004 0.7033266421875 0.006447453125 0.9564095203124999 0.027401674999999997 0.952824778125 0.029819471874999996 0.7004588468749999
0 0.029819471874999996 0.9521078296875001 0.06447453125 0.9478061375 0.0652804640625 0.706911384375 0.032237265625 0.7083452828125 0.029819471874999996 0.9521078296875001
0 0.62137330625 0 0.6270148296875 0.22512188125 0.66811734375 0.2222540875 0.66650548125 0 0.62137330625 0
0 0.6697292078125 0 0.6713410703125 0.2222540875 0.7261444234375001 0.21866934374999997 0.735009671875 0 0.6697292078125 0
0 1 0 0.735815603125 0.0107542296875 0.7325918765625 0.062374534375 1 0.040149125 1 0
0 1 0.0458847140625 0.7333978078125 0.0645253796875 0.7317859453125 0.112560940625 1 0.0917694296875 1 0.0458847140625
0 1 0.13120160625 0.73017408125 0.15055921875 0.7285622187499999 0.186406653125 1 0.169199884375 1 0.13120160625
0 1 0.0946372234375 0.7317859453125 0.11542873437500001 0.73017408125 0.1484083734375 1 0.12761686249999998 1 0.0946372234375
0 1 0.17421852499999999 0.7277562859375 0.187123603125 0.7269503546875 0.21866934374999997 1 0.20576426718750002 1 0.17421852499999999
0 1 0.354889590625 0.76805286875 0.3584743328125 0.7696647328124999 0.3893031265625 1 0.38356753593750004 1 0.354889590625
0 0.7648291421875 0.5047318609375 0.7640232109375 0.52767421875 0.9993552546875 0.5312589625 1 0.5047318609375 0.7648291421875 0.5047318609375
0 1 0.4782047609375 0.7664410046875 0.4774878125 0.7664410046875 0.498996271875 1 0.50043016875 1 0.4782047609375
0 1 0.45597935156249997 0.76805286875 0.458847146875 0.7688588015625 0.47390306718749997 1 0.4746200171875 1 0.45597935156249997
0 0.7696647328124999 0.42658445624999997 0.770470665625 0.455262403125 1 0.455262403125 0.9993552546875 0.42443361093750004 0.7696647328124999 0.42658445624999997
0 1 0.3907370234375 0.7688588015625 0.391453971875 0.7688588015625 0.421565815625 1 0.4186980203125 1 0.3907370234375
0 0.5778529984375 0.2796099796875 0.5407801421875 0.28104387656249996 0.5407801421875 0.5291081156249999 0.5778529984375 0.5291081156249999 0.5778529984375 0.2796099796875
0 0.581076725 0.5291081156249999 0.62137330625 0.5298250640625 0.6237911031250001 0.277459134375 0.5875241765625 0.27817608125 0.581076725 0.5291081156249999
0 0.6697292078125 0.277459134375 0.62862669375 0.277459134375 0.624597034375 0.52767421875 0.6600580265625 0.52767421875 0.6697292078125 0.277459134375
0 0.710831721875 0.2745913390625 0.673758865625 0.2760252359375 0.6632817531249999 0.5291081156249999 0.698742746875 0.5298250640625 0.710831721875 0.2745913390625
0 0.7954545468750001 0.656724978125 0.7470986453124999 0.6545741328125 0.7503223718750001 0.9392027531249999 0.7946486140625 0.9427874968750001 0.7954545468750001 0.656724978125
0 0.8284977421875 0.658158875 0.8002901343750001 0.656724978125 0.8019019984375 0.9449383421875 0.8284977421875 0.9521078296875001 0.8284977421875 0.658158875
0 0.8833010953124999 0.6811012328125 0.8381689234374999 0.6796673359375001 0.8421985812499999 0.9485230859374999 0.8808833015624999 0.9521078296875001 0.8833010953124999 0.6811012328125
0 0.9308510640625001 0.7054774875 0.89055448125 0.70189274375 0.8881366859375 0.9521078296875001 0.92682140625 0.9564095203124999 0.9308510640625001 0.7054774875
0 0.9743713734374999 0.7076283343750001 0.9356866546875 0.7061944375 0.9356866546875 0.9549756234375 0.971953578125 0.9585603671875 0.9743713734374999 0.7076283343750001
0 0.9993552546875 0.70906223125 0.97840103125 0.70906223125 0.9767891687500001 0.9621451109375 0.9985493234374999 0.9635790078124999 0.9993552546875 0.70906223125