0 0.0217391296875 0.52089704375 0.086956521875 0.5229357796875 0.09646739062500001 0.5188583078125 0.09646739062500001 0.500509684375 0.07608695625 0.035677879687500004 0.0720108703125 0.0275229359375 0.033967390624999996 0.0193679921875 0.01766304375 0.021406728125 0.006793478125 0.06625891874999999 0.0081521734375 0.137614678125 0.01358695625 0.1498470953125 0.010869565624999999 0.19469928593750002 0.0217391296875 0.52089704375
0 0.1032608703125 0.52089704375 0.153532609375 0.52089704375 0.163043478125 0.515800203125 0.163043478125 0.48929663593750006 0.1413043484375 0.0417940875 0.131793478125 0.032619775000000004 0.0815217390625 0.028542303125 0.0788043484375 0.053007135937500005 0.0951086953125 0.3363914375 0.09918478281250001 0.5096839953125001 0.1032608703125 0.52089704375
0 0.21875 0.515800203125 0.21875 0.48114169218749997 0.1997282609375 0.04994903125 0.1929347828125 0.0417940875 0.1616847828125 0.0366972484375 0.1508152171875 0.037716615625 0.14538043437499998 0.0438328234375 0.1657608703125 0.5137614671875 0.17391304375 0.5198776765625001 0.21467391249999998 0.5188583078125 0.21875 0.515800203125
0 0.2554347828125 0.5188583078125 0.27173912968749997 0.5168195718749999 0.27309782656250003 0.49541284374999994 0.2540760875 0.055045871875 0.2513586953125 0.0438328234375 0.225543478125 0.0366972484375 0.20516304375 0.0366972484375 0.2024456515625 0.1029561671875 0.22282608750000002 0.5096839953125001 0.22826087031250003 0.517838940625 0.2554347828125 0.5188583078125
0 0.3111413046875 0.0519877671875 0.305706521875 0.047910295312500004 0.260869565625 0.0438328234375 0.2771739125 0.5137614671875 0.278532609375 0.5168195718749999 0.323369565625 0.5168195718749999 0.3111413046875 0.0519877671875
0 0.323369565625 0.21916411875000003 0.3288043484375 0.5066258921875 0.3315217390625 0.515800203125 0.350543478125 0.5168195718749999 0.3695652171875 0.5147808359375 0.3627717390625 0.06320081562499999 0.3600543484375 0.05606523906250001 0.3478260875 0.053007135937500005 0.32201087031250003 0.053007135937500005 0.3165760875 0.0611620796875 0.3165760875 0.139653415625 0.3179347828125 0.20081549375000002 0.323369565625 0.21916411875000003
0 0.4116847828125 0.5127421 0.413043478125 0.079510703125 0.381793478125 0.072375128125 0.3736413046875 0.072375128125 0.36684782656250003 0.07849133593749999 0.372282609375 0.5127421 0.3763586953125 0.515800203125 0.40760869531250005 0.5168195718749999 0.4116847828125 0.5127421
0 0.8532608703125 0.491335371875 0.4157608703125 0.49439347656250004 0.41847826093749996 0.5219164125 0.8654891296875 0.5137614671875 0.8654891296875 0.49643221249999997 0.8532608703125 0.491335371875
0 0.854619565625 0.46992864375 0.8491847828125 0.46279306875000004 0.8410326093749999 0.4607543328125 0.4144021734375 0.458715596875 0.4157608703125 0.49439347656250004 0.8519021734375001 0.4903160046875 0.85733695625 0.48623853281249996 0.854619565625 0.46992864375
0 0.8274456515624999 0.4607543328125 0.8423913046875 0.457696228125 0.8383152171875 0.42813455625 0.4144021734375 0.4189602453125 0.4144021734375 0.45463812499999995 0.41847826093749996 0.4566768609375 0.7336956515625 0.4607543328125 0.8274456515624999 0.4607543328125
0 0.8274456515624999 0.4260958203125 0.8423913046875 0.4199796125 0.8410326093749999 0.3975535171875 0.82608695625 0.3924566765625 0.4334239125 0.3761467890625 0.42255434843749995 0.3761467890625 0.417119565625 0.3802242609375 0.4157608703125 0.41182466875 0.42255434843749995 0.41590214062499997 0.8057065218749999 0.4260958203125 0.8274456515624999 0.4260958203125
0 0.5679347828125 0.382262996875 0.7282608703125 0.3883792046875 0.8410326093749999 0.390417940625 0.854619565625 0.3843017328125 0.8491847828125 0.3557594296875 0.42527173906250004 0.3333333328125 0.426630434375 0.3547400609375 0.4300790046875 0.3720150484375 0.48505434843749995 0.3751274203125 0.5679347828125 0.382262996875
0 0.43166045625000005 0.286930209375 0.428921171875 0.326864265625 0.84343164375 0.3529127515625 0.8411159781249999 0.31731316875000004 0.43166045625000005 0.286930209375
0 0.8355978265624999 0.31600407812500003 0.8342391296875 0.30275229375 0.8179347828125 0.2996941890625 0.4592391296875 0.2711518859375 0.417119565625 0.2711518859375 0.41983695625 0.2874617734375 0.7486413046875 0.3088685015625 0.8220108703125 0.31906218124999997 0.8355978265624999 0.31600407812500003