0 0.18794326249999999 0.1471631203125 0.1938534265625 0.2127659578125 0.7517730499999999 0.235815603125 0.750591015625 0.18705673750000001 0.18794326249999999 0.1471631203125
0 0.173758865625 0.1037234046875 0.1784869984375 0.1453900703125 0.6784869984374999 0.1808510640625 0.6784869984374999 0.15691489375 0.173758865625 0.1037234046875
0 0.19858156093749998 0.2234042546875 0.20330969375 0.2730496453125 0.7151300234375 0.28546099375 0.718676121875 0.25 0.19858156093749998 0.2234042546875
0 0.25531914843750003 0.28014184375 0.2588652484375 0.3368794328125 0.6796690296875 0.3315602828125 0.6808510640625001 0.29255319218750003 0.25531914843750003 0.28014184375
0 0.295508275 0.34663120625 0.297872340625 0.40957446875 0.7092198578125 0.390957446875 0.7115839234375 0.34308510625 0.295508275 0.34663120625
0 0.28723404218750004 0.41489361718750006 0.294326240625 0.46010638281249994 0.7848699765625 0.4352836875 0.7836879437500001 0.3989361703125 0.28723404218750004 0.41489361718750006
0 0.34042553125 0.47606382968750005 0.342789596875 0.53102836875 0.78014184375 0.48138297812499997 0.777777778125 0.4450354609375 0.34042553125 0.47606382968750005
0 0.24822695 0.9308510640625001 0.25413711562499997 0.9663120578125 0.7316784875 0.8386524828124999 0.7257683203124999 0.8102836874999999 0.24822695 0.9308510640625001
0 0.2765957453125 0.884751771875 0.281323878125 0.9184397171875001 0.7458628843749999 0.8023049640625001 0.7482269500000001 0.78014184375 0.2765957453125 0.884751771875
0 0.2565011828125 0.8395390062500001 0.26004728125 0.875886525 0.7612293140624999 0.7765957453125 0.7612293140624999 0.7446808515625001 0.2565011828125 0.8395390062500001
0 0.250591015625 0.797872340625 0.24940898437499998 0.8315602828124999 0.76004728125 0.7429078015624999 0.7529550828125 0.71808510625 0.250591015625 0.797872340625
0 0.23995271875 0.763297871875 0.2446808515625 0.796985815625 0.7765957453125 0.7136524828125 0.7742316796875001 0.6835106390625 0.23995271875 0.763297871875
0 0.2529550828125 0.708333334375 0.25413711562499997 0.7579787234375 0.7730496453125 0.6799645390625 0.7718676109375 0.638297871875 0.2529550828125 0.708333334375
0 0.24822695 0.65780141875 0.250591015625 0.702127659375 0.78014184375 0.638297871875 0.7872340421875 0.59663120625 0.24822695 0.65780141875
0 0.24940898437499998 0.6046099296875 0.25177305 0.65602836875 0.7151300234375 0.578900709375 0.718676121875 0.545212765625 0.24940898437499998 0.6046099296875
0 0.2446808515625 0.5363475171875 0.2470449171875 0.59574468125 0.713947990625 0.53546099375 0.7163120562499999 0.4937943265625 0.2446808515625 0.5363475171875