0 0.061141304687499995 0.47192029062499996 0.051630434375 0.0896739125 0.0407608703125 0.08514492812499999 0.0095108703125 0.086956521875 0.01358695625 0.4710144921875 0.016304348437499998 0.47463768125000005 0.0475543484375 0.475543478125 0.061141304687499995 0.47192029062499996
0 0.10733695624999999 0.47373188437499997 0.10461956562500001 0.426630434375 0.1127717390625 0.4103260875 0.10190217343750001 0.0932971015625 0.0978260875 0.08514492812499999 0.055706521875000005 0.086956521875 0.051630434375 0.090579709375 0.059782609375 0.47010869531250005 0.0665760875 0.475543478125 0.0923913046875 0.47735507187500004 0.10733695624999999 0.47373188437499997
0 0.1888586953125 0.4791666671875 0.180706521875 0.0951086953125 0.1792984859375 0.08405095625 0.1776399171875 0.07327546093750001 0.17681066406249998 0.0696836328125 0.1739082453125 0.060842201562499997 0.171005796875 0.044264523437499995 0.1657608703125 0.0298913046875 0.1372282609375 0.028079709375 0.1127717390625 0.030797101562500002 0.1059782609375 0.0416666671875 0.11141304375000001 0.3288043484375 0.12092391250000001 0.475543478125 0.1413043484375 0.4800724640625 0.1888586953125 0.4791666671875
0 0.256793478125 0.48278985468749996 0.2690217390625 0.4782608703125 0.2649456515625 0.0896739125 0.2486413046875 0.07971014531250001 0.23233695625 0.0806159421875 0.22826087031250003 0.06793478281250001 0.2024456515625 0.08333333281250001 0.1888586953125 0.0842391296875 0.184782609375 0.08786231875 0.1834239125 0.2164855078125 0.1929347828125 0.47644927499999995 0.20108695625 0.4818840578125 0.256793478125 0.48278985468749996
0 0.336956521875 0.4818840578125 0.336956521875 0.08242753593749999 0.2826086953125 0.0842391296875 0.26766304375 0.08786231875 0.27173912968749997 0.47373188437499997 0.274456521875 0.4818840578125 0.332880434375 0.48460145 0.336956521875 0.4818840578125
0 0.40760869531250005 0.489130434375 0.4293478265625 0.48369565156250005 0.4293478265625 0.0742753625 0.4157608703125 0.063405796875 0.4008152171875 0.06068840625000001 0.3423913046875 0.063405796875 0.3396739125 0.06793478281250001 0.33559782656250003 0.22826087031250003 0.3383152171875 0.48369565156250005 0.34375 0.4882246375 0.40760869531250005 0.489130434375
0 0.48505434843749995 0.49003623125000006 0.489130434375 0.46739130468749995 0.48777173906250004 0.073369565625 0.48505434843749995 0.0670289859375 0.43614130468749995 0.0670289859375 0.4320652171875 0.0706521734375 0.4320652171875 0.4818840578125 0.43614130468749995 0.489130434375 0.46739130468749995 0.4909420296875 0.48505434843749995 0.49003623125000006
0 0.559782609375 0.5018115937500001 0.5991847828125 0.49003623125000006 0.6019021734375001 0.4818840578125 0.6059782609375 0.0806159421875 0.600543478125 0.0661231890625 0.5720108703125 0.028079709375 0.493206521875 0.0298913046875 0.489130434375 0.038043478125 0.489130434375 0.48731884062499997 0.4918478265625 0.497282609375 0.5 0.5 0.559782609375 0.5018115937500001
0 0.6779891296875 0.485507246875 0.680706521875 0.0815217390625 0.6100543484375 0.0842391296875 0.60733695625 0.14764492812500002 0.604619565625 0.48641304375 0.6086956515625 0.489130434375 0.66983695625 0.489130434375 0.6779891296875 0.485507246875
0 0.7595108703125 0.32789855 0.770380434375 0.1159420296875 0.770380434375 0.0806159421875 0.760869565625 0.06793478281250001 0.7024456515625 0.0697463765625 0.6888586953125 0.0742753625 0.6820652171875 0.3695652171875 0.6820652171875 0.4882246375 0.75 0.4918478265625 0.7595108703125 0.485507246875 0.7595108703125 0.32789855
0 0.8451086953125 0.0896739125 0.7961956515625 0.0896739125 0.7758152171875 0.0942028984375 0.770380434375 0.1802536234375 0.76358695625 0.485507246875 0.83016304375 0.48731884062499997 0.8355978265624999 0.4447463765625 0.8451086953125 0.0896739125
0 0.9021739125 0.48641304375 0.9116847828125 0.096920290625 0.854619565625 0.096920290625 0.8478260875 0.148550725 0.8355978265624999 0.48097826093749996 0.8464673906250001 0.489130434375 0.8967391296875 0.49003623125000006 0.9021739125 0.48641304375
0 0.9741847828125 0.48278985468749996 0.9836956515624999 0.2173913046875 0.9836956515624999 0.08333333281250001 0.979619565625 0.0815217390625 0.926630434375 0.0842391296875 0.917119565625 0.098731884375 0.9076086953125 0.3867753625 0.9048913046875 0.489130434375 0.9184782609375001 0.4945652171875 0.96875 0.4945652171875 0.9741847828125 0.48278985468749996
0 0.08016304375 0.9447463765625 0.0842391296875 0.9429347828125 0.0855978265625 0.926630434375 0.06793478281250001 0.6186594203125 0.06521739062500001 0.6150362312500001 0.0190217390625 0.6132246375 0.020380434375 0.9365942031250001 0.0230978265625 0.9402173906250001 0.04891304375 0.9438405796874999 0.08016304375 0.9447463765625
0 0.131793478125 0.9474637687499999 0.1345108703125 0.9157608703125 0.11956521718749999 0.6213768109375 0.1127717390625 0.6168478265624999 0.0720108703125 0.6168478265624999 0.069293478125 0.6449275359375 0.0855978265625 0.9420289859375 0.0923913046875 0.9456521734375001 0.131793478125 0.9474637687499999
0 0.16983695625 0.6286231890625 0.1657608703125 0.6186594203125 0.12092391250000001 0.6186594203125 0.1345108703125 0.9402173906250001 0.1413043484375 0.9492753625000001 0.1779891296875 0.950181159375 0.16983695625 0.6286231890625
0 0.256793478125 0.951992753125 0.2486413046875 0.610507246875 0.1929347828125 0.6077898546875 0.1711956515625 0.610507246875 0.180706521875 0.951992753125 0.1875 0.9574275359375 0.2445652171875 0.961050725 0.256793478125 0.951992753125
0 0.3179347828125 0.961050725 0.32608695625 0.9365942031250001 0.32065217343749997 0.622282609375 0.3138586953125 0.60960145 0.2554347828125 0.60960145 0.252717390625 0.7282608703125 0.25951087031250003 0.9538043484375001 0.26358695625 0.9583333328125001 0.3179347828125 0.961050725
0 0.403532609375 0.9655797093749999 0.40489130468749995 0.6186594203125 0.399456521875 0.614130434375 0.32608695625 0.6159420296875 0.3288043484375 0.9646739125 0.336956521875 0.9682971015625 0.395380434375 0.9719202906250001 0.403532609375 0.9655797093749999
0 0.4904891296875 0.960144928125 0.48777173906250004 0.7925724640625 0.493206521875 0.6177536234375001 0.489130434375 0.6132246375 0.408967390625 0.614130434375 0.40625 0.6711956515625 0.40489130468749995 0.9664855078125001 0.413043478125 0.9701086953125 0.48233695625 0.9746376812499999 0.4904891296875 0.960144928125
0 0.5570652171875 0.9818840578125 0.559782609375 0.9628623187500001 0.5625 0.6811594203125 0.5679347828125 0.6204710140625 0.565217390625 0.6177536234375001 0.502717390625 0.614130434375 0.4959239125 0.6186594203125 0.4945652171875 0.9782608703125 0.5 0.9818840578125 0.5529891296875 0.9836956515624999 0.5570652171875 0.9818840578125
0 0.6444092609375 0.6231847593750001 0.5688111015625 0.620582759375 0.564565609375 0.9911078328125 0.6362894859375 0.9947149359375 0.6444092609375 0.6231847593750001
0 0.694293478125 0.9836956515624999 0.7031960390625 0.6408231671875 0.69432664375 0.6408231671875 0.6792486656250001 0.639050115625 0.667718459375 0.6377124375000001 0.6561882515625 0.6374169249999999 0.6440217390625 0.6349637687499999 0.6399456515625 0.835144928125 0.63858695625 0.9846014500000001 0.6440217390625 0.9909420296875 0.684782609375 0.9954710140625 0.694293478125 0.9836956515624999
0 0.8341612859374999 0.6404565546875001 0.71811371875 0.6378781984375 0.701978171875 0.9990104171875 0.798111290625 0.998120684375 0.8341612859374999 0.6404565546875001
0 0.8416386296875 0.6345396875 0.8141335453125 0.998120684375 0.9049259125000001 0.9990104171875 0.9356351578125001 0.6395668390625 0.8416386296875 0.6345396875
0 0.9979123984375 0.71779229375 1 0.6107988484375 0.9610646203125001 0.607299940625 0.9133792656249999 0.9987172937500001 0.9588971390625 0.9994395109375 0.9979123984375 0.71779229375