2 0.653532609375 0.775 0.663043478125 0.763043478125 0.6644021734375001 0.714130434375 0.6576086953125 0.7054347828124999 0.5978260875 0.7032608703125 0.5720108703125 0.7184782609375 0.5720108703125 0.764130434375 0.5788043484375 0.7728260875 0.627717390625 0.7771739125 0.653532609375 0.775
0 0 0.19673912968750001 0.0502717390625 0.19891304375000002 0.051630434375 0.0054347828124999996 0.0054347828124999996 0.0021739125000000002 0 0.0043478265625 0 0.19673912968750001
0 0.10733695624999999 0.0021739125000000002 0.0543478265625 0 0.055706521875000005 0.19673912968750001 0.059782609375 0.2 0.10733695624999999 0.2 0.10733695624999999 0.0021739125000000002
0 0.16440217343750002 0.0065217390624999995 0.1467391296875 0.0021739125000000002 0.11141304375000001 0.0032608703124999997 0.1127717390625 0.1978260875 0.11956521718749999 0.20108695625 0.1616847828125 0.20108695625 0.16440217343750002 0.0065217390624999995
0 0.16983695625 0 0.16711956562500002 0.19673912968750001 0.1725543484375 0.2 0.20788043437499998 0.2 0.21603260937500002 0.19565217343750002 0.21875 0.0054347828124999996 0.20788043437499998 0 0.16983695625 0
0 0.270380434375 0.0054347828124999996 0.225543478125 0.0021739125000000002 0.2201086953125 0.0054347828124999996 0.2173913046875 0.1978260875 0.2649456515625 0.2 0.2690217390625 0.1836956515625 0.270380434375 0.0054347828124999996
0 0.274456521875 0.0032608703124999997 0.27173912968749997 0.032608695312500005 0.270380434375 0.1978260875 0.3111413046875 0.2 0.32201087031250003 0.0043478265625 0.274456521875 0.0032608703124999997
0 0.35733695625 0.0054347828124999996 0.35190217343749997 0.0021739125000000002 0.32608695625 0.0032608703124999997 0.323369565625 0.023913043749999998 0.3165760875 0.1978260875 0.3451086953125 0.2 0.350543478125 0.1728260875 0.35733695625 0.0054347828124999996
0 0.8220108703125 0.1554347828125 0.8206521734375001 0.1304347828125 0.8097826093749999 0.1282608703125 0.54891304375 0.1304347828125 0.54891304375 0.1663043484375 0.792119565625 0.16739130468750002 0.8179347828125 0.16521739062500002 0.8220108703125 0.1554347828125
0 0.8206521734375001 0.0934782609375 0.5461956515625 0.0934782609375 0.54483695625 0.11956521718749999 0.5502717390625 0.1271739125 0.8220108703125 0.12608695625 0.8206521734375001 0.0934782609375
0 0.8220108703125 0.08804347812499999 0.823369565625 0.084782609375 0.8220108703125 0.061956521875000004 0.79483695625 0.0576086953125 0.5842391296875 0.0576086953125 0.5475543484375 0.061956521875000004 0.5461956515625 0.086956521875 0.5529891296875 0.090217390625 0.792119565625 0.090217390625 0.8220108703125 0.08804347812499999
0 0.8179347828125 0.2 0.8220108703125 0.185869565625 0.8179347828125 0.1706521734375 0.79891304375 0.1684782609375 0.5679347828125 0.16739130468750002 0.5475543484375 0.1706521734375 0.5475543484375 0.20108695625 0.555706521875 0.2021739125 0.7975543484375 0.2032608703125 0.8179347828125 0.2
0 0.8627717390624999 0.0043478265625 0.8206521734375001 0.0043478265625 0.8220108703125 0.19673912968750001 0.8247282609375001 0.2032608703125 0.8559782609375001 0.2032608703125 0.8627717390624999 0.0043478265625
0 0.8994565218749999 0.20108695625 0.9008152171875 0.17826087031249999 0.9048913046875 0.0043478265625 0.8682065218749999 0.0032608703124999997 0.864130434375 0.020652173437499997 0.8586956515624999 0.19891304375000002 0.864130434375 0.2032608703125 0.895380434375 0.2032608703125 0.8994565218749999 0.20108695625
0 0.948369565625 0.190217390625 0.9565217390624999 0.0043478265625 0.9116847828125 0.0021739125000000002 0.90625 0.0086956515625 0.9008152171875 0.20108695625 0.9347826093749999 0.2032608703125 0.9470108703125 0.20108695625 0.948369565625 0.190217390625
0 0.9986413046875 0.12065217343750001 0.9986413046875 0.0021739125000000002 0.957880434375 0.0054347828124999996 0.9538043484375001 0.086956521875 0.9497282609375001 0.1978260875 0.9565217390624999 0.2032608703125 0.9904891296875 0.2021739125 0.9986413046875 0.12065217343750001
0 0.27173912968749997 0.525 0.27173912968749997 0.3021739125 0.23913043437499998 0.29891304375 0.23233695625 0.30326087031250004 0.2309782609375 0.5228260875 0.2336956515625 0.5282608703125 0.2663043484375 0.5293478265625 0.27173912968749997 0.525
0 0.3125 0.3086956515625 0.3111413046875 0.30108695625 0.30298912968749997 0.29891304375 0.2826086953125 0.29891304375 0.274456521875 0.30434782656250003 0.27309782656250003 0.52608695625 0.2758152171875 0.5293478265625 0.3070652171875 0.5293478265625 0.3125 0.3086956515625
0 0.32734375 0.425 0.02734375 0.21015625
0 0.381793478125 0.30434782656250003 0.3804347828125 0.30108695625 0.3491847828125 0.2978260875 0.346467390625 0.309782609375 0.346467390625 0.52608695625 0.3763586953125 0.5293478265625 0.3804347828125 0.5173913046874999 0.381793478125 0.30434782656250003
0 0.4116847828125 0.389130434375 0.4008152171875 0.36630434843750004 0.413043478125 0.35 0.417119565625 0.3065217390625 0.3913043484375 0.30434782656250003 0.381793478125 0.314130434375 0.3804347828125 0.5282608703125 0.408967390625 0.5315217390625 0.413043478125 0.411956521875 0.4116847828125 0.389130434375
0 0.4375 0.309782609375 0.42119565156250005 0.309782609375 0.4144021734375 0.3195652171875 0.413043478125 0.35326087031250003 0.4334239125 0.35217391249999996 0.43885869531250005 0.3413043484375 0.4375 0.309782609375
0 0.434782609375 0.5 0.42255434843749995 0.464130434375 0.41983695625 0.390217390625 0.4144021734375 0.390217390625 0.413043478125 0.5282608703125 0.430706521875 0.5304347828125 0.43614130468749995 0.5271739125 0.434782609375 0.5
0 0.4429347828125 0.3065217390625 0.4415760875 0.309782609375 0.4415760875 0.34891304375 0.4782608703125 0.3478260875 0.4782608703125 0.310869565625 0.4429347828125 0.3065217390625
0 0.645380434375 0.5304347828125 0.6480978265624999 0.5217391296875 0.6521739125 0.3076086953125 0.645380434375 0.30108695625 0.6032608703125 0.29891304375 0.6019021734375001 0.525 0.60733695625 0.5315217390625 0.6304347828125 0.5326086953125 0.645380434375 0.5304347828125
0 0.6861413046875 0.5304347828125 0.6875 0.5217391296875 0.694293478125 0.315217390625 0.684782609375 0.3021739125 0.6576086953125 0.30108695625 0.6521739125 0.3065217390625 0.6480978265624999 0.5282608703125 0.65625 0.5326086953125 0.6793478265624999 0.5326086953125 0.6861413046875 0.5304347828125
0 0.721467390625 0.4978260875 0.7241847828125 0.314130434375 0.6956521734375001 0.314130434375 0.6929347828125 0.3413043484375 0.6888586953125 0.5293478265625 0.707880434375 0.5326086953125 0.71875 0.5293478265625 0.721467390625 0.4978260875
0 0.760869565625 0.38260869531249997 0.7622282609375 0.325 0.756793478125 0.314130434375 0.7282608703125 0.3173913046875 0.7241847828125 0.409782609375 0.7228260875 0.5293478265625 0.7513586953125 0.5315217390625 0.756793478125 0.5152173906249999 0.760869565625 0.38260869531249997
0 0.7934782609375 0.35217391249999996 0.7894021734375001 0.315217390625 0.7622282609375 0.3173913046875 0.760869565625 0.34891304375 0.756793478125 0.5282608703125 0.7758152171875 0.5326086953125 0.788043478125 0.5282608703125 0.7934782609375 0.35217391249999996
0 0.5796875 0.428125 0.03828125 0.209375
0 0.336956521875 0.684782609375 0.0706521734375 0.684782609375 0.0706521734375 0.713043478125 0.341032609375 0.713043478125 0.341032609375 0.688043478125 0.336956521875 0.684782609375
0 0.3423913046875 0.6793478265624999 0.341032609375 0.6532608703125 0.069293478125 0.6554347828125 0.06793478281250001 0.6728260875000001 0.08016304375 0.6836956515625 0.3383152171875 0.684782609375 0.3423913046875 0.6793478265624999
0 0.0706521734375 0.6304347828125 0.0720108703125 0.6532608703125 0.341032609375 0.6532608703125 0.3451086953125 0.62608695625 0.0706521734375 0.6304347828125
0 0.21328125 0.6171875 0.27265625 0.02578125
0 0.7308118046875001 0.607549584375 0.6962681609375 0.6093163781250001 0.7054342796874999 0.8479872734375 0.740809046875 0.8467573843749999 0.7308118046875001 0.607549584375
0 0.75546875 0.734375 0.03359375 0.21953125
0 0.7953125 0.725 0.04296875 0.25
0 0.55078125 0.796875 0.2546875 0.02578125
0 0.54921875 0.8328125 0.3109375 0.025
0 0.840625 0.72421875 0.0359375 0.24140625
0 0.875 0.73359375 0.02578125 0.225
0 0.91328125 0.73125 0.0421875 0.23515625
0 0.95703125 0.72421875 0.0328125 0.25
0 0.990625 0.72265625 0.01875 0.24453125