0 0.05859375 0.134375 0.0609375 0.26875
0 0.1265625 0.13515625 0.0625 0.26875
0 0.18671875 0.13671875 0.0546875 0.26875
0 0.24921875 0.134375 0.0671875 0.26875
0 0.321875 0.13515625 0.07109375 0.26875
0 0.38984375 0.134375 0.0609375 0.26875
0 0.45546875 0.1359375 0.05703125 0.271875
0 0.5140625 0.134375 0.059375 0.26875
0 0.58046875 0.134375 0.0640625 0.26875
0 0.65 0.134375 0.071875 0.26875
0 0.73046875 0.134375 0.0828125 0.26875
0 0.81953125 0.13515625 0.0875 0.26875
0 0.88984375 0.13359375 0.053125 0.26484375
0 0.94296875 0.1328125 0.0421875 0.265625
0 0.684375 0.4921875 0.0328125 0.28828125
0 0.73125 0.490625 0.04609375 0.2890625
0 0.7828125 0.490625 0.040625 0.2859375
0 0.834375 0.490625 0.04921875 0.28671875
0 0.8859375 0.49140625 0.0421875 0.28671875
0 0.93515625 0.48984375 0.05078125 0.290625
0 0.61875 0.48984375 0.0828125 0.29453125
0 0.53359375 0.48984375 0.06796875 0.2921875
0 0.465625 0.490625 0.06171875 0.29375
0 0.39609375 0.4921875 0.06953125 0.290625
0 0.3140625 0.49296875 0.0765625 0.2921875
0 0.2265625 0.49296875 0.08203125 0.28671875
0 0.078125 0.8546875 0.06171875 0.2890625
0 0.14609375 0.85546875 0.065625 0.28828125
0 0.21875 0.85546875 0.0671875 0.28828125
0 0.2796875 0.85625 0.046875 0.2875
0 0.33515625 0.8578125 0.0515625 0.284375
0 0.38984375 0.85390625 0.05 0.2921875
0 0.45 0.8546875 0.0515625 0.290625
0 0.51171875 0.8546875 0.0546875 0.290625
0 0.57578125 0.853125 0.0546875 0.29375
0 0.640625 0.85234375 0.05859375 0.2953125
0 0.7015625 0.853125 0.05625 0.29375
0 0.75703125 0.85234375 0.05 0.2953125
0 0.81015625 0.85234375 0.05 0.2953125
0 0.8671875 0.85234375 0.0625 0.2953125
0 0.9328125 0.8515625 0.06015625 0.29609375