1 0.746875 0.10234375 0.16328125 0.07109375
0 0.78046875 0.15078125 0.29375 0.028125
0 0.34296875 0.178125 0.03203125 0.22421875
0 0.37890625 0.17734375 0.03671875 0.221875
0 0.42109375 0.178125 0.04140625 0.225
0 0.4671875 0.178125 0.046875 0.221875
0 0.30625 0.17890625 0.03515625 0.2234375
0 0.27265625 0.1765625 0.0296875 0.22421875
0 0.22082527500000002 0.061049323437500004 0.1942295296875 0.061653771875 0.19664732499999998 0.2877176015625 0.22324306875 0.2877176015625 0.22082527500000002 0.061049323437500004
0 0.24140625 0.17578125 0.03125 0.225
0 0.78125 0.20546875 0.2984375 0.02421875
0 0.78046875 0.17890625 0.2984375 0.0234375
0 0.7765625 0.2828125 0.29296875 0.0140625
0 0.77734375 0.26171875 0.29453125 0.0234375
0 0.7796875 0.2359375 0.29609375 0.02421875
0 0.5984375 0.178125 0.03515625 0.2234375
0 0.575435203125 0.06709380937500001 0.538362346875 0.06709380937500001 0.537556415625 0.2889264984375 0.575435203125 0.28832205 0.575435203125 0.06709380937500001
0 0.49081237968749997 0.2889264984375 0.5303030296875 0.2889264984375 0.536750484375 0.06709380937500001 0.4964539 0.06648936093749999 0.49081237968749997 0.2889264984375
0 0.16038039843750002 0.2889264984375 0.193423596875 0.28832205 0.18617021250000002 0.046542553125000004 0.1555448109375 0.046542553125000004 0.16038039843750002 0.2889264984375
0 0.08704061874999999 0.287113153125 0.12653126875 0.2877176015625 0.118471953125 0.0471470015625 0.0854287546875 0.047751451562500005 0.08704061874999999 0.287113153125
0 0.153932946875 0.049564796875 0.12330754375 0.0489603484375 0.1281431328125 0.28832205 0.16038039843750002 0.2889264984375 0.153932946875 0.049564796875
0 0.878125 0.4921875 0.04765625 0.2078125
0 0.8359375 0.4921875 0.034375 0.20625
0 0.79453125 0.49296875 0.040625 0.20859375
0 0.72578125 0.4921875 0.03203125 0.20703125
0 0.7578125 0.4921875 0.02578125 0.20859375
0 0.57421875 0.50859375 0.26875 0.02890625
0 0.57265625 0.53984375 0.2671875 0.0296875
0 0.57421875 0.57578125 0.265625 0.0390625
0 0.328125 0.49453125 0.02890625 0.19921875
0 0.3578125 0.49453125 0.03046875 0.1984375
0 0.38671875 0.4953125 0.02734375 0.19921875
0 0.42109375 0.49375 0.0359375 0.19921875
0 0.2640625 0.803125 0.2671875 0.0203125
0 0.26328125 0.78046875 0.26875 0.0203125
0 0.2625 0.75625 0.26953125 0.021875
0 0.2640625 0.73203125 0.271875 0.0203125
0 0.26171875 0.7078125 0.2703125 0.0234375
0 0.31796875 0.8984375 0.1609375 0.02109375
0 0.3171875 0.87578125 0.1640625 0.0234375
0 0.31171875 0.85078125 0.171875 0.02421875
0 0.3109375 0.8265625 0.17578125 0.01953125
0 0.75625 0.7125 0.27421875 0.0203125
0 0.75625 0.69140625 0.2734375 0.02109375
0 0.75859375 0.66875 0.27578125 0.021875
0 0.759375 0.6453125 0.27265625 0.02109375
0 0.7484375 0.9078125 0.2765625 0.0171875
0 0.75078125 0.88515625 0.27265625 0.02421875
0 0.753125 0.8625 0.27109375 0.02265625
0 0.75390625 0.840625 0.27421875 0.02421875
0 0.75390625 0.815625 0.27265625 0.0234375
0 0.7546875 0.79375 0.27265625 0.0203125
0 0.7546875 0.77265625 0.2734375 0.02265625
0 0.7546875 0.75234375 0.27421875 0.02109375
0 0.75546875 0.73203125 0.2765625 0.0171875