0 0.131793478125 0.27173912968749997 0.10733695624999999 0.2695652171875 0.12364130468750001 0.438043478125 0.1440217390625 0.4413043484375 0.149456521875 0.438043478125 0.131793478125 0.27173912968749997
0 0.1820652171875 0.4413043484375 0.1820652171875 0.434782609375 0.16711956562500002 0.275 0.153532609375 0.2695652171875 0.13315217343750002 0.2706521734375 0.14809782656249998 0.438043478125 0.1548913046875 0.4423913046875 0.17663043437499998 0.4434782609375 0.1820652171875 0.4413043484375
0 0.20516304375 0.4434782609375 0.1929347828125 0.27282608750000004 0.16983695625 0.2706521734375 0.1657608703125 0.27391304375000003 0.1657608703125 0.3336956515625 0.17934782656249998 0.4336956515625 0.1834239125 0.4423913046875 0.20516304375 0.4434782609375
0 0.21603260937500002 0.2706521734375 0.194293478125 0.27282608750000004 0.20788043437499998 0.4423913046875 0.23913043437499998 0.4467391296875 0.22826087031250003 0.27391304375000003 0.21603260937500002 0.2706521734375
0 0.2486413046875 0.44891304375 0.270380434375 0.45 0.260869565625 0.275 0.23641304375 0.2706521734375 0.2309782609375 0.275 0.2309782609375 0.2956521734375 0.2418478265625 0.4434782609375 0.2486413046875 0.44891304375
0 0.2622282609375 0.27391304375000003 0.27173912968749997 0.4478260875 0.29483695625 0.4521739125 0.2866847828125 0.275 0.2622282609375 0.27391304375000003
0 0.288043478125 0.27391304375000003 0.2975543484375 0.45108695625 0.3179347828125 0.45543478281249994 0.3125 0.275 0.288043478125 0.27391304375000003
0 0.3396739125 0.2771739125 0.315217390625 0.275 0.32065217343749997 0.45108695625 0.32608695625 0.45652173906250004 0.3451086953125 0.45652173906250004 0.3396739125 0.2771739125
0 0.3709239125 0.2782608703125 0.341032609375 0.27608695625 0.3478260875 0.45543478281249994 0.350543478125 0.45869565156250003 0.3736413046875 0.45978260937500004 0.3709239125 0.2782608703125
0 0.399456521875 0.2782608703125 0.372282609375 0.2771739125 0.3763586953125 0.45869565156250003 0.399456521875 0.461956521875 0.403532609375 0.45978260937500004 0.399456521875 0.2782608703125
0 0.4021739125 0.2771739125 0.40489130468749995 0.46086956562500003 0.4293478265625 0.464130434375 0.4293478265625 0.2793478265625 0.4021739125 0.2771739125
0 0.4633152171875 0.2782608703125 0.4334239125 0.2771739125 0.4320652171875 0.45978260937500004 0.43885869531250005 0.46630434843749996 0.4633152171875 0.46630434843749996 0.4633152171875 0.2782608703125
0 0.4904891296875 0.2793478265625 0.466032609375 0.2771739125 0.4646739125 0.46630434843749996 0.48641304375 0.46847826093749995 0.4904891296875 0.46630434843749996 0.4904891296875 0.2793478265625
0 0.51766304375 0.45108695625 0.520380434375 0.2815217390625 0.51766304375 0.2782608703125 0.4918478265625 0.2782608703125 0.4904891296875 0.46630434843749996 0.510869565625 0.46956521718750005 0.5163043484375 0.46739130468749995 0.51766304375 0.45108695625
0 0.551630434375 0.42391304375 0.5529891296875 0.2793478265625 0.520380434375 0.2793478265625 0.51766304375 0.46630434843749996 0.54483695625 0.47173912968750004 0.54891304375 0.46739130468749995 0.551630434375 0.42391304375
2 0.9293478265624999 0.23913043437499998 0.8804347828125 0.234782609375 0.7975543484375 0.23913043437499998 0.7826086953125 0.24891304375 0.78125 0.2663043484375 0.78125 0.3336956515625 0.9157608703125 0.3336956515625 0.9320652171875 0.2521739125 0.9293478265624999 0.23913043437499998
0 0.5815217390625 0.2804347828125 0.5788043484375 0.2771739125 0.559782609375 0.2771739125 0.5543478265624999 0.288043478125 0.54891304375 0.47065217343750004 0.5720108703125 0.47391304375 0.5774456515625 0.45978260937500004 0.5815217390625 0.2804347828125
0 0.6236413046875 0.2793478265625 0.582880434375 0.2771739125 0.5774456515625 0.4728260875 0.61141304375 0.47608695624999997 0.6168478265624999 0.46630434843749996 0.6236413046875 0.2793478265625
0 0.627717390625 0.2782608703125 0.622282609375 0.359782609375 0.618206521875 0.475 0.653532609375 0.47934782656249997 0.6684782609375 0.2771739125 0.627717390625 0.2782608703125
0 0.7113090171875001 0.27819834062500004 0.6696425890625 0.2770884390625 0.6600319921875 0.47969744218750004 0.695925865625 0.48028323124999994 0.7113090171875001 0.27819834062500004
0 0.8453125 0.353125 0.278125 0.028125
0 0.984402871875 0.37320860625 0.7080391296874999 0.3677263109375 0.70470003125 0.39584777031249996 0.9809859234375 0.404044728125 0.984402871875 0.37320860625
0 0.9795214953125001 0.40592048125 0.7055980359375 0.3989723046875 0.7027474734375 0.42894997031250004 0.9756163796875 0.43675657343749996 0.9795214953125001 0.40592048125
0 0.973663859375 0.44135610468750003 0.701936396875 0.4311947390625 0.6993304874999999 0.4557983265625 0.9678062234375 0.46828889531250006 0.973663859375 0.44135610468750003
0 0.9682943156249999 0.4713393375 0.7001055765624999 0.45853498437500007 0.700794915625 0.47992660468750004 0.9663417953125 0.49475915 0.9682943156249999 0.4713393375
0 0.1779891296875 0.635869565625 0.1779891296875 0.610869565625 0.16983695625 0.559782609375 0.16711956562500002 0.489130434375 0.1399456515625 0.486956521875 0.1521739125 0.6282608703125 0.153532609375 0.6326086953125001 0.17391304375 0.636956521875 0.1779891296875 0.635869565625
0 0.186705178125 0.4932786046875 0.1700952765625 0.48935988906250005 0.1825711984375 0.636523671875 0.19910711875 0.6405638828125 0.186705178125 0.4932786046875
0 0.20737504218749997 0.49438048749999997 0.19076857187500001 0.492575734375 0.20094441093749998 0.6379928296874999 0.21656165 0.6394620015625 0.20737504218749997 0.49438048749999997
0 0.2247184859375 0.496312534375 0.20914483593750002 0.49487276874999997 0.22288115937500003 0.642128640625 0.2352830984375 0.645066996875 0.2247184859375 0.496312534375
0 0.23958052031250002 0.6271818625 0.2401192015625 0.644361190625 0.41558340156250007 0.6704391281250001 0.41512404375 0.65354359375 0.23958052031250002 0.6271818625
0 0.23670922968750002 0.6074273796874999 0.23874123125 0.6267241265625 0.413746075 0.6505982984375 0.4142053984375 0.6311316687499999 0.23670922968750002 0.6074273796874999
0 0.41328675156249994 0.6131181171875 0.2349864546875 0.588132303125 0.23828187343749999 0.6028338328125 0.4119087453125 0.6289117703125 0.41328675156249994 0.6131181171875
0 0.413746075 0.592916865625 0.2355607140625 0.569296634375 0.235066575 0.5863055593750001 0.4142053984375 0.6094451390625 0.413746075 0.592916865625
0 0.41466472187500003 0.56940998125 0.23613497187500002 0.5495421515625 0.23598522187499998 0.5657370312500001 0.41512404375 0.5885093234375 0.41466472187500003 0.56940998125
0 0.43125 0.59296875 0.02890625 0.15859375
0 0.4841717015625 0.5217744765625 0.4474619984375 0.5192213156250001 0.4492626046875 0.6742019203125 0.4841717015625 0.67824213125 0.4841717015625 0.5217744765625
0 0.5219642921875 0.5254474296875 0.488808590625 0.5210589437500001 0.49027052812500005 0.6837515546875 0.5219642921875 0.6863226234375001 0.5219642921875 0.5254474296875
0 0.5761740546875 0.5294934359375 0.5267096328124999 0.526112415625 0.5242697140625 0.6870630015625 0.5715807500000001 0.695878059375 0.5761740546875 0.5294934359375
0 0.600533828125 0.53316638125 0.577818615625 0.530247075 0.5738926546875 0.69808185 0.5973184953125 0.7010201796875 0.600533828125 0.53316638125
0 0.6387769703124999 0.5353701453124999 0.6065315265625 0.5320847015625 0.6015712234375 0.7010201796875 0.6323463390625 0.7061623140625 0.6387769703124999 0.5353701453124999
0 0.6796573765625 0.5380425359375 0.6409870203125 0.535759953125 0.6360209953125 0.7055290515625 0.6709300921875 0.7114057921875 0.6796573765625 0.5380425359375
0 0.7204258968749999 0.540615903125 0.6823336125 0.5380569875 0.6740335421875 0.7121426609375 0.704808659375 0.7183866765625 0.7204258968749999 0.540615903125
0 0.7571723218749999 0.5483291046875001 0.7190861390625 0.543569865625 0.70802395625 0.715815609375 0.7420144078125 0.72279420625 0.7571723218749999 0.5483291046875001
0 0.8067799734375001 0.5501805484375 0.7610069890625 0.5454074921875 0.747526390625 0.72464565 0.7888661203125 0.730155075 0.8067799734375001 0.5501805484375
0 0.863743421875 0.5534689265625 0.8126902296875 0.5504609640625 0.796681203125 0.7323415796875 0.838939578125 0.739320190625 0.863743421875 0.5534689265625
0 0.89727455 0.558243759375 0.8683932765625 0.5555144375000001 0.8444515640624999 0.737483715625 0.8729300296875 0.7433604296875 0.89727455 0.558243759375
0 0.9376956312500001 0.560080234375 0.9045715453125001 0.55643325 0.87798265625 0.742993140625 0.9105951359375 0.749604434375 0.9376956312500001 0.560080234375
0 0.3736413046875 0.7456521734375 0.381793478125 0.7304347828125 0.4103260875 0.70108695625 0.23913043437499998 0.6717391296875 0.23233695625 0.6717391296875 0.2201086953125 0.686956521875 0.21875 0.7076086953125 0.2241847828125 0.7217391296875 0.36684782656250003 0.7467391296875 0.3736413046875 0.7456521734375
0 0.372282609375 0.8076086953124999 0.377717390625 0.8043478265624999 0.3736413046875 0.7717391296875 0.32201087031250003 0.7652173906249999 0.2309782609375 0.7456521734375 0.225543478125 0.7478260875 0.2241847828125 0.7706521734375 0.2336956515625 0.7804347828125 0.3478260875 0.8043478265624999 0.372282609375 0.8076086953124999
0 0.3763586953125 0.7706521734375 0.375 0.75 0.3709239125 0.7478260875 0.22282608750000002 0.7228260875 0.22146739062499998 0.738043478125 0.22826087031250003 0.7467391296875 0.36548912968749997 0.7717391296875 0.3763586953125 0.7706521734375
0 0.3763586953125 0.8076086953124999 0.372282609375 0.8054347828124999 0.2309782609375 0.7793478265625 0.22826087031250003 0.790217390625 0.2336956515625 0.7956521734375 0.3763586953125 0.8228260875 0.3763586953125 0.8076086953124999
0 0.42275344531250003 0.75197461875 0.37483051562499997 0.7462274953125 0.384064178125 0.8800806203124999 0.427112775 0.8874881140624999 0.42275344531250003 0.75197461875
0 0.4300127640625 0.751132584375 0.43256196874999997 0.8883595703125 0.4745207859375 0.8975100093749999 0.473975875 0.75807491875 0.4300127640625 0.751132584375
0 0.5066710375000001 0.7659181312500001 0.47701986406249997 0.7620327796875 0.47942506875 0.89968868125 0.5039464406249999 0.9057889578125 0.5066710375000001 0.7659181312500001
0 0.5083579312500001 0.765302840625 0.5061260859375001 0.9057889578125 0.54481539375 0.913196484375 0.5497196359375 0.77071120625 0.5083579312500001 0.765302840625
0 0.5976725578125001 0.7820403265625 0.5499149328125 0.772932978125 0.5464501281249999 0.9136321781250001 0.5894987656249999 0.9245255453125001 0.5976725578125001 0.7820403265625
0 0.5976032953125 0.7811081265625 0.591148921875 0.9280114359375 0.6074965046874999 0.930190109375 0.6183948906250001 0.784219 0.5976032953125 0.7811081265625
0 0.66907236875 0.7946766140625 0.6194036890625 0.7865582234375 0.6102211 0.9306258703125 0.6576290703125001 0.9397762593750001 0.66907236875 0.7946766140625
0 0.6630044765625 0.9239007078125001 0.6591501125 0.9398636921874999 0.8825670578125001 0.991280390625 0.8842017921875 0.9760296765625001 0.6630044765625 0.9239007078125001
0 0.6650482640625001 0.9048253624999999 0.6613297984375001 0.924054309375 0.8852916546875 0.9737280609375001 0.889650984375 0.954555728125 0.6650482640625001 0.9048253624999999
0 0.6670920515625001 0.8841149875 0.6662340390625 0.9025790031250001 0.889650984375 0.9531242359375 0.8929205359375001 0.9326447015625 0.6670920515625001 0.8841149875
0 0.897279865625 0.9082435515625 0.668413725 0.86205568125 0.668413725 0.8834066953124999 0.8940103578124999 0.9309017578125 0.897279865625 0.9082435515625
0 0.898914640625 0.8877640421875 0.6684545765625 0.8410592093749999 0.667868815625 0.8598770078125 0.8983696875 0.90693635 0.898914640625 0.8877640421875