0 0.1984375 0.19765625 0.0671875 0.21171875
0 0.271875 0.19765625 0.05625 0.21171875
0 0.390070921875 0.091871690625 0.3164211671875 0.09109311718749999 0.31096562968749997 0.3044222984375 0.3805237328125 0.30364372500000003 0.390070921875 0.091871690625
0 0.39689034375 0.305200871875 0.4487179484375 0.305200871875 0.45280960156249994 0.0607287453125 0.40507364843750004 0.06150731875 0.39689034375 0.305200871875
0 0.6015625 0.1703125 0.03828125 0.26953125
0 0.640625 0.196875 0.02890625 0.21484375
0 0.6796875 0.19765625 0.0421875 0.21640625
0 0.73203125 0.1984375 0.0546875 0.2140625
0 0.7828125 0.1984375 0.04375 0.21484375
0 0.84921875 0.171875 0.06953125 0.26640625
0 0.916530278125 0.1027717234375 0.8851609375 0.1027717234375 0.891980359375 0.305200871875 0.9233496999999999 0.3059794453125 0.916530278125 0.1027717234375
0 0.9683578828125 0.10432886875 0.92062193125 0.10432886875 0.9301691218749999 0.30364372500000003 0.9724495359375 0.3044222984375 0.9683578828125 0.10432886875
0 0.9847244953125 0.06851448125000001 0.9724495359375 0.06851448125000001 0.9738134203125 0.3044222984375 0.9847244953125 0.305200871875 0.9847244953125 0.06851448125000001
0 0.921985815625 0.41342260937499997 0.8769776328125 0.41420118281249996 0.8851609375 0.64621613125 0.9328968906249999 0.6469947046875 0.921985815625 0.41342260937499997
0 0.977905075 0.370601059375 0.9356246593750001 0.37137963281249997 0.9369885421875 0.64621613125 0.9847244953125 0.64621613125 0.977905075 0.370601059375
0 0.624659028125 0.4103083140625 0.5823786140625 0.4103083140625 0.5905619203125 0.6469947046875 0.632842334375 0.6469947046875 0.624659028125 0.4103083140625
0 0.6515625 0.52890625 0.034375 0.23515625
0 0.69375 0.5359375 0.0453125 0.225
0 0.7214948171875 0.6477732796875 0.759683578125 0.6493304265625001 0.7569558109375001 0.38850825312500004 0.7187670484375001 0.3892868265625 0.7214948171875 0.6477732796875
0 0.8019639921874999 0.38850825312500004 0.7610474625 0.3900654 0.767866884375 0.6477732796875 0.8046917625000001 0.6477732796875 0.8019639921874999 0.38850825312500004
0 0.8647026734375001 0.38850825312500004 0.8101473 0.3892868265625 0.816966721875 0.6493304265625001 0.872885978125 0.6469947046875 0.8647026734375001 0.38850825312500004
0 0.1704855421875 0.5777016515625 0.1704855421875 0.59560884375 0.58101473125 0.59560884375 0.58101473125 0.5777016515625 0.1704855421875 0.5777016515625
0 0.3765625 0.56875 0.41484375 0.015625
0 0.37890625 0.5484375 0.41171875 0.02265625
0 0.3796875 0.63828125 0.415625 0.02109375
0 0.378125 0.6109375 0.41015625 0.0296875
0 0.9560829234374999 0.9810028031250001 0.9669939984375 0.98255995 0.9615384609375001 0.7303020874999999 0.924713584375 0.7303020874999999 0.92607746875 0.9342883843750001 0.9560829234374999 0.95764559375 0.9560829234374999 0.9810028031250001
0 1 0.7303020874999999 0.965630115625 0.731080659375 0.9724495359375 0.9810028031250001 0.9983633390625 0.98255995 1 0.7303020874999999
0 0.43917075937499994 0.7715664906249999 0.39689034375 0.77000934375 0.36961265625 0.9981314234375 0.41734860781250005 1 0.43917075937499994 0.7715664906249999
0 0.3191489359375 0.9981314234375 0.3627932359375 0.9981314234375 0.3750681953125 0.7731236375 0.3327877796875 0.7715664906249999 0.3191489359375 0.9981314234375
0 0.20731042031250002 0.767673621875 0.1636661203125 0.7668950484375 0.15957446875 0.9981314234375 0.1991271140625 0.9996885703125 0.20731042031250002 0.767673621875
0 0.20458265 0.998909996875 0.24549918124999998 0.998909996875 0.2509547203125 0.767673621875 0.21822149531249999 0.7668950484375 0.20458265 0.998909996875
0 0.3177850515625 0.7707879171875 0.255046371875 0.76923076875 0.24822695 0.9996885703125 0.30687397656250004 0.9996885703125 0.3177850515625 0.7707879171875