0 1 0.251664446875 0.9396092359375 0.24900133124999999 0.8880994671875 0.7150466046874999 0.9822380109375001 0.7270306265625 1 0.5659121171875 1 0.251664446875
0 0.9253996453125 0.2529960046875 0.8401420953125 0.251664446875 0.8046181171875 0.7017310250000001 0.880994671875 0.71105193125 0.9253996453125 0.2529960046875
0 0.8359976328125001 0.255659121875 0.75429248125 0.255659121875 0.7223208999999999 0.6915224140625 0.795737121875 0.702174878125 0.8359976328125001 0.255659121875
0 0.6382474828125 0.6817576562500001 0.7223208999999999 0.6897470046875 0.746003553125 0.2565468265625 0.6619301375 0.2592099421875 0.6382474828125 0.6817576562500001
0 0.654825340625 0.26453617500000004 0.57785671875 0.26453617500000004 0.5600947296875 0.6666666671875 0.6323268203125 0.67554371875 0.654825340625 0.26453617500000004
0 0.4914150390625 0.6577896140624999 0.5553581999999999 0.667554371875 0.573120190625 0.2643053703125 0.49615156875000005 0.2651930765625 0.4914150390625 0.6577896140624999
0 0.4925991703125 0.26608078125 0.417998815625 0.2669684859375 0.4191829484375 0.6479538390624999 0.4866785078125 0.6541677765625 0.4925991703125 0.26608078125
0 0.358792184375 0.6390767875 0.41444641718749997 0.646178428125 0.417998815625 0.268903684375 0.3599763171875 0.2697913890625 0.358792184375 0.6390767875
0 0.3552397875 0.2697913890625 0.28063943125 0.2706790953125 0.283007696875 0.6310874390625 0.352871521875 0.6399644906249999 0.3552397875 0.2697913890625
0 0.22735346406249998 0.6230980921875 0.283007696875 0.630199734375 0.28063943125 0.2706790953125 0.2202486671875 0.2706790953125 0.22735346406249998 0.6230980921875
0 0.219064534375 0.2724545046875 0.15512137343750002 0.2733422109375 0.1657785671875 0.6159964484375 0.2226169328125 0.6222103859375 0.219064534375 0.2724545046875
0 0.1124925984375 0.6097825125 0.1634103015625 0.6159964484375 0.1539372421875 0.2724545046875 0.0959147421875 0.274229915625 0.1124925984375 0.6097825125
0 0.0959147421875 0.0816688859375 0.09946714062499999 0.12072791875 0.5387803421874999 0.0701287171875 0.5387803421874999 0.025743453125 0.0959147421875 0.0816688859375
0 0.22498519843749998 0.0008877062499999999 0.0876258140625 0.0266311578125 0.093546478125 0.079893475 0.5316755468750001 0.0230803375 0.5316755468750001 0.0017754093750000002 0.22498519843749998 0.0008877062499999999