0 0.0638586953125 0 0.0543478265625 0.24260958281249997 0.052989129687500004 0.403669725 0.0625 0.40876656406249995 0.118206521875 0.4108053 0.127717390625 0.40265035625 0.1440217390625 0 0.0638586953125 0
0 0.14809782656249998 0 0.1399456515625 0.12130479062499999 0.1345108703125 0.4046890921875 0.1467391296875 0.41488277343749996 0.2201086953125 0.4179408765625 0.2309782609375 0.41488277343749996 0.2336956515625 0.39551478125 0.256793478125 0 0.14809782656249998 0
0 0.260869565625 0 0.256793478125 0.012232415625 0.252717390625 0.147808359375 0.23913043437499998 0.3047910296875 0.23641304375 0.41182466875 0.24728260937500002 0.416921509375 0.29076087031250003 0.4179408765625 0.29483695625 0.41488277343749996 0.30298912968749997 0.30377166093749997 0.32065217343749997 0 0.260869565625 0
0 0.34375 0.4179408765625 0.372282609375 0.016309887500000002 0.3274456515625 0 0.3138586953125 0.139653415625 0.3111413046875 0.24668705468750002 0.2975543484375 0.4128440359375 0.3070652171875 0.416921509375 0.34375 0.4179408765625
0 0.3872282609375 0.01732925625 0.3763586953125 0.0183486234375 0.3736413046875 0.0305810390625 0.3736413046875 0.1233435265625 0.368206521875 0.12640163124999998 0.364130434375 0.16309887812499999 0.35190217343749997 0.3333333328125 0.3491847828125 0.41590214062499997 0.403532609375 0.4199796125 0.43614130468749995 0.035677879687500004 0.3872282609375 0.01732925625
0 0.4945652171875 0.0489296640625 0.45108695625 0.0346585125 0.440217390625 0.0366972484375 0.43614130468749995 0.047910295312500004 0.42255434843749995 0.21610601406250002 0.417119565625 0.406727828125 0.42391304375 0.4199796125 0.466032609375 0.42099898125 0.4945652171875 0.0489296640625
0 0.48233695625 0.4220183484375 0.51766304375 0.42303771718750005 0.5230978265624999 0.4199796125 0.5258152171875 0.403669725 0.5543478265624999 0.0682976546875 0.5149456515625 0.0519877671875 0.5013586953125 0.058103974999999995 0.497282609375 0.0703363921875 0.502717390625 0.1508664625 0.489130434375 0.181447503125 0.493206521875 0.18450560625 0.493206521875 0.2548419984375 0.479619565625 0.4189602453125 0.48233695625 0.4220183484375
0 0.569293478125 0.07543323125 0.565217390625 0.07645260000000001 0.5625 0.09174311874999999 0.5353260875 0.3934760453125 0.5353260875 0.4220183484375 0.57608695625 0.4220183484375 0.6059782609375 0.08970438281250001 0.569293478125 0.07543323125
0 0.6603260875 0.104994903125 0.6195652171875 0.0907237515625 0.61141304375 0.09174311874999999 0.5991847828125 0.2538226296875 0.582880434375 0.3843017328125 0.5815217390625 0.4199796125 0.586956521875 0.42303771718750005 0.6263586953125 0.42303771718750005 0.6603260875 0.104994903125
0 0.70108695625 0.1162079515625 0.6725543484375 0.1070336390625 0.667119565625 0.122324159375 0.6399456515625 0.3934760453125 0.63858695625 0.42303771718750005 0.667119565625 0.42303771718750005 0.70108695625 0.134556575 0.70108695625 0.1162079515625
0 0.7350543484375 0.1253822625 0.7105978265624999 0.1182466875 0.7065217390625 0.1192660546875 0.7024456515625 0.137614678125 0.676630434375 0.364933740625 0.6725543484375 0.4199796125 0.6997282609375 0.42303771718750005 0.73641304375 0.13353720625 0.7350543484375 0.1253822625
0 0.7771739125 0.147808359375 0.774456521875 0.138634046875 0.7445652171875 0.129459734375 0.739130434375 0.138634046875 0.725543478125 0.2456676859375 0.7038043484375 0.4199796125 0.707880434375 0.42303771718750005 0.739130434375 0.42405708437499995 0.7771739125 0.147808359375
0 0.8179347828125 0.16717635 0.8152173906250001 0.1488277265625 0.7826086953125 0.14373088750000002 0.770380434375 0.2130479109375 0.747282609375 0.425076453125 0.7826086953125 0.42405708437499995 0.7866847828125 0.4199796125 0.8179347828125 0.16717635
0 0.8274456515624999 0.3628950046875 0.8505434781250001 0.171253821875 0.8491847828125 0.15800203906250002 0.82608695625 0.1508664625 0.8206521734375001 0.160040775 0.801630434375 0.297655453125 0.7866847828125 0.4199796125 0.8138586953125 0.42405708437499995 0.8192934781250001 0.4179408765625 0.8274456515624999 0.3628950046875
0 0.875 0.185524975 0.875 0.17329255937500002 0.8586956515624999 0.16819571875 0.8505434781250001 0.18450560625 0.8342391296875 0.30988786875 0.823369565625 0.42303771718750005 0.8396739125 0.42303771718750005 0.8464673906250001 0.40774719687500005 0.875 0.185524975
0 0.8994565218749999 0.189602446875 0.8980978265624999 0.180428134375 0.8845108703125 0.1763506625 0.8505434781250001 0.3934760453125 0.8478260875 0.42099898125 0.864130434375 0.42303771718750005 0.8709239125 0.40774719687500005 0.8994565218749999 0.189602446875
0 0.90625 0.33129459687499996 0.9307065218749999 0.19469928593750002 0.9293478265624999 0.188583078125 0.9116847828125 0.1824668703125 0.9048913046875 0.188583078125 0.8817934781250001 0.3374108046875 0.8722826093749999 0.4220183484375 0.895380434375 0.4189602453125 0.9089673906250001 0.36187563749999996 0.90625 0.33129459687499996
0 0.9524456515624999 0.2599388375 0.9646739125 0.20998980625 0.9592391296875 0.196738021875 0.9361413046875 0.1906218140625 0.9307065218749999 0.1906218140625 0.926630434375 0.2028542296875 0.92391304375 0.24770642187499997 0.9116847828125 0.30275229375 0.895380434375 0.41182466875 0.8994565218749999 0.4220183484375 0.9307065218749999 0.4189602453125 0.9524456515624999 0.2599388375
0 0.0923913046875 0.6748216109375 0.07608695625 0.6564729875 0.051630434375 0.65545361875 0.04891304375 0.6768603468750001 0.0475543484375 0.8542303765625 0.052989129687500004 0.99898063125 0.0951086953125 0.99898063125 0.0923913046875 0.6748216109375
0 0.13359375 0.85 0.0671875 0.3
0 0.2 0.8421875 0.05 0.315625
0 0.26484375 0.83203125 0.046875 0.3125
0 0.32578125 0.81640625 0.0375 0.3046875
0 0.4153509421875 0.6514786046875 0.364826653125 0.660205853125 0.3556824640625 0.9587905937500001 0.3950862109375 0.9393725984374999 0.4153509421875 0.6514786046875
0 0.462635490625 0.64472446875 0.426757109375 0.6580938703125 0.40184112031249997 0.9427496015625 0.44687397500000003 0.925864325 0.462635490625 0.64472446875
0 0.5031650421875 0.644322178125 0.47839692187500005 0.652764815625 0.45137727656250004 0.9212407 0.480648615625 0.9136423453125 0.5031650421875 0.644322178125
0 0.5112077296875001 0.623246153125 0.4809452765625 0.9085767421875 0.5226006296875 0.89675706875 0.547368665625 0.621527071875 0.5112077296875001 0.623246153125
0 0.5803300515625 0.624904109375 0.5478029984375 0.626414128125 0.5262905921875001 0.89338 0.558939428125 0.8840931109374999 0.5803300515625 0.624904109375
0 0.5956583484375 0.623246153125 0.566589928125 0.8815603265625 0.5891063546875001 0.8731176875 0.6172518890625 0.6223713234375 0.5956583484375 0.623246153125
0 0.626623578125 0.6179661953125 0.5953146765625 0.8653075609374999 0.62233440625 0.85770920625 0.6471025265625 0.608651375 0.626623578125 0.6179661953125
0 0.654773784375 0.62113416875 0.6290893171875 0.8585534562499999 0.6561090468749999 0.8467337828125 0.68087716875 0.6162497625000001 0.654773784375 0.62113416875
0 0.687146521875 0.6126862390625 0.65723485 0.8408239296875 0.68087716875 0.8357583265624999 0.7124001140625 0.607807125 0.687146521875 0.6126862390625
0 0.7195192593749999 0.603182315625 0.6932611859375 0.8349140765625 0.7157776124999999 0.8315370078125 0.7439231453125 0.6002087375 0.7195192593749999 0.603182315625
0 0.7504844859375 0.605294296875 0.719155025 0.8256271875 0.7450489499999999 0.8188730515625 0.769816984375 0.6018972625 0.7504844859375 0.605294296875
0 0.7772271828124999 0.6010703328125 0.7461747546875 0.8138074812499999 0.7641878796875 0.8078976296875 0.7923334109375 0.59767594375 0.7772271828124999 0.6010703328125
0 0.796932328125 0.5979023578125 0.7709671765625 0.8078976296875 0.7889803 0.8028320578124999 0.8160000296875 0.6002087375 0.796932328125 0.5979023578125
0 0.8180449828125 0.596846365625 0.7878544953125 0.8011435234375 0.8103709218749999 0.79692220625 0.8396422609374999 0.5917660984374999 0.8180449828125 0.596846365625
0 0.85182523125 0.591566409375 0.8205032453125 0.7927008875 0.8430196734375001 0.7825697140625001 0.8700394015624999 0.5883890390625 0.85182523125 0.591566409375