4 0.8220108703125 0.453271028125 0.8111413046875 0.46261682187500003 0.7975543484375 0.45872274218750003 0.7907608703125 0.46339563906250003 0.7907608703125 0.474299065625 0.8192934781250001 0.5451713390624999 0.8586956515624999 0.61448598125 0.864130434375 0.6448598125 0.8695652171875 0.651869159375 0.89266304375 0.66199376875 0.9008152171875 0.6767912765624999 0.9429347828125 0.6736760125 0.9741847828125 0.6845794390625 0.9755434781250001 0.5537383171875 0.9524456515624999 0.521806853125 0.9375 0.47352025 0.9402173906250001 0.46884735156249996 0.9728260875 0.46417445468749996 0.9755434781250001 0.46028037343749995 0.9755434781250001 0.367601246875 0.96875 0.3535825546875 0.95516304375 0.34345794375 0.9076086953125 0.330996884375 0.8369565218749999 0.3286604359375 0.7866847828125 0.3372274140625 0.756793478125 0.36137071718749997 0.7595108703125 0.3909657328125 0.778532609375 0.41043613749999996 0.792119565625 0.43457943906249996 0.8220108703125 0.453271028125
0 0.2765625 0.41484375 0.5140625 0.0625
0 0.6008348890625 0.4574543125 0.026301696875000002 0.44650611875 0.0275755859375 0.49029889375 0.597013121875 0.504166615625 0.6008348890625 0.4574543125
0 0.31328125 0.57734375 0.58203125 0.0625
0 0.60338266875 0.5078160125 0.0305788703125 0.502289403125 0.0224799296875 0.5384709609375 0.5995609015625 0.5486892578125 0.60338266875 0.5078160125
0 0.35733695625 0.6627725859375 0.524456521875 0.6705607484375 0.57608695625 0.6705607484375 0.5855978265624999 0.6627725859375 0.586956521875 0.6183800625 0.426630434375 0.6113707171875 0.07608695625 0.6043613703124999 0.0407608703125 0.6043613703124999 0.024456521875 0.6074766359375 0.0230978265625 0.6471962609374999 0.0298913046875 0.653426790625 0.309782609375 0.6635514015624999 0.35733695625 0.6627725859375
0 0.582880434375 0.7352024921875 0.586956521875 0.724299065625 0.5788043484375 0.6799065421875 0.5720108703125 0.67757009375 0.1603260875 0.661214953125 0.0258152171875 0.6588785046875001 0.0230978265625 0.6627725859375 0.024456521875 0.724299065625 0.5217391296875 0.7429906546875 0.5706521734375001 0.7422118375 0.582880434375 0.7352024921875
0 0.51766304375 0.7943925234375 0.5230978265624999 0.7897196265625 0.5434782609375 0.7858255453125 0.542119565625 0.7811526484375 0.528532609375 0.7811526484375 0.520380434375 0.766355140625 0.5217391296875 0.75 0.5149456515625 0.7437694703125 0.375 0.737538940625 0.364130434375 0.7398753890624999 0.3627717390625 0.7445482859375 0.346467390625 0.7468847359375 0.3315217390625 0.745327103125 0.323369565625 0.7398753890624999 0.26358695625 0.74065420625 0.21603260937500002 0.7352024921875 0.1820652171875 0.7359813078124999 0.1576086953125 0.7320872281249999 0.032608695312500005 0.728193146875 0.0230978265625 0.7313084109375 0.0230978265625 0.7679127718750001 0.0271739125 0.7694704046874999 0.4782608703125 0.7943925234375 0.51766304375 0.7943925234375
0 0.544914296875 0.79488255 0.029431945312500003 0.776050390625 0.0254411703125 0.819963675 0.547832715625 0.8327829546875 0.544914296875 0.79488255
0 0.57215261875 0.8290421531250001 0.0245671578125 0.8262440906249999 0.0234956078125 0.8613689750000001 0.577989453125 0.8585821828125001 0.57215261875 0.8290421531250001
0 0.5692342 0.8674998859375 0.0257833546875 0.8631922328125 0.0215500453125 0.91710480625 0.57215261875 0.9249077890624999 0.5692342 0.8674998859375