0 0.49765625 0.3296875 0.05390625 0.25703125
0 0.44609375 0.3296875 0.04609375 0.25703125
0 0.39765625 0.3296875 0.05078125 0.26015625
0 0.546875 0.3296875 0.040625 0.259375
0 0.5921875 0.32734375 0.04375 0.26015625
0 0 0.127607634375 0.000738771875 0.15201952968750002 0.36052009375 0.147581003125 0.361258865625 0.12483355468749999 0 0.127607634375
0 0.0073877078125 0.186972925 0.0073877078125 0.2185974265625 0.3634751765625 0.21415889843749997 0.3642139484375 0.186418109375 0.0073877078125 0.186972925
0 0.0051713953125 0.15534842499999998 0.0044326234375 0.186418109375 0.3619976359375 0.1814247671875 0.36495271875 0.1525743453125 0.0051713953125 0.15534842499999998
0 0.0073877078125 0.2596537953125 0.0073877078125 0.28961384843750004 0.3716016546875 0.28905903125 0.3686465734375 0.25743453125000004 0.0073877078125 0.2596537953125
0 0.0073877078125 0.2208166890625 0.005910165625 0.25577008437500004 0.3686465734375 0.2529960046875 0.3679078015625 0.2213715046875 0.0073877078125 0.2208166890625
0 0.18984375 0.30859375 0.3625 0.03125
0 0.18984375 0.3453125 0.3625 0.0328125
0 0.190625 0.38203125 0.36015625 0.03671875
0 0.18984375 0.41796875 0.35859375 0.03359375
0 0.19140625 0.44921875 0.35859375 0.02421875
0 0.8078125 0.22578125 0.38359375 0.07578125
0 0.626477540625 0.1115179765625 0.625738771875 0.14813581874999998 0.9929078015625 0.1420328453125 0.9906914890625 0.10818908125 0.626477540625 0.1115179765625
0 0.6272163125 0.150909896875 0.6286938531249999 0.1847536625 0.9929078015625 0.1797603203125 0.9929078015625 0.1459165546875 0.6272163125 0.150909896875
0 0.6182033109375 0.2734132265625 0.6182033109375 0.330226365625 0.999408984375 0.32223701718750003 0.998817965625 0.265423878125 0.6182033109375 0.2734132265625
0 0.6152482265625 0.3315579234375 0.6146572109374999 0.386151796875 0.998817965625 0.37905015625 0.9970449171875 0.32490013281249996 0.6152482265625 0.3315579234375
0 1 0.38082556562500003 0.6187943265625 0.38659564999999996 0.6182033109375 0.43186861875 1 0.42565468281249996 1 0.38082556562500003
0 0.6148049640625 0.43075898749999997 0.6156914890625 0.457390146875 0.99822695 0.45206391406249996 0.9977836874999999 0.42743009374999996 0.6148049640625 0.43075898749999997
0 0.62631780625 0.54773815 0.6244009968750001 0.5923633359375 0.9996166390625 0.5909238140624999 1 0.5516968359375001 0.62631780625 0.54773815
0 1 0.5257854390625 0.6344642515625 0.5257854390625 0.634943453125 0.5437794640625 1 0.5430597046875 1 0.5257854390625
0 0.97890625 0.7390625 0.0421875 0.2828125
0 0.775306253125 0.5973853046875 0.7213088328125 0.5973853046875 0.723726628125 0.8806439890625001 0.780947775 0.8794334812500001 0.775306253125 0.5973853046875
0 0.9234375 0.7390625 0.0671875 0.2890625
0 0.8609375 0.73828125 0.05546875 0.28671875
0 0.80625 0.73984375 0.05078125 0.2859375
0 0.7140554484375 0.5979905578125 0.668923275 0.59980631875 0.67859445625 0.8830650046875 0.7205029 0.8842755109375 0.7140554484375 0.5979905578125
0 0.6640876859375 0.599201065625 0.6068665375 0.599201065625 0.613313990625 0.8830650046875 0.673758865625 0.8806439890625001 0.6640876859375 0.599201065625
0 0.563346228125 0.8824597515624999 0.613313990625 0.8812492437499999 0.6028368796875 0.596174796875 0.5528691171875 0.5985958124999999 0.563346228125 0.8824597515624999
0 0.5504513203125 0.5985958124999999 0.5069310125000001 0.5985958124999999 0.5101547390625 0.8830650046875 0.556898775 0.8824597515624999 0.5504513203125 0.5985958124999999
0 0.45857511406249996 0.8824597515624999 0.5029013546875001 0.8806439890625001 0.49887169531250003 0.5979905578125 0.452127659375 0.599201065625 0.45857511406249996 0.8824597515624999
0 0.44809800156249996 0.6004115718749999 0.3981302390625 0.6004115718749999 0.40054803437500003 0.8824597515624999 0.4537395234375 0.8836702578125 0.44809800156249996 0.6004115718749999
0 0.36953125 0.74296875 0.06171875 0.2875
0 0.3125 0.74375 0.05234375 0.28671875
0 0.25703125 0.74140625 0.05625 0.2828125
0 0.196875 0.74296875 0.053125 0.28359375
0 0.1421875 0.7453125 0.05 0.2859375
0 0.0921875 0.74296875 0.04609375 0.28125
0 0.040625 0.74296875 0.05546875 0.284375