0 0.48046875 0.08203125 0.70859375 0.07109375
0 0.47265625 0.37890625 0.64375 0.0640625
0 0.47734375 0.31171875 0.64765625 0.06640625
0 0.47421875 0.45625 0.6421875 0.06796875
0 0.48046875 0.54296875 0.6375 0.08671875
0 0.47265625 0.62109375 0.621875 0.0609375
0 0.50234375 0.70703125 0.55859375 0.0921875
0 0.478125 0.7859375 0.640625 0.0640625
0 0.4671875 0.91953125 0.65078125 0.08984375
0 0.47890625 0.84609375 0.63359375 0.04375
0 0.13920454531249998 0.215909090625 0.140625 0.27414772656249997 0.82244318125 0.27556818125000004 0.8238636359375 0.2102272734375 0.13920454531249998 0.215909090625
0 0.1335227265625 0.13494318125 0.1363636359375 0.2045454546875 0.83380681875 0.1988636359375 0.83380681875 0.12784090937499998 0.1335227265625 0.13494318125