0 0.0234375 0.25390625 0.04609375 0.375
0 0.11484375 0.2328125 0.09921875 0.4234375
0 0.58125 0.28515625 0.0875 0.31171875
0 0.2718676109375 0.0587322703125 0.18764775312499998 0.057624112500000005 0.20242316875 0.4421542546875 0.28368794375 0.44437056718749995 0.2718676109375 0.0587322703125
0 0.2895981078125 0.44437056718749995 0.378250590625 0.4454787234375 0.3575650125 0.055407801562500004 0.2718676109375 0.057624112500000005 0.2895981078125 0.44437056718749995
0 0.45951536718749997 0.045434396875 0.3679078015625 0.044326240625 0.38711583906249997 0.44437056718749995 0.47429077968750005 0.4432624109375 0.45951536718749997 0.045434396875
0 0.5304373531250001 0.1019503546875 0.46394799062500003 0.1019503546875 0.47576832031249994 0.4432624109375 0.5422576828125 0.4432624109375 0.5304373531250001 0.1019503546875
0 0.7136524828125 0.1363031921875 0.6279550828125 0.13519503593749999 0.6338652484375 0.4410461 0.7195626468749999 0.4388297875 0.7136524828125 0.1363031921875
0 0.8983451546874999 0.640514184375 0.843676121875 0.641622340625 0.8495862890625 0.9275265953125 0.910165484375 0.9264184406249999 0.8983451546874999 0.640514184375
0 0.9175531921875001 0.9253102828124999 0.95892435 0.9208776593750001 0.9411938531249999 0.63054078125 0.8953900703125001 0.6316489359374999 0.9175531921875001 0.9253102828124999
0 0.9884751765625 0.673758865625 0.9544917249999999 0.674867021875 0.9633569734374999 0.9175531921875001 0.995862884375 0.918661346875 0.9884751765625 0.673758865625
0 0.7757092203125 0.93417553125 0.840721040625 0.9330673765625 0.8377659578125 0.639406028125 0.762411346875 0.6427304953124999 0.7757092203125 0.93417553125
0 0.7535461 0.5607269515625 0.6811465734375 0.5607269515625 0.6944444453124999 0.9419326234375 0.766843971875 0.9386081562499999 0.7535461 0.5607269515625
0 0.5732860515625 0.9441489359374999 0.6826241140625 0.94082446875 0.67080378125 0.5274822703125001 0.5570330968749999 0.5308067375000001 0.5732860515625 0.9441489359374999
0 0.5526004734375001 0.576241134375 0.47133569687500004 0.576241134375 0.47872340468749996 0.9496897171875001 0.5570330968749999 0.9474734046875 0.5526004734375001 0.576241134375
0 0.37086288437500003 0.9585549640625001 0.47281323906250006 0.9541223406249999 0.46690307343750004 0.5274822703125001 0.3693853421875 0.5274822703125001 0.37086288437500003 0.9585549640625001
0 0.3634751765625 0.528590425 0.2630023640625 0.5308067375000001 0.265957446875 0.9652039 0.36495271875 0.9618794328125 0.3634751765625 0.528590425
0 0.24822695 0.576241134375 0.15809692656250002 0.576241134375 0.16843971562499999 0.97074468125 0.2570921984375 0.9652039 0.24822695 0.576241134375
0 0.044326240625 0.6826241125 0.0073877078125 0.6826241125 0.0029550828125 0.9585549640625001 0.044326240625 0.9574468078124999 0.044326240625 0.6826241125
0 0.05023640625 0.9552304953125 0.0886524828125 0.950797871875 0.08421985781249999 0.6781914890625 0.045803781249999995 0.6792996453125 0.05023640625 0.9552304953125
0 0.125591015625 0.677083334375 0.091607565625 0.6792996453125 0.091607565625 0.94304078125 0.1285461 0.9463652484375 0.125591015625 0.677083334375
0 0.130023640625 0.950797871875 0.1640070921875 0.9474734046875 0.15957446875 0.677083334375 0.12706855781249998 0.677083334375 0.130023640625 0.950797871875