0 0.971953578125 0.401353965625 0.88974855 0.396518375 0.8010960671875 0.8571083171874999 0.862346871875 0.8691972921875 0.971953578125 0.401353965625
0 0.7543520296875 0.8522727281250001 0.7914248859375 0.8583172140625001 0.899419728125 0.328820115625 0.8446163765625 0.3300290140625 0.7543520296875 0.8522727281250001
0 0.8365570609375 0.33244680781249997 0.7769181171875 0.33244680781249997 0.7059961312499999 0.8426015484375 0.7462927140625 0.853481625 0.8365570609375 0.33244680781249997
0 0.675370728125 0.8305125734375001 0.7043842671875 0.836557059375 0.770470665625 0.346953578125 0.7333978078125 0.34574468125 0.675370728125 0.8305125734375001
0 0.7140554484375 0.3493713734375 0.6640876859375 0.34574468125 0.625402965625 0.8208413921875 0.6673114109375 0.829303675 0.7140554484375 0.3493713734375
0 0.5705996140625 0.809961315625 0.6221792390625 0.8196324953125 0.6479690515625001 0.3421179875 0.5899419734375 0.338491296875 0.5705996140625 0.809961315625
0 0.5802707921875 0.3421179875 0.4964539 0.3360735015625 0.501289490625 0.794245646875 0.5641521593750001 0.806334621875 0.5802707921875 0.3421179875
0 0.4368149578125 0.7761121859375 0.501289490625 0.7882011609374999 0.490006446875 0.3143133453125 0.4061895546875 0.31310444843749996 0.4368149578125 0.7761121859375
0 0.40941328125 0.33365570624999996 0.3433268859375 0.3312379109375 0.38523533125 0.7652321078125001 0.43359123281249995 0.7749032890625001 0.40941328125 0.33365570624999996
0 0.3062540296875 0.7591876203125001 0.377176015625 0.7688588000000001 0.33526756875 0.33244680781249997 0.2466150875 0.3312379109375 0.3062540296875 0.7591876203125001
0 0.2498388140625 0.33970019218749997 0.21437782031250002 0.33970019218749997 0.278852353125 0.7470986468749999 0.30464216718750003 0.74830754375 0.2498388140625 0.33970019218749997
0 0.19019987031250002 0.7374274671875 0.27401676406250003 0.7458897484375 0.20148291562499998 0.320357834375 0.0934880734375 0.3191489359375 0.19019987031250002 0.7374274671875
0 0.0757575765625 0.2889264984375 0.0467440359375 0.2877176015625 0.154738878125 0.73621856875 0.178916828125 0.73621856875 0.0757575765625 0.2889264984375