0 0.025 0.27421875 0.046875 0.365625
0 0.0875 0.27734375 0.07109375 0.36328125
0 0.153125 0.275 0.05390625 0.35703125
0 0.2109375 0.2953125 0.05390625 0.31953125
0 0.2546875 0.30078125 0.02734375 0.309375
0 0.29453125 0.3015625 0.0453125 0.3109375
0 0.34140625 0.3 0.03515625 0.3109375
0 0.38828125 0.29296875 0.05078125 0.321875
0 0.43203125 0.29609375 0.03203125 0.32109375
0 0.46796875 0.3 0.03515625 0.315625
0 0.53125 0.29296875 0.0359375 0.325
0 0.575 0.29296875 0.0453125 0.325
0 0.6296875 0.29375 0.0578125 0.32578125
0 0.68046875 0.29375 0.04296875 0.32421875
0 0.72890625 0.29296875 0.0484375 0.32734375
0 0.7734375 0.290625 0.03828125 0.321875
0 0.81484375 0.2921875 0.03828125 0.32109375
0 0.85625 0.29140625 0.0390625 0.32265625
0 0.89609375 0.29609375 0.0359375 0.31796875
0 0.934375 0.29609375 0.0359375 0.31171875
0 0.9765625 0.2890625 0.046875 0.32109375
0 0.94140625 0.81953125 0.04765625 0.32734375
0 0.9828125 0.8171875 0.034375 0.328125
0 0.89140625 0.82421875 0.04296875 0.31640625
0 0.846875 0.81875 0.04453125 0.32734375
0 0.7890625 0.8203125 0.06875 0.32421875
0 0.7203125 0.81953125 0.06171875 0.32734375
0 0.6640625 0.82109375 0.0484375 0.32734375
0 0.61875 0.82109375 0.03984375 0.325
0 0.571875 0.81953125 0.05390625 0.325
0 0.52734375 0.8359375 0.03203125 0.29921875
0 0.46015625 0.82265625 0.04453125 0.32890625
0 0.41484375 0.82265625 0.03828125 0.325
0 0.3671875 0.82265625 0.0453125 0.325
0 0.3171875 0.82109375 0.0421875 0.32578125
0 0.2640625 0.8234375 0.05390625 0.32421875
0 0.2109375 0.82109375 0.04140625 0.32265625
0 0.165625 0.82109375 0.0421875 0.325
0 0.07109375 0.8265625 0.0328125 0.31328125
0 0.115625 0.8265625 0.04453125 0.31328125
0 0.0265625 0.82109375 0.05234375 0.32421875