0 0.59219858125 0.0975177296875 0.5496453906250001 0.09574468124999999 0.53191489375 0.365248228125 0.5732860515625 0.365248228125 0.59219858125 0.0975177296875
0 0.4621749421875 0.365248228125 0.5271867609374999 0.3661347515625 0.534278959375 0.074468084375 0.47754137031250005 0.0709219859375 0.4621749421875 0.365248228125
0 0.46572104062499997 0.046099290625 0.41607564999999996 0.046099290625 0.41016548437499994 0.3643617015625 0.4550827421875 0.3661347515625 0.46572104062499997 0.046099290625
0 0.32151300156249996 0.360815603125 0.3865248234375 0.360815603125 0.3924349875 0 0.3333333328125 0.0017730484375000001 0.32151300156249996 0.360815603125
0 0.3191489359375 0 0.2529550828125 0.000886525 0.245862884375 0.355496453125 0.3167848703125 0.355496453125 0.3191489359375 0
0 0.0082742328125 0 0.001182034375 0.34574468125 0.0732860515625 0.3475177296875 0.0874704484375 0 0.0082742328125 0
0 0.15602836874999998 0.34929078125 0.2293144203125 0.3537234046875 0.2423167859375 0 0.16784870000000002 0.002659575 0.15602836874999998 0.34929078125
0 0.0910165484375 0 0.074468084375 0.3475177296875 0.1477541359375 0.3484042546875 0.1631205671875 0 0.0910165484375 0
0 0.861493534375 0.5639862328125 0.7770129328125 0.560857321875 0.766583228125 0.8581038796874999 0.8437630374999999 0.8573216515625001 0.861493534375 0.5639862328125
0 0.727993325 0.861232790625 0.757196496875 0.8604505640625 0.766583228125 0.564768459375 0.7373800578124999 0.5639862328125 0.727993325 0.861232790625
0 0.7227784734375 0.5639862328125 0.645598665625 0.5632040046875 0.638297871875 0.8643617015625 0.7196495625 0.861232790625 0.7227784734375 0.5639862328125
0 0.5611180640625 0.869837296875 0.6351689609375 0.8635794750000001 0.6299541093750001 0.564768459375 0.5611180640625 0.5671151437499999 0.5611180640625 0.869837296875
0 0.5527743015625 0.564768459375 0.49853984218749997 0.566332915625 0.50375469375 0.86905506875 0.5569461828125 0.8659261578124999 0.5527743015625 0.564768459375
0 0.45994993749999996 0.8706195234375 0.5016687515625 0.8674906124999999 0.49123905 0.5655506890625001 0.45056320312500003 0.566332915625 0.45994993749999996 0.8706195234375
0 0.4474342921875 0.5671151437499999 0.398414684375 0.5686796000000001 0.40780141875 0.8706195234375 0.4516061734375 0.86905506875 0.4474342921875 0.5671151437499999
0 0.34835210625 0.8745306640624999 0.4046725078125 0.875312890625 0.39111389218750003 0.566332915625 0.3368794328125 0.566332915625 0.34835210625 0.8745306640624999
0 0.3327075515625 0.5757196484375 0.274301209375 0.5780663328125 0.289945765625 0.8729662078124999 0.3431372546875 0.86905506875 0.3327075515625 0.5757196484375
0 0.2555277421875 0.8729662078124999 0.28681685468749996 0.8721839796875 0.2690863578125 0.576501878125 0.241969128125 0.576501878125 0.2555277421875 0.8729662078124999
0 0.23884021562500002 0.576501878125 0.19712140312499998 0.5780663328125 0.2085940765625 0.876877346875 0.2544847734375 0.8729662078124999 0.23884021562500002 0.576501878125
0 0.1752190234375 0.876877346875 0.20755110625 0.87609511875 0.19190655 0.576501878125 0.16270337968749998 0.5772841046875 0.1752190234375 0.876877346875
0 0.1574885265625 0.57415519375 0.10012515625 0.576501878125 0.113683771875 0.87922403125 0.165832290625 0.875312890625 0.1574885265625 0.57415519375
0 0.06049228125 0.8807884859374999 0.106382978125 0.8784418015625001 0.098039215625 0.5780663328125 0.0511055484375 0.5772841046875 0.06049228125 0.8807884859374999
0 0 0.885481853125 0.045890696875 0.8823529421874999 0.037546934375 0.5733729671875001 0 0.57415519375 0 0.885481853125