0 0.3142348296875 0.37809571875 0.29647541718750003 0.42632161875 0.836625303125 0.40992687187500004 0.835268265625 0.348251559375 0.3142348296875 0.37809571875
0 0.8434111062499999 0.30880296406249996 0.28426095 0.343153746875 0.2951181734375 0.3767238703125 0.8447683500000001 0.3423730578125 0.8434111062499999 0.30880296406249996
0 0.8434111062499999 0.2736371984375 0.3278086890625 0.3116946109375 0.32769005 0.33999670000000004 0.8406968265625 0.30408448125 0.8434111062499999 0.2736371984375
0 0.8569827125 0.2249963875 0.3142348296875 0.28142351875 0.3290471890625 0.302285759375 0.8556256765624999 0.24763669843749997 0.8569827125 0.2249963875
0 0.87462584375 0.1898648875 0.3278086890625 0.2540818859375 0.3290471890625 0.274961259375 0.869197284375 0.2164086984375 0.87462584375 0.1898648875
0 0.869197284375 0.15395269843749998 0.3532596796875 0.22185781875 0.3589047875 0.24529460468750003 0.869197284375 0.1812771984375 0.869197284375 0.15395269843749998
0 0.9194121859375001 0.11018945625000001 0.3261119578125 0.186704290625 0.32497577187500004 0.2171453328125 0.9166979078124999 0.1484437375 0.9194121859375001 0.11018945625000001
0 0.8569827125 0.06568955 0.3515629453125 0.1378799484375 0.3561904046875 0.1781103328125 0.8583399578125 0.11487364375 0.8569827125 0.06568955
0 0.8461253859375001 0.417733871875 0.28199691250000003 0.43277898437499995 0.28154656718750004 0.4739442484375 0.850196909375 0.4637951546875 0.8461253859375001 0.417733871875
0 0.8393395828125 0.642039528125 0.234488403125 0.6212409515624999 0.2299745234375 0.6717060921875 0.836625303125 0.7068375921875 0.8393395828125 0.642039528125
0 0.8610542359375 0.6147150578125 0.25315245937499997 0.59389931875 0.2503319328125 0.6154956859375 0.8556256765624999 0.6326710921875 0.8610542359375 0.6147150578125
0 0.835268265625 0.573337903125 0.26526068125 0.56396955625 0.26526068125 0.5912940578125 0.8325537796875 0.6045659031249999 0.835268265625 0.573337903125
0 0.8406968265625 0.5301546546875 0.25315245937499997 0.5265217234375 0.24897479374999998 0.5543563421875 0.8298395 0.563724778125 0.8406968265625 0.5301546546875
0 0.8990547765624999 0.5051722484375001 0.22770147187499998 0.500156578125 0.23404594374999999 0.5200056187500001 0.8936260109375 0.5223476546875 0.8990547765624999 0.5051722484375001
0 0.8569827125 0.4700407484375 0.268423053125 0.47574440625000003 0.27747514687499997 0.49970737187500003 0.8569827125 0.4950231546875 0.8569827125 0.4700407484375
0 0.87055431875 0.761821896875 0.1879025640625 0.709514990625 0.1770452359375 0.7688481796875 0.8759830875000001 0.8352076796875 0.87055431875 0.761821896875
0 0.8216966593749999 0.712356371875 0.2313316625 0.6772249015625 0.2286173828125 0.7068914375 0.8284824625 0.7490492484375 0.8216966593749999 0.712356371875
0 0.897697534375 0.91342208125 0.17340603125 0.8302091421875 0.1689022921875 0.8814133937499999 0.90176905625 0.9696324875 0.897697534375 0.91342208125
0 0.897697534375 0.8423172062500001 0.168315834375 0.7774788515625 0.16483076875 0.8243611124999999 0.8990547765624999 0.893062765625 0.897697534375 0.8423172062500001