0 0.1296875 0.17265625 0.09375 0.2953125
0 0.27836879375 0.34441489375 0.25177305 0.0611702125 0.24822695 0.0571808515625 0.18617021250000002 0.0585106390625 0.203900709375 0.3231382984375 0.2109929078125 0.3484042546875 0.24645389999999998 0.3523936171875 0.27836879375 0.34441489375
0 0.328014184375 0.34042553125 0.326241134375 0.3031914890625 0.296099290625 0.051861701562499994 0.2907801421875 0.047872340624999996 0.2570921984375 0.051861701562499994 0.2854609921875 0.34574468125 0.29255319218750003 0.34973404218750004 0.3209219859375 0.3484042546875 0.328014184375 0.34042553125
0 0.34397163124999997 0.078457446875 0.3368794328125 0.074468084375 0.3049645390625 0.075797871875 0.33156028437499996 0.357712765625 0.3368794328125 0.361702128125 0.37234042500000003 0.361702128125 0.34397163124999997 0.078457446875
0 0.4361702125 0 0.4361702125 0.026595745312500002 0.4468085109375 0.0571808515625 0.4893617015625 0.0585106390625 0.5567375890624999 0.051861701562499994 0.578014184375 0.0425531921875 0.5992907796875 0.0531914890625 0.7109929078125 0.050531915625 0.71985815625 0.0638297875 0.7464539 0.049202128125 0.8138297874999999 0.049202128125 0.8191489359374999 0.043882978125 0.8191489359374999 0 0.4361702125 0
0 0.4343971625 0.34175531875 0.40780141875 0.074468084375 0.40070922031249995 0.0545212765625 0.34574468125 0.0571808515625 0.37411347500000003 0.34308510625 0.37765957499999997 0.34973404218750004 0.39184397187500003 0.3510638296875 0.4343971625 0.34175531875
0 0.5088652484375 0.3537234046875 0.5212765953125 0.34707446875 0.5212765953125 0.325797871875 0.485815603125 0.0678191484375 0.48226950312500005 0.0625 0.420212765625 0.0638297875 0.41489361718750006 0.08377659531250001 0.4432624109375 0.34441489375 0.450354609375 0.3537234046875 0.5088652484375 0.3537234046875
0 0.5868794328125 0.34707446875 0.59574468125 0.327127659375 0.5567375890624999 0.065159575 0.547872340625 0.0558510640625 0.4964539 0.0611702125 0.5053191484374999 0.1808510640625 0.52836879375 0.34441489375 0.53191489375 0.3484042546875 0.5868794328125 0.34707446875
0 0.627659575 0.33776595781249996 0.627659575 0.3204787234375 0.59219858125 0.047872340624999996 0.5673758859375 0.047872340624999996 0.5673758859375 0.1050531921875 0.5992907796875 0.33776595781249996 0.6205673765624999 0.34175531875 0.627659575 0.33776595781249996
0 0.6914893609375 0.33244680781249997 0.6914893609375 0.3164893609375 0.65602836875 0.0678191484375 0.6489361703125 0.0585106390625 0.5992907796875 0.0611702125 0.6294326234375001 0.33244680781249997 0.641843971875 0.3390957453125 0.6773049640625 0.3390957453125 0.6914893609375 0.33244680781249997
0 0.7003546093749999 0.34707446875 0.7553191484374999 0.34441489375 0.7606382984375 0.327127659375 0.7535461 0.26196808437499997 0.7251773046875 0.0824468078125 0.71808510625 0.0731382984375 0.6648936171875001 0.075797871875 0.6773049640625 0.2140957453125 0.6914893609375 0.27792553125 0.6914893609375 0.34175531875 0.7003546093749999 0.34707446875
0 0.8368794328125 0.3031914890625 0.794326240625 0.0531914890625 0.7393617015625 0.051861701562499994 0.72163120625 0.0678191484375 0.764184396875 0.3337765953125 0.8333333328125001 0.327127659375 0.8386524828124999 0.32446808437499997 0.8368794328125 0.3031914890625
0 0.8953900703125001 0.30718085156249997 0.858156028125 0.0558510640625 0.856382978125 0.051861701562499994 0.8244680843750001 0.050531915625 0.8067375890624999 0.0558510640625 0.8031914890625 0.0638297875 0.84042553125 0.3218085109375 0.856382978125 0.328457446875 0.891843971875 0.32446808437499997 0.8953900703125001 0.30718085156249997
0 0.0868794328125 0.360372340625 0.074468084375 0.35505319218750003 0.049645390625 0.35638297812499997 0.049645390625 0.6502659578125 0.0673758859375 0.65292553125 0.09219858125 0.6502659578125 0.0868794328125 0.360372340625
0 0.15780141875 0.6515957453125 0.1631205671875 0.6476063828124999 0.1613475171875 0.3670212765625 0.1489361703125 0.357712765625 0.0992907796875 0.359042553125 0.09042553125 0.360372340625 0.09574468124999999 0.6502659578125 0.10106382968750001 0.65425531875 0.15780141875 0.6515957453125
0 0.235815603125 0.361702128125 0.2251773046875 0.3523936171875 0.1648936171875 0.3537234046875 0.1648936171875 0.6449468078125 0.170212765625 0.6489361703125 0.235815603125 0.6476063828124999 0.235815603125 0.361702128125
0 0.3173758859375 0.6343085109375 0.3138297875 0.3976063828125 0.3209219859375 0.36968085156249997 0.3085106390625 0.3537234046875 0.267730496875 0.3523936171875 0.24822695 0.35638297812499997 0.2446808515625 0.37234042500000003 0.2429078015625 0.643617021875 0.2535461 0.6515957453125 0.3102836875 0.6502659578125 0.3173758859375 0.6343085109375
0 0.388297871875 0.6449468078125 0.39184397187500003 0.3789893609375 0.3847517734375 0.3656914890625 0.329787234375 0.3643617015625 0.32446808437499997 0.3683510640625 0.3191489359375 0.643617021875 0.32446808437499997 0.65691489375 0.3794326234375 0.65957446875 0.388297871875 0.6449468078125
0 0.4379432625 0.6303191484374999 0.4379432625 0.3484042546875 0.40070922031249995 0.34707446875 0.39361702187500003 0.3670212765625 0.39184397187500003 0.6449468078125 0.423758865625 0.6476063828124999 0.4361702125 0.6462765953125 0.4379432625 0.6303191484374999
0 0.5 0.6476063828124999 0.512411346875 0.643617021875 0.5106382984375 0.361702128125 0.4450354609375 0.361702128125 0.4414893609375 0.40824468124999996 0.4414893609375 0.639627659375 0.4361702125 0.642287234375 0.452127659375 0.6476063828124999 0.5 0.6476063828124999
0 0.59219858125 0.35638297812499997 0.5265957453125 0.3537234046875 0.519503546875 0.357712765625 0.519503546875 0.642287234375 0.53014184375 0.6462765953125 0.59042553125 0.6449468078125 0.59219858125 0.35638297812499997
0 0.65248226875 0.6356382984375 0.6453900703125 0.34973404218750004 0.641843971875 0.34574468125 0.59751773125 0.34574468125 0.59219858125 0.3510638296875 0.59574468125 0.639627659375 0.5992907796875 0.643617021875 0.6453900703125 0.643617021875 0.65248226875 0.6356382984375
0 0.71808510625 0.5877659578125 0.7074468078125 0.357712765625 0.6843971625 0.3510638296875 0.65957446875 0.3523936171875 0.6507092203125 0.359042553125 0.65602836875 0.638297871875 0.7109929078125 0.639627659375 0.71808510625 0.6369680843750001 0.71808510625 0.5877659578125
0 0.7287234046875 0.6329787234375 0.735815603125 0.6356382984375 0.7925531921875 0.6356382984375 0.796099290625 0.5744680843750001 0.78014184375 0.3523936171875 0.7748226953125 0.3484042546875 0.7163120562499999 0.3523936171875 0.7109929078125 0.35638297812499997 0.72163120625 0.4468085109375 0.7234042546875 0.6183510640625001 0.7287234046875 0.6329787234375
0 0.8120567375000001 0.6356382984375 0.8528368796875 0.6356382984375 0.861702128125 0.607712765625 0.84751773125 0.34175531875 0.8368794328125 0.329787234375 0.8085106390625001 0.329787234375 0.7925531921875 0.3351063828125 0.78191489375 0.3484042546875 0.796099290625 0.4800531921875 0.7996453906250001 0.6263297875 0.8120567375000001 0.6356382984375
0 0.9166666671874999 0.6170212765625 0.9166666671874999 0.575797871875 0.9007092203125 0.3351063828125 0.8492907796875 0.3337765953125 0.8634751765625 0.610372340625 0.8670212765624999 0.6196808515625001 0.9078014187500001 0.6196808515625001 0.9166666671874999 0.6170212765625
0 0.1613475171875 0.9547872343750001 0.1613475171875 0.65691489375 0.109929078125 0.65558510625 0.10106382968750001 0.65691489375 0.0992907796875 0.6662234046875 0.09751773124999999 0.96808510625 0.1489361703125 0.97074468125 0.15957446875 0.96808510625 0.1613475171875 0.9547872343750001
0 0.24113475156250003 0.700797871875 0.235815603125 0.65425531875 0.17198581562499998 0.65558510625 0.1648936171875 0.8244680843750001 0.1631205671875 0.97207446875 0.16843971562499999 0.9760638296874999 0.23404255312500002 0.9747340421875 0.24113475156250003 0.700797871875
0 0.2890070921875 0.6662234046875 0.25531914843750003 0.6675531921875 0.25177305 0.672872340625 0.24645389999999998 0.8058510640625001 0.24113475156250003 0.9986702125000001 0.27836879375 0.9986702125000001 0.2907801421875 0.7566489359374999 0.2890070921875 0.6662234046875
0 0.3652482265625 0.9494680843750001 0.37765957499999997 0.7234042546875 0.37588652499999997 0.6768617015625 0.3687943265625 0.6648936171875001 0.297872340625 0.668882978125 0.2890070921875 0.8204787234375001 0.2854609921875 0.981382978125 0.294326240625 0.986702128125 0.35638297812499997 0.986702128125 0.3652482265625 0.9494680843750001
0 0.4450354609375 0.9428191484375 0.45390070937500004 0.7247340421875 0.450354609375 0.65292553125 0.39361702187500003 0.6502659578125 0.388297871875 0.65691489375 0.37588652499999997 0.793882978125 0.3687943265625 0.97207446875 0.4308510640625 0.9747340421875 0.4414893609375 0.9640957453125001 0.4450354609375 0.9428191484375
0 0.515957446875 0.6502659578125 0.46453900781249996 0.6502659578125 0.4574468078125 0.65691489375 0.4485815609375 0.96542553125 0.514184396875 0.96675531875 0.5212765953125 0.65425531875 0.515957446875 0.6502659578125
0 0.59219858125 0.9481382984375 0.59397163125 0.6515957453125 0.5336879437500001 0.6502659578125 0.5248226953125 0.65425531875 0.5230496453125 0.736702128125 0.5212765953125 0.9614361703125001 0.53191489375 0.96542553125 0.5868794328125 0.96542553125 0.59219858125 0.9481382984375
0 0.65425531875 0.6489361703125 0.6046099296875 0.6489361703125 0.5992907796875 0.65691489375 0.59574468125 0.8297872343750001 0.59397163125 0.96542553125 0.65602836875 0.96675531875 0.65957446875 0.65691489375 0.65425531875 0.6489361703125
0 0.7482269500000001 0.9587765953125 0.75 0.888297871875 0.7482269500000001 0.65558510625 0.734042553125 0.6476063828124999 0.6843971625 0.6462765953125 0.6631205671875 0.6515957453125 0.6613475171875 0.956117021875 0.668439715625 0.96542553125 0.7429078015624999 0.9640957453125001 0.7482269500000001 0.9587765953125
0 0.7872340421875 0.9587765953125 0.7925531921875 0.9547872343750001 0.7925531921875 0.6515957453125 0.7854609921875 0.642287234375 0.7464539 0.642287234375 0.7535461 0.7086288421875 0.7553191484374999 0.9587765953125 0.7872340421875 0.9587765953125
0 0.8528368796875 0.640957446875 0.794326240625 0.640957446875 0.794326240625 0.9547872343750001 0.84042553125 0.9547872343750001 0.8492907796875 0.9228723406249999 0.8528368796875 0.640957446875
0 0.9202127656249999 0.6303191484374999 0.9148936171875001 0.627659575 0.8652482265625 0.6263297875 0.859929078125 0.6343085109375 0.8546099296874999 0.747340425 0.8510638296874999 0.9281914890625 0.90957446875 0.934840425 0.9202127656249999 0.6861702125 0.9202127656249999 0.6303191484374999