0 0.0821492 0.0283232625 0.0821492 0.0878021140625 0.8670071046875 0.060422960937500006 0.8614564828125 0.0075528703124999996 0.0821492 0.0283232625
0 0.0444049734375 0.09252265937500001 0.042184725 0.15011329375 0.860346359375 0.13028700937499998 0.860346359375 0.07080815781250001 0.0444049734375 0.09252265937500001
0 0.042184725 0.16427492500000002 0.0432948484375 0.24074773437500002 0.849245115625 0.219977340625 0.8503552390625 0.14350453125 0.042184725 0.16427492500000002
0 0.13654529375 0.23508308125 0.13654529375 0.28889728125 0.964222278125 0.28485110156250004 0.964222278125 0.23845489843749998 0.13654529375 0.23508308125
0 0.058360821875 0.2945619328125 0.0570921078125 0.37548554218749997 0.89063689375 0.372248596875 0.8880994671875 0.2913249890625 0.058360821875 0.2945619328125
0 0.026642984375 0.38195943125 0.0291804109375 0.49956840781249995 0.8995178875000001 0.49093655625 0.8995178875000001 0.38303841250000004 0.026642984375 0.38195943125
0 0.0989596546875 0.49956840781249995 0.0989596546875 0.584807940625 0.9974040171875 0.5635603062500001 0.9905724828125001 0.49267952499999995 0.0989596546875 0.49956840781249995
0 0.9509495828125001 0.7204276093749999 0.9372865156250001 0.6216593078125 0.8799016249999999 0.6228212875 0.8812679328125 0.642574946875 0.08061210468749999 0.6634905875 0.076513184375 0.7622588890625 0.9509495828125001 0.7204276093749999
0 0.0027326140625 0.5751801078125001 0.0013663078125 0.6460608875 0.8799016249999999 0.6402509875 0.870337478125 0.5705321875 0.0027326140625 0.5751801078125001
0 0.0874436390625 0.778526609375 0.088809946875 0.872646990625 0.97554310625 0.7971182906250001 0.9646126515625 0.7215895890625 0.0874436390625 0.778526609375
0 0 0.9793554875 0.9473060984374999 0.9126384703125 0.938425103125 0.8245216515625 0 0.878456890625 0 0.9793554875