0 0.70859375 0.08671875 0.1890625 0.02109375
0 0.67421875 0.1109375 0.15703125 0.02578125
0 0.66796875 0.14453125 0.17109375 0.03359375
0 0.66796875 0.17578125 0.16796875 0.028125
0 0.66796875 0.20234375 0.1671875 0.01796875
0 0.9253955265625 0.28573376875 0.884478996875 0.284369884375 0.8756137484375 0.59397163125 0.9172122203124999 0.595335515625 0.9253955265625 0.28573376875
0 0.8817512265625 0.28573376875 0.8496999453124999 0.28505182812499996 0.83674304375 0.5932896890625 0.8762956890625 0.595335515625 0.8817512265625 0.28573376875
0 0.8019639921874999 0.5919258046875 0.8387888703125 0.592607746875 0.843562465625 0.2939170765625 0.8101473 0.29664484375 0.8019639921874999 0.5919258046875
0 0.805373703125 0.2884615390625 0.779459903125 0.289825421875 0.774004365625 0.59397163125 0.8019639921874999 0.5932896890625 0.805373703125 0.2884615390625
0 0.7712765953125 0.30755591875 0.7378614296875 0.30755591875 0.7378614296875 0.5932896890625 0.7705946546875 0.5932896890625 0.7712765953125 0.30755591875
0 0.7024004359375 0.592607746875 0.735815603125 0.59397163125 0.7371794875 0.29255319218750003 0.7051282062500001 0.29255319218750003 0.7024004359375 0.592607746875
0 0.68359375 0.440625 0.03046875 0.3078125
0 0.64609375 0.44140625 0.03984375 0.303125
0 0.609375 0.44296875 0.02890625 0.30546875
0 0.575 0.4484375 0.03125 0.290625
0 0.5390625 0.4484375 0.034375 0.2953125
0 0.50390625 0.44375 0.03203125 0.303125
0 0.4640625 0.43828125 0.04453125 0.31640625
0 0.42109375 0.4453125 0.03515625 0.303125
0 0.384375 0.44609375 0.03828125 0.3015625
0 0.3265625 0.45078125 0.0296875 0.29140625
0 0.3515625 0.446875 0.021875 0.30078125
0 0.2953125 0.446875 0.0296875 0.303125
0 0.25078125 0.44609375 0.05078125 0.30234375
0 0.2202673203125 0.298008728125 0.1888979828125 0.29732678749999997 0.19162574999999998 0.5987452265625001 0.22367703125 0.598063284375 0.2202673203125 0.298008728125
0 0.16025640937500002 0.5973813421874999 0.1923076921875 0.5973813421874999 0.18617021250000002 0.30687397656250004 0.15684669843750002 0.3061920359375 0.16025640937500002 0.5973813421874999
0 0.155482815625 0.29732678749999997 0.12479541718750001 0.29869067031249996 0.124113475 0.5973813421874999 0.1575286421875 0.5966994 0.155482815625 0.29732678749999997
0 0.0900163671875 0.308919803125 0.07024004375000001 0.308919803125 0.0722858703125 0.5973813421874999 0.09206219375 0.5987452265625001 0.0900163671875 0.308919803125
0 0.09410801875 0.5966994 0.12343153437500001 0.5960174578124999 0.12138570625 0.298008728125 0.09206219375 0.298008728125 0.09410801875 0.5966994
0 0.25390625 0.67265625 0.3046875 0.0234375
0 0.25625 0.7046875 0.30234375 0.03359375
0 0.253125 0.74375 0.3109375 0.034375
0 0.253125 0.78125 0.3109375 0.0296875
0 0.23125 0.8171875 0.359375 0.03515625
0 0.23203125 0.8578125 0.35546875 0.04140625
0 0.2296875 0.9015625 0.35859375 0.03828125
0 0.23046875 0.95234375 0.36171875 0.03671875
0 0.9482758609375 0.6682562984375 0.9109806796875001 0.6670335046875 0.9073123015625001 0.9702861328125 0.946441671875 0.9721203234375 0.9482758609375 0.6682562984375
0 0.8742968937500001 0.96722915 0.9073123015625001 0.9678405484375 0.9079236984374999 0.6572511609375 0.8773538765625 0.656639765625 0.8742968937500001 0.96722915
0 0.8773538765625 0.6700904859375 0.8449498656250001 0.6676449 0.8425042796875 0.9653949624999999 0.8730741015625 0.9678405484375 0.8773538765625 0.6700904859375
0 0.7948153578125 0.9708975296875 0.8394472984375 0.9684519453125 0.8408346968749999 0.64511729375 0.79650845625 0.6478450625 0.7948153578125 0.9708975296875
0 0.7876432078125 0.6655755578125 0.7569558109375001 0.6662575015625001 0.759683578125 0.9635842875 0.7876432078125 0.9629023453125001 0.7876432078125 0.6655755578125
0 0.755910165625 0.6672576828125 0.7251773046875 0.6654846328125 0.7299054375 0.9669030734374999 0.7582742328125 0.9639479906249999 0.755910165625 0.6672576828125
0 0.6808510640625001 0.967494090625 0.7275413703125 0.9669030734374999 0.722222221875 0.6554373531250001 0.6767139484375 0.654846334375 0.6808510640625001 0.967494090625
0 0.6713948000000001 0.6666666671875 0.63770685625 0.6672576828125 0.641843971875 0.9633569734374999 0.6778959812500001 0.9621749421875 0.6713948000000001 0.6666666671875
0 0.60874704375 0.96808510625 0.63770685625 0.967494090625 0.6323877078125 0.6589834515625 0.599881796875 0.660165484375 0.60874704375 0.96808510625
0 0.5969267140625 0.6666666671875 0.562647753125 0.6672576828125 0.5667848703125 0.9698581562499999 0.6028368796875 0.9698581562499999 0.5969267140625 0.6666666671875
0 0.5591016546875001 0.6678487 0.531323878125 0.6678487 0.5372340421875 0.9663120562499999 0.563238771875 0.965721040625 0.5591016546875001 0.6678487
0 0.4964539 0.9710401890625 0.5348699765625 0.968676121875 0.5236406609375 0.65780141875 0.48995271875 0.65957446875 0.4964539 0.9710401890625
0 0.484042553125 0.6589834515625 0.454491725 0.65780141875 0.4615839234375 0.969267140625 0.4923167859375 0.969267140625 0.484042553125 0.6589834515625
0 0.41962175 0.97163120625 0.46040189218750005 0.9710401890625 0.450354609375 0.658392434375 0.41134751718749996 0.65957446875 0.41962175 0.97163120625