0 0.3664302609375 0.0866824265625 0.1477541359375 0.10736800625000001 0.1507092203125 0.13593380625 0.3664302609375 0.11426320000000001 0.3664302609375 0.0866824265625
0 0.7210401890625 0.0334909375 0.42700945625 0.0906225375 0.4284869984375 0.12706855781249998 0.7284278953125 0.0748620953125 0.7210401890625 0.0334909375
0 0.1329787234375 0.158589440625 0.081264775 0.163514578125 0.07387706875 0.3408195421875 0.125591015625 0.339834515625 0.1329787234375 0.158589440625
0 0.1906028375 0.15563435781249998 0.137411346875 0.15957446875 0.130023640625 0.3388494875 0.184692671875 0.337864459375 0.1906028375 0.15563435781249998
0 0.25118203437500003 0.151694246875 0.19946808437500002 0.15366430312499998 0.18764775312499998 0.3388494875 0.25413711562499997 0.3368794328125 0.25118203437500003 0.151694246875
0 0.29107565 0.14282899843750002 0.25118203437500003 0.1438140265625 0.25118203437500003 0.3388494875 0.2881205671875 0.337864459375 0.29107565 0.14282899843750002
0 0.34722222187499996 0.139873915625 0.29107565 0.14282899843750002 0.2881205671875 0.3368794328125 0.344267140625 0.3368794328125 0.34722222187499996 0.139873915625
0 0.40780141875 0.11820330937500001 0.359042553125 0.12115839218749999 0.3531323890625 0.3349093765625 0.3974586296875 0.33195429375 0.40780141875 0.11820330937500001
0 0.4447399515625 0.128053584375 0.406323878125 0.130023640625 0.40336879375 0.3329393234375 0.440307328125 0.33195429375 0.4447399515625 0.128053584375
0 0.4905437359375 0.12115839218749999 0.45065011874999994 0.12608353125 0.4447399515625 0.3309692671875 0.4861111109375 0.3289992109375 0.4905437359375 0.12115839218749999
0 0.5378250578125 0.12115839218749999 0.5053191484374999 0.1231284484375 0.4905437359375 0.328014184375 0.53191489375 0.3270291578125 0.5378250578125 0.12115839218749999
0 0.60874704375 0.1152482265625 0.5422576828125 0.11918833749999999 0.533392434375 0.328014184375 0.599881796875 0.328014184375 0.60874704375 0.1152482265625
0 0.6959219859375 0.0866824265625 0.6176122921875 0.0925925921875 0.6057919625 0.326044128125 0.6870567375000001 0.324074075 0.6959219859375 0.0866824265625
0 0.7491134749999999 0.08372734375 0.704787234375 0.084712371875 0.6929669031250001 0.3250591015625 0.7402482265625 0.324074075 0.7491134749999999 0.08372734375
0 0.8185579203125 0.07387706875 0.7565011828125 0.08077226093749999 0.7432033109375 0.328014184375 0.8096926718749999 0.326044128125 0.8185579203125 0.07387706875
0 0.8865248234375 0.0906225375 0.8303782500000001 0.095547675 0.8170803781249999 0.324074075 0.876182034375 0.3250591015625 0.8865248234375 0.0906225375
0 0.9397163125000001 0.058116628125 0.910165484375 0.0600866828125 0.879137115625 0.3211189921875 0.9116430265625001 0.32210401875 0.9397163125000001 0.058116628125
0 0.081264775 0.3654452328125 0.028073285937499998 0.36840031562500003 0.0561465734375 0.6205673765624999 0.1034278953125 0.621552403125 0.081264775 0.3654452328125
0 0.1521867609375 0.380220646875 0.094562646875 0.3821907015625 0.11081560312500001 0.6225374312499999 0.1699172578125 0.626477540625 0.1521867609375 0.380220646875
0 0.2275413703125 0.36446020468749996 0.15366430312499998 0.3654452328125 0.1699172578125 0.628447596875 0.23936170156249997 0.6353427890625001 0.2275413703125 0.36446020468749996
0 0.3102836875 0.3595350671875 0.23640661875000002 0.3605200953125 0.2423167859375 0.6363278171875 0.313238771875 0.6422379828125 0.3102836875 0.3595350671875
0 0.3560874703125 0.3752955078125 0.33244680781249997 0.3752955078125 0.32653664375 0.6373128453125 0.3486997640625 0.640267928125 0.3560874703125 0.3752955078125
0 0.3974586296875 0.3762805359375 0.3575650125 0.3762805359375 0.3516548453125 0.6422379828125 0.390070921875 0.645193065625 0.3974586296875 0.3762805359375
0 0.45951536718749997 0.3762805359375 0.40336879375 0.37431048125 0.3930260046875 0.6442080375 0.44769503593750004 0.6491331765624999 0.45951536718749997 0.3762805359375
0 0.5230496453125 0.3752955078125 0.45951536718749997 0.37431048125 0.4491725765625 0.65110323125 0.5156619375 0.65602836875 0.5230496453125 0.3752955078125
0 0.607269503125 0.37431048125 0.533392434375 0.37431048125 0.5245271859375 0.6570133953124999 0.595449171875 0.6609535078125 0.607269503125 0.37431048125
0 0.6678487 0.373325453125 0.6161347515625 0.373325453125 0.599881796875 0.6629235609374999 0.6486406609375 0.6639085890625 0.6678487 0.373325453125
0 0.793439715625 0.3595350671875 0.67523640625 0.3585500390625 0.65602836875 0.6648936171875001 0.76093380625 0.6747438921875 0.793439715625 0.3595350671875
0 0.87322695 0.40386130781249996 0.8067375890624999 0.4028762796875 0.7712765953125 0.6668636718750001 0.840721040625 0.6698187546875001 0.87322695 0.40386130781249996
0 0.9382387718749999 0.3930260046875 0.8806146578125 0.39105594843749997 0.84663120625 0.6727738375000001 0.9086879437500001 0.6767139484375 0.9382387718749999 0.3930260046875
0 0.1049054375 0.6373128453125 0.0694444453125 0.6314026796875 0.098995271875 0.8579590218750001 0.1344562640625 0.8609141046875 0.1049054375 0.6373128453125
0 0.19355792031250002 0.64617809375 0.11377068593749999 0.640267928125 0.13593380625 0.8638691875 0.2098108734375 0.8766745468750001 0.19355792031250002 0.64617809375
0 0.295508275 0.6491331765624999 0.2068557921875 0.6422379828125 0.21424349843749999 0.8796296296874999 0.29255319218750003 0.8934200156250001 0.295508275 0.6491331765624999
0 0.38711583906249997 0.6579984249999999 0.2999408984375 0.6491331765624999 0.3014184390625 0.8973601265625 0.375295509375 0.9091804578125 0.38711583906249997 0.6579984249999999
0 0.440307328125 0.6579984249999999 0.39154846249999997 0.65602836875 0.3797281328125 0.9091804578125 0.4284869984375 0.9170606765624999 0.440307328125 0.6579984249999999
0 0.5215721046875 0.6668636718750001 0.44621749531250005 0.6589834515625 0.435874703125 0.91607565 0.49940898437500003 0.9298660359375001 0.5215721046875 0.6668636718750001
0 0.6294326234375001 0.677698975 0.52748226875 0.6668636718750001 0.5008865250000001 0.9298660359375001 0.5984042546875 0.9426713953125001 0.6294326234375001 0.677698975
0 0.688534278125 0.6826241140625 0.638297871875 0.677698975 0.599881796875 0.943656421875 0.654550828125 0.950551615625 0.688534278125 0.6826241140625
0 0.762411346875 0.6865642234375 0.6959219859375 0.67966903125 0.657505909375 0.9544917249999999 0.7195626468749999 0.962371946875 0.762411346875 0.6865642234375
0 0.8067375890624999 0.9810874703125 0.8673167859375001 0.6934594171875 0.7771867609374999 0.6806540578125 0.7269503546875 0.9663120562499999 0.8067375890624999 0.9810874703125
0 0.8303782500000001 0.9810874703125 0.8643617015625 0.9850275796875 0.9278959812500001 0.714144996875 0.890957446875 0.7111899140625 0.8303782500000001 0.9810874703125