0 0.075 0.41640625 0.053125 0.66875
0 0.13125 0.41640625 0.04453125 0.6609375
0 0.17578125 0.41640625 0.03203125 0.665625
0 0.21640625 0.4171875 0.0421875 0.6640625
0 0.26328125 0.41875 0.0375 0.665625
0 0.30703125 0.41875 0.03515625 0.66328125
0 0.3484375 0.41875 0.034375 0.659375
0 0.3828125 0.41875 0.02578125 0.66328125
0 0.41796875 0.41875 0.034375 0.6609375
0 0.4734375 0.41953125 0.06015625 0.66171875
0 0.5697399515625 0.0851063828125 0.505910165625 0.0862884171875 0.5130023640625 0.750591015625 0.57683215 0.750591015625 0.5697399515625 0.0851063828125
0 0.5827423171875 0.749408984375 0.6335697390624999 0.750591015625 0.625295509375 0.0910165484375 0.5756501187499999 0.0910165484375 0.5827423171875 0.749408984375
0 0.686761228125 0.0874704484375 0.63593380625 0.0886524828125 0.638297871875 0.749408984375 0.6914893609375 0.750591015625 0.686761228125 0.0874704484375
0 0.7352245875000001 0.0886524828125 0.6950354609375 0.089834515625 0.6973995265624999 0.749408984375 0.737588653125 0.750591015625 0.7352245875000001 0.0886524828125
0 0.7836879437500001 0.0886524828125 0.73995271875 0.0910165484375 0.7423167859375 0.750591015625 0.7895981078125 0.749408984375 0.7836879437500001 0.0886524828125
0 0.838061465625 0.089834515625 0.7931442078125001 0.0910165484375 0.79669030625 0.750591015625 0.8368794328125 0.749408984375 0.838061465625 0.089834515625
0 0.8605200937499999 0.0862884171875 0.8416075656249999 0.0851063828125 0.84397163125 0.750591015625 0.8676122921875 0.750591015625 0.8605200937499999 0.0862884171875
0 0.874704490625 0.750591015625 0.9208037812500001 0.750591015625 0.9148936171875001 0.0886524828125 0.8664302609375 0.0886524828125 0.874704490625 0.750591015625
0 0.9621749421875 0.0862884171875 0.918439715625 0.0862884171875 0.9255319156249999 0.7470449171875 0.969267140625 0.7470449171875 0.9621749421875 0.0862884171875