0 0.39673912968749997 0.35217391249999996 0.3899456515625 0.1554347828125 0.38451087031250003 0.1521739125 0.35326087031250003 0.15434782656249998 0.354619565625 0.39673912968749997 0.3586956515625 0.4 0.3940217390625 0.4 0.39673912968749997 0.35217391249999996
0 0.4334239125 0.2793478265625 0.4279891296875 0.1978260875 0.430706521875 0.16086956562500002 0.42255434843749995 0.15108695625 0.3940217390625 0.1521739125 0.39809782656250003 0.39782608750000004 0.42527173906250004 0.39891304375000003 0.430706521875 0.3804347828125 0.4334239125 0.2793478265625
0 0.680706521875 0.3934782609375 0.676630434375 0.1532608703125 0.6467391296875 0.15108695625 0.645380434375 0.15434782656249998 0.645380434375 0.3923913046875 0.649456521875 0.3956521734375 0.676630434375 0.3956521734375 0.680706521875 0.3934782609375
0 0.7105978265624999 0.16086956562500002 0.707880434375 0.15108695625 0.680706521875 0.15108695625 0.6834239125 0.3945652171875 0.707880434375 0.3956521734375 0.7133152171875 0.3934782609375 0.7105978265624999 0.16086956562500002
0 0.7459239125 0.15434782656249998 0.7404891296875 0.14891304375 0.7133152171875 0.15108695625 0.716032609375 0.3934782609375 0.7404891296875 0.3956521734375 0.7513586953125 0.3934782609375 0.7459239125 0.15434782656249998
0 0.7826086953125 0.15434782656249998 0.7758152171875 0.14891304375 0.75 0.15 0.752717390625 0.3923913046875 0.78125 0.3945652171875 0.7866847828125 0.3913043484375 0.7826086953125 0.15434782656249998
0 0.8220108703125 0.1521739125 0.8179347828125 0.14891304375 0.7853260875 0.1521739125 0.7866847828125 0.386956521875 0.7907608703125 0.3934782609375 0.823369565625 0.3934782609375 0.8220108703125 0.1521739125
0 0.8654891296875 0.389130434375 0.86141304375 0.15 0.8315217390624999 0.14782608749999998 0.82608695625 0.15108695625 0.8274456515624999 0.388043478125 0.832880434375 0.3934782609375 0.8600543484375001 0.3934782609375 0.8654891296875 0.389130434375
0 0.9089673906250001 0.3913043484375 0.9116847828125 0.385869565625 0.9076086953125 0.15 0.9008152171875 0.1456521734375 0.864130434375 0.15 0.8668478265624999 0.388043478125 0.8709239125 0.3923913046875 0.8967391296875 0.3934782609375 0.9089673906250001 0.3913043484375
0 0.95108695625 0.3913043484375 0.9524456515624999 0.3728260875 0.9497282609375001 0.15 0.9470108703125 0.1467391296875 0.9211956515624999 0.1467391296875 0.9089673906250001 0.15108695625 0.9116847828125 0.385869565625 0.9211956515624999 0.3923913046875 0.9470108703125 0.3923913046875 0.95108695625 0.3913043484375
0 0.9904891296875 0.15 0.98641304375 0.1467391296875 0.9524456515624999 0.14782608749999998 0.9538043484375001 0.390217390625 0.9877717390624999 0.3923913046875 0.9932065218749999 0.37391304375 0.9904891296875 0.15
0 0.57608695625 0.5967391296875 0.5720108703125 0.5923913046875 0.5271739125 0.590217390625 0.528532609375 0.760869565625 0.5434782609375 0.764130434375 0.57608695625 0.7586956515625001 0.57608695625 0.5967391296875
0 0.600543478125 0.8282608703125 0.604619565625 0.8315217390624999 0.6195652171875 0.8304347828124999 0.6236413046875 0.8282608703125 0.625 0.8021739125 0.6236413046875 0.5956521734375 0.6195652171875 0.5913043484375 0.57608695625 0.5934782609375 0.5774456515625 0.7586956515625001 0.596467390625 0.7684782609374999 0.6032608703125 0.788043478125 0.600543478125 0.8282608703125
0 0.6820652171875 0.5945652171875 0.6752717390625 0.589130434375 0.625 0.5934782609375 0.6263586953125 0.8282608703125 0.676630434375 0.8304347828124999 0.6834239125 0.82608695625 0.6820652171875 0.5945652171875
0 0.721467390625 0.82608695625 0.7228260875 0.7967391296875 0.7201086953125 0.590217390625 0.6834239125 0.588043478125 0.6834239125 0.82608695625 0.684782609375 0.8293478265625 0.716032609375 0.8293478265625 0.721467390625 0.82608695625
0 0.9293478265624999 0.8304347828124999 0.9633152171875 0.8315217390624999 0.9646739125 0.590217390625 0.9347826093749999 0.57391304375 0.8519021734375001 0.57391304375 0.8532608703125 0.584782609375 0.9184782609375001 0.5826086953125 0.9307065218749999 0.597981365625 0.9293478265624999 0.8304347828124999
0 0.3288043484375 0.8043478265624999 0.0271739125 0.8076086953124999 0.0271739125 0.8380434781250001 0.32201087031250003 0.8380434781250001 0.3315217390625 0.8336956515624999 0.3288043484375 0.8043478265624999
0 0.33016304375 0.79891304375 0.32608695625 0.7684782609374999 0.03125 0.7684782609374999 0.028532609375 0.7717391296875 0.028532609375 0.8032608703124999 0.032608695312500005 0.8054347828124999 0.32608695625 0.8032608703124999 0.33016304375 0.79891304375
0 0.3288043484375 0.763043478125 0.3274456515625 0.7336956515625 0.315217390625 0.7304347828125 0.0298913046875 0.7315217390625001 0.0298913046875 0.764130434375 0.0353260875 0.7673913046874999 0.3247282609375 0.7673913046874999 0.3288043484375 0.763043478125
0 0.3274456515625 0.72391304375 0.32608695625 0.6967391296875001 0.0271739125 0.69891304375 0.0258152171875 0.72391304375 0.0298913046875 0.7304347828125 0.32065217343749997 0.7293478265625 0.3274456515625 0.72391304375
0 0.175 0.6828125 0.303125 0.028125
2 0.5896739125 0.8565217390625 0.5978260875 0.8467391296875 0.6019021734375001 0.786956521875 0.5978260875 0.7717391296875 0.5774456515625 0.761956521875 0.5611413046875 0.760869565625 0.533967390625 0.7652173906249999 0.524456521875 0.7728260875 0.5230978265624999 0.8032608703124999 0.5298913046875 0.8532608703125 0.551630434375 0.8608695656249999 0.5896739125 0.8565217390625