0 0.036824878125 0.3737043109375 0 0.376432078125 0.0777414078125 0.8387888703125 0.11593016874999999 0.836061103125 0.036824878125 0.3737043109375
0 0.0954719046875 0.376432078125 0.0504637203125 0.37779596249999997 0.1186579375 0.83469721875 0.160938353125 0.8374249859375 0.0954719046875 0.376432078125
0 0.150027278125 0.3737043109375 0.10229132656249999 0.3737043109375 0.1636661203125 0.836061103125 0.20458265 0.83469721875 0.150027278125 0.3737043109375
0 0.22367703125 0.36961265625 0.15411893125 0.37234042500000003 0.20594653593749998 0.836061103125 0.2645935625 0.8374249859375 0.22367703125 0.36961265625
0 0.290507365625 0.37097654062499996 0.22776868437500003 0.3737043109375 0.2700491 0.8401527546875001 0.3177850515625 0.841516640625 0.290507365625 0.37097654062499996
0 0.37097654062499996 0.36961265625 0.29459901718750003 0.37097654062499996 0.3164211671875 0.841516640625 0.387343153125 0.841516640625 0.37097654062499996 0.36961265625
0 0.4214402625 0.37097654062499996 0.37779596249999997 0.37097654062499996 0.390070921875 0.8428805234375 0.42962356718750006 0.8442444078125 0.4214402625 0.37097654062499996
0 0.5100927453125 0.37097654062499996 0.425531915625 0.3737043109375 0.4309874515625 0.841516640625 0.5046372078125 0.8401527546875001 0.5100927453125 0.37097654062499996
0 0.5701036562499999 0.36961265625 0.51827605 0.37097654062499996 0.508728859375 0.841516640625 0.552373159375 0.8442444078125 0.5701036562499999 0.36961265625
0 0.630114565625 0.37097654062499996 0.57555919375 0.37097654062499996 0.5551009265625 0.841516640625 0.6028368796875 0.8428805234375 0.630114565625 0.37097654062499996
0 0.686033825 0.37097654062499996 0.6369339875 0.37097654062499996 0.6028368796875 0.8442444078125 0.651936715625 0.8401527546875001 0.686033825 0.37097654062499996
0 0.7719585375 0.36961265625 0.6955810140625001 0.36961265625 0.6655755578125 0.8387888703125 0.7255864703125 0.83469721875 0.7719585375 0.36961265625
0 0.8306055640625001 0.36961265625 0.77468630625 0.37097654062499996 0.7296781234374999 0.8374249859375 0.777414075 0.8374249859375 0.8306055640625001 0.36961265625
0 0.8906164750000001 0.37097654062499996 0.836061103125 0.37097654062499996 0.78014184375 0.836061103125 0.8306055640625001 0.8333333328125001 0.8906164750000001 0.37097654062499996
0 0.946535734375 0.36961265625 0.8933442453125 0.36961265625 0.836061103125 0.8319694484375001 0.8756137484375 0.8306055640625001 0.946535734375 0.36961265625
0 1 0.365521003125 0.9506273859375 0.365521003125 0.8797054 0.8292416812500001 0.919258046875 0.827877796875 1 0.365521003125