0 0 0.2966666671875 0.0513888890625 0.2966666671875 0.055555556250000006 0.29111111093750003 0.052777778124999994 0.055555556250000006 0.05 0.052222221874999995 0.0111111109375 0.0511111109375 0 0.0511111109375 0 0.2966666671875
0 0.1166666671875 0.25666666718750003 0.1166666671875 0.058888889062500005 0.1111111109375 0.05 0.05694444375 0.05 0.058333332812500006 0.29333333281249996 0.10833333281249999 0.29555555624999996 0.115277778125 0.292222221875 0.1166666671875 0.25666666718750003
0 0.1708333328125 0.292222221875 0.172222221875 0.2788888890625 0.177777778125 0.057777778125 0.172222221875 0.052222221874999995 0.15972222187500001 0.0511111109375 0.11944444375 0.0533333328125 0.11805555625 0.292222221875 0.12222222187500001 0.29555555624999996 0.16388888906250001 0.29555555624999996 0.1708333328125 0.292222221875
0 0.23333333281250002 0.2366666671875 0.2541666671875 0.14444444375 0.25694444375000003 0.0633333328125 0.24444444375000002 0.055555556250000006 0.21944444375 0.0511111109375 0.184722221875 0.05 0.17916666718750002 0.055555556250000006 0.17361111093749998 0.29111111093750003 0.2166666671875 0.29555555624999996 0.23194444375 0.2888888890625 0.23333333281250002 0.2366666671875
0 0.8166666671874999 0.29444444375 0.8194444437499999 0.2811111109375 0.815277778125 0.25444444375 0.527777778125 0.25444444375 0.525 0.287777778125 0.5291666671875 0.29555555624999996 0.7986111109375 0.29555555624999996 0.8166666671874999 0.29444444375
0 0.8194444437499999 0.247777778125 0.81805555625 0.21777777812500002 0.809722221875 0.212222221875 0.525 0.21555555625 0.5236111109375 0.2511111109375 0.5319444437499999 0.25444444375 0.8138888890624999 0.2533333328125 0.8194444437499999 0.247777778125
0 0.81805555625 0.172222221875 0.8111111109375001 0.1711111109375 0.525 0.17333333281250002 0.5263888890625 0.2133333328125 0.7958333328125 0.212222221875 0.81805555625 0.20888888906249997 0.81805555625 0.172222221875
0 0.81805555625 0.1366666671875 0.8138888890624999 0.132222221875 0.5291666671875 0.13333333281249998 0.522222221875 0.1366666671875 0.5208333328125 0.16555555625 0.525 0.1711111109375 0.81805555625 0.1688888890625 0.81805555625 0.1366666671875
0 0.81805555625 0.10333333281249998 0.809722221875 0.097777778125 0.6736111109375 0.0988888890625 0.66805555625 0.102222221875 0.6555555562500001 0.0988888890625 0.5361111109375 0.097777778125 0.522222221875 0.1011111109375 0.5208333328125 0.1311111109375 0.525 0.1366666671875 0.81805555625 0.13 0.81805555625 0.10333333281249998
0 0.85694444375 0.2966666671875 0.8611111109375 0.06 0.8583333328125 0.0566666671875 0.8236111109375001 0.0566666671875 0.80694444375 0.062222221875 0.80694444375 0.09111111093749999 0.8208333328125 0.10694444375 0.8222222218749999 0.29555555624999996 0.85694444375 0.2966666671875
0 0.9041666671874999 0.292222221875 0.9069444437499999 0.06 0.9055555562500001 0.0566666671875 0.8666666671875 0.0566666671875 0.8625 0.06555555625000001 0.8611111109375 0.287777778125 0.8638888890624999 0.29555555624999996 0.9 0.29555555624999996 0.9041666671874999 0.292222221875
0 0.952777778125 0.287777778125 0.959722221875 0.058888889062500005 0.9541666671875 0.05444444375 0.909722221875 0.0566666671875 0.9069444437499999 0.0711111109375 0.9055555562500001 0.29444444375 0.9416666671874999 0.29555555624999996 0.9513888890625 0.29444444375 0.952777778125 0.287777778125
0 0.9625 0.0566666671875 0.9583333328125001 0.10888888906250001 0.9541666671875 0.29444444375 0.9986111109375001 0.29555555624999996 0.9986111109375001 0.0533333328125 0.9625 0.0566666671875
0 0.2166666671875 0.6511111109375001 0.2138888890625 0.41555555625 0.20972222187499998 0.40444444375 0.1833333328125 0.4 0.16944444375 0.4066666671875 0.16944444375 0.64444444375 0.17361111093749998 0.652222221875 0.20972222187499998 0.65444444375 0.2166666671875 0.6511111109375001
0 0.24444444375000002 0.6555555562500001 0.25833333281250004 0.6533333328125 0.25694444375000003 0.42000000000000004 0.2625 0.4 0.22916666718749998 0.4 0.21944444375 0.40444444375 0.215277778125 0.41111111093749997 0.2166666671875 0.65 0.222222221875 0.6555555562500001 0.24444444375000002 0.6555555562500001
0 0.2958333328125 0.6411111109375 0.29305555625 0.4266666671875 0.290277778125 0.4188888890625 0.26527777812500003 0.4166666671875 0.25833333281250004 0.42222222187499997 0.259722221875 0.65 0.2625 0.65444444375 0.2916666671875 0.65444444375 0.2958333328125 0.6411111109375
0 0.33055555625 0.44666666718750003 0.334722221875 0.41 0.3263888890625 0.40222222187499995 0.3013888890625 0.4 0.2986111109375 0.4033333328125 0.29444444375 0.41 0.29722222187499997 0.6511111109375001 0.33055555625 0.6533333328125 0.33055555625 0.44666666718750003
0 0.36805555624999997 0.41444444375 0.34444444375 0.40888888906250004 0.3361111109375 0.41555555625 0.334722221875 0.652222221875 0.35694444375 0.6566666671875 0.36805555624999997 0.65444444375 0.36805555624999997 0.41444444375
0 0.39444444375 0.63444444375 0.3958333328125 0.4311111109375 0.39027777812500003 0.41111111093749997 0.3763888890625 0.41 0.3708333328125 0.41555555625 0.36805555624999997 0.6533333328125 0.38194444375000003 0.6555555562500001 0.3916666671875 0.6533333328125 0.39444444375 0.63444444375
0 0.4236111109375 0.40555555625000006 0.3986111109375 0.40888888906250004 0.397222221875 0.652222221875 0.434722221875 0.6533333328125 0.4388888890625 0.41111111093749997 0.4236111109375 0.40555555625000006
0 0.46388888906250003 0.652222221875 0.46388888906250003 0.41555555625 0.4625 0.40888888906250004 0.44166666718750003 0.407777778125 0.4375 0.42000000000000004 0.4375 0.6511111109375001 0.45 0.65444444375 0.46388888906250003 0.652222221875
0 0.4888888890625 0.40888888906250004 0.46666666718750005 0.41 0.46666666718750005 0.652222221875 0.4861111109375 0.6533333328125 0.490277778125 0.41555555625 0.4888888890625 0.40888888906250004
0 0.522222221875 0.41777777812499994 0.51805555625 0.41 0.4916666671875 0.412222221875 0.4916666671875 0.652222221875 0.51805555625 0.6533333328125 0.522222221875 0.6388888890625 0.522222221875 0.41777777812499994
0 0.55 0.407777778125 0.5236111109375 0.41111111093749997 0.5236111109375 0.6511111109375001 0.5527777781250001 0.6533333328125 0.5555555562500001 0.41444444375 0.55 0.407777778125
0 0.6041666671875 0.42555555624999997 0.5958333328125 0.41 0.5916666671875 0.41444444375 0.559722221875 0.41333333281250006 0.55694444375 0.4166666671875 0.55694444375 0.652222221875 0.5986111109375 0.65444444375 0.60555555625 0.65 0.6041666671875 0.42555555624999997
0 0.609722221875 0.65444444375 0.6486111109375 0.65444444375 0.6541666671875 0.652222221875 0.6555555562500001 0.63 0.6583333328125 0.412222221875 0.6486111109375 0.40222222187499995 0.60694444375 0.4 0.602777778125 0.40444444375 0.6083333328125 0.49555555625 0.60694444375 0.65 0.609722221875 0.65444444375
0 0.7 0.652222221875 0.7013888890625 0.64 0.702777778125 0.41444444375 0.6958333328124999 0.40444444375 0.6611111109375 0.40555555625000006 0.6583333328125 0.4533333328125 0.6569444437499999 0.6488888890625 0.6611111109375 0.65444444375 0.6916666671875 0.65444444375 0.7 0.652222221875
0 0.7083333328125 0.41555555625 0.7041666671875 0.42444444375 0.702777778125 0.652222221875 0.7375 0.6533333328125 0.7430555562500001 0.42000000000000004 0.7083333328125 0.41555555625
0 0.7640625 0.5390625 0.0296875 0.234375
0 0.79765625 0.53828125 0.02734375 0.23125
2 0.6486111109375 0.9044444437499999 0.6486111109375 0.8411111109375 0.64305555625 0.832222221875 0.622222221875 0.8333333328125001 0.6041666671875 0.8266666671875 0.5916666671875 0.8333333328125001 0.577777778125 0.8311111109375 0.5625 0.8433333328125 0.5611111109375 0.89555555625 0.5666666671875 0.9077777781249999 0.6347222218749999 0.9111111109375001 0.6486111109375 0.9044444437499999
0 0.075 0.8533333328125 0.28055555625 0.8522222218750001 0.2958333328125 0.8511111109374999 0.3013888890625 0.8422222218750001 0.2986111109375 0.8166666671874999 0.1361111109375 0.8222222218749999 0.00555555625 0.8188888890625 0.0041666671875 0.847777778125 0.0166666671875 0.85444444375 0.0486111109375 0.85 0.075 0.8533333328125
0 0.3013888890625 0.7977777781250001 0.2986111109375 0.78444444375 0.0041666671875 0.79 0.00555555625 0.82 0.29305555625 0.8177777781250001 0.2986111109375 0.81444444375 0.3013888890625 0.7977777781250001
0 0.2958333328125 0.7833333328125 0.302777778125 0.7666666671875 0.3 0.752222221875 0.0041666671875 0.7533333328125 0.0041666671875 0.7788888890625 0.0166666671875 0.7866666671875 0.027777778125000003 0.7877777781249999 0.2958333328125 0.7833333328125
0 0.0041666671875 0.73 0.00555555625 0.75555555625 0.302777778125 0.7488888890625 0.3013888890625 0.7266666671875 0.0041666671875 0.73
0 0.1263888890625 0.692222221875 0.097993828125 0.6977777781250001 0.047222221875 0.6977777781250001 0.04305555625 0.6933333328125 0.025 0.692222221875 0.006944443749999999 0.6944444437499999 0.00555555625 0.727777778125 0.30555555624999997 0.7233333328125 0.302777778125 0.6911111109375 0.1263888890625 0.692222221875
0 0.702777778125 0.9911111109374999 0.7291666671875 0.99 0.7361111109375 0.982222221875 0.7236111109375 0.717777778125 0.7083333328125 0.6888888890625 0.6833333328125 0.6933333328125 0.665277778125 0.6900000000000001 0.6611111109375 0.70555555625 0.66944444375 0.7988888890625 0.6986111109375 0.9866666671875001 0.702777778125 0.9911111109374999
0 0.767795775 0.74500036875 0.7275299921875 0.744057415625 0.7411546718750001 0.9873943671875001 0.7749960640625 0.9879701171875 0.767795775 0.74500036875
0 0.821077928125 0.7185154984375 0.7692358109375 0.7185154984375 0.7785962093750001 0.9908489062499999 0.82251801875 0.9908489062499999 0.821077928125 0.7185154984375
0 0.8239579984375001 0.7271518640625 0.8261181625 0.9879701171875 0.863559590625 0.9868186187499999 0.8585194093749999 0.7236973484375 0.8239579984375001 0.7271518640625
0 0.890277778125 0.74555555625 0.872222221875 0.7111111109375 0.8625 0.7211111109375 0.8680555562500001 0.98444444375 0.88055555625 0.987777778125 0.89305555625 0.9855555562499999 0.890277778125 0.74555555625
0 0.8986111109375001 0.982222221875 0.9111111109375001 0.9911111109374999 0.95 0.99 0.9486111109375001 0.7311111109375 0.91805555625 0.6966666671875 0.8861111109375001 0.6977777781250001 0.8763888890624999 0.7022222218749999 0.877777778125 0.71555555625 0.8875 0.7311111109375 0.89444444375 0.78 0.8986111109375001 0.982222221875
0 0.9541666671875 0.9833333328125 0.9625 0.9911111109374999 0.9902777781250001 0.99 0.9930555562500001 0.7188888890625 0.9611111109375001 0.6888888890625 0.9236111109375 0.6900000000000001 0.922222221875 0.7011111109375 0.9486111109375001 0.7266666671875 0.9541666671875 0.747777778125 0.9541666671875 0.9833333328125