0 0 0 0 0.4544758984375 0.0054347828124999996 0.455241009375 0.0475543484375 0.455241009375 0.051630434375 0.45065034375 0.0353260875 0.0053557765625 0.03125 0 0 0
0 0.0923913046875 0.4544758984375 0.09103260937499999 0.45065034375 0.118206521875 0.44299923437500005 0.1263586953125 0.435348125 0.1304347828125 0.43611323593750007 0.1345108703125 0.406273909375 0.1290760875 0.0328997703125 0.1263586953125 0.019127773437500002 0.1154891296875 0.015302218749999999 0.08831521718749999 0.016832440625 0.0665760875 0.0145371078125 0.04483695625 0.015302218749999999 0.0434782609375 0.0175975515625 0.042119565625 0.09487375625 0.055706521875000005 0.43687834687500005 0.0638586953125 0.45371078750000005 0.0923913046875 0.4544758984375
0 0.2173913046875 0.45065034375 0.2105978265625 0.0221882171875 0.1929347828125 0.016832440625 0.1345108703125 0.016832440625 0.14266304375 0.45065034375 0.1576086953125 0.455241009375 0.20788043437499998 0.4544758984375 0.2173913046875 0.45065034375
0 0.2934782609375 0.45294567656250007 0.28940217343749997 0.027543993750000002 0.278532609375 0.022953328125 0.21875 0.022953328125 0.2241847828125 0.44835501093749996 0.22826087031250003 0.4544758984375 0.2866847828125 0.455241009375 0.2934782609375 0.45294567656250007
0 0.35190217343749997 0.455241009375 0.35733695625 0.44912012187499994 0.35326087031250003 0.286406528125 0.3559782609375 0.028309104687499996 0.3396739125 0.02448355 0.29483695625 0.0252486609375 0.292119565625 0.2172915078125 0.2975543484375 0.452180565625 0.3125 0.455241009375 0.35190217343749997 0.455241009375
0 0.4320652171875 0.44376434531250003 0.4375 0.0328997703125 0.430706521875 0.029074215625 0.40625 0.028309104687499996 0.3627717390625 0.028309104687499996 0.3586956515625 0.032134659375 0.3586956515625 0.452180565625 0.375 0.4560061203125 0.426630434375 0.4560061203125 0.4320652171875 0.44376434531250003
0 0.5013586953125 0.4544758984375 0.502717390625 0.4514154546875 0.5040760875 0.4238714609375 0.5122282609375 0.038255546875000004 0.5054347828125 0.030604437499999998 0.461956521875 0.029074215625 0.4429347828125 0.032134659375 0.4375 0.1407804125 0.434782609375 0.4514154546875 0.440217390625 0.4544758984375 0.4904891296875 0.455241009375 0.5013586953125 0.4544758984375
0 0.5720108703125 0.452180565625 0.5774456515625 0.3657230296875 0.5896739125 0.0405508796875 0.5842391296875 0.035195103125 0.5163043484375 0.0344299921875 0.510869565625 0.14996174375 0.5040760875 0.45065034375 0.5163043484375 0.4560061203125 0.5665760875 0.4560061203125 0.5720108703125 0.452180565625
0 0.614130434375 0.45065034375 0.6154891296875 0.435348125 0.6345108703125 0.044376434375 0.6304347828125 0.03366488125 0.6154891296875 0.032134659375 0.5991847828125 0.032134659375 0.591032609375 0.0374904359375 0.5747282609375 0.3986228 0.573369565625 0.4514154546875 0.5774456515625 0.455241009375 0.6059782609375 0.4560061203125 0.614130434375 0.45065034375
0 0.6929347828125 0.424636571875 0.7241847828125 0.044376434375 0.7105978265624999 0.038255546875000004 0.6440217390625 0.0374904359375 0.635869565625 0.03978576875 0.6345108703125 0.0436113234375 0.6154891296875 0.390971690625 0.614130434375 0.4514154546875 0.6263586953125 0.455241009375 0.684782609375 0.4544758984375 0.6929347828125 0.424636571875
0 0.774456521875 0.4544758984375 0.7798913046875 0.452180565625 0.783967390625 0.41239479687499997 0.8152173906250001 0.053557765624999996 0.8152173906250001 0.047436878125 0.8057065218749999 0.03978576875 0.739130434375 0.038255546875000004 0.7269021734375001 0.041315990625 0.707880434375 0.20964039843750001 0.6970108703125 0.41239479687499997 0.6888586953125 0.4514154546875 0.6997282609375 0.455241009375 0.774456521875 0.4544758984375
0 0.9334239125 0.08186687031249999 0.9347826093749999 0.0482019890625 0.9307065218749999 0.045141545312499996 0.8247282609375001 0.0420811015625 0.8192934781250001 0.046671767187500005 0.7866847828125 0.400153021875 0.7866847828125 0.4544758984375 0.88858695625 0.4544758984375 0.8980978265624999 0.452180565625 0.9334239125 0.08186687031249999
0 0.9986413046875 0.05661820937499999 0.9932065218749999 0.055853098437500005 0.9470108703125 0.053557765624999996 0.9415760875 0.061208874999999996 0.90625 0.394032134375 0.9048913046875 0.45371078750000005 0.9877717390624999 0.4544758984375 0.9986413046875 0.452180565625 0.9986413046875 0.05661820937499999
0 0 0.6235654171875 0.10733695624999999 0.6250956390625 0.44972826093749996 0.6174445296875 0.45652173906250004 0.6143840859374999 0.4592391296875 0.605967865625 0.457880434375 0.58607498125 0.434782609375 0.5516449890625 0.42391304375 0.547819434375 0.42255434843749995 0.5766386125 0.40421195625 0.5837796484375 0.372282609375 0.5868400921875 0 0.5914307578125 0 0.6235654171875
0 0.2125 0.57421875 0.425 0.0171875
0 0.9959239125 0.8599846984375 0.770380434375 0.8645753640624999 0.497282609375 0.8737566953125 0.493206521875 0.876052028125 0.4918478265625 0.9043611328125 0.5013586953125 0.9273144609375 0.9986413046875 0.9051262437500001 0.9959239125 0.8599846984375
0 0.9986413046875 0.82172915 0.9932065218749999 0.8201989281250001 0.502717390625 0.8347360374999999 0.5013586953125 0.8699311406250001 0.5081521734375001 0.872991584375 0.9986413046875 0.8569242546875 0.9986413046875 0.82172915
0 0.9986413046875 0.8194338171875 0.9986413046875 0.7957153781249999 0.4945652171875 0.807957153125 0.48369565156250005 0.8117827078125 0.48505434843749995 0.8324407031250001 0.4959239125 0.8355011484375 0.8532608703125 0.8247895937499999 0.9986413046875 0.8194338171875
0 0.8872282609375001 0.7980107109375 0.957880434375 0.7903596015625001 0.9932065218749999 0.7918898234375 0.9986413046875 0.7872991578125 0.9945652171875 0.758990053125 0.8763586953125 0.7628156078125 0.8451086953125 0.7674062734375 0.8383152171875 0.76358071875 0.8002717390624999 0.76358071875 0.489130434375 0.771231828125 0.48641304375 0.8026013765625001 0.493206521875 0.8087222640625 0.7554347828125 0.798775821875 0.8872282609375001 0.7980107109375
0 0.9986413046875 0.755929609375 0.9986413046875 0.7322111703124999 0.48505434843749995 0.7452180562499999 0.48369565156250005 0.765110940625 0.489130434375 0.77276205 0.9945652171875 0.7566947203125001 0.9986413046875 0.755929609375
0 0.5394021734375001 0.7413925015625 0.9701086953125 0.73297628125 0.9986413046875 0.7299158375 0.9986413046875 0.706962509375 0.9932065218749999 0.7054322875000001 0.48233695625 0.716143840625 0.479619565625 0.731446059375 0.48505434843749995 0.7390971687500001 0.520380434375 0.7360367250000001 0.5394021734375001 0.7413925015625
0 0.9986413046875 0.7046671765625 0.9986413046875 0.6717674062500001 0.9932065218749999 0.6710022953125 0.8464673906250001 0.6755929609375 0.461956521875 0.6801836265625 0.4605978265625 0.68400918125 0.4605978265625 0.710022953125 0.46739130468749995 0.7138485078125 0.48369565156250005 0.71461361875 0.9986413046875 0.7046671765625
0 0.9986413046875 0.6687069625000001 0.9986413046875 0.6419280796875 0.9932065218749999 0.6403978578125 0.542119565625 0.6480489671874999 0.479619565625 0.6480489671874999 0.466032609375 0.645753634375 0.4592391296875 0.6403978578125 0.4592391296875 0.6694720734375 0.46739130468749995 0.679418515625 0.8967391296875 0.673297628125 0.9986413046875 0.6687069625000001
0 0.9986413046875 0.636572303125 0.9986413046875 0.6113236421875 0.9932065218749999 0.6105585312499999 0.8097826093749999 0.6159143078125 0.6209239125 0.61667941875 0.5040760875 0.6220351953125001 0.466032609375 0.6197398625 0.461956521875 0.6159143078125 0.4592391296875 0.6189747515625 0.461956521875 0.639632746875 0.47010869531250005 0.64728385625 0.9769021734375001 0.6403978578125 0.9986413046875 0.636572303125
0 0.9986413046875 0.6082631984375 0.9986413046875 0.57995409375 0.9932065218749999 0.5791889828125 0.48505434843749995 0.5868400921875 0.46875 0.5822494265625 0.466032609375 0.5768936499999999 0.4633152171875 0.578423871875 0.466032609375 0.6097934203125 0.46875 0.6159143078125 0.4769021734375 0.6189747515625 0.9986413046875 0.6082631984375
0 0.479619565625 0.5868400921875 0.4918478265625 0.5876052031250001 0.9986413046875 0.5791889828125 0.9986413046875 0.5600612093749999 0.5013586953125 0.5654169859375 0.4741847828125 0.56159143125 0.4605978265625 0.5470543234374999 0.45516304375 0.5470543234374999 0.45380434843749995 0.5600612093749999 0.4605978265625 0.563121653125 0.466032609375 0.5807192046874999 0.479619565625 0.5868400921875
0 0.74609375 0.54609375 0.50703125 0.0234375
0 0.45380434843749995 0.9273144609375 0.466032609375 0.9242540171875 0.46739130468749995 0.8798775828125001 0.4633152171875 0.8768171390624999 0.0040760875000000005 0.8936495796875 0 0.8944146906249999 0.002717390625 0.943381790625 0.2173913046875 0.9372609031250001 0.45380434843749995 0.9273144609375
0 0.46875 0.87452180625 0.4728260875 0.8661055859375001 0.47010869531250005 0.8324407031250001 0.002717390625 0.8462127015625001 0 0.8905891359375 0.0040760875000000005 0.891354246875 0.43614130468749995 0.8768171390624999 0.46875 0.87452180625
0 0.4633152171875 0.8309104812499999 0.466032609375 0.8286151484375001 0.466032609375 0.7972456 0.461956521875 0.7934200453125 0.45108695625 0.7918898234375 0.0054347828124999996 0.8048967093750001 0 0.8064269312500001 0.002717390625 0.84391736875 0.38451087031250003 0.8339709265625 0.4633152171875 0.8309104812499999
0 0 0.8033664875 0.0081521734375 0.8041315984375 0.4646739125 0.7918898234375 0.4741847828125 0.78806426875 0.4741847828125 0.76358071875 0.46875 0.7612853859375 0.0040760875000000005 0.7704667171875 0 0.771231828125 0 0.8033664875
0 0.46739130468749995 0.760520275 0.4728260875 0.7536342765625 0.471467390625 0.7352716140625 0.45108695625 0.7306809484375 0.375 0.7322111703124999 0.323369565625 0.7368018359375 0.0040760875000000005 0.7413925015625 0 0.7421576125 0.002717390625 0.7704667171875 0.43885869531250005 0.7620504968749999 0.46739130468749995 0.760520275
0 0 0.7383320578125 0.448369565625 0.7283856156249999 0.45380434843749995 0.7092578421875 0.448369565625 0.6993114 0.0407608703125 0.70849273125 0 0.710022953125 0 0.7383320578125
0 0.4456521734375 0.6993114 0.45244565156250005 0.6939556234375 0.448369565625 0.6725325171875001 0.0040760875000000005 0.6817138484374999 0 0.682478959375 0.002717390625 0.70849273125 0.42527173906250004 0.700841621875 0.4456521734375 0.6993114
0 0 0.679418515625 0.0054347828124999996 0.6801836265625 0.4116847828125 0.6725325171875001 0.448369565625 0.6710022953125 0.45244565156250005 0.6664116296875 0.4456521734375 0.6403978578125 0.4320652171875 0.6480489671874999 0.40625 0.6503443 0.0054347828124999996 0.6564651875 0 0.6587605203125 0 0.679418515625
0 0 0.6549349656250001 0.0054347828124999996 0.6564651875 0.413043478125 0.6495791890625 0.4293478265625 0.64728385625 0.430706521875 0.6350420812500001 0.426630434375 0.6212700843750001 0.006793478125 0.6273909718749999 0 0.62892119375 0 0.6549349656250001
0 0 0.9992348890624999 0.4741847828125 0.9992348890624999 0.475543478125 0.9969395562500001 0.471467390625 0.9655700078124999 0.0081521734375 0.9869931140625001 0 0.987758225 0 0.9992348890624999
0 0.466032609375 0.9632746750000001 0.475543478125 0.9594491203125 0.4769021734375 0.9510329000000001 0.4741847828125 0.9357306812499999 0.4633152171875 0.9273144609375 0.0040760875000000005 0.9456771234374999 0 0.9472073453125001 0.002717390625 0.9846977812500001 0.4144021734375 0.9686304515625 0.466032609375 0.9632746750000001
0 0.9945652171875 0.986228003125 0.9986413046875 0.9839326703125 0.9986413046875 0.94185156875 0.9470108703125 0.9426166796875 0.8491847828125 0.9502677890625 0.6616847828125 0.9563886765625 0.5040760875 0.9686304515625 0.5013586953125 0.9992348890624999 0.7894021734375001 0.9992348890624999 0.7907608703125 0.9969395562500001 0.9945652171875 0.986228003125
0 0.9945652171875 0.9387911250000001 0.9986413046875 0.9380260140625 0.9986413046875 0.9074215765625 0.551630434375 0.9257842390625 0.502717390625 0.9303749046875 0.502717390625 0.9594491203125 0.5095108703125 0.9640397859375 0.5190217390625 0.9640397859375 0.9945652171875 0.9387911250000001