0 0.6195244062499999 0.21041927343750003 0.5851063828124999 0.2424906125 0.8969545265625 0.41066958593749997 0.9324155187500001 0.373122653125 0.6195244062499999 0.21041927343750003
0 0.597622028125 0.1540988734375 0.5705047984375 0.17052565625 0.9115561109374999 0.3566958703125 0.9397163125000001 0.3332290359375 0.597622028125 0.1540988734375
0 0.7071339171875 0.1760012515625 0.6831456 0.20103254062499998 0.9835210671875 0.359042553125 1 0.339486859375 0.7071339171875 0.1760012515625
0 1 0.29255319218750003 0.7968293703125 0.1979036296875 0.784313725 0.21041927343750003 1 0.3152377984375 1 0.29255319218750003
0 0.581373646875 0.3366461375 0.564576334375 0.35134378437499997 0.9247853671874999 0.5739081734375 0.9397163125000001 0.5585106390625 0.581373646875 0.3366461375
0 0.6597611046875 0.3443449046875 0.6326987671875 0.3653415453125 0.9490481531249999 0.5557110859375001 0.9770436734375 0.5333146703125 0.6597611046875 0.3443449046875
0 0.6716729234375001 0.2988110140625 0.638297871875 0.330882353125 0.9574468078124999 0.5053191484374999 0.9929078015625 0.47682370937499996 0.6716729234375001 0.2988110140625
0 0.5001866359375 0.316349384375 0.4684583796875 0.34784434375 0.7754759234375 0.5438129890625001 0.8146696531250001 0.510918253125 0.5001866359375 0.316349384375
0 0.5543113109375 0.41363381875 0.52164986875 0.44092945156249996 0.8321512999999999 0.6480496453125 0.8664302609375 0.6196808515625001 0.5543113109375 0.41363381875
0 0.4609929078125 0.421985815625 0.437352246875 0.4414893609375 0.7434988171875 0.66046099375 0.7730496453125 0.640070921875 0.4609929078125 0.421985815625
0 0.2543644296875 0.3994476265625 0.22913256875000002 0.422463175 0.536006546875 0.6290916531249999 0.5591925796874999 0.604030278125 0.2543644296875 0.3994476265625
0 0.351882159375 0.4035392796875 0.333469721875 0.4239975453125 0.630796509375 0.625 0.6539825421875001 0.6024959078125 0.351882159375 0.4035392796875
0 0.2632296765625 0.48946399375 0.24549918124999998 0.510945171875 0.5619203500000001 0.730360065625 0.581696671875 0.7078559734375001 0.2632296765625 0.48946399375
0 0.309601746875 0.577945990625 0.2830060015625 0.604030278125 0.6104356625 0.8377659578125 0.6420972640625 0.8130699078125 0.309601746875 0.577945990625
0 0.230496453125 0.6075027984375 0.20623366875000002 0.629199328125 0.530981709375 0.8608622625000001 0.558044046875 0.8384658453125 0.230496453125 0.6075027984375
0 0.41806644375 0.8587625984375 0.43486375468749994 0.8489641656250001 0.1362448671875 0.619400896875 0.12597984375 0.636198209375 0.41806644375 0.8587625984375
0 0.047592384375000005 0.6557950734375 0.036394176562500005 0.6732922718750001 0.34621127343749997 0.916853303125 0.364874953125 0.9049552078125 0.047592384375000005 0.6557950734375
0 0.21556550937500002 0.9049552078125 0.23796192500000002 0.8853583437499999 0.0018663687500000002 0.6942889140624999 0.0018663687500000002 0.7243840984375 0.21556550937500002 0.9049552078125