0 0.6925975171875 0.39311835156249997 0.672650709375 0.39644281875 0.7524379437500001 0.69980053125 0.7701684390625 0.692320478125 0.6925975171875 0.39311835156249997
0 0.6770833328125 0.7097739359374999 0.69038120625 0.7081117015625 0.6615691484374999 0.390625 0.6449468078125 0.390625 0.6770833328125 0.7097739359374999
0 0.638297871875 0.31499335156249997 0.5950797875 0.31000664843750003 0.62610815625 0.7222406921875 0.6770833328125 0.7155917546875 0.638297871875 0.31499335156249997
0 0.59397163125 0.33161569218750003 0.5529698578125 0.32746010625 0.5839982265625 0.7297207453125 0.62389184375 0.725565159375 0.59397163125 0.33161569218750003
0 0.5263741140625 0.7380319156249999 0.5839982265625 0.728889628125 0.5441046093749999 0.2983710109375 0.4986702125 0.29230385625 0.5263741140625 0.7380319156249999
0 0.49756205624999994 0.2856549203125 0.4473540640625 0.27925531875 0.47429077968750005 0.7471742015625 0.5252659578125 0.740525265625 0.49756205624999994 0.2856549203125
0 0.45144571874999995 0.3038052359375 0.40234588125000004 0.29255319218750003 0.41734860781250005 0.765139115625 0.4719039828125 0.755932896875 0.45144571874999995 0.3038052359375
0 0.387343153125 0.291530278125 0.3436988546875 0.281301146875 0.37234042500000003 0.7753682484375 0.4118930703125 0.76820785625 0.387343153125 0.291530278125
0 0.15780141875 0.1928191484375 0.1028368796875 0.1795212765625 0.108156028125 0.8297872343750001 0.170212765625 0.8138297874999999 0.15780141875 0.1928191484375
0 0.170212765625 0.799202128125 0.22163120625000002 0.7885638296875 0.20212765937500002 0.22207446874999998 0.1613475171875 0.2114361703125 0.170212765625 0.799202128125
0 0.2730496453125 0.23537234062499998 0.22695035468750002 0.2260638296875 0.237588653125 0.797872340625 0.2890070921875 0.7872340421875 0.2730496453125 0.23537234062499998
0 0.3327877796875 0.306873978125 0.2877795953125 0.30073649687500004 0.302782325 0.789689034375 0.3559738140625 0.7794599015625 0.3327877796875 0.306873978125
0 0 0.8510638296874999 0.106382978125 0.8297872343750001 0.09219858125 0.17553191562499998 0.00177305 0.15252659531249999 0 0.8510638296874999