0 0.5125 0.07734375 0.46875 0.07265625
0 0.50078125 0.20625 0.534375 0.09375
0 0.50703125 0.1421875 0.44921875 0.034375
0 0.51015625 0.41015625 0.51015625 0.08359375
0 0.50546875 0.3390625 0.4828125 0.05078125
0 0.50859375 0.284375 0.51640625 0.0453125
0 0.5109375 0.53359375 0.49609375 0.06875
0 0.5015625 0.47265625 0.5453125 0.0421875
0 0.503125 0.7046875 0.45546875 0.05703125
0 0.50859375 0.6453125 0.48359375 0.04453125
0 0.51171875 0.5953125 0.46015625 0.0453125
0 0.49609375 0.775 0.528125 0.06640625
0 0.49453125 0.84921875 0.45546875 0.0546875
0 0.49453125 0.92890625 0.4828125 0.08046875