5 0.40489130468749995 0.23056300312500003 0.426630434375 0.2453083109375 0.48505434843749995 0.23994638125 0.4904891296875 0.2292225203125 0.4945652171875 0.1568364609375 0.5149456515625 0.135388740625 0.51358695625 0.1032171578125 0.5 0.09115281562500001 0.493206521875 0.07640750625 0.4782608703125 0.0737265421875 0.4646739125 0.079088471875 0.45244565156250005 0.067024128125 0.4456521734375 0.067024128125 0.40489130468749995 0.07640750625 0.4008152171875 0.08847184999999999 0.381793478125 0.10053619375 0.3709239125 0.08981233281249999 0.368206521875 0.10053619375 0.377717390625 0.1528150140625 0.399456521875 0.167560321875 0.40489130468749995 0.23056300312500003
0 0.12364130468750001 0.2546916890625 0.1032608703125 0.0361930296875 0.100543478125 0.03217158125 0.08016304375 0.0335120640625 0.09918478281250001 0.2774798921875 0.1032608703125 0.28418230625 0.12228260937499999 0.28552278750000004 0.12364130468750001 0.2546916890625
0 0.14809782656249998 0.288203753125 0.149456521875 0.2225201078125 0.14266304375 0.1876675609375 0.13315217343750002 0.0428954421875 0.127717390625 0.03217158125 0.11005434843749999 0.03217158125 0.1032608703125 0.0335120640625 0.1032608703125 0.048257371874999996 0.12364130468750001 0.28418230625 0.14809782656249998 0.288203753125
0 0.13315217343750002 0.0335120640625 0.1508152171875 0.2868632703125 0.184782609375 0.29088471875 0.17391304375 0.034852546875 0.13315217343750002 0.0335120640625
0 0.2105978265625 0.294906165625 0.22826087031250003 0.29088471875 0.22826087031250003 0.2868632703125 0.22282608750000002 0.2895442359375 0.21603260937500002 0.2828418234375 0.2133152171875 0.2680965140625 0.2038043484375 0.12734584375 0.20516304375 0.0361930296875 0.1929347828125 0.029490617187500002 0.1779891296875 0.0308310984375 0.1752717390625 0.067024128125 0.1888586953125 0.288203753125 0.1929347828125 0.29356568437499997 0.2105978265625 0.294906165625
0 0.24140625 0.18203125 0.03359375 0.21953125
0 0.5855978265624999 0.3150134046875 0.5883152171875 0.0643431640625 0.555706521875 0.06300268125 0.5529891296875 0.309651475 0.555706521875 0.3217158171875 0.58016304375 0.3230563 0.5855978265624999 0.3150134046875
0 0.6209239125 0.3230563 0.6263586953125 0.06032171562500001 0.591032609375 0.0643431640625 0.586956521875 0.1595174265625 0.5855978265624999 0.319034853125 0.5883152171875 0.3243967828125 0.614130434375 0.3270777484375 0.6209239125 0.3230563
0 0.6616847828125 0.05764075 0.6290760875 0.0643431640625 0.625 0.180965146875 0.622282609375 0.3243967828125 0.6548913046875 0.32841823125 0.6644021734375001 0.1380697046875 0.6616847828125 0.05764075
0 0.7241847828125 0.05630026875000001 0.67391304375 0.05630026875000001 0.6657608703125 0.0643431640625 0.658967390625 0.32841823125 0.694293478125 0.3337801609375 0.70108695625 0.3310991953125 0.7241847828125 0.05630026875000001
0 0.49478594375 0.2906901359375 0.302624784375 0.271442615625 0.3029279234375 0.2981683578125 0.49933598437500004 0.3168639140625 0.49478594375 0.2906901359375
0 0.49326930312500006 0.25404683281249996 0.3007286390625 0.24151096875000003 0.306719584375 0.2704989296875 0.49326930312500006 0.28620318437500003 0.49326930312500006 0.25404683281249996
0 0.1657608703125 0.40214477187500003 0.13586956562500002 0.40214477187500003 0.149456521875 0.5710455765625 0.1684782609375 0.5777479890625 0.1725543484375 0.5522788203125 0.1657608703125 0.40214477187500003
0 0.1915760875 0.414209115625 0.184782609375 0.40214477187500003 0.1725543484375 0.39946380625 0.16440217343750002 0.4034852546875 0.1725543484375 0.567024128125 0.17663043437499998 0.579088471875 0.1970108703125 0.5831099203125001 0.1915760875 0.414209115625
0 0.2269021734375 0.41554959843750006 0.1929347828125 0.407506703125 0.1997282609375 0.5831099203125001 0.22826087031250003 0.591152815625 0.23233695625 0.5549597859375 0.2269021734375 0.41554959843750006
0 0.24140625 0.50390625 0.0265625 0.18125
0 0.2974866609375 0.5868919109374999 0.2971289953125 0.6116770609375 0.4693013078125 0.653170915625 0.47016000937499997 0.6303069625 0.2974866609375 0.5868919109374999
0 0.29909701875 0.56411953125 0.3001344828125 0.58627265625 0.47702968749999997 0.6286133281249999 0.47488290156249996 0.606596175 0.29909701875 0.56411953125
0 0.475312284375 0.5786513390625 0.298023446875 0.5376400171875 0.29669964375 0.5621384703125 0.472306796875 0.6010918921874999 0.475312284375 0.5786513390625
0 0.47445358125 0.5540937515625 0.2985602328125 0.5143380468750001 0.29669964375 0.5363106656250001 0.473165496875 0.5769577046875 0.47445358125 0.5540937515625
0 0.9107354750000001 0.5997553140624999 0.6399559796875 0.54982059375 0.6376642234375 0.583242453125 0.9047245 0.6382853265625 0.9107354750000001 0.5997553140624999
0 0.6361984796875 0.679570203125 0.635946821875 0.70646176875 0.8892676093749999 0.7729366421874999 0.8935611828125 0.7432981875 0.6361984796875 0.679570203125
0 0.898284140625 0.7106878703125 0.6351249078125 0.6493835609375 0.635946821875 0.67723875 0.8935611828125 0.7424433734375 0.898284140625 0.7106878703125
0 0.9004309265625 0.6759685156249999 0.6378088375 0.619196915625 0.6368055234375001 0.6480236781250001 0.8965667359375 0.7081474375 0.9004309265625 0.6759685156249999
0 0.9008152171875 0.6380697046875 0.63858695625 0.5871313671875 0.63858695625 0.6179624671874999 0.8913043484375001 0.6702412875 0.9008152171875 0.667560321875 0.9008152171875 0.6380697046875
0 0.307201953125 0.791715178125 0.16704772031249998 0.7425914437500001 0.168948909375 0.7603830890625 0.307201953125 0.8128855140625 0.307201953125 0.791715178125
0 0.307201953125 0.7692494375 0.16597415 0.721407834375 0.1706663109375 0.7408811515625 0.30891939062499996 0.79084315625 0.307201953125 0.7692494375
0 0.30548451718749997 0.74765566875 0.1638270046875 0.7012834031249999 0.16594338749999998 0.7171703828125 0.306772603125 0.7692494375 0.30548451718749997 0.74765566875
0 0.30505516718750003 0.7235214828125 0.1622166484375 0.681158975 0.1650846859375 0.698540478125 0.30591386875 0.742998184375 0.30505516718750003 0.7235214828125
0 0.30591386875 0.7036213625000001 0.160606290625 0.662093725 0.162079165625 0.675676525 0.30591386875 0.7197108156249999 0.30591386875 0.7036213625000001
0 0.30505516718750003 0.68075739375 0.1600695046875 0.6409101171875 0.1607911125 0.6583168406250001 0.30505516718750003 0.6998106953125001 0.30505516718750003 0.68075739375
0 0.332880434375 0.8083109921875 0.33016304375 0.6876675609375 0.305706521875 0.6769437 0.3084239125 0.8083109921875 0.309782609375 0.8136729218750001 0.3288043484375 0.819034853125 0.332880434375 0.8083109921875
0 0.3518747265625 0.6922145984375 0.3318409515625 0.6859252875 0.3342710828125 0.8268579328125 0.3535921609375 0.8315154171874999 0.3518747265625 0.6922145984375
0 0.3533123796875 0.69439873125 0.355309565625 0.8319388156249999 0.3759187296875 0.8399835515625 0.3759187296875 0.698989115625 0.3533123796875 0.69439873125
0 0.6222763390625 0.925384284375 0.38122524062499996 0.8373880984375001 0.3814068546875 0.863990309375 0.6192707859375 0.9571397875000001 0.6222763390625 0.925384284375
0 0.6119717234375 0.8758457109375 0.408064528125 0.804553503125 0.4020159859375 0.822919878125 0.6124011078125 0.8982862624999999 0.6119717234375 0.8758457109375
0 0.6098249375 0.8390836390624999 0.4193370296875 0.7743668578125 0.4179022265625 0.7920855 0.6093956203124999 0.8581369578125001 0.6098249375 0.8390836390624999
0 0.613259809375 0.789545065625 0.4193370296875 0.7256445546875 0.4200490140625 0.7472044015625 0.6128304265625 0.811562203125 0.613259809375 0.789545065625
0 0.4198738171875 0.7484169359374999 0.4204783640625 0.770068346875 0.6119717234375 0.8356963890625 0.6136891921875 0.8136792359375 0.4198738171875 0.7484169359374999
0 0.42577845937500003 0.7134639796875 0.42606002343749994 0.7273042750000001 0.62485244375 0.787004615625 0.6257111453124999 0.77514923125 0.42577845937500003 0.7134639796875
0 0.6506916953124999 0.7823107125 0.659005440625 0.9457821375 0.6942127609375001 0.9550971031250001 0.688631103125 0.7942025328125 0.6506916953124999 0.7823107125
0 0.7418478265624999 0.9450402140625 0.7459239125 0.8136729218750001 0.7105978265624999 0.7989276140625 0.6997282609375 0.79758713125 0.6970108703125 0.8029490609375 0.6956521734375001 0.9544235921875 0.7065217390625 0.9624664875000001 0.73641304375 0.9705093828125 0.7418478265624999 0.9450402140625
0 0.79891304375 0.832439678125 0.79483695625 0.8243967828125 0.7554347828125 0.8123324390625 0.747282609375 0.8150134046874999 0.7418478265624999 0.9718498656250001 0.7853260875 0.9892761390624999 0.7907608703125 0.9745308312500001 0.79891304375 0.832439678125
0 0.8423913046875 0.8404825734375001 0.8043478265624999 0.82841823125 0.7975543484375 0.876675603125 0.7894021734375001 0.9892761390624999 0.7961956515625 0.9986595171875001 0.8288043484375001 0.9986595171875001 0.8423913046875 0.8404825734375001
0 0.8478260875 0.839142090625 0.8423913046875 0.864611259375 0.8315217390624999 0.9986595171875001 0.864130434375 0.9986595171875001 0.8804347828125 0.8485254687499999 0.8478260875 0.839142090625