0 0.410884353125 0.6576687109375 0.4149659859375 0.6515337421875 0.4149659859375 0.6098159515625 0.4 0.5901840484374999 0.391836734375 0.5901840484374999 0.372789115625 0.60613496875 0.35782312968749996 0.6073619625 0.0761904765625 0.6073619625 0.0571428578125 0.6036809812499999 0.036734693750000005 0.6098159515625 0.0312925171875 0.6171779140625 0.0299319734375 0.6527607359375 0.03537415 0.66134969375 0.050340135937499995 0.665030675 0.410884353125 0.6576687109375
0 0.3782312921875 0.60122699375 0.382312925 0.5877300609375 0.3782312921875 0.574233128125 0.0680272109375 0.5754601234375001 0.0666666671875 0.6 0.0707483 0.6036809812499999 0.3687074828125 0.6036809812499999 0.3782312921875 0.60122699375
0 0.3768707484375 0.574233128125 0.382312925 0.570552146875 0.3795918375 0.525153375 0.2489795921875 0.53006135 0.0666666671875 0.52883435625 0.065306121875 0.571779140625 0.0693877546875 0.574233128125 0.2843537421875 0.5754601234375001 0.3768707484375 0.574233128125
0 0.3700680265625 0.52883435625 0.3795918375 0.5276073625000001 0.38095238125 0.5226993859375 0.38095238125 0.4858895703125 0.3768707484375 0.4834355828125 0.0680272109375 0.48220858906249997 0.0666666671875 0.525153375 0.0707483 0.5276073625000001 0.2938775515625 0.53006135 0.3700680265625 0.52883435625
0 0.38095238125 0.44539877343749995 0.07210884375 0.43680981562500004 0.0693877546875 0.47852760781250003 0.0789115640625 0.48098159531249995 0.38095238125 0.48220858906249997 0.38095238125 0.44539877343749995
0 0.38503401406250004 0.40613496875 0.3795918375 0.40368098124999996 0.07210884375 0.39509202499999996 0.07210884375 0.435582821875 0.38095238125 0.44294478593750003 0.38503401406250004 0.434355828125 0.38503401406250004 0.40613496875
0 0.390476190625 0.359509203125 0.38503401406250004 0.3558282203125 0.0775510203125 0.3435582828125 0.07346938750000001 0.3447852765625 0.07346938750000001 0.3914110421875 0.389115646875 0.4 0.390476190625 0.359509203125
0 0.389115646875 0.3533742328125 0.39319727968749996 0.34601227031250004 0.3945578234375 0.3141104296875 0.389115646875 0.30184049062499996 0.14829932031249998 0.2871165640625 0.065306121875 0.2871165640625 0.063945578125 0.3325153375 0.07210884375 0.34110429375 0.38367346874999997 0.3533742328125 0.389115646875 0.3533742328125
0 0.4585034015625 0.16073619687500001 0.4517006796875 0.1840490796875 0.453061225 0.20613496874999998 0.7346938781250001 0.21840490781250002 0.7333333328125 0.17668711718750002 0.4585034015625 0.16073619687500001
0 0.7319727890625 0.1754601234375 0.736054421875 0.170552146875 0.7333333328125 0.12883435625 0.48435374218750005 0.1116564421875 0.45578231249999995 0.1141104296875 0.45578231249999995 0.1546012265625 0.4598639453125 0.159509203125 0.719727890625 0.1754601234375 0.7319727890625 0.1754601234375
0 0.45261655312500004 0.280199725 0.45252085781250007 0.32503778437499997 0.7519296062499999 0.331218584375 0.75116770625 0.29276034218749997 0.45261655312500004 0.280199725
0 0.45261655312500004 0.2449814890625 0.45328270000000004 0.276278225 0.7526915078124999 0.2893265703125 0.7519296062499999 0.2556755890625 0.45261655312500004 0.2449814890625
0 0.7496440203125 0.22202460781250002 0.45261655312500004 0.20804528906250003 0.45328270000000004 0.2412537546875 0.7504059203125 0.25224181562500003 0.7496440203125 0.22202460781250002
0 0.7515432796875 0.3855518609375 0.4507116 0.38070054531249997 0.45213459062499994 0.4116485265625 0.7545907671875 0.41576904218750005 0.7515432796875 0.3855518609375
0 0.4589912328125 0.35121413437500004 0.45822938906250005 0.37525054375 0.7477340078125 0.3779975453125 0.7477340078125 0.3567081671875 0.4589912328125 0.35121413437500004
0 0.45642645625 0.3291616640625 0.45709197343749997 0.348432659375 0.737454421875 0.352553175 0.739739890625 0.334010825 0.45642645625 0.3291616640625
0 0.785826721875 0.5863791109375 0.50024035 0.597163853125 0.49784584687500005 0.6303314109375 0.7896359937499999 0.6207168375000001 0.785826721875 0.5863791109375
0 0.6421875 0.65390625 0.2875 0.0453125
0 0.63984375 0.7140625 0.28671875 0.04609375
0 0.81401530625 0.7707995984375 0.47642844999999995 0.7869987359375 0.4749902171875 0.835354559375 0.8163008921875001 0.8236796999999999 0.81401530625 0.7707995984375
0 0.7843030375 0.7405824156249999 0.4973829203125 0.7474855921875 0.49251283125 0.7721731125 0.78201745 0.7639320546875 0.7843030375 0.7405824156249999