0 0.203900709375 0.9261477046875 0.21631205625 0.9231536921875 0.230496453125 0.9061876249999999 0.2251773046875 0.8652694609375 0.1613475171875 0.6207584828125 0.0886524828125 0.3832335328125 0.07624113437499999 0.30638722500000004 0.049645390625 0.2974051890625 0.00177305 0.29840319375 0 0.43912175624999994 0.1347517734375 0.9231536921875 0.1471631203125 0.9281437125 0.203900709375 0.9261477046875
0 0.2446808515625 0.9161676640625 0.262411346875 0.92015968125 0.3333333328125 0.9071856281249999 0.3351063828125 0.89221556875 0.1950354609375 0.31736526875000004 0.17730496406250001 0.29840319375 0.1453900703125 0.30139720625 0.140070921875 0.30638722500000004 0.0851063828125 0.30638722500000004 0.079787234375 0.31836327343750004 0.17553191562499998 0.65768463125 0.2234042546875 0.855289421875 0.2446808515625 0.9161676640625
0 0.3989361703125 0.92015968125 0.41134751718749996 0.91716566875 0.41134751718749996 0.9001996015625 0.28014184375 0.305389221875 0.27482269531250003 0.30139720625 0.203900709375 0.3043912171875 0.203900709375 0.33732535 0.33865248281250004 0.8942115765624999 0.34751773125 0.92015968125 0.3989361703125 0.92015968125
0 0.53191489375 0.9271457078124999 0.52836879375 0.8982035921874999 0.4379432625 0.479041915625 0.40602836875000003 0.31736526875000004 0.40425531875000004 0.27345309375000004 0.3953900703125 0.24750499062500003 0.35815602812499997 0.24650698593749998 0.3368794328125 0.25149700625000004 0.48226950312500005 0.9271457078124999 0.487588653125 0.9311377249999999 0.512411346875 0.9331337328125 0.53191489375 0.9271457078124999
0 0.450354609375 0.9301397203124999 0.4734042546875 0.9271457078124999 0.47695035468749997 0.9161676640625 0.34397163124999997 0.30738522968750004 0.33865248281250004 0.3043912171875 0.28368794375 0.30738522968750004 0.3014184390625 0.4091816375 0.41843971562500004 0.9131736531250001 0.42730496406249996 0.9291417171875 0.450354609375 0.9301397203124999
0 0.5602836875 0.9261477046875 0.5886524828125 0.921157684375 0.5886524828125 0.896207584375 0.47872340468749996 0.3223552890625 0.4734042546875 0.305389221875 0.4166666671875 0.3083832328125 0.41134751718749996 0.3263473046875 0.53191489375 0.9151696609375 0.5390070921875 0.9261477046875 0.5602836875 0.9261477046875
0 0.6648936171875001 0.9301397203124999 0.5531914890625 0.3083832328125 0.5496453906250001 0.3043912171875 0.5390070921875 0.3043912171875 0.48049645312499994 0.3093812375 0.5992907796875 0.9271457078124999 0.6152482265625 0.9391217562499999 0.65425531875 0.9371257484375001 0.6648936171875001 0.9301397203124999
0 0.6241134749999999 0.30638722500000004 0.6365248234374999 0.3333333328125 0.732269503125 0.935129740625 0.767730496875 0.9371257484375001 0.7748226953125 0.9341317359374999 0.7730496453125 0.9081836328125 0.671985815625 0.25149700625000004 0.6489361703125 0.2504990015625 0.6152482265625 0.255489021875 0.5886524828125 0.2754491015625 0.581560284375 0.283433134375 0.5833333328125 0.30139720625 0.59219858125 0.305389221875 0.6241134749999999 0.30638722500000004
0 0.673758865625 0.935129740625 0.7251773046875 0.935129740625 0.7287234046875 0.9151696609375 0.71808510625 0.8423153687499999 0.6329787234375 0.3283433140625 0.6294326234375001 0.3153692609375 0.6187943265625 0.3083832328125 0.59397163125 0.3083832328125 0.5567375890624999 0.3113772453125 0.5567375890624999 0.3263473046875 0.6631205671875 0.9251497000000001 0.673758865625 0.935129740625
0 0.8262411343749999 0.9331337328125 0.828014184375 0.9251497000000001 0.7535461 0.3103792421875 0.7517730499999999 0.30738522968750004 0.72163120625 0.30738522968750004 0.6861702125 0.31237525 0.7748226953125 0.91716566875 0.78014184375 0.9331337328125 0.796099290625 0.93612774375 0.8262411343749999 0.9331337328125
0 0.8794326234375 0.9371257484375001 0.90602836875 0.932135728125 0.90602836875 0.9021956093749999 0.888297871875 0.66267465 0.875886525 0.60778443125 0.874113475 0.5009980046875 0.856382978125 0.316367265625 0.84751773125 0.3083832328125 0.8031914890625 0.30738522968750004 0.7588652484375 0.31237525 0.765957446875 0.41417165625 0.8297872343750001 0.9271457078124999 0.84397163125 0.9371257484375001 0.8794326234375 0.9371257484375001
0 0.97421875 0.559375 0.0515625 0.796875