0 0 0.8241134750000001 0.02836879375 0.8212765953125001 0.03368794375 0.8085106390625001 0.02836879375 0.43829787187499997 0.0248226953125 0.429787234375 0.0070921984375 0.42836879375 0 0.429787234375 0 0.8241134750000001
0 0.0585106390625 0.8184397156250001 0.1152482265625 0.8099290781249999 0.111702128125 0.4368794328125 0.106382978125 0.4226950359375 0.039007092187499995 0.4269503546875 0.03191489375 0.42836879375 0.0372340421875 0.8099290781249999 0.044326240625 0.8184397156250001 0.0585106390625 0.8184397156250001
0 0.19326241093750002 0.8014184390624999 0.200354609375 0.794326240625 0.20212765937500002 0.41843971562500004 0.1152482265625 0.42127659531250006 0.1187943265625 0.8014184390624999 0.125886525 0.8099290781249999 0.1347517734375 0.8099290781249999 0.19326241093750002 0.8014184390624999
0 0.2535461 0.794326240625 0.262411346875 0.7872340421875 0.267730496875 0.4156028375 0.264184396875 0.41134751718749996 0.21631205625 0.41418439687499997 0.205673759375 0.42411347499999996 0.203900709375 0.7602836875000001 0.205673759375 0.7971631203125 0.21631205625 0.7971631203125 0.2535461 0.794326240625
0 0.3015625 0.58828125 0.05546875 0.40546875
0 0.8000806656250001 0.6863829546875 0.3318241703125 0.7356054890625 0.3339710609375 0.7765944625000001 0.7990911390625001 0.7251580843750001 0.8000806656250001 0.6863829546875
0 0.80206001875 0.64324440625 0.3342986234375 0.6940346734375 0.3349607375 0.73345586875 0.80206001875 0.68439346875 0.80206001875 0.64324440625
0 0.80502875 0.5957646703125 0.33058694375000003 0.643555825 0.33792954375 0.6836021515625 0.8040392234375 0.6345397546875 0.80502875 0.5957646703125
0 0.8060184265625001 0.5530328828125 0.3367730765625 0.5980258843749999 0.3389191453125 0.6392877609375 0.8060184265625001 0.589434015625 0.8060184265625001 0.5530328828125
0 0.8149249203125001 0.5108543 0.3404847578125 0.5534857234375 0.3418880265625 0.593943834375 0.8139353937499999 0.5417161390625 0.8149249203125001 0.5108543
0 0.821852359375 0.46154881249999996 0.3404847578125 0.503006875 0.340898425 0.5485949921875 0.818883478125 0.49953259375 0.821852359375 0.46154881249999996
0 0.816904275 0.4144113984375 0.34295921093750004 0.45153824687500005 0.34386723125 0.4982922515625 0.8238315640625 0.45556050781249996 0.816904275 0.4144113984375
0 0.8277899718749999 0.365128253125 0.35285702343750003 0.3951207109375 0.34386723125 0.4458437625 0.8277899718749999 0.40785998125 0.8277899718749999 0.365128253125
0 0.837849878125 0.320887109375 0.3468361109375 0.34534503125 0.3448569078125 0.38807675937499997 0.8317485296875 0.359588915625 0.837849878125 0.320887109375
0 0.8953900703125001 0.3205673765625 0.8386524828124999 0.3248226953125 0.8049645390625001 0.649645390625 0.8049645390625001 0.73191489375 0.856382978125 0.727659575 0.8705673765625 0.634042553125 0.8953900703125001 0.3205673765625
0 0.9202127656249999 0.7106382984375 0.9574468078124999 0.317730496875 0.8989361703125001 0.321985815625 0.8652482265625 0.7092198578125 0.8705673765625 0.7248226953125 0.90957446875 0.7205673765625 0.9202127656249999 0.7106382984375
0 0.99822695 0.3134751765625 0.9627659578125 0.3191489359375 0.9521276593750001 0.425531915625 0.9273049640625001 0.717730496875 0.984042553125 0.7120567375 0.99822695 0.581560284375 0.99822695 0.3134751765625
0 0 0.9985815609375001 0.026595745312500002 0.9985815609375001 0.0230496453125 0.8950354609375 0.0106382984375 0.893617021875 0 0.8950354609375 0 0.9985815609375001
0 0.071875 0.94921875 0.0703125 0.10078125
0 0.15 0.96328125 0.0640625 0.0734375
0 0.22265625 0.9578125 0.07109375 0.08359375
0 0.3109375 0.9546875 0.07421875 0.08984375
0 0.39140625 0.93828125 0.0859375 0.1234375
0 0.46796875 0.93515625 0.0640625 0.12890625
0 0.5453125 0.93671875 0.08046875 0.12578125
0 0.63203125 0.93359375 0.0765625 0.1328125
0 0.7078125 0.92890625 0.05703125 0.1421875
0 0.80625 0.93359375 0.09765625 0.1328125
0 0.9015625 0.91015625 0.06171875 0.17890625
0 0.9734375 0.91015625 0.05234375 0.1796875