0 0.0828125 0.53359375 0.07109375 0.24375
0 0.440625 0.5296875 0.0953125 0.275
0 0.52265625 0.5296875 0.065625 0.2703125
0 0.74375 0.53203125 0.06171875 0.27734375
0 0.815625 0.528125 0.0734375 0.28046875
0 0.90703125 0.5296875 0.08984375 0.27890625
0 0.396875 0.2265625 0.0765625 0.246875
0 0.1759410796875 0.1114975453125 0.13502455 0.1114975453125 0.14320785625000002 0.34676759375 0.1813966171875 0.3477905078125 0.1759410796875 0.1114975453125
0 0.1984375 0.2265625 0.02578125 0.24453125
0 0.23828125 0.23515625 0.05078125 0.22734375
0 0.28203125 0.23671875 0.02890625 0.221875
0 0.31953125 0.2390625 0.040625 0.221875
0 0.025913803125000003 0.1186579375 0.00818330625 0.1196808515625 0.023186034375 0.3477905078125 0.042280415625 0.34676759375 0.025913803125000003 0.1186579375
0 0.0641025640625 0.11456628437500001 0.03000545625 0.11456628437500001 0.0490998375 0.34676759375 0.0791052921875 0.34676759375 0.0641025640625 0.11456628437500001
0 0.130932896875 0.10842880625 0.0900163671875 0.10842880625 0.098199671875 0.34574468125 0.13911620156249999 0.349836334375 0.130932896875 0.10842880625
0 0.49781778593750003 0.11763502343750001 0.4596290234375 0.11763502343750001 0.46781232968750003 0.3488134203125 0.5019094374999999 0.3488134203125 0.49781778593750003 0.11763502343750001
0 0.5564648125 0.11047463125000001 0.4991816703125 0.11661211093749999 0.5046372078125 0.350859246875 0.5605564640625 0.350859246875 0.5564648125 0.11047463125000001
0 0.619203490625 0.1033142390625 0.5591925796874999 0.10433715156250001 0.5605564640625 0.34676759375 0.6151118390625 0.34574468125 0.619203490625 0.1033142390625
0 0.673758865625 0.10842880625 0.6273867984375 0.10842880625 0.6219312609375 0.349836334375 0.66148390625 0.3488134203125 0.673758865625 0.10842880625
0 0.7324058921875001 0.11047463125000001 0.679214403125 0.10842880625 0.6655755578125 0.3488134203125 0.7228587015625 0.3488134203125 0.7324058921875001 0.11047463125000001
0 0.781505728125 0.12070376406250001 0.73649754375 0.1186579375 0.7269503546875 0.3488134203125 0.7665029999999999 0.349836334375 0.781505728125 0.12070376406250001
0 0.836061103125 0.1074058921875 0.78559738125 0.106382978125 0.7705946546875 0.3477905078125 0.8251500265624999 0.3488134203125 0.836061103125 0.1074058921875
0 0.8933442453125 0.11354337031249999 0.8401527546875001 0.11252045937499999 0.8306055640625001 0.3477905078125 0.8742498640624999 0.349836334375 0.8933442453125 0.11354337031249999
0 0.946535734375 0.11252045937499999 0.9001636671875 0.1114975453125 0.878341515625 0.3488134203125 0.9233496999999999 0.3488134203125 0.946535734375 0.11252045937499999
0 0.9997272234375 0.10842880625 0.9547190390625 0.10842880625 0.927441353125 0.3488134203125 0.9806328421874999 0.349836334375 0.9997272234375 0.10842880625
0 0.20185488281250002 0.467471359375 0.17866885 0.46542553125 0.1827605015625 0.6608019640625 0.20185488281250002 0.661824878125 0.20185488281250002 0.467471359375
0 0.252318603125 0.40302782343750004 0.2032187671875 0.40098199687499997 0.20731042031250002 0.663870703125 0.2536824875 0.663870703125 0.252318603125 0.40302782343750004
0 0.3164211671875 0.392798690625 0.2564102578125 0.39382160312500003 0.26186579375 0.66796235625 0.3246044734375 0.66693944375 0.3164211671875 0.392798690625
0 0.387343153125 0.3907528640625 0.3232405890625 0.3897299515625 0.3368794328125 0.6648936171875001 0.3887070375 0.6659165312499999 0.387343153125 0.3907528640625
0 0.635570103125 0.392798690625 0.5551009265625 0.39177577812500003 0.5578286968749999 0.66693944375 0.64511729375 0.6659165312499999 0.635570103125 0.392798690625
0 0.7092198578125 0.392798690625 0.6410256421875 0.392798690625 0.64511729375 0.671031096875 0.7092198578125 0.672054009375 0.7092198578125 0.392798690625