0 0.79296875 0.462890625 0.8115234375 0.46216796875000005 0.806640625 0.0175390625 0.796875 0.0175390625 0.79296875 0.462890625
0 0.8251953125 0 0.8447265625 0.46119140625000005 0.8564453125 0.46119140625000005 0.8359375 0 0.8251953125 0
0 0.7099609375 0 0.6474609375 0.46484375 0.689453125 0.462890625 0.748046875 0 0.7099609375 0
0 0.7939453125 0.0419921875 0.7470703125 0.04296875 0.69140625 0.4599609375 0.73828125 0.462890625 0.7939453125 0.0419921875
0 0.7041015625 0.0087890625 0.67578125 0.01171875 0.6201171875 0.4658203125 0.6474609375 0.4638671875 0.7041015625 0.0087890625
0 0.583984375 0.466796875 0.6142578125 0.4658203125 0.6708984375 0.013671875 0.646484375 0.0185546875 0.583984375 0.466796875
0 0.638671875 0.0029296875 0.6240234375 0.001953125 0.55078125 0.4638671875 0.55859375 0.4658203125 0.638671875 0.0029296875
0 0.6337890625 0.0966796875 0.6220703125 0.0966796875 0.5625 0.4638671875 0.58203125 0.4658203125 0.6337890625 0.0966796875
0 0.580078125 0.1796875 0.5322265625 0.1787109375 0.482421875 0.4619140625 0.5361328125 0.466796875 0.580078125 0.1796875
0 0.4970703125 0 0.427734375 0.4638671875 0.451171875 0.4658203125 0.5205078125 0 0.4970703125 0
0 0.5205078125 0 0.4521484375 0.4609375 0.47265625 0.4638671875 0.54296875 0 0.5205078125 0
0 0.490234375 0.046875 0.46484375 0.046875 0.3974609375 0.462890625 0.4267578125 0.46484375 0.490234375 0.046875
0 0.455078125 0.099609375 0.439453125 0.09765625 0.3798828125 0.466796875 0.39453125 0.4697265625 0.455078125 0.099609375
0 0.0166015625 0.2587890625 0 0.271484375 0.2431640625 0.458984375 0.263671875 0.4384765625 0.0166015625 0.2587890625
0 0 0.3173828125 0.1826171875 0.462890625 0.201171875 0.4443359375 0 0.2802734375 0 0.3173828125
0 0.832465278125 0.5546875 0.8038194453124999 0.5546875 0.832465278125 0.9939236109375 0.855902778125 0.9939236109375 0.832465278125 0.5546875
0 0.796875 0.9904513890625 0.8229166671874999 0.988715278125 0.7986111109375 0.55711805625 0.7751736109375 0.55711805625 0.796875 0.9904513890625
0 0.769097221875 0.55625 0.746527778125 0.55711805625 0.7743055562500001 0.989340278125 0.793402778125 0.989340278125 0.769097221875 0.55625
0 0.745659721875 0.6102430562500001 0.6953125 0.6119791671875 0.7118055562500001 0.9868576390625 0.7664930562500001 0.9868576390625 0.745659721875 0.6102430562500001
0 0.6814236109375 0.9981423609375 0.7083333328125 0.999010415625 0.6883680562500001 0.5777951390625 0.6631944437499999 0.5786631953125 0.6814236109375 0.9981423609375
0 0.6614583328125 0.5786631953125 0.6258680562500001 0.5786631953125 0.637152778125 0.9982118062499999 0.6779513890625 0.9990798609375 0.6614583328125 0.5786631953125
0 0.5564236109375 0.9973958328125001 0.578125 0.9991319453124999 0.5677083328125 0.605034721875 0.5538194437499999 0.605034721875 0.5564236109375 0.9973958328125001
0 0.6111111109375 0.675347221875 0.5703125 0.676215278125 0.573784721875 0.956597221875 0.620659721875 0.9548611109375 0.6111111109375 0.675347221875
0 0.5458984375 0.5439453125 0.484375 0.5458984375 0.4892578125 0.9970703125 0.5537109375 0.9990234375 0.5458984375 0.5439453125
0 0.4287109375 0.9990234375 0.490234375 1 0.4814453125 0.5439453125 0.423828125 0.5458984375 0.4287109375 0.9990234375
0 0.3310546875 0.646484375 0.29296875 0.6572265625 0.3740234375 0.982421875 0.4091796875 0.970703125 0.3310546875 0.646484375
0 0.201171875 0.986328125 0.2294921875 0.9833984375 0.181640625 0.5830078125 0.1572265625 0.5869140625 0.201171875 0.986328125
0 0.1962890625 0.5751953125 0.185546875 0.5771484375 0.23046875 0.986328125 0.2421875 0.986328125 0.1962890625 0.5751953125
0 0.2216796875 0.5771484375 0.1982421875 0.5830078125 0.2412109375 0.990234375 0.271484375 0.9892578125 0.2216796875 0.5771484375
0 0.1494140625 0.5810546875 0.1318359375 0.5849609375 0.1787109375 0.98828125 0.1943359375 0.9892578125 0.1494140625 0.5810546875
0 0.146484375 0.9951171875 0.1630859375 0.99609375 0.119140625 0.6240234375 0.1064453125 0.626953125 0.146484375 0.9951171875
0 0.12109375 1 0.080078125 0.5703125 0.048828125 0.57421875 0.087890625 1 0.12109375 1
0 0.0595703125 0.9990234375 0.087890625 1 0.04296875 0.587890625 0.0166015625 0.5927734375 0.0595703125 0.9990234375
0 0.0537109375 0.998046875 0.001953125 0.5888671875 0.0009765625 0.7578125 0.0283203125 0.9970703125 0.0537109375 0.998046875