0 0.328125 0.49609375 0.08828125 0.58046875
0 0.41484375 0.5609375 0.040625 0.41171875
0 0.48772321406249997 0.35714285625 0.44308035781250005 0.35602678593750003 0.43973214218749995 0.7700892859375 0.48214285781250005 0.7689732140625 0.48772321406249997 0.35714285625
0 0.491071428125 0.7857142859375 0.5535714281249999 0.7879464281249999 0.5591517859375 0.25558035625 0.49553571406249997 0.25558035625 0.491071428125 0.7857142859375
0 0.6316964281249999 0.2589285703125 0.5714285718750001 0.2578125 0.5647321421875 0.7845982140625 0.625 0.7845982140625 0.6316964281249999 0.2589285703125
0 0.6272321421875 0.7767857140625 0.7321428578125 0.7779017859375 0.7366071421875 0.30691964375 0.6339285718750001 0.30691964375 0.6272321421875 0.7767857140625
0 0.828125 0.27678571406249997 0.7533482140625 0.27566964375 0.7455357140625 0.7834821421875 0.8169642859374999 0.7834821421875 0.828125 0.27678571406249997
0 0.8325892859374999 0.7834821421875 0.9040178578125 0.7857142859375 0.9118303578125 0.27566964375 0.8381696421875 0.2734375 0.8325892859374999 0.7834821421875
0 0.9698660703125 0.3660714296875 0.9140625 0.36383928593750003 0.90625 0.7678571421875 0.9575892859374999 0.7689732140625 0.9698660703125 0.3660714296875
0 0.2823660703125 0.203125 0.20089285625 0.20089285625 0.1953125 0.7816071421874999 0.2734375 0.786071428125 0.2823660703125 0.203125
0 0.14285714375 0.7827232140625 0.186383928125 0.7838392859375001 0.194196428125 0.2009375 0.149553571875 0.20089285625 0.14285714375 0.7827232140625
0 0.149553571875 0.1964732140625 0.1015625 0.1953571421875 0.0915178578125 0.7801785703124999 0.13727678593749998 0.7812946421875 0.149553571875 0.1964732140625