0 0.8950892859374999 0.0859375 0.859375 0.0970982140625 0.9698660703125 0.5100446421875 1 0.49553571406249997 0.8950892859374999 0.0859375
0 1 0.33928571406249997 0.9274553578125 0.0591517859375 0.9017857140625001 0.0680803578125 0.9988839296875 0.477678571875 1 0.33928571406249997
0 0.8482142859374999 0.0669642859375 0.8058035703125 0.0747767859375 0.8872767859374999 0.5044642859375 0.9319196421875 0.4921875 0.8482142859374999 0.0669642859375
0 0.8482142859374999 0.5033482140625 0.8794642859374999 0.49553571406249997 0.7991071421875 0.0658482140625 0.7667410718750001 0.071428571875 0.8482142859374999 0.5033482140625
0 0.7555803578125 0.061383928125 0.7243303578125 0.0680803578125 0.8080357140625001 0.498883928125 0.8415178578125 0.48995535781250005 0.7555803578125 0.061383928125
0 0.7734375 0.49665178593750003 0.8058035703125 0.48995535781250005 0.71875 0.056919642187499994 0.6830357140625 0.0647321421875 0.7734375 0.49665178593750003
0 0.6763392859375 0.04910714375 0.6383928578125 0.056919642187499994 0.7321428578125 0.49553571406249997 0.7689732140625 0.48772321406249997 0.6763392859375 0.04910714375
0 0.6953125 0.49776785781250005 0.7276785718750001 0.48995535781250005 0.6339285718750001 0.0435267859375 0.6026785718750001 0.04910714375 0.6953125 0.49776785781250005
0 0.5859375 0.0200892859375 0.5412946421875 0.0267857140625 0.6462053578125 0.4921875 0.6852678578125 0.47991071406249997 0.5859375 0.0200892859375
0 0.53125 0.014508928125 0.4921875 0.0200892859375 0.5970982140625 0.48772321406249997 0.6395089281249999 0.47879464218749995 0.53125 0.014508928125
0 0.48102678593750003 0.0089285703125 0.438616071875 0.013392856249999998 0.5479910718750001 0.484375 0.5892857140625 0.475446428125 0.48102678593750003 0.0089285703125
0 0.4453125 0.0725446421875 0.41964285781250005 0.077008928125 0.5189732140625 0.48214285781250005 0.5435267859375 0.47879464218749995 0.4453125 0.0725446421875
0 0.45870535781250005 0.47991071406249997 0.5089285718750001 0.469866071875 0.3984375 0 0.3426339296875 0.001116071875 0.45870535781250005 0.47991071406249997
0 0.3447265625 0.0185546875 0.302734375 0.0234375 0.4169921875 0.4765625 0.453125 0.4677734375 0.3447265625 0.0185546875
0 0.302734375 0.0322265625 0.267578125 0.0380859375 0.376953125 0.4736328125 0.4091796875 0.46875 0.302734375 0.0322265625
0 0.208984375 0.05078125 0.1826171875 0.0546875 0.2900390625 0.466796875 0.3125 0.462890625 0.208984375 0.05078125
0 0.318359375 0.470703125 0.3427734375 0.4638671875 0.23046875 0.02734375 0.2060546875 0.0322265625 0.318359375 0.470703125
0 0.263671875 0.03125 0.2353515625 0.0361328125 0.3466796875 0.4716796875 0.3720703125 0.4658203125 0.263671875 0.03125
0 0.2548828125 0.4638671875 0.2802734375 0.458984375 0.17578125 0.0458984375 0.1484375 0.05078125 0.2548828125 0.4638671875
0 0.150390625 0.08203125 0.1083984375 0.0888671875 0.2109375 0.462890625 0.244140625 0.455078125 0.150390625 0.08203125
0 0.0888671875 0.45703125 0.111328125 0.458984375 0.1044921875 0.0693359375 0.083984375 0.0703125 0.0888671875 0.45703125
0 0.96484375 0.96328125 0.9828125 0.9609375 0.959375 0.678125 0.93984375 0.68515625 0.96484375 0.96328125
0 0.9984375 0.91015625 0.97890625 0.6765625 0.96484375 0.68203125 0.984375 0.959375 0.99921875 0.959375 0.9984375 0.91015625
0 0.9328125 0.64140625 0.9140625 0.6484375 0.94609375 0.9640625 0.96328125 0.959375 0.9328125 0.64140625
0 0.915625 0.965625 0.94375 0.95859375 0.9 0.5953125 0.878125 0.60390625 0.915625 0.965625
0 0.8703125 0.98046875 0.89765625 0.9703125 0.84609375 0.6015625 0.81875 0.61171875 0.8703125 0.98046875
0 0.86328125 0.596875 0.8453125 0.60234375 0.89375 0.965625 0.9140625 0.959375 0.86328125 0.596875
0 0.803125 0.584171875 0.7796875 0.59375 0.83671875 0.9813281249999999 0.8625 0.9735156249999999 0.803125 0.584171875
0 0.7640625 0.61015625 0.740625 0.6203125 0.803125 0.9796875 0.8296875 0.97109375 0.7640625 0.61015625
0 0.76875 0.97265625 0.790625 0.96640625 0.73671875 0.68125 0.71484375 0.68828125 0.76875 0.97265625
0 0.72421875 0.978125 0.7453125 0.97265625 0.66875 0.61015625 0.6484375 0.61484375 0.72421875 0.978125
0 0.6921875 0.57421875 0.6703125 0.58046875 0.74765625 0.9796875 0.7671875 0.9703125 0.6921875 0.57421875
0 0.64140625 0.60078125 0.621875 0.60703125 0.6984375 0.97734375 0.71875 0.97109375 0.64140625 0.60078125
0 0.64375 0.96796875 0.6859375 0.95390625 0.609375 0.6015625 0.571875 0.6140625 0.64375 0.96796875
0 0.56875 0.65859375 0.5171875 0.6765625 0.58046875 0.9703125 0.63203125 0.95 0.56875 0.65859375
0 0.55234375 0.95859375 0.571875 0.95234375 0.5 0.66875 0.4828125 0.67109375 0.55234375 0.95859375
0 0.4713541671875 0.5477430562500001 0.4453125 0.550347221875 0.4782986109375 0.9774305546875001 0.5008680562500001 0.9756944453124999 0.4713541671875 0.5477430562500001
0 0.4557291671875 0.9765625 0.4765625 0.9739583328125001 0.4427083328125 0.6041666671875 0.4244791671875 0.6041666671875 0.4557291671875 0.9765625
0 0.4192708328125 0.5833333328125 0.385416665625 0.5876736109375 0.42100694375 0.9826388890625 0.4505208328125 0.9817708328125001 0.4192708328125 0.5833333328125
0 0.3897569453125 0.9713541671874999 0.41493055625 0.96875 0.388020834375 0.65625 0.36371527812500004 0.6571180562500001 0.3897569453125 0.9713541671874999
0 0.356770834375 0.566840278125 0.3142361109375 0.5711805562500001 0.3446180546875 0.9774305546875001 0.3845486109375 0.9774305546875001 0.356770834375 0.566840278125
0 0.3107638890625 0.9765625 0.3420138890625 0.9756944453124999 0.30902777812500004 0.5963541671875 0.28125 0.5998263890625 0.3107638890625 0.9765625
0 0.2569444453125 0.6614583328125 0.237847221875 0.6579861109375 0.2664930546875 0.96680555625 0.2829861109375 0.9659375000000001 0.2569444453125 0.6614583328125
0 0.309895834375 0.9748263890625 0.283854165625 0.6579861109375 0.2560763890625 0.6588541671875 0.28472222187499996 0.9774305546875001 0.2890625 0.973090278125 0.309895834375 0.9748263890625
0 0.207465278125 0.98069444375 0.2595486109375 0.9772222218750001 0.2265625 0.5771875 0.1770833328125 0.580659721875 0.207465278125 0.98069444375
0 0.1796875 0.650104165625 0.15190972187500001 0.650104165625 0.1640625 0.9726041656250001 0.1927083328125 0.9717361109375 0.1796875 0.650104165625
0 0.1171875 0.644895834375 0.0859375 0.644027778125 0.088541665625 0.9621875 0.1171875 0.9639236109375 0.1171875 0.644895834375
0 0.1276041671875 0.965659721875 0.15277777812499999 0.9647916656250001 0.1484375 0.6457638890624999 0.1163194453125 0.644027778125 0.1276041671875 0.965659721875