0 0.099609375 0 0.1067708328125 0.28125 0.1276041671875 0.279947915625 0.1204427078125 0 0.099609375 0
0 0.1197916671875 0 0.1295572921875 0.27734375 0.15625 0.275390625 0.1490885421875 0 0.1197916671875 0
0 0.1783854171875 0 0.18359375 0.288411459375 0.208333334375 0.288411459375 0.202473959375 0 0.1783854171875 0
0 0.209635415625 0 0.215494790625 0.286458334375 0.247395834375 0.287109375 0.245442709375 0 0.209635415625 0
0 0.28515625 0.008463540625 0.247395834375 0.0078125 0.247395834375 0.289713540625 0.284505209375 0.290364584375 0.28515625 0.008463540625
0 0.315104165625 0.018229165624999998 0.287109375 0.016276040624999998 0.285807290625 0.288411459375 0.3125 0.289713540625 0.315104165625 0.018229165624999998
0 0.338541665625 0.0338541671875 0.317057290625 0.0325520828125 0.3125 0.289713540625 0.332682290625 0.291015625 0.338541665625 0.0338541671875
0 0.372395834375 0.001953125 0.339192709375 0.0026041671875 0.333333334375 0.290533853125 0.3671875 0.29313802031249997 0.372395834375 0.001953125
0 0.39204545468749996 0.03338068125 0.375 0.03125 0.36647727343750003 0.2926136375 0.3828125 0.2933238625 0.39204545468749996 0.03338068125
0 0.40482954531250004 0.0383522734375 0.3927556828125 0.0376420453125 0.38352272656249997 0.292727271875 0.39559659062499997 0.292727271875 0.40482954531250004 0.0383522734375
0 0.42045454531250004 0.0326704546875 0.40411931875 0.03125 0.3963068171875 0.2926136375 0.40838068125 0.29403409062499997 0.42045454531250004 0.0326704546875
0 0.43963068125 0.046875 0.42258522656249997 0.0475852265625 0.40838068125 0.29403409062499997 0.42755681875 0.2933238625 0.43963068125 0.046875
0 0.46448863593749995 0.051846590625 0.440340909375 0.049715909375 0.42897727343750003 0.2926136375 0.45241477343750003 0.2926136375 0.46448863593749995 0.051846590625
0 0.49147727343750003 0.019886362499999997 0.465909090625 0.018465909375 0.453125 0.2926136375 0.4765625 0.2926136375 0.49147727343750003 0.019886362499999997
0 0.515625 0.03125 0.49360795468749996 0.0298295453125 0.47727272656249997 0.2926136375 0.49857954531250004 0.2926136375 0.515625 0.03125
0 0.5511363640625 0.010653409375 0.5184659093749999 0.007102271875000001 0.49928977343750003 0.2933238625 0.5319602265625 0.2933238625 0.5511363640625 0.010653409375
0 0.5532670453125 0 0.5319602265625 0.2947443171875 0.5674715906250001 0.29403409062499997 0.5916193187500001 0 0.5532670453125 0
0 0.5965909093749999 0.12642045468750002 0.5823863640625 0.1257102265625 0.5696022734375 0.2947443171875 0.5823863640625 0.2933238625 0.5965909093749999 0.12642045468750002
0 0.6157670453125 0.1242897734375 0.5980113640625 0.1235795453125 0.5838068187500001 0.29403409062499997 0.6015625 0.29403409062499997 0.6157670453125 0.1242897734375
0 0.6015625 0.29403409062499997 0.6221590906250001 0.29403409062499997 0.6363636359375 0.12286931875 0.6171875 0.12286931875 0.6015625 0.29403409062499997
0 0.6576704546875 0.12215909062500001 0.6384943187500001 0.1214488625 0.6264204546875 0.29403409062499997 0.6470170453125 0.29403409062499997 0.6576704546875 0.12215909062500001
0 0.6761363640625 0.12642045468750002 0.6590909093749999 0.125 0.6491477265625 0.2933238625 0.6619318187500001 0.2933238625 0.6761363640625 0.12642045468750002
0 0.6938920453125 0.1285511375 0.6775568187500001 0.1285511375 0.6626420453125 0.29403409062499997 0.6789772734375 0.29403409062499997 0.6938920453125 0.1285511375
0 0.7414772734375 0.0390625 0.7073863640625 0.036221590625 0.6853693187500001 0.28977272656249997 0.7151988640625 0.29403409062499997 0.7414772734375 0.0390625
0 0.7599431812499999 0 0.7471590906250001 0.29048295468749996 0.7762784093749999 0.2926136375 0.7926136359375 0 0.7599431812499999 0
0 0.8430397734374999 0.0007102265624999999 0.8153409093749999 0 0.8075284093749999 0.2869318171875 0.8330965906250001 0.2869318171875 0.8430397734374999 0.0007102265624999999
0 0.8821022734374999 0.0014204546874999999 0.8451704546875 0 0.8345170453125 0.2890625 0.8686079546875 0.2890625 0.8821022734374999 0.0014204546874999999
0 0.8828125 0 0.8664772734374999 0.2911931828125 0.8920454546875 0.29403409062499997 0.90838068125 0 0.8828125 0
0 0.8948863640625 0.2933238625 0.921875 0.2933238625 0.9360795453125 0.004971590624999999 0.91193181875 0.004971590624999999 0.8948863640625 0.2933238625
0 0.9446022734374999 0 0.9296875 0.28764204531250004 0.9573863640625 0.2890625 0.9723011359375 0 0.9446022734374999 0
0 0.9730113640625 0 0.9566761359375 0.28977272656249997 0.9751420453125 0.29048295468749996 0.9914772734374999 0 0.9730113640625 0
0 0.16122159062500002 0.43181818125 0.13778409062500002 0.43110795468749996 0.14275568125 0.6605113640625 0.16264204531249998 0.6605113640625 0.16122159062500002 0.43181818125
0 0.1647727265625 0.6605113640625 0.2201704546875 0.6612215906250001 0.2201704546875 0.3927556828125 0.16264204531249998 0.38991477343750003 0.1647727265625 0.6605113640625
0 0.2855113625 0.440340909375 0.2265625 0.4375 0.2223011375 0.6605113640625 0.2791193171875 0.6633522734375 0.2855113625 0.440340909375
0 0.33451704531250004 0.3941761375 0.3046875 0.39133522656249997 0.28267045468749996 0.6583806812499999 0.30965909062499997 0.6590909093749999 0.33451704531250004 0.3941761375
0 0.41264204531250004 0.38778409062499997 0.3806818171875 0.3785511375 0.3089488625 0.6541193187500001 0.3416193171875 0.6619318187500001 0.41264204531250004 0.38778409062499997
0 0.458096590625 0.37215909062499997 0.42613636406250005 0.3629261375 0.34517045468749996 0.6526988640625 0.3714488625 0.6612215906250001 0.458096590625 0.37215909062499997
0 0.5845170453125 0.39914772656249997 0.5419034093749999 0.3828125 0.442471590625 0.6541193187500001 0.48224431875 0.6669034093749999 0.5845170453125 0.39914772656249997
0 0.42116477343750003 0.6619318187500001 0.43821022656249997 0.6661931812499999 0.5355113640625 0.3785511375 0.5177556812499999 0.3728693171875 0.42116477343750003 0.6619318187500001
0 0.5106534093749999 0.37571022656249997 0.495028409375 0.3714488625 0.40482954531250004 0.6605113640625 0.419034090625 0.6661931812499999 0.5106534093749999 0.37571022656249997
0 0.3884943171875 0.6612215906250001 0.39985795468749996 0.6647727265625 0.479403409375 0.41548295468749996 0.46519886406250005 0.411221590625 0.3884943171875 0.6612215906250001
0 0.46022727343750003 0.41335227343750003 0.44744318125 0.40838068125 0.3728693171875 0.6612215906250001 0.3863636375 0.6654829546875 0.46022727343750003 0.41335227343750003
0 0.6257102265625 0.38139204531250004 0.6001420453125 0.3714488625 0.48863636406250005 0.6590909093749999 0.5120738640625 0.6676136359375 0.6257102265625 0.38139204531250004
0 0.5170454546875 0.6583806812499999 0.5426136359375 0.6683238640625 0.6420454546875 0.42329545468749996 0.6157670453125 0.41193181875 0.5170454546875 0.6583806812499999
0 0.81463068125 0.40980113593749995 0.7897727265625 0.39701704531250004 0.6669034093749999 0.6548295453125 0.6882102265625 0.6640625 0.81463068125 0.40980113593749995
0 0.6519886359375 0.6598011359375 0.6612215906250001 0.6647727265625 0.765625 0.4375 0.7578125 0.434659090625 0.6519886359375 0.6598011359375
0 0.7528409093749999 0.440340909375 0.7450284093749999 0.43536931875 0.6427556812499999 0.6583806812499999 0.6498579546875 0.6619318187500001 0.7528409093749999 0.440340909375
0 0.7428977265625 0.43821022656249997 0.7350852265625 0.43394886406250005 0.6321022734375 0.6576704546875 0.640625 0.6605113640625 0.7428977265625 0.43821022656249997
0 0.7329545453125 0.43607954531250004 0.7237215906250001 0.43181818125 0.6228693187500001 0.6576704546875 0.6306818187500001 0.6605113640625 0.7329545453125 0.43607954531250004
0 0.7173295453125 0.44602272656249997 0.7059659093749999 0.44105113593749995 0.6157670453125 0.6491477265625 0.6228693187500001 0.6541193187500001 0.7173295453125 0.44602272656249997
0 0.7123579546875 0.42826704531250004 0.7002840906250001 0.42329545468749996 0.6008522734375 0.6512784093749999 0.6115056812499999 0.6583806812499999 0.7123579546875 0.42826704531250004
0 0.6981534093749999 0.42826704531250004 0.6917613640625 0.424715909375 0.5944602265625 0.6534090906250001 0.5973011359375 0.6569602265625 0.6981534093749999 0.42826704531250004
0 0.8167613640625 0.47088068125 0.7904829546875 0.4609375 0.6953125 0.6669034093749999 0.7201704546875 0.6768465906250001 0.8167613640625 0.47088068125
0 0.8948863640625 0.41548295468749996 0.875 0.40838068125 0.7507102265625 0.6619318187500001 0.7677556812499999 0.6697443187500001 0.8948863640625 0.41548295468749996
0 0.8764204546875 0.40198863593749995 0.8551136359375 0.3927556828125 0.7279829546875 0.6647727265625 0.7450284093749999 0.671875 0.8764204546875 0.40198863593749995
0 0.98650568125 0.39985795468749996 0.9616477265625001 0.38920454531250004 0.93536931875 0.448153409375 0.9502840906250001 0.45099431875 0.8501420453125 0.6583806812499999 0.8735795453125 0.6661931812499999 0.98650568125 0.39985795468749996
0 0.9992897734374999 0.38778409062499997 0.8892045453125 0.6619318187500001 0.9076704546875 0.6690340906250001 1 0.442471590625 0.9992897734374999 0.38778409062499997
0 0.9985795453125 0.5056818187500001 0.9985795453125 0.44673295468749996 0.91193181875 0.6626420453125 0.9311079546875 0.6711647734375 0.9985795453125 0.5056818187500001
0 1 0.5042613640625 0.9382102265625001 0.6626420453125 0.9602272734374999 0.6697443187500001 1 0.5774147734375 1 0.5042613640625
0 0.18110795468750002 0.7563920453125 0.15056818125 0.7571022734375 0.16974431875 0.9985795453125 0.1995738625 0.9964488640625 0.18110795468750002 0.7563920453125
0 0.205965909375 0.7457386359375 0.18110795468750002 0.7450284093749999 0.2009943171875 0.9964488640625 0.2279829546875 0.9950284093749999 0.205965909375 0.7457386359375
0 0.2322443171875 0.7663352265625 0.2102272734375 0.7670454546875 0.229403409375 0.9957386359375 0.2521306828125 0.99431818125 0.2322443171875 0.7663352265625
0 0.2535511375 0.7748579546875 0.2329545453125 0.7741477265625 0.2535511375 0.9936079546875 0.2713068171875 0.9936079546875 0.2535511375 0.7748579546875
0 0.27272727343750003 0.7507102265625 0.25071022656249997 0.7514204546875 0.2713068171875 0.9928977265625001 0.296875 0.99431818125 0.27272727343750003 0.7507102265625
0 0.33096590937500003 1 0.3004261375 0.7116477265625 0.28409090937500003 0.7116477265625 0.30965909062499997 1 0.33096590937500003 1
0 0.2890625 0.7713068187500001 0.27485795468749996 0.7713068187500001 0.29616477343750003 0.9914772734374999 0.3089488625 0.9928977265625001 0.2890625 0.7713068187500001
0 0.3558238625 1 0.33735795468749996 0.7563920453125 0.31534090937500003 0.7585227265625 0.33522727343750003 1 0.3558238625 1
0 0.36789772656249997 0.7627840906250001 0.3394886375 0.7649147734375 0.3572443171875 0.9992897734374999 0.3870738625 1 0.36789772656249997 0.7627840906250001
0 0.38565340937500003 0.7009943187500001 0.36576704531250004 0.7024147734375 0.390625 0.9985795453125 0.40696022656249997 0.9985795453125 0.38565340937500003 0.7009943187500001
0 0.40553977343750003 0.7223011359375 0.38920454531250004 0.7237215906250001 0.40838068125 0.9992897734374999 0.42613636406250005 0.9992897734374999 0.40553977343750003 0.7223011359375
0 0.43892045468749996 0.7301136359375 0.40980113593749995 0.7315340906250001 0.426846590625 0.9985795453125 0.45454545468749996 0.9992897734374999 0.43892045468749996 0.7301136359375
0 0.473721590625 0.7151988640625 0.44460227343750003 0.7151988640625 0.45738636406250005 1 0.48650568125 0.9985795453125 0.473721590625 0.7151988640625
0 0.5539772734375 0.7698863640625 0.5369318187500001 0.7698863640625 0.5376420453125 0.9928977265625001 0.5553977265625 0.9928977265625001 0.5539772734375 0.7698863640625
0 0.56328125 0.88203125 0.01796875 0.22421875
0 0.59609375 0.87578125 0.034375 0.2484375
0 0.63125 0.8734375 0.03125 0.253125
0 0.5085227265625 0.7279829546875 0.47869318125 0.7286931812499999 0.48792613593749995 1 0.5149147734375 0.9992897734374999 0.5085227265625 0.7279829546875
0 0.5149147734375 0.9992897734374999 0.5383522734375 0.9992897734374999 0.5348011359375 0.7578125 0.5113636359375 0.7599431812499999 0.5149147734375 0.9992897734374999
0 0.6704545453125 0.7784090906250001 0.6484375 0.7784090906250001 0.6491477265625 0.9950284093749999 0.6647727265625 0.9936079546875 0.6704545453125 0.7784090906250001
0 0.6676136359375 0.9928977265625001 0.703125 0.9936079546875 0.7073863640625 0.7784090906250001 0.6697443187500001 0.7784090906250001 0.6676136359375 0.9928977265625001
0 0.7315340906250001 1 0.7407670453125 0.7137784093749999 0.7194602265625 0.7130681812499999 0.7080965906250001 1 0.7315340906250001 1
0 0.7578125 1 0.7677556812499999 0.7379261359375 0.7421875 0.7365056812499999 0.7322443187500001 1 0.7578125 1
0 0.7926136359375 0.7698863640625 0.7677556812499999 0.7698863640625 0.7585227265625 1 0.7819602265625 0.9992897734374999 0.7926136359375 0.7698863640625
0 0.8188920453125 0.7691761359375 0.7940340906250001 0.7698863640625 0.7833806812499999 0.9992897734374999 0.80681818125 1 0.8188920453125 0.7691761359375
0 0.8401988640625 0.7904829546875 0.8196022734374999 0.7911931812499999 0.8096590906250001 0.9992897734374999 0.8288352265625001 1 0.8401988640625 0.7904829546875
0 0.875 0.6946022734375 0.8522727265625001 0.6931818187500001 0.8352272734374999 0.9992897734374999 0.8551136359375 0.9992897734374999 0.875 0.6946022734375
0 0.8792613640625 1 0.8991477265625001 0.7024147734375 0.8778409093749999 0.7009943187500001 0.85724431875 1 0.8792613640625 1
0 0.9176136359375 0.7095170453125 0.8998579546875 0.7073863640625 0.8799715906250001 0.9985795453125 0.89630681875 1 0.9176136359375 0.7095170453125
0 0.9332386359375 0.7890625 0.9176136359375 0.7890625 0.9098011359375 0.9985795453125 0.91974431875 0.9985795453125 0.9332386359375 0.7890625
0 0.9751420453125 0.7230113640625 0.9481534093749999 0.7223011359375 0.9346590906250001 0.9992897734374999 0.9602272734374999 0.9992897734374999 0.9751420453125 0.7230113640625
0 0.9921875 0.7052556812499999 0.9765625 0.7045454546875 0.9651988640625 0.9992897734374999 0.9772727265625001 1 0.9921875 0.7052556812499999
0 0.04119318125 0.37002840937500003 0.02556818125 0.3693181828125 0.0063920453125 0.6086647734375 0.022727271875 0.6086647734375 0.04119318125 0.37002840937500003
0 0.055397728125000004 0.39772727343750003 0.0433238640625 0.39772727343750003 0.036221590625 0.6036931812499999 0.05681818125 0.6051136359375 0.055397728125000004 0.39772727343750003
0 0.078835228125 0.36860795468749996 0.067471590625 0.36789772656249997 0.07173295468749999 0.6051136359375 0.08806818125 0.6072443187500001 0.078835228125 0.36860795468749996