0 0.9984375 0.275 0.9453125 0.275 0.896875 0.8125 0.940625 0.8140625 0.9984375 0.275
0 0.84375 0.815625 0.8921875 0.8140625 0.9359375 0.28125 0.8890625 0.2765625 0.84375 0.815625
0 0.6546875 0.2796875 0.5921875 0.28125 0.5828125 0.8140625 0.6421875 0.815625 0.6546875 0.2796875
0 0.64375 0.778125 0.678125 0.778125 0.6953125 0.30625 0.65625 0.3015625 0.64375 0.778125
0 0.7421875 0.3078125 0.696875 0.30625 0.684375 0.7859375 0.71875 0.7875 0.7421875 0.3078125
0 0.7890625 0.2765625 0.7640625 0.2765625 0.734375 0.8109375 0.7609375 0.8109375 0.7890625 0.2765625
0 0.76875 0.8125 0.7953125 0.809375 0.8203125 0.2796875 0.7953125 0.2796875 0.76875 0.8125
0 0.85625 0.26875 0.8234375 0.26875 0.796875 0.7890625 0.8171875 0.79375 0.85625 0.26875
0 0.5171875 0.8140625 0.5796875 0.8125 0.5859375 0.2734375 0.5203125 0.278125 0.5171875 0.8140625
0 0.34735576875 0.79079326875 0.38701923125 0.7871875 0.3701923078125 0.3136298078125 0.325721153125 0.316033653125 0.34735576875 0.79079326875
0 0.412259615625 0.312427884375 0.3701923078125 0.3136298078125 0.38701923125 0.7871875 0.421875 0.79079326875 0.412259615625 0.312427884375
0 0.431490384375 0.263966346875 0.412259615625 0.263966346875 0.42548076874999996 0.8016105765624999 0.447115384375 0.8016105765624999 0.431490384375 0.263966346875
0 0.462740384375 0.31610576875 0.4387019234375 0.31610576875 0.44831730781249995 0.8052884609375001 0.46634615312500005 0.8064903843750001 0.462740384375 0.31610576875
0 0.48798076874999996 0.314903846875 0.46514423125000004 0.3137019234375 0.46875 0.8076923078125 0.4927884609375 0.8064903843750001 0.48798076874999996 0.314903846875
0 0.50234375 0.55625 0.02265625 0.48984375
0 0.1983173078125 0.7859855765625 0.2259615390625 0.784783653125 0.1959134609375 0.2956009609375 0.15985576875000002 0.2956009609375 0.1983173078125 0.7859855765625
0 0.21875 0.3136298078125 0.197115384375 0.3136298078125 0.2295673078125 0.79079326875 0.247596153125 0.79079326875 0.21875 0.3136298078125
0 0.252403846875 0.8088221156250001 0.2728365390625 0.8088221156250001 0.2427884609375 0.300408653125 0.21754807656250003 0.29920673125 0.252403846875 0.8088221156250001
0 0.2704326921875 0.300408653125 0.2451923078125 0.300408653125 0.2764423078125 0.8088221156250001 0.30048076875 0.8112259609375 0.2704326921875 0.300408653125
0 0.3233173078125 0.3172355765625 0.278846153125 0.31483173125 0.3040865390625 0.7943990390625 0.3425480765625 0.789591346875 0.3233173078125 0.3172355765625
0 0.1334134609375 0.289591346875 0.0949519234375 0.29199519218750003 0.1454326921875 0.81483173125 0.1802884609375 0.816033653125 0.1334134609375 0.289591346875