0 0.8894230765625 0.20673076875000002 0.8353365390624999 0.205528846875 0.8112980765625 0.64423076875 0.8653846156249999 0.640625 0.8894230765625 0.20673076875000002
0 0.7572115390625 0.6478365390625 0.8137019234375 0.6454326921875 0.8353365390624999 0.20192307656250003 0.7728365390625 0.203125 0.7572115390625 0.6478365390625
0 0.771634615625 0.205528846875 0.700721153125 0.205528846875 0.6826923078125 0.646634615625 0.7548076921875 0.6478365390625 0.771634615625 0.205528846875
0 0.615384615625 0.6490384609375 0.677884615625 0.6478365390625 0.697115384375 0.203125 0.6262019234375 0.203125 0.615384615625 0.6490384609375
0 0.6201923078125 0.203125 0.549278846875 0.20192307656250003 0.54326923125 0.65264423125 0.6081730765625 0.65264423125 0.6201923078125 0.203125
0 0.5480769234375 0.1454326921875 0.4771634609375 0.1454326921875 0.4759615390625 0.6670673078125 0.5384615390625 0.6670673078125 0.5480769234375 0.1454326921875
0 0.412259615625 0.66826923125 0.474759615625 0.6670673078125 0.47235576874999996 0.1454326921875 0.40144230781249995 0.143028846875 0.412259615625 0.66826923125
0 0.265625 0.2427884609375 0.21514423124999998 0.2427884609375 0.236778846875 0.6490384609375 0.271634615625 0.6478365390625 0.265625 0.2427884609375
0 0.2764423078125 0.65264423125 0.2980769234375 0.650240384375 0.283653846875 0.20432692343749997 0.263221153125 0.2079326921875 0.2764423078125 0.65264423125
0 0.302884615625 0.271634615625 0.2896634609375 0.271634615625 0.299278846875 0.653846153125 0.3125 0.653846153125 0.302884615625 0.271634615625
0 0.325721153125 0.6766826921875 0.337740384375 0.67548076875 0.3209134609375 0.26923076875 0.310096153125 0.2704326921875 0.325721153125 0.6766826921875
0 0.3978365390625 0.193509615625 0.3209134609375 0.1923076921875 0.34375 0.662259615625 0.40625 0.6574519234375 0.3978365390625 0.193509615625
0 0.1298076921875 0.669471153125 0.22235576875000002 0.6670673078125 0.19951923124999998 0.17548076875000002 0.09975961562499999 0.17548076875000002 0.1298076921875 0.669471153125
0 0.10096153906250001 0.19951923124999998 0.05048076875 0.19951923124999998 0.08653846093749999 0.658653846875 0.1262019234375 0.6574519234375 0.10096153906250001 0.19951923124999998
0 0.0480769234375 0.185096153125 0 0.18389423124999998 0.0324519234375 0.662259615625 0.080528846875 0.658653846875 0.0480769234375 0.185096153125