0 0.02734375 0.24765625 0.01875 0.15859375
0 0.04765625 0.2484375 0.01796875 0.15625
0 0.06640625 0.2484375 0.0171875 0.1578125
0 0.13125 0.25546875 0.015625 0.146875
0 0.14921875 0.2546875 0.01640625 0.14609375
0 0.16484375 0.2546875 0.01328125 0.14609375
0 0.1765625 0.25390625 0.0078125 0.14765625
0 0.18359375 0.25546875 0.00546875 0.14453125
0 0.19609375 0.25390625 0.01640625 0.14765625
0 0.21171875 0.2546875 0.0171875 0.1484375
0 0.22890625 0.253125 0.01328125 0.146875
0 0.24453125 0.2546875 0.0140625 0.14765625
0 0.26015625 0.25390625 0.01796875 0.14921875
0 0.2734375 0.25625 0.00703125 0.14921875
0 0.2859375 0.25546875 0.01484375 0.1484375
0 0.3015625 0.2546875 0.0140625 0.14765625
0 0.31796875 0.2546875 0.0171875 0.15
0 0.3359375 0.25625 0.01328125 0.146875
0 0.35234375 0.25546875 0.0140625 0.15
0 0.36875 0.2546875 0.015625 0.15078125
0 0.38515625 0.25625 0.01328125 0.146875
0 0.4015625 0.25625 0.015625 0.15
0 0.41328125 0.25625 0.0078125 0.15
0 0.42578125 0.25546875 0.015625 0.15078125
0 0.45234375 0.2609375 0.034375 0.14140625
0 0.478125 0.2546875 0.01484375 0.15390625
0 0.49375 0.2578125 0.0125 0.14765625
0 0.5109375 0.25703125 0.01328125 0.15
0 0.5265625 0.25625 0.0125 0.14921875
0 0.5421875 0.25703125 0.0140625 0.15
0 0.55859375 0.2578125 0.0125 0.1484375
0 0.6189683859375 0.13902743125 0.5981697171875 0.13715710781249998 0.5940099828125 0.3316708234375 0.61397670625 0.33104738125 0.6189683859375 0.13902743125
0 0.65391015 0.1396508734375 0.6206322796875 0.13902743125 0.6156405984375 0.33104738125 0.6464226296875 0.3316708234375 0.65391015 0.1396508734375
0 0.67470881875 0.1421446390625 0.65557404375 0.1421446390625 0.648086521875 0.3322942640625 0.6680532453125 0.3322942640625 0.67470881875 0.1421446390625
0 0.7079866890625001 0.146508728125 0.67470881875 0.1446384046875 0.668885190625 0.3316708234375 0.69717138125 0.3322942640625 0.7079866890625001 0.146508728125
0 0.7379367718750001 0.146508728125 0.7104825296875 0.146508728125 0.699667221875 0.33291770625 0.7296173046875001 0.3341645890625 0.7379367718750001 0.146508728125
0 0.7628951749999999 0.1446384046875 0.7379367718750001 0.1452618453125 0.7321131453125 0.3316708234375 0.75790349375 0.33291770625 0.7628951749999999 0.1446384046875
0 0.7945091515625 0.1427680796875 0.7637271218749999 0.14339152187499998 0.760399334375 0.3322942640625 0.7903494171875 0.3316708234375 0.7945091515625 0.1427680796875
0 0.8269550750000001 0.1346633421875 0.79950083125 0.1340399 0.7961730453125 0.3322942640625 0.8211314468750001 0.33291770625 0.8269550750000001 0.1346633421875
0 0.84608985 0.1446384046875 0.829450915625 0.1440149625 0.8211314468750001 0.3322942640625 0.8402662234375 0.3322942640625 0.84608985 0.1446384046875
0 0.8851913484375 0.1421446390625 0.84775374375 0.141521196875 0.8419301171875 0.33354114687499997 0.8777038265625 0.33354114687499997 0.8851913484375 0.1421446390625
0 0.9442595671875 0.17892768125 0.8851913484375 0.1776807984375 0.8760399328125 0.33354114687499997 0.9409317796875 0.33354114687499997 0.9442595671875 0.17892768125
0 0.9658901828124999 0.18890274375 0.9450915140625 0.1876558609375 0.9425956734375 0.3341645890625 0.9600665562499999 0.3341645890625 0.9658901828124999 0.18890274375
0 0.8218445453125 0.43106519375 0.7945091515625 0.43106519375 0.7850011890624999 0.622550765625 0.8111480859375 0.62299608125 0.8218445453125 0.43106519375
0 0.8313525078125 0.447987175 0.8194675546875001 0.44709654375 0.814713571875 0.6007303171875 0.8230330406249999 0.6011756328125 0.8313525078125 0.447987175
0 0.8473971953125 0.45244032812499996 0.832541003125 0.4528856421875 0.8248157828125 0.602511578125 0.8396719750000001 0.601620946875 0.8473971953125 0.45244032812499996
0 0.86403613125 0.45244032812499996 0.8491799390624999 0.4528856421875 0.8432374625 0.6011756328125 0.8563109093750001 0.602511578125 0.86403613125 0.45244032812499996
0 0.858093653125 0.602511578125 0.8670073687500001 0.602511578125 0.87354409375 0.4528856421875 0.8634418828125 0.45244032812499996 0.858093653125 0.602511578125
0 0.8854290468749999 0.4528856421875 0.8747325874999999 0.4528856421875 0.8681958640625 0.6011756328125 0.878892321875 0.60295689375 0.8854290468749999 0.4528856421875
0 0.8985024953125 0.45333095781250005 0.8872117890625001 0.45333095781250005 0.8812693125 0.602511578125 0.8931542671875 0.60295689375 0.8985024953125 0.45333095781250005
0 0.90563346875 0.4747060921875 0.8979082484375001 0.47426077656250004 0.89256001875 0.6011756328125 0.9008794859375 0.6011756328125 0.90563346875 0.4747060921875
0 0.920489659375 0.4751514078125 0.9068219640624999 0.4747060921875 0.9014737343749999 0.6007303171875 0.915735678125 0.6011756328125 0.920489659375 0.4751514078125
0 0.931780365625 0.47426077656250004 0.9198954125000001 0.47426077656250004 0.9169241734375 0.6002850015625001 0.9264321375 0.6007303171875 0.931780365625 0.47426077656250004
0 0.9496077968750001 0.480495190625 0.931780365625 0.480495190625 0.9282148796874999 0.6007303171875 0.9460423109375 0.6011756328125 0.9496077968750001 0.480495190625
0 0.7624197765625 0.6221054500000001 0.784406940625 0.62299608125 0.7915379125 0.43151050937499996 0.7695507484374999 0.431955825 0.7624197765625 0.6221054500000001
0 0.766579509375 0.42883861718749994 0.7327073921875 0.428393303125 0.728547659375 0.6212148203125001 0.7606370328125001 0.6216601359375 0.766579509375 0.42883861718749994
0 0.6703113859375 0.422604203125 0.6471357265625 0.423494834375 0.6441644875 0.6207695046875 0.6667459 0.6212148203125001 0.6703113859375 0.422604203125
0 0.669122890625 0.6207695046875 0.68754456875 0.6203241890625 0.689921559375 0.42883861718749994 0.6709056328125 0.4292839328125 0.669122890625 0.6207695046875
0 0.70656049375 0.42972924843750004 0.6917043015625 0.42972924843750004 0.68754456875 0.6207695046875 0.7018065140624999 0.6212148203125001 0.70656049375 0.42972924843750004
0 0.705966246875 0.6212148203125001 0.724982171875 0.6212148203125001 0.7273591625 0.428393303125 0.7077489906250001 0.428393303125 0.705966246875 0.6212148203125001
0 0.6108866171875 0.6207695046875 0.6429759921875 0.6212148203125001 0.6453529828125 0.4221588890625 0.6120751125 0.4221588890625 0.6108866171875 0.6207695046875
0 0.6067268828125 0.4404168140625 0.591870690625 0.4404168140625 0.5877109578125 0.618542928125 0.6037556453125 0.618542928125 0.6067268828125 0.4404168140625
0 0.34140625 0.51875 0.02578125 0.159375
0 0.26171875 0.5171875 0.02578125 0.165625
0 0.2875 0.5171875 0.01796875 0.1640625
0 0.31171875 0.51953125 0.02578125 0.159375
0 0.234375 0.51640625 0.02578125 0.165625
0 0.1578125 0.50546875 0.0234375 0.20078125
0 0.2038269546875 0.4056822234375 0.172331828125 0.4056822234375 0.1687663421875 0.6042928390625 0.202638459375 0.6042928390625 0.2038269546875 0.4056822234375
0 0.38388400312500004 0.43729960781250005 0.3553601140625 0.4377449234375 0.3535773703125 0.5993943703125 0.3815070125 0.5998396859375 0.38388400312500004 0.43729960781250005
0 0.3832897546875 0.598503740625 0.3922034703125 0.598058425 0.395174709375 0.4381902390625 0.385666746875 0.4381902390625 0.3832897546875 0.598503740625
0 0.40646541562499994 0.4377449234375 0.39576895625 0.4381902390625 0.39279771874999997 0.5989490562500001 0.404682671875 0.6002850015625001 0.40646541562499994 0.4377449234375
0 0.40527691875 0.5989490562500001 0.4314238171875 0.5989490562500001 0.4314238171875 0.4381902390625 0.407653909375 0.4381902390625 0.40527691875 0.5989490562500001
0 0.444497265625 0.4381902390625 0.43439505624999997 0.4381902390625 0.432018065625 0.5998396859375 0.441526028125 0.6007303171875 0.444497265625 0.4381902390625
0 0.442120275 0.5989490562500001 0.455787971875 0.5989490562500001 0.457570715625 0.4377449234375 0.44509151406249997 0.4377449234375 0.442120275 0.5989490562500001
0 0.48015212656250006 0.43729960781250005 0.45816496406249996 0.43685429375 0.455787971875 0.5998396859375 0.47599239375 0.5993943703125 0.48015212656250006 0.43729960781250005
0 0.4908485859375 0.4404168140625 0.4789636328125 0.4404168140625 0.47777513593750004 0.5976131109375 0.4884715953125 0.598503740625 0.4908485859375 0.4404168140625
0 0.5086760156250001 0.45065906718750004 0.491442834375 0.44976843593750004 0.489660090625 0.598503740625 0.5057047781249999 0.598503740625 0.5086760156250001 0.45065906718750004
0 0.526503446875 0.451549696875 0.5092702640625 0.45065906718750004 0.5057047781249999 0.598058425 0.5211552171875 0.5976131109375 0.526503446875 0.451549696875
0 0.5247207031250001 0.5976131109375 0.5354171625 0.5976131109375 0.5377941515625 0.4511043828125 0.5270976953125001 0.45065906718750004 0.5247207031250001 0.5976131109375
0 0.55146185 0.4738154609375 0.5377941515625 0.47292483125 0.5354171625 0.5976131109375 0.5484906109375001 0.598058425 0.55146185 0.4738154609375
0 0.0356548609375 0.6131991453125 0.052293796875 0.614089775 0.05288804375 0.4586747421875 0.0374376046875 0.45822942656250004 0.0356548609375 0.6131991453125
0 0.07190396875 0.4586747421875 0.053482290625 0.4586747421875 0.05288804375 0.613644459375 0.06893273125 0.6127538296874999 0.07190396875 0.4586747421875
0 0.023175659374999998 0.46312789531250004 0.008913715625 0.46090131718749994 0.0011884953125 0.614089775 0.0148561921875 0.614089775 0.023175659374999998 0.46312789531250004
0 0.06953125 0.7625 0.01640625 0.1484375
0 0.0219871640625 0.6862308515625 0.00475398125 0.6862308515625 0.0059424765625 0.8314036343750001 0.024958403125 0.8322942640625 0.0219871640625 0.6862308515625
0 0.0451628234375 0.6897933734375 0.022581412500000002 0.6902386890625001 0.02555265 0.833630209375 0.046351318749999995 0.8331848953125001 0.0451628234375 0.6897933734375
0 0.171875 0.753125 0.03125 0.18828125
0 0.2046875 0.75703125 0.021875 0.159375
0 0.22421875 0.7578125 0.01484375 0.15859375
0 0.24245305468749997 0.6826683296875 0.23591632968749998 0.6813323828125 0.23294509218749998 0.839419309375 0.2382933203125 0.83897399375 0.24245305468749997 0.6826683296875
0 0.25790349375 0.6857855359375 0.2466127875 0.6857855359375 0.2400760640625 0.8380833624999999 0.25433800781250004 0.83897399375 0.25790349375 0.6857855359375
0 0.2721654390625 0.696473103125 0.266817209375 0.6960277875 0.2632517234375 0.8380833624999999 0.2691942 0.8380833624999999 0.2721654390625 0.696473103125
0 0.271571190625 0.8371927328125001 0.2787021625 0.8371927328125001 0.28048490625 0.6920199499999999 0.27394818125 0.6929105796874999 0.271571190625 0.8371927328125001
0 0.29950083125 0.6906840046875 0.28464463906250004 0.6902386890625001 0.2798906578125 0.8371927328125001 0.29474685 0.8363021015625 0.29950083125 0.6906840046875
0 0.3078203 0.6911293203125 0.3006893265625 0.6911293203125 0.29712384062499997 0.8358567875 0.30603755625 0.8363021015625 0.3078203 0.6911293203125
0 0.31970525312500003 0.6902386890625001 0.3096030421875 0.6902386890625001 0.30603755625 0.8358567875 0.31613976718750003 0.8358567875 0.31970525312500003 0.6902386890625001
0 0.3173282625 0.834520840625 0.33040171093750004 0.834520840625 0.33515569375 0.6866761671875 0.3214879953125 0.6871214812499999 0.3173282625 0.834520840625
0 0.3512003796875 0.68890274375 0.335749940625 0.6897933734375 0.33040171093750004 0.8354114718749999 0.34585215156250004 0.8354114718749999 0.3512003796875 0.68890274375
0 0.3708105546875 0.7013715703125001 0.35892559999999996 0.7013715703125001 0.3553601140625 0.8349661562499999 0.36665082031249996 0.8349661562499999 0.3708105546875 0.7013715703125001
0 0.38626099375 0.6982543640625 0.3719990484375 0.697363734375 0.3672450671875 0.834075525 0.3815070125 0.833630209375 0.38626099375 0.6982543640625
0 0.396363203125 0.6978090484374999 0.38626099375 0.6978090484374999 0.3803185171875 0.8363021015625 0.39160922343750004 0.8363021015625 0.396363203125 0.6978090484374999
0 0.5508676015625 0.6982543640625 0.5366056578125 0.697363734375 0.5342286656249999 0.8380833624999999 0.5478963640625001 0.83897399375 0.5508676015625 0.6982543640625
0 0.78202995 0.69167359375 0.7616934734374999 0.690634525 0.75106304375 0.8347187593750001 0.76908855625 0.8350651140625001 0.78202995 0.69167359375
0 0.77139951875 0.8302161265624999 0.778332409375 0.8305624828125 0.786189684375 0.7093377671875001 0.7774080234375 0.7093377671875001 0.77139951875 0.8302161265624999
0 0.7940469578125 0.7103768359375 0.7866518765625 0.7103768359375 0.7797189859375 0.8309088390625 0.78711406875 0.8316015515625 0.7940469578125 0.7103768359375
0 0.8088371234375 0.7107231921875 0.7991310781250001 0.7103768359375 0.7908116109375001 0.8343724015625 0.801904234375 0.8347187593750001 0.8088371234375 0.7107231921875
0 0.8032908125 0.8347187593750001 0.8143834343749999 0.8350651140625001 0.81854316875 0.7117622609375001 0.8097615078124999 0.7117622609375001 0.8032908125 0.8347187593750001
0 0.8264004437500001 0.7110695484375 0.8203919390625 0.7103768359375 0.8139212421875 0.8326406203125 0.819929746875 0.8329869765625 0.8264004437500001 0.7110695484375
0 0.837030875 0.7107231921875 0.8282492140625 0.7100304796875 0.821316325 0.8336796890624999 0.8305601765624999 0.8347187593750001 0.837030875 0.7107231921875
0 0.85228323125 0.7128013296875 0.8430393781250001 0.7131476859375 0.8356442968750001 0.835757828125 0.845812534375 0.836104184375 0.85228323125 0.7128013296875
0 0.8624514703124999 0.7117622609375001 0.8536698093749999 0.7114159046874999 0.8476613046875 0.8347187593750001 0.8545941953125 0.8347187593750001 0.8624514703124999 0.7117622609375001
0 0.8582917359375 0.8343724015625 0.8698465531249999 0.8347187593750001 0.8749306718750001 0.7128013296875 0.8661490109375001 0.7131476859375 0.8582917359375 0.8343724015625
0 0.8869476796875 0.7121086171875 0.877241634375 0.7121086171875 0.8693843593749999 0.8347187593750001 0.880939175 0.8347187593750001 0.8869476796875 0.7121086171875
0 0.8814013671875 0.8329869765625 0.8920317984375 0.8329869765625 0.8957293406250001 0.7103768359375 0.8874098734375 0.7103768359375 0.8814013671875 0.8329869765625
0 0.9091329265624999 0.703103353125 0.8975781109375 0.703103353125 0.8920317984375 0.8333333328125001 0.9035866140625 0.8336796890624999 0.9091329265624999 0.703103353125
0 0.9239230921875 0.7114159046874999 0.911443890625 0.7114159046874999 0.904511 0.8333333328125001 0.91745239375 0.8343724015625 0.9239230921875 0.7114159046874999
0 0.91745239375 0.8347187593750001 0.9294694031249999 0.8343724015625 0.934553521875 0.7124549734375 0.9234608984375001 0.7124549734375 0.91745239375 0.8347187593750001
0 0.945183953125 0.6989470765625 0.9336291359375 0.6982543640625 0.9285450171875 0.8336796890624999 0.937326678125 0.8343724015625 0.945183953125 0.6989470765625
0 0.7607690875 0.6947908 0.7321131453125 0.6947908 0.7242558703124999 0.837143253125 0.7501386578125 0.836796896875 0.7607690875 0.6947908
0 0.6965243109375 0.8333333328125001 0.721020521875 0.8343724015625 0.7279534109375 0.69375173125 0.7020706234375 0.693405375 0.6965243109375 0.8333333328125001
0 0.7016084296875 0.6871709609375001 0.67526345 0.6864782484374999 0.6692549453125001 0.8319479078124999 0.6923645781250001 0.8329869765625 0.7016084296875 0.6871709609375001
0 0.6757256421875 0.68821003125 0.6470696984375001 0.6875173171875 0.642447771875 0.8326406203125 0.668330559375 0.8336796890624999 0.6757256421875 0.68821003125
0 0.62072471875 0.8426849546874999 0.6419855796875 0.8426849546874999 0.645220928125 0.6847464671875 0.624422259375 0.6844001109375 0.62072471875 0.8426849546874999
0 0.622111296875 0.6857855359375 0.5948419296874999 0.6854391796875 0.5934553515625 0.8440703796875001 0.6193381390625 0.8423385984375 0.622111296875 0.6857855359375
0 0.0776483640625 1 0.07811055624999999 0.92754225625 0.06332039218749999 0.9278886109375 0.06609354687499999 1 0.0776483640625 1
0 0.0342022546875 0.92754225625 0.039286375 0.999584371875 0.0651691625 1 0.062396006250000004 0.92754225625 0.0342022546875 0.92754225625
0 0.026807173437499998 0.9341230250000001 0.016176742187500003 0.9341230250000001 0.019412090625 0.999930728125 0.030042521875 0.999584371875 0.026807173437499998 0.9341230250000001
0 0.6558513578125 0.9306594625000001 0.5842114984375 0.92996675 0.58143834375 0.999584371875 0.653078203125 0.999238015625 0.6558513578125 0.9306594625000001
0 0.6701793312500001 0.93169853125 0.65677574375 0.9306594625000001 0.65446478125 0.998545303125 0.6678683671875 0.999930728125 0.6701793312500001 0.93169853125
0 0.678125 0.96484375 0.015625 0.0703125
0 0.7203125 0.9671875 0.01875 0.065625
0 0.74296875 0.9671875 0.0171875 0.065625
0 0.7640625 0.96640625 0.01875 0.0671875
0 0.69296875 0.965625 0.00703125 0.06875
0 0.9140625 0.98125 0.0296875 0.0375
0 0.8194675546875001 0.942089221875 0.8125346640625001 0.942089221875 0.8088371234375 0.999584371875 0.817156590625 0.999930728125 0.8194675546875001 0.942089221875
0 0.8314845625 0.9410501515625 0.8203919390625 0.9410501515625 0.8166943984374999 0.999930728125 0.827787021875 0.999930728125 0.8314845625 0.9410501515625
0 0.848585690625 0.9396647265625001 0.8328711406249999 0.9396647265625001 0.8291736000000001 0.999584371875 0.8462747265624999 0.999238015625 0.848585690625 0.9396647265625001
0 0.8629136624999999 0.9400110828124999 0.854132003125 0.9396647265625001 0.8518210390625001 0.999584371875 0.8596783140625 1 0.8629136624999999 0.9400110828124999
0 0.8804769828125 0.9500554171875001 0.8633758546875001 0.9479772796875 0.861527084375 0.999930728125 0.8781660203125 0.999930728125 0.8804769828125 0.9500554171875001
0 0.8989646890625 0.9493627046875 0.8814013671875 0.9490163484374999 0.8786282125 0.999238015625 0.896653725 0.999930728125 0.8989646890625 0.9493627046875