0 0.03515625 0.090078125 0 0.09203125 0.037109375 1 0.06640625 0.996328125 0.03515625 0.090078125
0 0.0703125 0.99828125 0.115234375 1 0.083984375 0.07640625 0.0390625 0.078359375 0.0703125 0.99828125
0 0.142578125 0.082265625 0.08984375 0.082265625 0.1171875 0.996328125 0.1640625 1 0.142578125 0.082265625
0 0.169921875 1 0.201171875 0.99828125 0.171875 0.191640625 0.140625 0.191640625 0.169921875 1
0 0.21875 0.005859375 0.169921875 0 0.19921875 0.99828125 0.248046875 0.99828125 0.21875 0.005859375
0 0.23046875 0 0.259765625 0.999375 0.310546875 1 0.279296875 0 0.23046875 0
0 0.3203125 0.9965234374999999 0.375 1 0.34375 0.074296875 0.291015625 0.07625 0.3203125 0.9965234374999999
0 0.400390625 0.06636718750000001 0.349609375 0.06636718750000001 0.376953125 1 0.423828125 0.9984765624999999 0.400390625 0.06636718750000001
0 0.431640625 0.9985546875000001 0.5 1 0.470703125 0.0273046875 0.404296875 0.0312109375 0.431640625 0.9985546875000001
0 0.541015625 1 0.533203125 0.140390625 0.484375 0.14625 0.505859375 1 0.541015625 1
0 0.5546875 0.9983984375 0.59765625 0.9983984375 0.57421875 0.048593750000000005 0.5390625 0.052500000000000005 0.5546875 0.9983984375
0 0.630859375 0.1171875 0.58203125 0.12109375 0.599609375 1 0.646484375 0.9944921875 0.630859375 0.1171875
0 0.630859375 0 0.646484375 0.99609375 0.708984375 0.98828125 0.697265625 0 0.630859375 0
0 0.76953125 0.02734375 0.701171875 0.03125 0.708984375 0.982421875 0.771484375 0.98046875 0.76953125 0.02734375
0 0.79375 0.484375 0.0453125 0.95703125
0 0.8890625 0.003125 0.8203125 0 0.8140625 0.9614375000000001 0.8859375 0.959875 0.8890625 0.003125