0 0.9373177078125 0.3743961359375 0.9171354171875 0.37238325156249996 0.9054166671875 0.9440418703125 0.9242968749999999 0.9460547484375 0.9373177078125 0.3743961359375
0 0.9171354171875 0.32407407187500004 0.8891406249999999 0.32407407187500004 0.8780729171875 0.9440418703125 0.9041145828125 0.9420289859375 0.9171354171875 0.32407407187500004
0 0.8500781249999999 0.9400161015625 0.8754687499999999 0.9460547484375 0.8884895828125 0.32206119375000003 0.8611458328125 0.32206119375000003 0.8500781249999999 0.9400161015625
0 0.8565885421875 0.31602254531249996 0.8324999999999999 0.31602254531249996 0.8233854171875 0.9400161015625 0.8487760421875 0.9359903375 0.8565885421875 0.31602254531249996
0 0.8051562499999999 0.3140096625 0.7908333328125 0.3140096625 0.7771614578125 0.929951690625 0.7934375 0.931964575 0.8051562499999999 0.3140096625
0 0.8311979171875 0.31803542500000004 0.8064583328125 0.31602254531249996 0.7979947921874999 0.938003221875 0.8214322921875 0.938003221875 0.8311979171875 0.31803542500000004
0 0.791484375 0.213365540625 0.7459114578125 0.21135265625000002 0.7341927078125 0.9460547484375 0.775859375 0.9480676328125 0.791484375 0.213365540625
0 0.662578125 0.21537842031249999 0.6456510421874999 0.21135265625000002 0.6365364578125 0.9400161015625 0.6554166671874999 0.9400161015625 0.662578125 0.21537842031249999
0 0.6808072921874999 0.2173913046875 0.6658333328125 0.21537842031249999 0.65671875 0.9440418703125 0.670390625 0.9440418703125 0.6808072921874999 0.2173913046875
0 0.701640625 0.21940418906249998 0.682109375 0.2173913046875 0.6736458328125 0.9440418703125 0.6912239578125 0.9460547484375 0.701640625 0.21940418906249998
0 0.7244270828125 0.213365540625 0.7022916671874999 0.21135265625000002 0.6925260421874999 0.9420289859375 0.713359375 0.9460547484375 0.7244270828125 0.213365540625
0 0.73484375 0.24355877812500001 0.7257291671874999 0.24355877812500001 0.7146614578125 0.938003221875 0.7237760421874999 0.9400161015625 0.73484375 0.24355877812500001
0 0.7433072921874999 0.24154589375 0.7361458328125 0.24154589375 0.7237760421874999 0.9400161015625 0.7315885421874999 0.9400161015625 0.7433072921874999 0.24154589375
0 0.42578125 0.1489533 0.404296875 0.1489533 0.400390625 0.9359903375 0.419921875 0.9400161015625 0.42578125 0.1489533
0 0.4518229171875 0.1831723046875 0.4296875 0.1831723046875 0.421875 0.9480676328125 0.4466145828125 0.9480676328125 0.4518229171875 0.1831723046875
0 0.4889322921875 0.1529790671875 0.45703125 0.1529790671875 0.4505208328125 0.9440418703125 0.4811197921875 0.9480676328125 0.4889322921875 0.1529790671875
0 0.1529947921875 0.12278583125 0.1282552078125 0.12278583125 0.1321614578125 0.92391304375 0.154296875 0.925925928125 0.1529947921875 0.12278583125
0 0.166015625 0.1489533 0.1555989578125 0.1489533 0.158203125 0.92793880625 0.16796875 0.92793880625 0.166015625 0.1489533
0 0.1809895828125 0.15096618281250002 0.1673177078125 0.15096618281250002 0.1692708328125 0.925925928125 0.1809895828125 0.925925928125 0.1809895828125 0.15096618281250002
0 0.205078125 0.1429146515625 0.181640625 0.14694042031250001 0.1848958328125 0.925925928125 0.20572916718749998 0.92391304375 0.205078125 0.1429146515625
0 0.20703125 0.929951690625 0.22005208281250002 0.92793880625 0.21875 0.20732689375 0.20638020781250002 0.20732689375 0.20703125 0.929951690625
0 0.23697916718749998 0.15700483125 0.22330729218749998 0.154991946875 0.2265625 0.92793880625 0.23958333281250002 0.931964575 0.23697916718749998 0.15700483125
0 0.1256510421875 0.13888888906250002 0.09505208281250001 0.1368760046875 0.1015625 0.921900159375 0.1302083328125 0.92391304375 0.1256510421875 0.13888888906250002
0 0.078125 0.09259259375 0.05208333281250001 0.09259259375 0.05989583281250001 0.9440418703125 0.0859375 0.9440418703125 0.078125 0.09259259375
0 0.0455729171875 0.12278583125 0.0188802078125 0.12278583125 0.029296875 0.9440418703125 0.05208333281250001 0.9460547484375 0.0455729171875 0.12278583125