0 0.4234375 0.60859375 0.025 0.55078125
0 0.45703125 0.6125 0.0328125 0.56484375
0 0.49453125 0.6234375 0.03203125 0.54765625
0 0.5296875 0.62109375 0.02734375 0.52890625
0 0.565625 0.61796875 0.0328125 0.53203125
0 0.8125 0.28125 0.7779947921875 0.28125 0.775390625 0.9131944437499999 0.8046875 0.9155092578125 0.8125 0.28125
0 0.8098958328125001 0.9143518531250001 0.8430989578125001 0.9155092578125 0.8489583328125001 0.2835648140625 0.8170572921874999 0.28472222187499996 0.8098958328125001 0.9143518531250001
0 0.8697916671874999 0.292824075 0.853515625 0.292824075 0.8430989578125001 0.9120370359375001 0.8587239578125001 0.9120370359375001 0.8697916671874999 0.292824075
0 0.927734375 0.28472222187499996 0.892578125 0.28587963125 0.880859375 0.9386574078125 0.9166666671874999 0.9398148140625 0.927734375 0.28472222187499996
0 0.9661458328125001 0.29050925781250003 0.9309895828125001 0.29050925781250003 0.9186197921874999 0.9375 0.9602864578125001 0.9398148140625 0.9661458328125001 0.29050925781250003
0 0.19140625 0.29398148125 0.169921875 0.29398148125 0.1770833328125 0.8969907421875 0.1966145828125 0.8969907421875 0.19140625 0.29398148125
0 0.1217447921875 0.9155092578125 0.1555989578125 0.91898148125 0.15625 0.21412036875 0.1223958328125 0.2164351859375 0.1217447921875 0.9155092578125
0 0.1165364578125 0.21412036875 0.08854166718749999 0.21064814687500003 0.09114583281250001 0.9178240750000001 0.115234375 0.91898148125 0.1165364578125 0.21412036875
0 0.05989583281250001 0.9120370359375001 0.08919270781250001 0.9155092578125 0.08723958281250001 0.21875 0.056640625 0.21875 0.05989583281250001 0.9120370359375001
0 0.05078125 0.2175925921875 0.029296875 0.2175925921875 0.0377604171875 0.9085648140625 0.05794270781250001 0.9085648140625 0.05078125 0.2175925921875