0 0.9458333328125 0.17150760781250002 0.878125 0.17012448125 0.8697916671874999 0.8948824343749999 0.9208333328125 0.8976486875 0.9458333328125 0.17150760781250002
0 0.8010416671874999 0.8741355453124999 0.8520833328125 0.8769017984374999 0.8614583328125001 0.2171507609375 0.8104166671874999 0.2171507609375 0.8010416671874999 0.8741355453124999
0 0.8083333328125001 0.1784232359375 0.7510416671875 0.1784232359375 0.7479166671875 0.8948824343749999 0.7989583328125 0.8976486875 0.8083333328125001 0.1784232359375
0 0.6166666671875001 0.9017980640625 0.7375 0.8990318109375 0.7416666671875001 0.23236514531250002 0.6125 0.233748271875 0.6166666671875001 0.9017980640625
0 0.5979166671875 0.2434301515625 0.46770833281249996 0.244813278125 0.48020833281249997 0.901161825 0.596875 0.8970124484375 0.5979166671875 0.2434301515625
0 0.396875 0.8762655609375001 0.471875 0.8776486875 0.45625 0.23651452343749998 0.3739583328125 0.23928077343749998 0.396875 0.8762655609375001
0 0.35625 0.23651452343749998 0.2770833328125 0.244813278125 0.2989583328125 0.8824343015625 0.378125 0.883817428125 0.35625 0.23651452343749998
0 0.23854166718749997 0.8824343015625 0.2927083328125 0.883817428125 0.265625 0.30843706875 0.203125 0.3098201921875 0.23854166718749997 0.8824343015625
0 0.1833333328125 0.22959889375000003 0.1427083328125 0.235131396875 0.1833333328125 0.8865836781249999 0.225 0.88934993125 0.1833333328125 0.22959889375000003
0 0.1354166671875 0.89073305625 0.178125 0.8852005546875 0.1291666671875 0.226832640625 0.0895833328125 0.23236514531250002 0.1354166671875 0.89073305625
0 0.0927083328125 0.3167358234375 0.0447916671875 0.3167358234375 0.09375 0.8713692953125 0.13229166718750002 0.8741355453124999 0.0927083328125 0.3167358234375
0 0.0822916671875 0.8672199171875 0.0375 0.3139695703125 0 0.3208852015625 0.0385416671875 0.8686583671875001 0.0822916671875 0.8672199171875