0 0.8098958328125001 0.1383125875 0.7643229171875 0.1383125875 0.7604166671875 0.9647302906249999 0.8020833328125001 0.961272475 0.8098958328125001 0.1383125875
0 0.8059895828125001 0.961272475 0.8528645828125001 0.9647302906249999 0.859375 0.133125865625 0.8111979171874999 0.133125865625 0.8059895828125001 0.961272475
0 0.9127604171874999 0.1383125875 0.8580729171874999 0.136583678125 0.8515625 0.9578146625 0.8997395828125001 0.95954356875 0.9127604171874999 0.1383125875
0 0.7630208328125 0.134854771875 0.7018229171875 0.134854771875 0.7018229171875 0.966459196875 0.7604166671875 0.9647302906249999 0.7630208328125 0.134854771875
0 0.6458333328125 0.961272475 0.7005208328125 0.961272475 0.6966145828125 0.134854771875 0.6393229171875 0.136583678125 0.6458333328125 0.961272475
0 0.6263020828125 0.14177040000000002 0.5729166671875 0.14177040000000002 0.5755208328125 0.9647302906249999 0.63671875 0.961272475 0.6263020828125 0.14177040000000002
0 0.46484375 0.98029045625 0.56640625 0.9820193625 0.5611979171875 0.105463346875 0.4479166671875 0.1123789765625 0.46484375 0.98029045625
0 0.4296875 0.15041493749999998 0.3645833328125 0.15214384375 0.3802083328125 0.9630013843749999 0.44140625 0.961272475 0.4296875 0.15041493749999998
0 0.2721354171875 0.9630013843749999 0.37109375 0.966459196875 0.35546875 0.114107884375 0.2513020828125 0.12102351250000001 0.2721354171875 0.9630013843749999
0 0.24609375 0.157330565625 0.1861979171875 0.159059475 0.21354166718749998 0.9647302906249999 0.26953125 0.961272475 0.24609375 0.157330565625
0 0.09375 0.9630013843749999 0.20442708281250002 0.9647302906249999 0.1705729171875 0.126210234375 0.05859375 0.14177040000000002 0.09375 0.9630013843749999
0 0.05989583281250001 0.16943291875 0.009114582812499999 0.1677040109375 0.0442708328125 0.9543568468749999 0.09244791718749999 0.9560857531250001 0.05989583281250001 0.16943291875