0 0.0416666671875 0.2669432921875 0.0229166671875 0.2710926703125 0.046875 0.82987551875 0.07083333281250001 0.8354080234374999 0.0416666671875 0.2669432921875
0 0.0703125 0.84154564375 0.08203125 0.8441390046875 0.0556640625 0.264522821875 0.04296875 0.2671161828125 0.0703125 0.84154564375
0 0.1103515625 0.2671161828125 0.07421875 0.2671161828125 0.099609375 0.8324688796874999 0.1337890625 0.82987551875 0.1103515625 0.2671161828125
0 0.1748046875 0.3319502078125 0.142578125 0.3332468875 0.16015625 0.80783195 0.1904296875 0.8091286312499999 0.1748046875 0.3319502078125
0 0.216796875 0.32676348593750004 0.1796875 0.329356846875 0.193359375 0.7118775937499999 0.2236328125 0.5044087140625 0.216796875 0.32676348593750004
0 0.4951171875 0.32676348593750004 0.466796875 0.328060165625 0.46875 0.7987551875000001 0.4951171875 0.8052385890625 0.4951171875 0.32676348593750004
0 0.5703125 0.32676348593750004 0.5390625 0.3254668046875 0.546875 0.8052385890625 0.5712890625 0.80783195 0.5703125 0.32676348593750004
0 0.6083984375 0.35010373437500003 0.578125 0.3488070546875 0.578125 0.8117219921875 0.6044921875 0.8117219921875 0.6083984375 0.35010373437500003
0 0.7265625 0.41234439843750004 0.681640625 0.4110477171875 0.681640625 0.813018671875 0.7255859375 0.8091286312499999 0.7265625 0.41234439843750004
0 0.888671875 0.3150933609375 0.84375 0.31379668125000004 0.8388671875 0.8013485484375 0.880859375 0.803941909375 0.888671875 0.3150933609375
0 0.9423828125 0.34362033125 0.8955078125 0.3449170125 0.8876953125 0.79745850625 0.9296875 0.8013485484375 0.9423828125 0.34362033125