0 1 0.717064315625 0.931640625 0.2385892109375 0.8662109375 0.25803941875 0.962890625 0.9647302906249999 0.998046875 0.9621369296875001 1 0.717064315625
0 0.9013671875 0.96862033125 0.9560546875 0.9543568468749999 0.865234375 0.2826763484375 0.802734375 0.29823651406249996 0.9013671875 0.96862033125
0 0.7861328125 0.23599584999999998 0.6982421875 0.2606327796875 0.8095703125 0.9776970953124999 0.8935546875 0.9569502078125 0.7861328125 0.23599584999999998
0 0.7099609375 0.9530601656250001 0.751953125 0.943983403125 0.6435546875 0.2800829875 0.607421875 0.2917531125 0.7099609375 0.9530601656250001
0 0.6806640625 0.2930497921875 0.6513671875 0.29823651406249996 0.7509765625 0.93620331875 0.78125 0.9349066390624999 0.6806640625 0.2930497921875
0 0.5849609375 0.23080912812499998 0.490234375 0.2567427390625 0.609375 0.94787344375 0.701171875 0.9297199171875 0.5849609375 0.23080912812499998
0 0.490234375 0.9349066390624999 0.6005859375 0.9089730296875 0.4794921875 0.21784232343749999 0.357421875 0.2554460578125 0.490234375 0.9349066390624999
0 0.3662109375 0.3215767640625 0.341796875 0.3319502078125 0.4599609375 0.9115663906249999 0.4794921875 0.9076763484375 0.3662109375 0.3215767640625
0 0.3125 0.306016596875 0.26953125 0.3254668046875 0.40625 0.925829875 0.4443359375 0.9141597515625 0.3125 0.306016596875
0 0.35546875 0.899896265625 0.3955078125 0.8856327796875 0.263671875 0.3099066390625 0.2255859375 0.32417012500000003 0.35546875 0.899896265625
0 0.18359375 0.2269190875 0.09765625 0.26192946093749997 0.2578125 0.91545643125 0.3427734375 0.8869294609375 0.18359375 0.2269190875
0 0.166015625 1 0.0009765625 0.32676348593750004 0.0009765625 0.58220954375 0.1083984375 0.9997406640625 0.166015625 1