0 0.490625 0.5234375 0.0234375 0.69375
0 0.5140625 0.52265625 0.02109375 0.6890625
0 0.5375 0.50390625 0.02265625 0.7265625
0 0.5609375 0.50703125 0.01796875 0.728125
0 0.46171875 0.52109375 0.0296875 0.6890625
0 0.9518229171874999 0.1313229578125 0.9296875 0.12970168437500001 0.9095052078125001 0.85440985625 0.9283854171874999 0.85440985625 0.9518229171874999 0.1313229578125
0 0.9270833328125001 0.12970168437500001 0.9055989578125001 0.12970168437500001 0.88671875 0.8479247750000001 0.9075520828125001 0.8527885875000001 0.9270833328125001 0.12970168437500001
0 0.8990885421874999 0.1329442296875 0.87890625 0.1329442296875 0.8606770828125001 0.8479247750000001 0.880859375 0.8479247750000001 0.8990885421874999 0.1329442296875
0 0.87890625 0.13456549843750001 0.8580729171874999 0.13456549843750001 0.8424479171874999 0.8495460421875001 0.8606770828125001 0.8527885875000001 0.87890625 0.13456549843750001
0 0.8567708328125001 0.1329442296875 0.8359375 0.1313229578125 0.8196614578125001 0.8527885875000001 0.8411458328125001 0.8527885875000001 0.8567708328125001 0.1329442296875
0 0.8072916671874999 0.12970168437500001 0.7864583328125 0.1313229578125 0.7779947921875 0.8527885875000001 0.7962239578125 0.8495460421875001 0.8072916671874999 0.12970168437500001
0 0.83203125 0.1313229578125 0.8098958328125001 0.1313229578125 0.7975260421875 0.85440985625 0.818359375 0.85440985625 0.83203125 0.1313229578125
0 0.75 0.13456549843750001 0.7272135421875 0.13618677031249998 0.712890625 0.8641374828125 0.732421875 0.8657587546875 0.75 0.13456549843750001
0 0.5716145828125 0.87062256875 0.5904947921875 0.8722438406249999 0.5944010421875 0.141050584375 0.57421875 0.1394293109375 0.5716145828125 0.87062256875
0 0.6165364578125 0.1394293109375 0.5963541671875 0.1394293109375 0.58984375 0.87062256875 0.6100260421875 0.87062256875 0.6165364578125 0.1394293109375
0 0.6380208328125 0.13618677031249998 0.6171875 0.1378080421875 0.611328125 0.8657587546875 0.6295572921875 0.8673800265624999 0.6380208328125 0.13618677031249998
0 0.6614583328125 0.13618677031249998 0.6399739578125 0.1378080421875 0.6302083328125 0.8673800265624999 0.6516927078125 0.87062256875 0.6614583328125 0.13618677031249998
0 0.654296875 0.8690012953125 0.673828125 0.8690012953125 0.6822916671875 0.1394293109375 0.6627604171875 0.1394293109375 0.654296875 0.8690012953125
0 0.7044270828125 0.1394293109375 0.6842447921875 0.1394293109375 0.6751302078125 0.8690012953125 0.693359375 0.87062256875 0.7044270828125 0.1394293109375
0 0.6927083328125 0.8657587546875 0.7115885421875 0.8673800265624999 0.7259114578125 0.1378080421875 0.7076822921875 0.1378080421875 0.6927083328125 0.8657587546875
0 0.4420572921875 0.173476003125 0.4114583328125 0.173476003125 0.4205729171875 0.8657587546875 0.4453125 0.8657587546875 0.4420572921875 0.173476003125
0 0.3873697921875 0.8657587546875 0.4140625 0.8673800265624999 0.4095052078125 0.1799610890625 0.3821614578125 0.1799610890625 0.3873697921875 0.8657587546875
0 0.3776041671875 0.1783398171875 0.349609375 0.1783398171875 0.35546875 0.8673800265624999 0.3834635421875 0.8657587546875 0.3776041671875 0.1783398171875
0 0.3216145828125 0.1783398171875 0.3020833328125 0.1783398171875 0.3118489578125 0.8625162140624999 0.33203125 0.8625162140624999 0.3216145828125 0.1783398171875
0 0.3352864578125 0.8673800265624999 0.3541666671875 0.8690012953125 0.3470052078125 0.173476003125 0.32421875 0.17509727656250001 0.3352864578125 0.8673800265624999
0 0.28125 0.8690012953125 0.310546875 0.8690012953125 0.2975260421875 0.17509727656250001 0.2682291671875 0.1783398171875 0.28125 0.8690012953125
0 0.2669270828125 0.17671854843749998 0.24348958281250002 0.1783398171875 0.2578125 0.8673800265624999 0.2786458328125 0.8673800265624999 0.2669270828125 0.17671854843749998
0 0.228515625 0.8657587546875 0.2565104171875 0.8673800265624999 0.24088541718749998 0.1783398171875 0.212890625 0.18158236249999998 0.228515625 0.8657587546875
0 0.2109375 0.17509727656250001 0.181640625 0.17509727656250001 0.201171875 0.8657587546875 0.22786458281250002 0.8657587546875 0.2109375 0.17509727656250001
0 0.17578125 0.8657587546875 0.19921875 0.8673800265624999 0.177734375 0.16536964999999998 0.154296875 0.1702334625 0.17578125 0.8657587546875