0 0.46484375 0.6515625 0.04375 0.38828125
0 0.51796875 0.65234375 0.04453125 0.3828125
0 0.5609375 0.6078125 0.028125 0.4734375
0 0.59453125 0.60625 0.02734375 0.4734375
0 0.6234375 0.60546875 0.0171875 0.471875
0 0.3046875 0.590625 0.05078125 0.5484375
0 0.35859375 0.5921875 0.0421875 0.54609375
0 0.6552734375 0.372147303125 0.6396484375 0.3695539421875 0.6337890625 0.84154564375 0.6484375 0.84154564375 0.6552734375 0.372147303125
0 0.6513671875 0.845435684375 0.6689453125 0.845435684375 0.6767578125 0.3695539421875 0.662109375 0.3695539421875 0.6513671875 0.845435684375
0 0.4326171875 0.317686721875 0.392578125 0.3163900421875 0.38671875 0.8674792531250001 0.4287109375 0.866182571875 0.4326171875 0.317686721875
0 0.701171875 0.3695539421875 0.68359375 0.3682572609375 0.671875 0.8428423234375 0.6875 0.8428423234375 0.701171875 0.3695539421875
0 0.7255859375 0.3695539421875 0.70703125 0.3682572609375 0.689453125 0.84154564375 0.7119140625 0.8428423234375 0.7255859375 0.3695539421875
0 0.7548828125 0.3643672203125 0.732421875 0.36566390000000004 0.7177734375 0.8480290453125001 0.7373046875 0.8493257265624999 0.7548828125 0.3643672203125
0 0.7861328125 0.30082987499999997 0.76953125 0.30082987499999997 0.7607421875 0.8687759343750001 0.7783203125 0.8687759343750001 0.7861328125 0.30082987499999997
0 0.806640625 0.306016596875 0.787109375 0.306016596875 0.7822265625 0.8622925312499999 0.796875 0.8648858921875 0.806640625 0.306016596875
0 0.935546875 0.2398858921875 0.9013671875 0.24118257187499997 0.890625 0.9543568468749999 0.92578125 0.9543568468749999 0.935546875 0.2398858921875
0 0.271484375 0.317686721875 0.2236328125 0.318983403125 0.2353515625 0.8635892109375 0.2763671875 0.8622925312499999 0.271484375 0.317686721875
0 0.1982421875 0.3034232359375 0.1728515625 0.306016596875 0.205078125 0.8648858921875 0.2255859375 0.8635892109375 0.1982421875 0.3034232359375
0 0.1728515625 0.307313278125 0.1416015625 0.306016596875 0.177734375 0.8635892109375 0.201171875 0.8635892109375 0.1728515625 0.307313278125
0 0.1484375 0.8622925312499999 0.173828125 0.8635892109375 0.1416015625 0.3047199171875 0.115234375 0.3047199171875 0.1484375 0.8622925312499999
0 0.0859375 0.198392115625 0.0009765625 0.19320539375 0.0048828125 0.9011929453124999 0.0849609375 0.8960062234375 0.0859375 0.198392115625