0 0.75546875 0.22383720937499998 0.71796875 0.2223837203125 0.71875 0.834302325 0.75859375 0.838662790625 0.75546875 0.22383720937499998
0 0.82421875 0.2252906984375 0.8 0.2252906984375 0.803125 0.8401162796874999 0.82890625 0.838662790625 0.82421875 0.2252906984375
0 0.8328125 0.838662790625 0.8640625 0.8401162796874999 0.85859375 0.2223837203125 0.82734375 0.2252906984375 0.8328125 0.838662790625
0 0.88515625 0.21947674374999998 0.85859375 0.21947674374999998 0.86484375 0.8328488374999999 0.890625 0.8372093015625 0.88515625 0.21947674374999998
0 0.76171875 0.8401162796874999 0.80234375 0.838662790625 0.79609375 0.22674418593749998 0.75625 0.22819767500000002 0.76171875 0.8401162796874999
0 0.703125 0.53359375 0.025 0.61328125
0 0.6640625 0.534375 0.0359375 0.603125
0 0.62734375 0.5328125 0.034375 0.59765625
0 0.59375 0.5328125 0.03125 0.59453125
0 0.55625 0.53359375 0.040625 0.58984375
0 0.4453125 0.828488371875 0.46640625 0.8313953484375001 0.471875 0.23691860468749998 0.44765625 0.2325581390625 0.4453125 0.828488371875
0 0.50078125 0.2325581390625 0.47109375 0.23401162812499998 0.46796875 0.8299418609375 0.4984375 0.828488371875 0.50078125 0.2325581390625
0 0.515625 0.5328125 0.0328125 0.59453125
0 0.4203125 0.53046875 0.04921875 0.59921875
0 0.3796875 0.5296875 0.03515625 0.6
0 0.3609375 0.2296511625 0.33125 0.2296511625 0.3265625 0.8313953484375001 0.35859375 0.8299418609375 0.3609375 0.2296511625
0 0.284375 0.828488371875 0.3234375 0.828488371875 0.32890625 0.2311046515625 0.28828125 0.2325581390625 0.284375 0.828488371875
0 0.2875 0.2296511625 0.24765625 0.2296511625 0.2359375 0.828488371875 0.27890625 0.827034884375 0.2875 0.2296511625
0 0.19296875 0.8313953484375001 0.2359375 0.8299418609375 0.2421875 0.2252906984375 0.2015625 0.22383720937499998 0.19296875 0.8313953484375001
0 0.2 0.22383720937499998 0.15546875 0.22383720937499998 0.14609375 0.828488371875 0.1890625 0.8299418609375 0.2 0.22383720937499998
0 0.10234375 0.8299418609375 0.14609375 0.8313953484375001 0.153125 0.2223837203125 0.11171875 0.2223837203125 0.10234375 0.8299418609375
0 0.1109375 0.22383720937499998 0.06796875 0.22383720937499998 0.05625 0.8328488374999999 0.1 0.8328488374999999 0.1109375 0.22383720937499998
0 0.06640625 0.22093023281250002 0.01875 0.21947674374999998 0.01015625 0.828488371875 0.05859375 0.828488371875 0.06640625 0.22093023281250002