0 0.078125 0.35653409062499997 0.019886364062500002 0.35653409062499997 0.0397727265625 0.85369318125 0.0980113640625 0.8480113640625 0.078125 0.35653409062499997
0 0.2626953125 0.375 0.2373046875 0.3740234375 0.23828125 0.8515625 0.2666015625 0.849609375 0.2626953125 0.375
0 0.2880859375 0.4501953125 0.26953125 0.44921875 0.271484375 0.830078125 0.2861842109375 0.82894736875 0.2880859375 0.4501953125
0 0.3271484375 0.4052734375 0.28515625 0.4052734375 0.287109375 0.8486328125 0.3271484375 0.8466796875 0.3271484375 0.4052734375
0 0.3421875 0.62578125 0.0265625 0.4375
0 0.37109375 0.6546875 0.0265625 0.36640625
0 0.409375 0.63125 0.0375 0.4203125
0 0.45 0.63203125 0.0328125 0.4171875
0 0.5205592109375 0.4259868421875 0.4786184203125 0.4276315796875 0.476973684375 0.8412828953125 0.5139802625 0.8371710531250001 0.5205592109375 0.4259868421875
0 0.5411184203125 0.4958881578125 0.5213815796875 0.4958881578125 0.51644736875 0.8141447375 0.539473684375 0.8141447375 0.5411184203125 0.4958881578125
0 0.5435855265625 0.82894736875 0.5797697375 0.8297697375 0.584703946875 0.4375 0.5501644734375 0.43914473750000005 0.5435855265625 0.82894736875
0 0.609375 0.4580592109375 0.587171053125 0.4588815796875 0.5814144734375 0.8322368421874999 0.6036184203125 0.8322368421874999 0.609375 0.4580592109375
0 0.60855263125 0.835526315625 0.634046053125 0.8330592109375001 0.6373355265625 0.460526315625 0.615953946875 0.4588815796875 0.60855263125 0.835526315625
0 0.6677631578125001 0.44078947343749997 0.64144736875 0.44078947343749997 0.6348684203125 0.8347039468749999 0.663651315625 0.8347039468749999 0.6677631578125001 0.44078947343749997
0 0.7138157890625 0.49835526249999995 0.6743421046875 0.49835526249999995 0.6685855265625 0.8338815796875 0.7047697375 0.8314144734375001 0.7138157890625 0.49835526249999995
0 0.709703946875 0.8371710531250001 0.75 0.836348684375 0.7557565796875 0.4416118421875 0.7203947375 0.4416118421875 0.709703946875 0.8371710531250001
0 0.8182565796875 0.3560855265625 0.7771381578125001 0.3577302625 0.765625 0.8651315796875 0.8067434203125 0.8651315796875 0.8182565796875 0.3560855265625
0 0.8486842109375001 0.43421052656250003 0.819901315625 0.43585526249999995 0.8075657890624999 0.85167763125 0.8322368421874999 0.8483881578125001 0.8486842109375001 0.43421052656250003
0 0.8347039468749999 0.843453946875 0.851151315625 0.8418092109374999 0.867598684375 0.4177631578125 0.8478618421874999 0.4177631578125 0.8347039468749999 0.843453946875
0 0.9046052625 0.44407894687500005 0.87582236875 0.44654605312499995 0.8577302625 0.8478618421874999 0.8840460531250001 0.8478618421874999 0.9046052625 0.44407894687500005
0 0.8939144734375001 0.8478618421874999 0.9194078953125 0.8478618421874999 0.9375 0.4169407890625 0.913651315625 0.41529605312499995 0.8939144734375001 0.8478618421874999
0 1 0.390625 0.96792763125 0.39144736875 0.9424342109375001 0.86019736875 0.9777960531250001 0.85855263125 1 0.390625