0 0.21875 0.51640625 0.034375 0.83359375
0 0.25625 0.51640625 0.03515625 0.82265625
0 0.30390625 0.51796875 0.0484375 0.78828125
0 0.353125 0.50078125 0.03515625 0.79140625
0 0.3890625 0.50390625 0.03125 0.765625
0 0.42890625 0.50390625 0.03984375 0.77734375
0 0.471875 0.5140625 0.03984375 0.73828125
0 0.50390625 0.521875 0.01953125 0.7171875
0 0.53515625 0.5125 0.02421875 0.7328125
0 0.57421875 0.5015625 0.03984375 0.7359375
0 0.1578125 0.51484375 0.07109375 0.859375
0 0.6548295453125 0.13778409062500002 0.609375 0.1363636359375 0.6008522734375 0.8678977265625001 0.6420454546875 0.8622159093749999 0.6548295453125 0.13778409062500002
0 0.7443181812499999 0.18892045468750002 0.6605113640625 0.1875 0.6519886359375 0.8678977265625001 0.7329545453125 0.8579545453125 0.7443181812499999 0.18892045468750002
0 0.8125 0.15625 0.7613636359375 0.15482954531249998 0.75 0.8707386359375 0.8011363640625 0.8664772734374999 0.8125 0.15625
0 0.9147727265625001 0.1761363640625 0.875 0.17755681875 0.88068181875 0.8252840906250001 0.9247159093749999 0.82244318125 0.9147727265625001 0.1761363640625
0 0.9389204546875 0.1946022734375 0.9176136359375 0.2017045453125 0.93181818125 0.8153409093749999 0.9573863640625 0.8125 0.9389204546875 0.1946022734375
0 0.053977273437499994 0.0710227265625 0.009943181249999999 0.06818181875 0.026988635937499998 0.9659090906250001 0.061079545312500004 0.96306818125 0.053977273437499994 0.0710227265625
0 0.11221590937499999 0.0852272734375 0.058238635937500005 0.0823863640625 0.07244318125 0.9517045453125 0.1136363640625 0.9488636359375 0.11221590937499999 0.0852272734375